1358699551
1356663823
1406077959
1380926837
1376769013
1376228245
1376227989
1912837045
1916834727
1916842919
1925226935
1656988831
1648536735
3791829247
3791886383
3875706925
3875711021
3842418989
3830890285
3830892348
3763847709
3760014141
3760022383
3760006119
3776775143
3813475311
3813474942
3787801102
3787740682
3771006475
3771001355
3762350619
3762354715
3762313738
3842006602
3842252506
4010020602
4014214650
3930397930
3934729450
3934729338
3934728250
3935252510
3935186956
4220411916
4224541908
4211919780
4211923620
4211993252
3943688869
1774561966
1753525934
1753267630
1820433591
1824693495
1682148372
607176756
538978356
555822132
555883556
555883820
560336428
565644861
548734558
546592462
546625166
562859662
596414094
595888782
591698830
570718670
570898767
587606335
555100461
559295788
636879644
615846412
615785020
631517980
631514892
627837700
627964279
627964279
627964279
627964279
627964279
627964279
627964279
627964279
627964279
627964279
627964279
627964279
627964279
627964279
627964279
627964279
627964279
627964279
627964279
627964279
627964279
627964279
627964279
627964279
627964279
627964279
627964279
627964279
762165623
762166647
1030599157
493728181
493728191
208515515
225293758
207993782
82164146
82164146
15055090
15054898
7781442
7778370
7774210
7794691
53362753
36389072
36245665
36249763
307783074
306736038
868809382
835488494
596413150
579770891
579250952
579248136
584359948
571777068
572297256
571228200
554500140
537788516
537788641
550376417
546255493
814562949
814693005
831404685
311048844
311044749
43592077
1115163786
1109923002
1115451882
1124033066
1136058922
1102570026
1351914042
1351914042
1351393578
1351393323
1355326504
1359578232
1376488664
1376439468
1376414892
302656684
302589116
302645724
302645840
281674240
278540801
12463619
11352578
11360770
11394834
15447346
275492882
304717830
303596807
306744612
843626860
843639148
587753832
554199416
537556424
537580233
541770473
562676463
562598638
562607046
902475970
923446402
1057728658
1040771234
1040734370
973670562
973740162
973747330
441066434
1541014098
1236861474
1220026914
1220027110
1217929910
1285038735
1284039324
1284020156
1149864868
1082886564
1079740900
1077578020
1076529412
36362500
36627717
305061893
305123349
841793573
574128165
575176997
583566631
583568759
591961429
554472916
554546676
554676708
554611620
542028708
1624225444
1892530832
1884142208
1879964288
4043766449
4077288355
4064701858
3536201634
2462458754
2463507394
2482381698
2448896386
2162505106
2158302386
2428329186
2428304615
2428300389
2428284212
2428280580
2431419908
2435423764
2435563028
2469051924
2469068340
2452323876
2452166180
2452099940
2464682229
2461544693
2461540583
2461610086
2478380070
2478394422
2466203670
2524936214
2524936214
2520742934
2520765494
3592351766
3609129030
3575570758
3558732231
3558721485
3565145084
3565149172
3564993268
2449353412
2449091140
2444891716
2176521044
2207781220
2174234724
2173186148
2173202532
2173235556
2177430005
2177470949
2160689639
2152237030
2152570806
2152701846
2152701846
2416951222
2500853654
2500753286
2500747662
2538234254
2546660766
2542359983
2513993149
2513989004
2489118084
3558729172
3560863572
3493738308
1343567813
1347694545
1347890595
1364594083
1383468467
1383468418
309724546
309674115
318042339
318025831
845459751
845455663
828744479
829858591
1903600447
1968678189
1975821613
1967439165
1968487693
4111961357
4044524829
4027762485
4031960693
4031932021
4031917797
4040236791
4040170455
4057017239
4090706343
1926434230
1920140678
1920413830
1928601846
1928647142
1659933030
1676718398
1727051070
1727043358
1718654478
1716758302
1980932399
2115084335
2115096637
4279652397
4095082533
4101374005
4105568533
1958085389
1890860621
1895049933
1895049887
1893149615
1945504687
1928792991
854919054
846463374
846463391
853860847
853860655
853844271
845455663
862233887
862369053
862357309
1936111405
1987554853
1985260343
4128553223
4127705350
3590735894
2534296694
2504918118
2630755702
2627610486
2627613238
2560366102
2560386679
2560388716
2583449452
2570342268
2570407244
2570503500
3642155508
4179010036
4182090197
4190414279
4190416839
4182028231
4182162391
4282825569
4282817825
4261922099
4262904067
4128665859
3591766035
3541434418
3495297074
1349910550
1358372311
1354045877
1351949221
1351891901
1356143501
1406995340
308021132
308036493
309646237
845460397
845521261
845455661
845455405
845456437
841262101
841393173
1915135012
1915135012
1916769316
1916634388
4030646020
4028514820
4028498624
4041086672
4036966048
4038859429
4038867622
4037814966
4058786230
1919686838
1919749254
1919828102
1919795334
1919717590
1919725926
1651286055
1650763047
1718926629
1718917909
1712828165
1981212423
2115395895
2115375143
2132148335
2096497903
2025196751
2023098830
4169411534
3632540478
3632556607
4170706447
3096883981
3096806157
3113517613
3112473132
3146031848
3133449944
3125590712
3121584808
3121597352
3189590504
3191670840
3191739400
3178110984
3031310344
3031310649
2494432047
2494301742
2494303790
2222722614
2234846006
2239118390
2381655078
2410953766
2343834742
2344031430
2343989382
2348675205
2315026820
2372241316
2372394932
2368207836
2369256220
2400647996
2249648924
2248600332
2261052684
2256838924
2257564013
2257551855
2211021295
2169078191
2165278647
2148505271
2416950935
2416933525
2416917141
2416851604
3490593204
3495836085
3512609943
3548261526
1384068242
1383927938
1383862402
326901906
293365218
275574242
275578227
292396307
292461825
326085905
326085905
846179601
845659441
845516085
845253941
841071671
842247223
842185751
907189270
907192342
1041393686
1041377334
1060509750
959843366
956174134
951457302
951453207
949228053
947921461
947921429
952132117
943780477
943756285
960533949
960609695
994290847
453360798
453500318
453432718
458126734
424568714
415987290
411784762
1486618171
1486739993
1486653976
3638344504
3646730024
3675100984
3679421128
4224553676
4220297916
4203520684
3134038701
2584737446
2651669990
2652638310
2653752358
2586709014
2574134278
2561551366
3635293447
3635289877
2561412647
2294037286
2285652774
2300366646
2333072902
2332812806
2345263622
2341069398
2307519205
2290668197
2357773228
2363016108
2222575516
2222967228
2151074232
2436024825
3543324683
3525507082
3525568522
4062227482
1914740794
1932566586
1662025755
1627504763
1627635883
1632059567
558240175
558305711
826741679
809849775
1892119295
1892121215
1892121302
1892018822
1891953030
289728918
302830726
1376665998
1376666510
1381909134
1387193070
1387127662
1387063598
1944889646
1902946570
1885776138
1885780746
1894155531
1894154265
1894039593
1902440557
1916067949
1913970812
1914159212
1930346788
4048470564
3503250964
3503258116
3500108292
3500042756
3500046932
2443108092
2476722076
2464010652
2463945116
2455606205
2455606957
2455549679
2992418543
3009211966
3009216030
2977723966
4051527214
4034864942
4046071150
4079621342
4062921886
4068000950
4065907895
1917379733
1917362308
1917419716
1913290820
1897575172
1887348244
1886318133
4042258999
4042152470
4042152470
4041955638
4041825318
4033367094
4050211846
4083774471
1937335319
1935172903
1935172903
1665885525
1728730965
1699431409
1699267429
1741210213
1737015893
1737143109
1875813317
1850598871
1779235303
1779190246
1795967470
2068715758
2068721150
2068721102
4182648206
4250802078
4259255214
4253819822
4253836206
4287390622
3616335839
2542270204
2475089644
2479226596
2446085860
2446085828
2430406340
2430469717
2153657127
2153718566
2421977382
2430357558
2430391302
2443175943
2174740487
3268270535
3259615639
3255487382
3255490454
3255497094
3523916182
3523850422
1377677559
1902027975
1895737349
1894684679
812615687
808376323
808331379
808398051
1882792103
1886917031
1910059943
1939419813
1938309813
1904792277
1888026117
1888008709
1889057285
1354672645
1358867271
1400826311
1379816855
1379811733
3527295381
1916715941
1927140005
1922855588
1924948669
1945920205
1882088265
1882087691
1882089787
1886386987
1894574891
1911339307
1928108361
1928112200
1919725640
1915518984
1915256872
4062871592
4079919400
4033798953
4042183231
4042212926
4109190702
4100791846
4100726054
2088508710
2088506422
2088580118
2086609170
2027757826
2027693315
416032003
433022209
466547969
449758529
449824081
1523435381
1514989397
1515060997
1515162389
3671038823
3670867431
3670860207
3666649487
4203581839
4270490047
4270490026
4022961579
3976759787
3959986235
1679403035
1679534091
1681632267
1614385163
1630240779
1630175275
1630453801
1635696745
1644119533
1677547445
1677537941
3816632983
3783078590
3766301422
3766302446
3841735278
2780576310
2812029718
2795251910
4136397958
4136394894
4140581007
4111335565
3558736268
3560321956
3563482788
4109695660
4107598572
4115983052
4128287436
4128418380
4132605196
4143088684
4138827821
4142968879
3060834335
3073810446
3040272766
3022444526
3027685102
3161737894
2893840047
2916378287
2949916575
3218417631
3216455646
3182903006
3186966142
3178510110
3157537566
2624860478
2633310510
2628858159
2628780413
2628792653
2626691912
3704627720
3695257096
3695654424
3691384344
3692432920
1410801432
1412773129
1413297419
1413285131
292356362
292356362
24051994
23925050
32321594
32256058
28120154
61676634
61693018
40720506
36534394
103627866
103756890
372191322
372125786
376320602
380514938
917254762
917250666
632029807
627964279
627964279
627964279
627964279
627964279
627964279
627964279
627964279
627964279
627964279
627964279
627964279
627964279
627964279
627964279
627964279
627964279
627964279
627964279
627964279
627964279
627964279
627964279
627964279
627964279
627964279
627964279
627964279
627964279
627964279
627964279
627964279
627964279
627964279
627964279
627964279
627964279
627964279
627964279
627964279
627964279
627964279
627964279
627964279
627964279
627964279
627964279
627964279
627964279
627964279
627964279
627964279
627964279
627964279
627964279
627964279
627964279
627964279
627964279
627964279
627964279
627964279
627964279
627964279
627964279
627964279
627964279
627964279
627964279
627964279
627964279
627964279
627964279
627964279
627964279
627964279
627964279
627964279
627964279
627964279
627964279
627964279
627964279
762165623
1030601079
762165750
762165686
728611254
728611254
1852685238
1852422582
1856618422
1848227519
4012487359
3978932925
3979014828
3983439532
2951638444
2951481516
2947819740
4025755852
3878955468
3878825677
3878823630
1735525118
1727136238
1720713454
1720733818
1724964874
1657988107
1934883851
1886644491
812841290
812829642
1886784410
1882460090
1882457018
1886389162
1894921130
1905402862
1972593534
1972396831
1437655839
3585123135
3585189663
3623005983
3614613311
3608382271
3574974751
3562532119
3570853143
3570856197
3570843909
3562438933
3560407525
3543631333
3530987909
4068391303
4076767367
1920828583
4064071847
4064043183
4080820415
4047397293
4034819757
1895714479
1908149919
1910259599
1935420814
1935422878
1943933102
1943941607
4093587943
4121715669
4125943621
4125994565
4126128663
4117608983
4113340958
4117600799
4151293727
4142903615
4142780717
4151111716
4113313828
4231802916
3158127653
3158187303
2625505575
2628651895
2678983558
2662222726
2662289286
2662187910
2662126518
2544677798
2515329958
2498552814
2491212782
2487021398
2487216455
2487216455
2487019861
2508156244
2508080596
3615360404
3623289236
3622240660
3622110389
3580304545
3563535521
3563550193
3563581713
3564499201
3563368704
3575947520
3613761792
3597067520
3605448448
3606497121
3606861794
2656856034
2656396918
2549503542
2549597750
3585398574
3585928510
3590106382
2514332677
2506071108
2535296100
2537393252
3074327892
3057549636
3074355780
4147573365
4117132007
4125577955
4109632423
3035633063
3027244455
3025157543
4115869111
4124208533
4124241799
4103202695
4107314118
4107314006
4098926118
3962615334
3979458086
3979540279
4013061911
4013236997
3979813653
3979739957
3830843189
3839233525
3856079285
1938045119
1921263807
1921263759
1921281167
1921314959
1921814682
1927053498
1390182586
1390379242
1400811566
1367253039
3497501711
3497451279
4034058781
4101175869
4101175869
4107393629
3721456589
3754978767
3745609167
3745923167
3747004799
4250915174
4259177318
4259112934
4259112950
4258594262
4250398162
4250858995
3206464883
3206005585
3210211905
4283949588
4292276756
4294431284
2650031652
2650561316
2642164020
2675783988
2537494549
2537424917
2524847125
2465083397
2477674757
2444149191
2444133271
2428273575
2428276135
2430376359
2417265062
2434238934
2467731222
2520179206
3057050126
3060163134
3069469230
3065275439
3065268271
4141615161
4133292109
3592042700
1444571212
1444572173
1981443853
924470861
861818445
870272517
861883909
860868117
822953527
805855782
805855782
1950966630
1959478246
1955185078
1955100070
1955343782
1955334566
1418464183
1418074804
1434876580
3620104884
3620040324
3611322244
3607160772
3578914629
3581011509
3571514919
3571473959
2162169382
2179077670
2179077942
2241987878
2276473894
2275412006
2208303142
2191595522
2191669250
2192719107
2192708865
2190546193
2194675504
2194935584
2211711264
3243723056
3310865200
3292838896
3288645540
3288642981
1275966885
1292875191
1326759815
1580253062
1512081798
2061613238
1517402294
3677534406
3643979782
3627200294
2557652518
3102903830
3098971654
3096550919
3113532965
2878647076
2866055460
2858257460
2854128660
2854200324
2854069364
2870796517
2837336229
2822635686
2889744814
2892893886
2897025726
2913802942
2913229562
2946824794
2930043403
2930552073
2930550024
2867109912
2875490616
2871841048
2839368460
2839426925
2872977391
2877165486
2863467950
2863402430
2880264590
2881481167
2881349957
2841422596
2904336644
4011830276
4011766804
3995059316
3994865909
3877462197
3842909331
3827172755
3827172786
3833401250
3837595298
2762832626
2762861142
2762796567
2763828757
2713495045
2784273924
2809524852
2805450468
2803320484
2803310501
2803187109
2769566887
2784300263
3837156423
3836148751
3837193487
3853823751
3891571479
3872697639
3872762919
3864376375
3860185111
2786443295
2786214143
2802987183
2769688495
2765491887
2761231023
2763348671
2763881103
2763844303
2768039503
2919034655
2910715678
2910844702
2909758238
2906465046
3174839094
3174568238
3178828078
3220771183
3149596143
2881031645
4221073869
4220053964
4291340620
4283087996
4266298461
4263150797
4263085261
4128810205
4130923677
4147864732
4114232508
4034529196
4038985444
4038397476
4037303844
2695162405
2699340325
2692000309
2708848391
2748744451
2730918658
2722988882
2718733286
2718749606
2735555494
2735609766
2768641958
2784430518
2813680023
2813819279
3887524303
3891718221
3881216013
3879118861
3862334493
3862402077
3862224959
3879002175
3879034926
1731596398
1849033198
1852641198
1861028798
1856838398
4004338686
4005559119
4003178765
4019955981
3835408140
3831214860
3827008076
3826897629
3826868910
3828949678
3828880302
3827827630
3840411054
3836222910
3836295614
3836623247
3837684109
3854166413
4153977165
1987687437
1987809293
1982431261
1982394429
1982455853
1697276013
3827972077
3832153837
3840870079
3840738974
3837548239
3854362319
3885825389
3868781613
3872975996
3891834188
3883640137
3845846361
3846100827
3846095742
3850359662
3051320110
3084210990
3086225710
3086233886
3086226718
3086304574
3086406967
3218531605
3218601228
3218447628
3220675852
4260805900
4252409092
4231519572
4231350212
3157721749
3174503077
3178693287
3216311206
3216265638
3216274822
3180651910
3180651974
3168069063
3159812055
3177109351
3040692079
3074180447
3073971487
3077248301
3085653357
3081454973
3081499997
3052987725
3053250381
4116555725
4116624733
4116616573
4149723439
4145336383
4147404831
4147453982
4113961022
4101375022
4101901614
4110355262
4106041870
4106059342
4106212942
4127033295
4160525775
4141658591
4141654509
4140081645
4127519725
4127675103
4144370318
4145424302
4149683622
4260640166
4121957542
4122097038
4122142095
4120115087
4258315997
4249923197
4279282557
4279282972
4128416780
4128436252
4145234044
4113764589
4113699245
4109504431
4105308847
3835759278
3835722398
3852528335
3890265933
3881866509
3865093132
3793788940
3794116876
3794120988
3877946173
3877983087
3844478958
2770737134
2783842286
2779581926
2762815766
2762828038
3031230470
3048007686
3081088263
3064376581
3069609236
3069673844
3058749812
3054563428
3054522468
4063433764
4046593060
4029815089
4042398001
4038265649
4038400531
4036307475
4039392771
3502509571
3494643203
3519878674
3549394530
3532414818
3532443634
3532169203
3544751587
3540622819
4027235825
4027234753
1628092609
1632483521
1666037953
3809459345
3792616625
3792082051
3808842883
2701540531
2768644514
2784303778
2762215074
3030650530
3048478422
2981390022
3014977094
3014700567
3014703621
2975894020
2971699972
2971719957
2971729213
2972808239
2971013167
2971010350
3050243438
3045936623
3045969389
3045972477
3045899212
3083648964
3192696516
3192827509
3192893285
3189549351
3189562407
3191671862
3057519638
3057521734
3057521735
3065382231
2527399269
2544181245
2493790925
2493787789
2493906573
2498086543
2494862999
2626992054
2631200678
2484400038
2484140966
2484198310
2503146946
3040013506
3077760066
3083919442
3083919478
3218137462
3218207542
3176355638
3176351542
3167833382
3167771943
2649839925
2649889092
2666687940
2658238420
2654160852
2651996868
2668778180
2639455940
2633231989
2626727527
3163602735
3163600687
3163599679
2649879311
2675176203
2653160235
2653164843
2653168938
2670144810
2674265130
2510687274
2493973786
2493793738
2494875018
2499576970
3588068507
3612257688
3591286168
3591351688
3590839688
3590739336
3524162984
3540922792
3545638312
3520538009
3518359501
4055150557
3014704893
3013654063
3068172079
3068179759
2791355711
2791421247
2804131101
2770510109
2770523965
2753693548
2753955756
2753955756
2784429997
2780104125
2779780511
2813355470
3887197518
3887179790
3891308574
3882924062
2803939358
2804411406
3039196174
3039166478
3022389566
3026584366
3034973734
3047622182
3081051702
3064262195
3064243761
3064243505
3064247313
3061093441
3071644865
3038168193
3038137489
3038129331
3023449506
3023511526
3027570406
3031899670
3031903750
3031901702
3029623310
2543624734
2526847279
2526851388
2531034568
2451344776
2453445512
2990336904
4078844600
4044766124
4027981740
4040558012
1888752061
1888489919
1905537470
1643405742
1676994039
1667540439
1663346502
1629796102
1898288654
4045772302
4046230078
4045787694
4045812270
4041618990
4037416750
3768977199
3769072909
3773163532
3764762636
3760687132
3778517020
3793201164
1645718541
1644527629
1644986573
1645133973
3859697829
3881705893
4127078053
3030720164
3030719204
3031775956
2964793924
2962582020
2962254341
2425415221
2442191399
2442195758
2446340910
2467304238
2467563302
2434075942
2437286182
2441480295
2441559159
2474931285
2458166469
2453971141
2449847493
2449841285
2990839957
2990839989
2718275767
2701564133
2684795892
3020352092
3020303932
3021352492
3155502636
3161732655
3182698030
3181644846
2644773934
2644778046
2376342590
2376342614
2376455238
2380633286
2355475910
2372252549
2373301636
2641870212
2675424724
3208100340
3191323092
3191257428
3191258436
3191254340
3191270772
3207999340
3207864172
3174305388
3178634812
3187029533
3165992462
3182698782
2645827646
2629047406
2629043310
2629127422
2381766022
2247556998
2238834310
2406545285
2406536596
2407003312
2406933680
2373346512
2369158208
2234932224
2267430145
2267426065
2251171587
2255382083
3337541331
3355297441
3590102705
2515836816
2488770432
2488776064
2488644032
2488578164
2503258149
3040124965
4147359015
4146247975
4146256678
3086207783
3086015767
3069207557
3060822037
3056681077
3073769717
3040219605
3027645125
3031832279
3031781094
3030671014
3047451302
3081530006
2523691654
2519588743
2453599639
2990531007
2989809855
4080529551
4046885007
4034303199
4042374255
3773868077
4042303548
4050693388
4113818892
4112672541
4147254053
4113957735
4118217574
3036088294
3031898082
4105385938
4105256258
4109466946
3589332291
3614506305
3597790529
3598085185
3598087361
3598075121
3597993379
3623163298
3589619622
3572838070
3570744982
3570743190
3721410550
3715130854
3748685158
3739319574
3605097734
3605099782
3613652242
2674054451
2674115633
2648806448
2644548912
2648747312
2649861904
2675113472
2641546753
2640496451
2648950242
2648757734
2649801958
2649808230
2639392599
2639457863
2639521349
2639389525
2505069541
2490384869
2490712549
2488750581
2497078751
2496849359
2507398494
2536754462
2518894862
2518777102
2518773006
2522967870
2545055278
2545043007
2511423327
2509521247
2513760502
2538922214
2501374198
2501275830
2505994646
2505974663
3588104836
3571331732
3571188412
3562799852
2491158120
2491185960
2506484011
2502207802
2535762186
3613703178
3613687818
3622273098
2545320158
2543235309
3067519212
3067454948
3054804852
3188758372
3054606180
3071472500
3071730004
3040239957
2775795045
2758886885
2767276013
3169928813
3169916509
3169924621
3167758093
3176146189
3176152431
2650086638
2650081518
2650212782
2650742166
2650690950
2675894150
2675368902
2650255687
2643964161
2562040112
2561974560
2566185760
2557794084
2553595428
2571030069
3139362645
3139394903
3126359527
4200362214
4216090838
4216086606
4182597894
4182728982
4182669118
4182669118
4182712126
4182712158
3645771342
3645787726
4215955150
4224409310
4207466478
4203278830
4203258091
4203258088
4203258088
4200116696
4212687308
4178543100
4228814188
4228836644
4228836405
4228802581
4233042967
4182707222
4207811862
4207551750
2060064582
2060059350
4275786486
4274639590
4287136743
4018701740
4001926332
2932390364
2919803596
2936778316
2904221252
2887410252
2887398013
3160343278
3168535534
3166176494
3182955758
3215527034
3216643146
3216663562
3220890635
2681988104
2681861464
2673595768
2669370840
2635750860
2635750556
3709533372
3697204413
3697263773
3697136781
3561349517
3561480597
3569804213
3570885303
3570754295
4101254902
4101253798
4116986790
4150598566
3598130174
3598143438
3597686734
3597689678
3596640574
3730858286
2682318895
2644561967
2627851309
2627992605
2632120591
2623785223
2640563479
2648956215
2678254949
2678256997
2662440420
2666565620
2658176660
3190922901
3191056309
3207767527
3206714479
2905769022
4013134862
3996183558
3994053654
1846553623
1846688805
3996269669
3996523748
3992326052
3971354244
4239805060
4239837892
4237594116
4237600276
4271153717
4275085862
4000358694
3996221486
3996222510
3996633134
3895904286
3896440910
3900602382
3900066654
3908376315
2834576091
2834588315
2947576491
2945467055
2944406191
2915051151
2915069839
2915068063
3183687919
3184658671
3178367199
3178375631
3161616335
3161620175
3170096839
3168851671
3164641254
3164706150
3216225574
3203439927
3190861079
3190877191
3190942742
3190979638
3190953014
3207726326
3161591222
4243721878
4239531670
4239474326
4237311671
3700436629
2647666564
2505059796
3581099492
3589410276
3501408148
3501206468
1357916868
1349525140
1361135540
1394853349
1377939685
1914810599
1914810455
1932567623
1882235911
1614056455
1614185734
1617336071
1625727767
1709613375
1734770751
3879191615
4264913983
4281608239
4281804910
4283837418
4294314730
4290121354
4289988234
3216249482
2679136954
2679169771
2681267181
2664482781
2664486236
2664490492
2658264572
2658297309
2654089725
2670854639
2620522927
4235330030
4243727310
3706725198
1559241482
1548756779
1550874923
1546778909
1546893325
1949546500
1970649092
2004130820
1987346436
1987477508
1983283396
1983287425
1982255251
1998995874
1965495202
1952792226
4108598950
3835697830
4105181870
4105185934
4121963150
4124061582
4109400030
3571700494
3722572558
2644549919
2644549927
2648749351
2682363173
2673907973
2658253061
2654399749
2654403861
2658553173
2675836389
2675901861
2684294581
2684237717
2650682325
2650092501
2641655797
2641653605
2641813269
2650197781
2548424469
2548367125
2541020933
3614959365
3610657559
3577676646
3558675430
3563004918
3563008470
3571257822
1423704446
1423708474
1423777083
1154971933
1414916364
1431611660
1427417108
1460976644
1444184261
1444315335
1446936711
1446936711
1445900439
3610178471
3715071715
3707596391
3707529830
3703335534
3720113774
3718014846
2681488862
2681717199
2648097167
2648101789
2648041389
2639587309
2635392493
2635593213
2635593053
2639656319
3713295742
4149555582
3612807654
3612742134
3621126479
1440088333
1440153884
1414792508
1414801724
1417111836
343386372
343189764
359970820
911508484
1985249284
1983283397
2117501061
2116980865
2116980915
4281226146
4230944418
4235015842
4239146662
4238618278
3165925030
3165940679
3165972551
3168053253
3159468037
3205605381
3205741840
3193084976
3193082912
3193143600
3188838672
3056800256
3040215552
3023438385
3035038435
3030651618
3030652322
3030650018
2494302354
2548979842
2519099522
2520180866
2520181890
2518017174
2530533878
2526257462
2528350527
2528240941
2522932524
2535482684
2669696284
3711042845
3694269821
3696375663
3704821758
3703903966
3703846622
3699647198
3632621262
3649333190
3649335127
3653527863
2336520503
2298756405
2304062743
2337678103
2346595079
2342408966
2342502710
2342048038
2342031463
2342035687
2346229981
2337904093
2317011404
2400897420
2401159564
2367674812
2635913645
2642199981
3715744143
3724259727
3755582351
4283999151
4263027631
4263356343
4263421333
4263420373
4267102549
4269130021
4267979045
4280295717
4280361277
4251064109
4242688815
4238493983
4238788878
4238788935
3722770503
3747931223
3743736279
3744846791
3744879319
3744887527
3749065317
3723952676
3719567136
3720113440
3703336240
3703336192
3705498880
3697267985
3697202530
3716055266
3749627122
3731801286
3727609026
3727609282
3744452595
3749508839
3715688165
4252525141
4260909637
4258853751
4292470119
4292470119
4292863351
3219051847
3210671559
3210737095
3076359671
3042739685
3051134829
3084230509
3084238380
3059068700
3059066124
3055005708
3054878813
3055009919
3054977262
2803242222
2807447022
2784365294
3031829215
3166112463
3165925069
3165922892
3170132572
3170128764
3170136429
3161743727
3161810022
3161709670
3178482934
3211975878
3209849990
4283657350
4249955462
4244714918
4244833702
4094822319
4115793919
4126304221
4155631436
4155569484
4159762764
4151370525
4149273145
4124111403
4124168747
4107392555
3027334955
3027262763
3026209817
3043052569
4125252637
4121066509
4122109199
4159923534
3612439902
3742520814
3742517102
3742516054
3746714566
3746787783
3720405351
4253082479
4253086575
4240496253
3703692893
3712351839
2638737247
2639621503
3746921855
3747026399
3612743117
3621197261
3587511709
3587454397
3586404780
3578081789
3578204637
3578155277
3575043343
3574988574
3511986990
2480187690
2475989370
2525400522
2525136331
2525200859
2525008361
2664493545
2658198009
2654068985
2653119595
2669829163
2636269611
2623686730
2623760714
2633001802
2633002970
2649978622
2647769791
2643706559
2677199855
2681337325
2683356669
2674978245
2674977989
2536695029
2502088165
3575825829
3581035925
