1358699551
1356663823
1406075911
1380926837
1376769013
1376228245
1376227989
1912837045
1916834725
1916842919
1925226935
1656988831
1648536735
3791829215
3791886383
3808598061
3875711021
3842418989
3830890285
3763783484
3763847709
3760014141
3760022383
3760006119
3776775143
3813475311
3813474942
3787801102
3787740682
3771006475
3771001371
3762350619
3762354715
3762313738
3842006602
3842252506
4010020602
4014214650
3930397930
3934729450
3934729338
3934728250
3935252510
3935186956
4220411916
4224541908
4211919780
4211923620
4211993252
3943688869
1774561966
1753525934
1753267630
1820433591
1824693495
1682148372
607176756
538978356
555822132
555883556
555883820
560336428
565644861
548734558
546592462
546625166
562859662
596414094
595888782
591698830
570718670
570898767
587606335
555100461
559295788
636879644
615846412
615785020
631517980
631514892
627837700
627964279
627964279
627964279
627964279
627964279
627964279
627964279
627964279
627964279
627964279
627964279
627964279
627964279
627964279
627964279
627964279
627964279
627964279
627964279
627964279
627964279
627964279
627964279
627964279
627964279
627964279
627964279
627964279
762165623
762166647
1030599157
493728181
493728191
208515515
225293758
207993782
82164146
82164146
15055090
15054898
7781442
7778370
7774210
7794691
53362753
36389072
36245665
36249763
307783074
306736038
868809382
835488494
596413150
579770891
579250952
579248136
584359948
571777064
572297256
571228200
554500140
537788516
541982945
550376421
546255493
814562949
814693005
831404685
311048844
311044749
43592077
1115163786
1109923002
1115451882
1124033066
1136058922
1102570026
1351914042
1351914042
1351393578
1351393323
1346937896
1359578232
1376488664
1376439468
1376414892
302656684
302589116
302645724
302645840
281674240
278540801
12463619
11352578
11360770
11394834
15447346
275492882
304717830
303596807
306744612
843626860
843639148
587753832
554199416
537556424
537580233
541770473
562676463
562598638
562607046
902475970
923446402
1057728658
1040771234
1040734370
973801634
973740162
973747330
441066434
1507459666
1236861474
1220026914
1220027110
1217929910
1285038735
1284039324
1284020156
1149864868
1082886564
1079740900
1077578020
1076529412
36362500
36627717
305061893
305123349
841793573
574128165
575176997
583566631
583568759
591961429
554472916
554546676
554676708
554611620
542028708
1624225444
1892530832
1884142208
1879964288
4043766449
4077288355
4064701858
3536201122
2462458754
2463507394
2482381698
2448896386
2162505106
2158302386
2428329186
2428304615
2428300389
2428284212
2428280580
2431419908
2435423764
2435563028
2469051924
2469068340
2452323876
2452166180
2452099940
2464682229
2461544693
2461540583
2461610086
2478380070
2478394422
2466203670
2524936214
2524936214
2520742934
2520765494
3592351766
3609124934
3575570758
3558732231
3558721485
3565145076
3565149172
3564993268
2449353412
2449091140
2444891716
2176521044
2174226788
2174234724
2173186148
2173202532
2173235556
2177413621
2177470949
2177401319
2152237030
2152570870
2152701846
2152701846
2416951222
2500853654
2500753294
2500747662
2538234254
2546660766
2542359983
2509798845
2513989005
2489118084
3558729684
3493754708
3493738308
1343567813
1347694545
1347890595
1364594083
1383468467
1383468418
309724546
309674115
318042339
318025831
845459751
845455663
828744479
829858591
1886823231
1951900973
1975821613
1967439165
1968487693
4111961357
4044524829
4027762485
4031960629
4031932021
4031917797
4040236791
4040170455
4057017239
4090706343
1926434230
1920140678
1920413830
1928601846
1928647142
1660195174
1676718398
1727051070
1727043358
1718654478
1716758302
1980932399
2115084335
2115031101
4279652397
1947598885
4101374005
4105568533
1958085389
1890860621
1895049933
1895049887
1893149615
1945504687
1928792991
854919054
846463374
846463391
853860847
853860655
853844271
845455663
862233887
862369053
862357309
1936111405
1987555109
1985260343
4128553223
4127705350
3590735894
2534296694
2504918134
2630755702
2627609462
2627613238
2560366102
2560386679
2560388716
2583449452
2570341756
2570538316
2570503628
3642155508
4179010036
4182090197
4190414279
4190416839
4182028231
4182162391
4282825569
4282817825
4261922099
4262904067
4128665859
3591766035
3541434418
3495297074
1349910550
1358372311
1354045877
1351949221
1351891901
1356143501
1406995340
308021132
308036493
309646237
845460397
845521261
845455661
845455405
845456437
841262101
841393173
1915135012
1915135012
1916769316
1916634388
4030646020
4028514820
4028498624
4041086672
4036966048
4038859429
4038867622
4037814966
4058786230
1919686838
1919749254
1919828102
1919795334
1919717590
1919725926
1651286055
1650763045
1718926629
1718917909
1712828165
1981212423
2115395895
2115375143
2132148335
2096497775
2025196751
2023098830
4169411534
3632540542
3632556607
4170706447
3096883981
3096806157
3113517612
3112473132
3146031720
3133449944
3125590712
3121584808
3121597352
3189590504
3191670840
3191735304
3178110984
3031310344
3031310649
2494432047
2494301742
2494303790
2222722614
2234846006
2239118390
2381786150
2410953766
2343834742
2344031430
2343989382
2348675205
2315026820
2372241316
2372394932
2368207836
2369256220
2400647996
2249648924
2248600332
2261052684
2256838924
2257564013
2257551855
2211021295
2169078191
2165278647
2148505271
2416950935
2416933525
2416917141
2416851604
3490593204
3495836085
3512609943
3548261526
1384068242
1383927938
1383862402
326901906
293365218
275574242
275578227
292396307
292461825
326085905
326085905
846179601
845659441
845516085
845253941
841071671
842247223
842185751
907189270
907192342
1041393686
1041377334
1060509734
959842342
955649846
951457302
951453207
949228053
947921461
947921429
952132117
943780477
943756285
960533949
960609727
994290847
453360798
453500318
453432718
458126734
424568714
415987290
411784762
1486618171
1486739993
1486653976
3638344504
3646730024
3675100984
3679421128
4224553676
4220297916
4203520684
3134038701
2584737446
2651669990
2652638310
2653752358
2586709014
2574134278
2561551366
3635293447
3635289877
2561412647
2294037350
2285652774
2300366646
2333072902
2332812806
2345263622
2341069398
2307519207
2290668197
2357773228
2363016108
2222575516
2222967228
2151074232
2436024825
3543324683
3525507082
3525568522
4062243866
1914740794
1932566586
1662025755
1627504763
1627635883
1632059567
558240175
558240175
826741679
809849775
1891988223
1892121215
1892113110
1892018822
1891953030
289728918
302830726
1376665998
1376666510
1381909134
1387193006
1387127662
1387063598
1944889646
1902946570
1885776138
1885780746
1894155531
1894154265
1894039593
1902440557
1916067949
1913970796
1914159212
1930346788
4048470564
3503250964
3503258116
3500108292
3500042756
3500046932
2443108092
2476722076
2464010652
2463945116
2455606205
2455606957
2455549679
2992418543
3009212030
3009216030
2977715774
4051527214
4034864942
4046071150
4079621342
4062921886
4068000950
4065907895
4064863381
1917362308
1917419716
1913291076
1897575172
1887348244
1886318133
4042258999
4042152470
4041890326
4041955638
4041825318
4033367094
4050211846
4083774471
1937335319
1935172903
1935172903
1665885525
1728730961
1699431409
1699267429
1741210213
1737015893
1737143109
1875813317
1850598871
1779235303
1779190246
1795967470
2068715758
2068721150
2068721102
4182648206
4183693214
4259255214
4253819822
4253836206
4287390622
3616335839
2542270204
2475089644
2479226596
2446085860
2446085828
2430406340
2430469717
2153657127
2153718566
2421977382
2430357558
2430391302
2443175943
2174740487
3268270535
3259616151
3255487382
3255490454
3255497094
3523916182
3523850422
1377677559
1902027975
1895737349
1894684679
812615687
808376323
808331379
808398051
1882792103
1886917031
1910059943
1939419813
1938309813
1904792277
1888026117
1888008709
1889057285
1354672645
1358867271
1400826327
1379816855
1379811733
3527295381
1916715941
1927140005
1922888356
1924948669
1945920205
1882088265
1882087691
1882089787
1886386987
1894574891
1911339307
1928108361
1928112200
1919725640
1915518984
1915256872
4062871592
4079919400
4033798953
4042183231
4042212926
4109190702
4100791846
4100726054
2088508710
2088506422
2088580118
2086609170
2027757826
2027693315
416032001
433022209
466547969
449758529
449824081
1523435381
1514989397
1515060997
3662646037
3671038823
3670867431
3670860207
3666649487
4203581839
4270490047
4270490026
4022961579
3976759787
3959986235
1679403035
1679534091
1681632267
1614385163
1630240779
1630175275
1630453801
1634648169
1644119533
1677547445
1677537941
3816632983
3783078590
3766301422
3766302446
3841735278
2780576310
2812029718
2795251910
4136397958
4136394894
4140581007
4111335565
3558736268
3560321956
3563482788
4109695660
4107598572
4115983052
4128287436
4128418380
4132605196
4143088684
4138827821
4142968879
3060834335
3073548302
3040272766
3022444526
3027685102
3161738918
2893840047
2916378287
2949916575
3218417567
3216455646
3182903006
3186966142
3178510110
3157538590
2624860478
2633310510
2628858159
2628780349
2628792653
2626691848
3704627720
3695257096
3695654424
3691384344
3692432920
1410801432
1412773129
1413297419
1413285131
292356362
292356362
24051994
24056122
32321594
32256058
28120154
61676634
61676634
40720506
36534394
103627866
103756890
372191322
372125786
376320602
380514938
917254762
917250666
900465263
627964279
627964279
627964279
627964279
627964279
627964279
627964279
627964279
627964279
627964279
627964279
627964279
627964279
627964279
627964279
627964279
627964279
627964279
627964279
627964279
627964279
627964279
627964279
627964279
627964279
627964279
627964279
627964279
627964279
627964279
627964279
627964279
627964279
627964279
627964279
627964279
627964279
627964279
627964279
627964279
627964279
627964279
627964279
627964279
627964279
627964279
627964279
627964279
627964279
627964279
627964279
627964279
627964279
627964279
627964279
627964279
627964279
627964279
627964279
627964279
627964279
627964279
627964279
627964279
627964279
627964279
627964279
627964279
627964279
627964279
627964279
627964279
627964279
627964279
627964279
627964279
627964279
627964279
627964279
627964279
627964279
627964279
627964279
627964279
627964279
627947895
627947895
896384439
896382391
359511477
359510452
359511220
1366145204
1366145204
1374009524
3248879860
3282139508
3283237668
3247585828
3247582772
2173707812
2177906469
2177910567
2151989542
2151989558
3225715026
3222115794
3222181314
3222191554
3226442178
3234830786
1087289794
1095691730
1359934546
1359664194
1359671490
1342891458
1342827970
1342766563
1363725280
1405734320
3536502656
3536496512
3536512640
3536582288
3532453536
3532453536
2458711717
2458713766
2542071718
2546232742
2505538806
3575004374
3574999238
3575065030
1427320134
1431446870
1433539030
1433534934
1968308614
1967150486
1900070294
826320319
809542079
809742751
819114461
819364109
813076253
1885850431
1885858606
1881631022
1931946270
841365838
842925454
844759950
847970974
847970989
310903468
310916012
316155300
322448580
321449028
53259268
52804887
1407425814
1105444150
1101180182
3282221318
3282221319
3265693749
2191820837
2192361516
2196600876
2196645932
2192452717
2193499565
2176726957
2159871919
2155627183
2150941375
3224421015
3224425367
3224413127
3228606787
3228885267
3228951843
3223780643
3223746867
3223742721
3223726337
3223730945
2212891393
2192002817
2260072241
2260054835
2260042531
2192867939
2192868067
2180298402
2155126178
2436144546
2470217906
2452544658
3526258050
3526240130
3525718674
3538293410
4070847206
4053803886
4041221438
4108381470
4108380447
4104235791
4104370959
4104371981
4108558093
4116940317
4146300477
3861092141
3861099839
3861029919
3996299294
3996172350
4010860606
3977699390
3962982783
2901821053
2897727085
2897530412
2897534508
2899602972
2891212301
2889164301
2889299551
3157723111
3178563558
3187084774
3218546070
3197451414
3063227526
3063227526
3063047367
2528305285
2532495493
2532561332
2547110372
2505176821
2488522357
2488391223
2488596007
3027564071
3027555879
3027748663
3036108631
3036118981
3027451333
3044228597
3075489191
3058728103
3058793654
3058826398
3067198719
2748360189
2750459869
2716909276
2691800636
2708508204
2972732988
3005484572
3005562428
3005623844
3076924708
3081044004
3081044069
3081044158
2510364830
2493523102
3567275166
3291531470
3289626958
3289557518
3289573902
3306301966
3339856399
2186426637
2190673965
2190740525
2190738479
2191327439
2190348431
2190365102
2207109550
2177669030
2160893862
3225730486
3238311319
3255154055
3256202375
3525819423
1378199567
1378134030
1378199566
841398286
841390110
1919866894
1936641038
1903084559
1952399743
1947025839
1947030446
1951168174
4098717342
4107232918
4102940342
4102874790
3565971366
3565967287
2493513109
2631395781
2639784948
3210197876
3212286756
3195386420
3203771908
3219498508
3185947148
3185939004
3173306924
3174322735
3174303342
3174305510
3040153078
3052681462
2511608054
2545162358
2276792374
2260154390
2260085766
2260083715
2192974849
2193046784
2197044496
2213824784
2169998096
3243745136
3225731056
3221534560
3489969632
4027430880
4027563760
3759979200
3762076224
3761015360
3812473456
3793664512
2719922688
2719919649
2719807011
2793199206
2792148838
2808929638
2808928622
2808928630
2808994166
2808994134
2775578974
2775579102
2775579102
2775448054
2775374334
2775439870
2775448063
2775448063
2775448063
2775447903
2775578975
2775579007
2775580031
2775580031
2775580031
2775448959
2775447935
2775447935
2775439743
2775439743
2775447935
2775579103
2775579101
2775579101
2775579101
2775579133
2775579135
2775579135
2775579135
2775580158
2775580118
2775580150
2775580151
2775448055
2783836533
2783836533
2817390965
2809133397
2809063765
2809130453
2808937973
2808925687
2808995319
2809134591
2809133566
2809002494
2809002462
2809133535
2809133567
2809133527
2775448023
2775439701
2783959381
2783902037
2783902997
2783868180
2775475029
2775475157
2775540661
2775331239
2775318950
2817262774
2816808118
2812763318
2812704950
2779183238
2780231750
2780211206
2763433989
2784472324
2775885588
2809963284
2805846580
2789130788
2789130852
2789032676
2792114148
2808896997
2817281509
2813283831
2813230534
2779672390
2783962950
2776491862
2776495958
2776626646
2818373110
2784773606
2784843254
2776528278
2772330374
2772331926
2776464823
2809941239
2816822486
2795918550
2795925574
3873841158
4133953542
4150600726
4118094886
4109860135
4107748647
4103423253
4106514757
4240761668
4240831060
4241921652
3168181876
3184958036
3176528452
3205822277
3189044061
3189003245
3189052137
3061256939
3086943931
3049064874
3032234410
2965117098
4038859002
4043058378
4059832394
4093452298
1451098159
1451098159
1465720871
1427908627
470558979
470042883
2080557826
2080541443
2084736497
4257461728
4286689936
4001407616
3934298804
3934298788
3938498212
2856626860
2936384174
2937563886
2938604334
2804255022
2804075278
2804080142
2804081166
2805129742
2805064239
2804994607
2804204327
2791621095
2792146359
2792217783
2791700631
2808477910
2808608990
2774956127
2774952271
2758176334
2758174286
2758177486
2892255966
2909557486
2917975662
2917977902
2917980479
2918054175
2918181149
2951735581
2943351069
2943081757
2943090493
2944134973
2944134973
2910453565
2909589309
2909588349
2909653373
2909591901
2909591901
2909591935
2909788543
2909731199
2842688895
2842553695
2842449246
2943178206
2943309310
2808836602
2817209594
2716414106
2712343706
2695574715
2695509179
2699717817
2699716761
2691360920
2772105352
2770000136
2807941897
2807843339
3860141594
3862372890
2789155353
2804429672
2951217384
2947024040
2913487016
2846578940
2881157340
2864376004
3130649029
3130585030
3126427110
2654539238
2654932134
2638089394
2621320386
2629706946
2629711299
2629578119
2629626758
2629610166
2646391462
2637990566
3206318830
3206253070
2937761294
2937761286
2906302007
2909512228
2892538388
2888344068
2888340020
2888535588
2888551012
2888550884
2758527473
2767112403
2716748227
2716751298
2741924803
2741920707
2741838323
2741776867
2750158049
2716605681
2985237712
2968403008
4042144960
4037944449
3501072513
3501072515
3517846658
3517848706
1370430594
1089427602
1089296482
1080899619
1076706579
1093411073
1093411153
57614545
49156273
44433809
48628115
48431506
40074674
41154930
124893474
91269154
74491939
1148234787
1416664081
1416790017
1433567489
3581313793
3614867985
4143944305
3070080625
3070080561
2801644065
2927399459
2939986467
2906449443
2906449443
2889678451
2888621923
2888617827
2758068215
2901858263
2910254919
2842722135
2842704247
2851084598
3916507446
3914541334
3914540310
3948818510
3950641358
3954835710
3954770158
1772617966
2041060542
2074622157
1538844868
1505274052
1568315712
2084215872
2082115584
4228546880
4228547185
4228547315
4245324483
4262118082
4263072450
4265104034
3999814115
3936935141
3936933932
2881157128
2881136648
2874845960
2853808648
2853746200
2922938904
2922938936
2804711977
2804732521
2804736619
2775373679
2775370111
2909657471
2909796863
2909796863
2876111359
2876112349
2842557917
2842688989
2842687997
2842294781
2850683389
2850683389
2850814333
2884368765
2885348701
2876958557
2876991325
2876793853
2843226543
2909274559
2917728702
2917859774
3974828222
3974771902
3974769822
3975817358
3971688591
3971704989
3988707525
3988708420
3888047108
1719595269
1849606663
1849606718
1866388014
1832800814
1769825838
1750887982
1759276842
1759260475
1767649035
1801402123
1780417355
1784500699
1800164523
1808594091
1770845371
1770841291
1754113305
1758372361
1766777353
1762587147
1763656267
1763508971
1763448234
1774730410
1770544298
1754094730
1754070154
1770908874
1775166474
1834917903
1867940109
1867940124
4015424044
3981882924
3913788972
3909397052
3909401132
3976509996
2936321580
2919682620
2785427997
2786476637
2786984684
2793145069
2809925039
2817263791
2813085949
2797422717
2797526031
2797528142
2812207310
2780754895
2768163485
2759775933
2755579581
2755451821
2759649773
2768038189
2782784813
2808046110
2921292366
2921276110
2940154590
2939958190
2843478190
3924560046
3920103678
3921287230
3954846734
4223279118
4288356431
4221100236
2040062124
2035855784
2014891944
2014857864
2016967305
2017016458
2033859050
1061039610
1048457418
1056309386
1050083466
1066471609
1031827688
432073832
406906937
403814718
1496561950
1597222158
1597150478
1597149454
1599308046
1602257710
1501598702
2038608860
2021832652
2026278220
2014089004
2015137320
4179537432
4179553800
4179502600
4212987480
4211881704
3679200680
3683394728
3649899752
3633054844
3633061893
3431931974
1284387314
1285358050
1281114274
1276923042
1327384706
1310648450
1310648450
236912002
235766162
517775714
513319206
515420454
514363695
535355693
208168228
204104996
204100916
472514836
473564428
478024972
341789965
349556175
500550111
525728670
509411262
509374366
507795354
1591035898
1323258666
1323131690
1591239210
1591267898
1587118650
1605997546
1572385707
4239959976
4239961000
4260993704
4282026680
4147808968
4129208008
4129202764
4128760348
4128555565
3866378799
3891557678
3858024494
3974481958
3974543399
3975064581
3967721733
3967742469
3980251725
4011717343
4011602671
3944490926
3948686574
3902540014
3902539834
3902146570
3969260554
1817587466
1830757962
2131572734
1791763630
1787633838
2056204476
2055799948
2055791772
2118689964
2131268076
2132521308
1864016668
1868137020
4021846573
4021857839
4021856830
4017863214
4013599279
2939853615
2940128813
2940126797
2904478348
2907128460
2940486316
2948871084
2932089004
2927895741
2929552575
2946399471
2952681727
2784938206
2767112526
2767118158
3832477390
4114080462
4113850974
3828642143
3962834989
3967030309
3975485476
3971360788
4239796484
4239801860
4290123269
4278063685
4278059719
3741122967
3736865959
3734771878
3738971366
1599415750
1595286470
1595331014
1561493574
2085781622
2085782582
2085726215
2081531908
4244880132
4010981908
3864436244
3864494612
3860644372
3860611837
4011537134
3980010158
3967694766
3975940526
3971746030
4022102142
4003259406
4003389454
3999162446
2115989582
2099132378
2082352810
2085498542
1557011119
1419513767
1419511207
1419509909
345768069
282861697
14426241
64840081
117368193
116288897
1190021569
1181174224
1180965221
1180969319
1182543662
3334218542
3334419230
3333231390
3467391274
3467403562
1336467498
1340656746
1298696345
1294707080
1277933960
1143721352
69979592
71296328
88007944
356409640
389505320
393732409
393720073
896962825
829855609
542412713
542411689
550800057
559254169
555126409
825660041
825680523
807871163
807609003
1881286062
1885471918
1889995942
1906709655
4087506117
3533889541
3533894917
3538060565
3605108517
3332433701
3332661799
3601080871
3601142326
3601269734
3332702630
3328445606
3324250278
3609589894
3576097934
1411835022
1411817934
1424393039
1420067432
1420599912
1978443368
2003611176
1982638904
1714329624
1714325624
1717996649
1717863899
1717863114
1697022666
3827745482
3827749466
3827458666
3827328554
3974130986
3969936426
3986709530
3886211086
3869433932
4138914252
4273062868
4281385972
4281354212
4247871460
4162988340
2015504644
2019694854
2019691790
2019824958
1843666990
1840013358
1841086526
1773699117
1754833004
1754833368
1749591752
1746507400
1746572936
1813681800
1830473400
1864191657
1733643946
1867986362
2146903226
2146772154
2146705626
2146772186
2113348735
2113282157
1572216924
1437995340
1471562572
1472086861
1442662237
1568439661
1565814119
1297475879
1297538325
1196871429
1199032069
1181794816
1181803264
1182192400
1182192496
1182155249
1198932913
1198983121
1163344625
1171597875
1171536419
1171532579
1207184755
1202992338
1207373958
1207304322
259391618
255210642
219573394
202632338
74708210
82890866
81830194
98607394
91267874
124826146
122724898
106096438
122875142
131254534
133647126
117197606
108817215
108816159
109007135
108974111
251641887
268013787
478064859
339655883
339642779
339708603
343915178
888973994
1962714794
1954325178
2101134235
2134294939
2134303215
4252427053
4259832357
4243386917
4260160005
4251772429
4282186269
3191724333
3193804844
3201288428
3201289420
2932854988
2950615245
2896089213
2761880427
2764030571
2763834090
2759622634
2772232682
2789009898
2787044330
2787035770
2791229963
3873240587
3881624073
3776438857
3760087801
3760075453
3760067247
3760001711
3766228655
3774613935
3770419375
3820755103
1656039567
1656169615
1655988431
1928651534
1902502670
1881592582
1948450070
4100122662
3571771430
3567578150
3568234502
3618554118
3619340997
3602563716
3619209892
3598247844
2654528740
2654522452
2671664132
2642296071
3572903430
3572966950
2488612398
2623288046
2648445166
2677805246
2661208206
2661212302
2661262539
2663165049
2675490664
2537332328
2536347240
2519634648
2540606152
3077493400
3077411752
3040654760
2704579816
2704772456
3778451208
3778454024
3778535949
3778363934
3776381502
3776317038
3776387438
3790878830
3820230766
3803513918
4072013834
4069990409
1922376008
1404375896
1366577640
1346160872
1344063656
1344055433
1359259787
1929689226
1917291658
1917223050
1918283978
1985405050
1995891049
3623285033
4126581548
4109805100
4107707932
4241864244
3176437301
2673124887
3755779606
3621016358
3612803110
3579183206
3696361574
3696361670
3704758343
3704761685
1557145981
1547709389
1414622093
1179818383
1179880846
1190364558
1454408077
1454408156
1592820076
1584439596
1597039916
1563618604
3711056132
3576827205
3581281733
3587589015
3718169525
3718169313
3701265123
3432818274
3432820578
3445401954
3441354866
3476429890
3325428930
3329622466
3336978930
3349639523
3316970851
3316964641
3321145393
3295979521
3308628993
3342251075
3325481027
3593916738
3614622579
3585246051
3568404257
4107316001
3025185060
3020986677
3020990469
4145211399
4128404742
4134666566
3061187542
3061187302
2532643559
2509255397
3029399140
3029399060
3033575180
3025448716
3042289996
3075907020
3059125757
3059124141
3055010733
3071751069
3037147789
4095157231
4099351343
4107604271
4239659325
1555375375
1555508495
1560161551
209591567
209650959
138155279
137101582
137101582
141099391
159019391
200991230
184525278
250446302
250446239
250447259
242062779
243120121
243116025
236775161
219947641
203162153
205259561
75301161
82718761
78520345
212742153
229246025
267077064
258721240
233543581
145339325
145269679
145269758
162238942
195723646
174765166
170566702
170632222
170516494
170508559
188465471
140206381
139288877
139223341
139256173
139305341
139442125
147752925
198086557
180788639
1246072199
1511361670
1578468510
1583187134
1591726510
1587536815
1587438511
1587422125
3600753581
3606918077
3614708653
1463079853
1460982701
1430582191
1438971855
1472526286
1606544670
3745705006
3741509678
3742562622
3709230350
3714051854
3718166046
3701117503
2627371581
2560131804
2560145340
2574820780
2603125932
2653604013
3727297709
3728346295
3745385922
3695056322
3698795330
3698680594
4244480786
4240287506
4240285458
4290752259
4272860929
4268723968
4264396560
4264350688
4264321504
4265353632
4013761956
3967163820
3971353020
4239788492
2109152005
2125736453
2129930759
4266681879
2115212071
2119405606
4267020326
4294410294
4244014279
4235627717
4230465732
4230465764
3156688356
3158124516
3162253028
3166512868
3183417069
3216787183
3216821982
3200053198
2658971598
2654904286
3208550366
3208558078
3179132414
3162350846
3158176991
3175052749
3208607181
3191759357
3191763949
4269168621
4009107423
4160192462
4159793614
4124305615
4157851901
4157721820
3083990220
3077693516
3044274484
3043185444
3026272868
3034841717
3030726487
3030859766
3030850534
3034909670
3043261430
3044310998
2507241414
2507171142
3580945734
3581146390
3614692662
3622884386
4157662307
4157662416
4158057600
4151769232
4147628448
4114010032
4118208128
4160157312
4160221889
4151603747
4146357026
4146340642
4117050146
4108727090
4104549970
4104552387
4109794243
4101921217
4097296577
4230334673
4280810705
4267896835
4263755783
4263559174
4267753766
4141900590
4137756206
4137823022
4143070158
1926433678
1364265375
1346714015
1346844041
274076041
810942873
812908648
811921453
811900973
828678189
828670239
560959247
560897551
838769423
828164975
827068399
827064750
809906607
1883660719
1891787247
1958933807
1958775583
1975565071
1993390607
1448192527
1444064783
1444329230
1444331790
1444823150
2002470126
1972986990
4120401263
4153947471
4137247503
4141540127
4133151517
3613057341
1460195629
1426650413
1414068509
1414056204
1422575892
1422556532
1951016052
2080907476
2081956052
2082087388
2100974477
2147108557
2125122125
2125187676
2058926829
2058922733
2059202539
2057102794
2078032090
2063470778
1515856106
1532633322
3646562798
3654968294
3650736854
3650678470
1536748231
1608035287
1578736117
3726285013
3726310597
3592057989
3596222597
1440350645
1423525797
1423464101
1422710445
1884084156
1884070845
1950654957
1950786669
1946592285
1679080461
1679076381
1679075389
1679268925
1679203373
1679203365
1700187429
1735838997
1853324565
1853308197
1849103655
1781858342
1781858326
1781805110
1786585382
1810563686
682230470
682234574
682357454
950645453
951625676
972598516
2067311860
2117646548
2134563028
2000346004
1635437236
1639631532
1623051933
1627254415
1614767759
1614758550
1614140070
1618268582
3768906094
3768897838
3785367822
1633690382
1931489039
1931618607
1994533165
4137814061
4137814029
3602005005
1588671563
1590816843
1599336539
1439862874
3570565339
3570631931
3569399017
3561270509
3561270508
3561487772
3561411980
2487677837
2496098989
2513916655
2543141615
2528437991
2530535287
2530535223
2522150197
2518012213
2520224021
