1356602399
1356663815
1406075911
1380926837
1376769013
1376228245
1376227989
1912705973
1916834725
1925231015
1925227927
1656923279
1648536799
3791829119
3791886383
3875706925
3875711021
3843467565
3830890284
3763783228
3763847709
3760014141
3760022383
3760006119
3780969447
3813475310
3813491294
3787805194
3787740682
3771006475
3770739227
3762350619
3762354715
3762314763
3774946827
3775143451
3775139451
3779332971
3779401834
3813096555
3800513659
3801034875
2995728474
2458857546
2458722378
2190221386
2206991454
2173487742
2173492078
2173483878
2173548902
2177743206
2169485686
2170533974
2172631239
2172631245
2473572573
2473441436
3010443452
3010377916
2737748140
2737813692
3812210940
3812276460
3778738412
1664755948
1664755949
1664756189
595270495
570100319
567876157
563690045
614018621
616243775
632893982
749499086
749511310
766280334
1063894718
2137635518
2120858558
2129246655
4276730047
4276796591
4286231791
3212502527
3175012189
3044992639
3042377245
3084312092
3084242460
3084176220
3084173148
3084173148
2773989212
2773988732
2773848107
2784268394
2775875694
3849637998
3828675822
3828540606
3828546750
3828538782
3828535198
3832729487
3841155039
3857809118
3882886750
3882951198
3865125438
3890287214
3856667374
3030398702
3030394806
3031513014
2494760854
2494628743
3299873735
3304076039
3304136965
3303219469
3303220493
3303073085
3319838013
3353392409
3353581321
3353511689
3353576713
3622077945
3613691387
3609496827
4146436346
4129463802
3055730010
2787555098
2787550010
2787566394
2789138730
2793333034
2793267499
2799235369
2795032876
2795082044
2728112476
2744751452
3780955484
3758934092
3758381148
3758504044
1611016684
1611022316
1616322548
1624577680
1620909712
1619795600
1619794560
1888230016
1905007232
1367693952
1367800448
1434872448
1434872513
1301688258
1307909458
1298480226
1231301730
1227107554
1227042034
1231170706
1273109634
1269976450
1270058370
1267833282
1536211922
3683691106
3683691040
3683692064
4191272496
4245798448
4245790304
3172060896
3172031136
3171953568
3209705632
4275046561
4275243187
4258401491
3570539731
1423064131
1425222658
1420832002
1420832114
1420848610
1441987746
1449299074
1445102786
1579320514
1579387970
1579203618
1579198498
1580247074
1580263458
1584601138
1592924434
1588739895
1588725285
1588594213
1590699525
1312892679
1312909063
1296301382
1279499718
3435368342
3703803798
3703676566
3699490518
3703683830
2629942887
2630135399
3175395047
3171219111
3204736959
3037143487
3020305583
3025077421
3029271724
3029271740
3030332556
3034408076
3028084188
3028083996
3027019548
3035610908
3035536925
3036650046
3044907582
3078405694
2990538526
4064206606
4064167198
4063692142
3809816814
3780587630
3780579438
3772059758
1623463022
1623473246
1623210062
1623201998
566233311
566299129
566369256
566378476
558055420
557924316
591413196
587218252
591412508
591608636
566377004
566442556
557914652
557849100
557845020
541145660
549665340
562178604
562309645
563354125
565971463
627964279
627964279
627964279
627964279
627964279
627964279
627964279
627964279
627964279
627964279
627964279
627964279
627964279
627964279
627964279
627964279
627964279
627964279
627964279
627964279
627964279
627964279
627964279
627964279
627964279
627964279
627964279
627964279
627964279
627964279
627964279
627964279
627964279
627964279
627964279
627964279
627964279
627964279
627964279
627964279
627964279
627964279
627964279
627964279
627964279
627964279
627964279
627964279
627947895
896384375
896384503
896382391
896381367
896381367
896382391
879607229
879607229
879605180
879604156
879342012
1948955101
1953149401
1953146347
1953008106
1961729018
4100831994
4251630298
4247453390
4248561354
4253020875
4294853483
4278079851
4273610793
4277805081
4277806088
3730390104
3726146664
3743182056
4234143192
4241401801
4237268681
3968702171
3968644970
3968119914
3972314218
3976495210
4010049786
3875979482
3842397099
3842913005
3842380524
3829727980
3838051036
3968082444
3968082444
3968083740
1837182781
1870735675
1854216506
4005891082
4266462218
4266329162
4199153883
4215960057
4182499833
4173980569
4169770904
4169770969
4169711081
3096231403
3096294762
2839908734
2870444366
2870444382
2870380014
3910598126
3910659566
3910527214
3914853566
3948311758
1784037582
1783775566
1783779622
1792217383
1783705663
1783701519
1779442703
1778724159
1783054191
4203611887
4203677435
4186769035
4169688713
4169723529
4237078233
4237146857
4237147113
4238131051
4245980459
4245995835
4279713851
4246077819
4245041515
1829708779
1816474601
1820787417
1820790473
1770355273
2072308571
2055530763
2055530506
2051537931
974049291
975093771
974831675
974831659
974839849
977920361
726196729
675864969
675983752
1758369688
1754242988
1754054316
1753542316
1757804188
1745278860
1745016716
1745045437
1765889967
1874884523
1874876330
1874859994
1842364362
1833975562
1834057498
1701965370
1702098474
1710487322
1743900938
1743909130
1733423114
1662251070
1661059182
1627439598
1627701754
1611056603
1615255899
1623648553
1636281129
1636166521
1741156297
1728505737
1728529289
1728316315
1728316331
1699025835
1740714411
1736651181
1719869903
1719869903
1988173903
1993351231
1448091695
1447043119
1464279355
1149638427
3297119771
3298691595
3298741775
3300830986
3434915083
3454829899
3446441435
3480192411
3748038041
3744904633
3744966073
4281378217
4281378731
4212258475
4178761450
3914590186
3922781674
3989889370
3981500491
3977343051
3977408799
3981637423
3851616045
3885223725
3868247357
3864319245
3860128013
1712775437
1645633855
1662415151
1627652459
1623458155
1623458267
1623526729
1623669577
549923416
566700792
600189848
600254856
600053129
591659401
591397035
591401387
566325675
629371311
629404126
898818374
898752774
366011158
340878102
336802582
335688454
1422070582
1417740591
1418939693
1418909996
1553115404
1559406860
1584892236
1580566668
438602892
438600845
438653087
976433343
976363695
974267055
961700459
949219883
680567322
1754309147
1758506523
1758505531
1757453115
4169304383
4219635775
4207056907
3120725003
2651194378
2652242234
2518025006
2547384878
2509648430
2495423023
2495378029
2495398765
2512159052
2549908556
2455538764
2450963533
2449927245
2449942655
2449947759
2449874159
2533758699
2496014011
3565560459
3565625995
3565429386
3565965966
3297562270
3293350319
3557800367
1410247101
1409722765
1409739661
1996943245
1979885453
1711513989
1711382935
1711321575
1712369959
1716565287
1743894039
1642173975
1667339829
1663283749
1664266813
3811767085
3811643689
3811576873
3812034665
3824552107
3784706219
3783671194
1636115850
1686382474
1690571658
1682256795
1950819243
1950693295
1959072221
1954755021
1418928525
1418798493
1150363071
1284515231
1284515215
1280370127
1276228879
1278383375
1282573575
1147246391
1147183911
1147380279
1143116295
1159905807
1176684239
1181894287
1190284735
1186055359
1185969391
1324376175
1332764735
1282502687
1148371231
1156772399
83010095
83075615
1142994447
1294042639
1596100559
1580370335
2117310911
1982967742
1718658718
1718653598
1647346426
1647547130
1646437103
1646453359
1646453039
3793801261
3798220845
3806609453
3820818559
3791528143
3781042639
3781047999
3821997805
3788376813
3784182396
3768417800
3770478088
3770019080
3770080520
3786781961
3813991706
3810320426
1645015082
1661780074
1628291306
1611579626
1615777022
1624164447
1619982669
1619978973
567208605
575039117
638002061
1711604109
1711341999
570425775
583012783
1652569005
1719743133
1719673549
1720721997
1989157645
1456480569
1448095785
1427256616
1146232088
1154616073
1083312905
1085672201
1085734671
1152890126
3299115342
3450110174
3739582634
3731263658
3731337402
3728192730
4265059787
4197904347
2050125499
2033397419
3895535275
3899663019
3908055978
3901772202
3968913563
3985694921
4018184200
4018185240
4006849816
3864242968
3860052536
3859995176
3864186411
3797337642
3809956394
1661223290
1611416058
1611415786
1615806698
1624135790
1619949598
1619884366
567097806
575548879
571351439
571347085
575602877
583270828
579089324
595604396
595612317
595645069
599843725
859956109
860053981
822227292
805515544
339943736
1423127848
1421024553
1421068571
1421265163
1555470602
1555467018
1542753098
2062847962
2053936090
2049741211
2117062809
1848045737
1849057449
1846698153
1828807081
1824613017
1824581259
1824570042
1824561770
1821424170
1823517450
3990989066
4016233482
3995223050
3190165530
3191218238
3191222574
3203806510
2662741806
2662733614
3216458542
3199517486
2660532687
2526314639
2547287177
2253896872
2249701548
2249545868
2251622596
2251692148
2520137508
2541102628
2543198964
2509709957
2509726343
2224420486
2223804290
2219085238
3288647846
3556834470
3556896167
3558008767
4099074047
1976627199
1970319231
1697689399
1695661879
1695782167
1679003909
1611759877
1615953927
1641198647
1666366503
1645402391
1644361991
1644358455
1644362541
1656964909
1656832797
1656763209
1648370521
1648370283
1665598059
1623590635
1690699439
1686448063
1954817439
1954821515
1954813067
1418015883
1418145163
1418096009
1300751757
1283842525
1288741725
1282466588
1277256460
1277367820
1281494845
1281497901
1306667311
1323441455
1324483854
1324368334
1324401102
1322316222
1321247215
1321247087
1312858159
1292087327
1276285199
3427964173
3304230157
3300036381
3304099373
3562053357
3708849853
3742402189
4262692495
4262631103
4264731311
4264731310
3878921214
3878785886
3877868830
3877807406
3865226278
3873678374
3874530614
3864047879
3859915015
3791757621
3791712549
3791962405
3808772397
3813606765
3813608959
3788447231
3822009823
1674524122
1674393050
1670198746
1670198730
1670215114
3783620571
3766874075
3766808539
3771051977
1623568329
1615179593
1631960409
1631966265
1661390905
1661399083
1661923371
1661948011
1628263531
1631934827
1640442351
1640438271
1669793230
1674383822
1665999759
1661805215
1632576169
1640977065
1636648680
1619840600
1619851784
1619847688
1615638281
1611509003
1628347675
1661898027
3792145771
3863447035
3863380441
3871850841
1699008825
1812230441
1812214137
1813455337
1813390761
1825967531
1821772203
1804996491
1788224911
1792352653
2052334031
2069111102
2027184942
2023056190
2092262174
2092425742
2096551434
2111819354
2120011514
2120014522
2120219291
2119621531
2117455289
4130652600
4134846872
4134588856
2001854888
1976755176
4124238188
4109562125
4108505095
3856913430
3856710694
3890260262
3866143014
3861946222
3994126287
3993084367
1862509007
1828885567
1862454319
1846790191
1846638639
1850828847
1850960958
1850899470
1851151374
1859568927
3873359231
3887777759
3837510349
3837379277
4107821773
4095238733
4095287901
4095554285
3021749997
3034331887
3029601263
3028552127
2508458126
2524986511
2260739279
2383618383
2383557151
2389848623
2394055213
2410734373
2559615285
2559612167
3637808455
3625224279
3642001639
3674708199
1510911175
1510909127
2047779015
2051911895
1808314853
1808376485
1808377509
1808383669
1850453637
1847262087
1847250311
1847545007
1847346415
1851539567
1862074411
1862078491
1861033995
1844338953
1827563017
1828605469
1828702749
1824508447
1824382511
1824325167
1828517695
1818031374
1814033422
1813931279
1812948255
1829581615
1833702253
1841824621
1753826159
680096639
684254670
684255694
684239066
701085930
713727210
714768587
712691913
725274825
1765753049
1748963819
1748969067
1753169451
1824344618
1823791738
3971280458
4021610186
4004828875
4009019019
4000695995
3996643241
3996214697
3996136617
3996127417
4011864264
3982716984
3987922984
3987927336
3987988744
3971343116
1819599372
2083811861
2014589479
2013541926
2013533542
2026835046
1754156134
3918449686
4003372038
4003376134
4269714695
4265512711
4265250391
4263231215
4263045038
4261962158
4262207658
3998023850
3872260270
3867541934
3884335599
3835678991
3837784329
3966690569
3962547464
3962415912
3961842280
3912563432
1765018552
1746145161
1745879689
1746088603
1750213295
1756504814
1823675246
1823683342
1840459022
1068574990
921708814
913324063
913389629
913381433
863310889
836173865
818217273
814482265
814498553
546079471
546082543
545557359
558143799
554014775
587570199
588231703
588165175
588165223
588157159
587890863
558596543
558601117
541700765
541831865
541832889
541833881
1682553481
1682815641
1691265465
1688119551
1708567759
1735828687
1714925775
1714794703
1712754927
1712779503
1714942183
1718940901
1735714295
1735912951
1744231783
1744293687
1710083895
1710026007
1701635351
1696916759
1697049911
1734790503
1744260471
1744117239
1744117079
1733568791
659892503
660027703
645859895
645859895
654261815
649928213
648884757
649012757
648820229
665591301
665586183
627964279
627964279
627964279
627964279
627964279
627964279
627964279
627964279
627964279
627964279
627964279
627964279
627964279
627964279
627964279
627964279
627947895
560838007
829273590
560837046
544059838
544059838
544061886
544061886
544061630
544061695
590199039
1647164669
1646179533
1645129933
1645125869
1645117679
3809407407
3813045674
3846667242
3846519546
3846515450
3855035134
3854974670
3834984142
3835458255
4103885775
4124856813
4124964005
4158579924
4133385412
4133376452
4129243588
4145886197
4145816421
4116521837
4099749741
4107108221
4107107295
4107107279
4107001807
4107916767
1976070622
1977114958
1566335326
3713929583
3713929519
3714004269
3705498941
3722407229
3721912157
3721910093
3722299213
3724396367
3720202110
3720214382
3757892902
3757860134
3598458918
3594326070
3611230262
3614834727
3614847253
3581288708
3581288260
3579271884
3621247628
3353320076
3604777612
3604254364
3604256428
3604263852
4157903276
3074732268
3070730476
3070665196
3037111237
3037897287
3037889094
3071722022
3071561318
2807311214
2792630638
2792630510
2801670394
3875409118
4072538319
4076802253
4083101901
1902063692
1897865484
1885299996
1885302588
1356819005
1356691981
1356680975
1348289807
1415529806
1423917262
1423853022
1419728302
1419636654
1419767471
3584013981
3620058757
3594822532
3590644612
3323257781
3323421605
3591774949
3614839527
3522560630
3501654902
3501530422
3500423487
3500439614
3504666686
3513055550
3547703054
3547833102
3528753951
3527705455
3545006573
4081877485
4077749740
4077821284
4077825124
4082017316
4082082069
4090491205
4048544071
4115485671
4098316262
4099301350
3025559542
3042336710
4124974534
4124906950
3587973622
3587973607
3571196391
3571003893
3571061189
3562673605
3696906181
3698949093
3724339687
3590121975
3621645766
3605001542
3596468998
3596469046
3598709542
3598705446
3607077157
3602756900
3065812004
3067911204
3004992884
3004665156
2970521412
4044265284
4044273236
3775824484
2703213413
2736640871
2740746087
2740742118
2707175398
2975668182
3026061254
3026065350
3034454007
3032292711
3032227173
3032235349
2512153669
2510056645
2514281669
2513891719
2507555203
2507620787
2507424163
2507436515
2507628899
2499272979
2499077379
2499603715
2499590451
2491197473
2487204129
3611200785
3592324417
4129211329
4129276867
4129243603
4129243619
4129120610
4150096930
4158608402
4158614530
4158581826
4118735938
4101950914
4110388706
4108160482
4103910882
4108104146
4099731906
4116701635
4145963217
4146016484
4152111588
4118557156
4110161900
4110360316
4122876637
4122942157
4127025871
4160547535
4143775435
4277966299
4277962235
3204223211
3195855083
3195920747
4269794159
4267631151
4158575151
4158641709
4141668133
4141638693
4152123429
4145901629
4145942541
1964900365
1947074637
1951269247
1959597803
1959534314
1955363546
1955461770
1956502155
4126985099
3590114699
3615281611
3611288011
3615383899
3615363899
3590197806
3583849262
3567002414
3566478638
3570691374
3570920734
3570833743
3587607503
3612707789
3607403997
3590628829
4127568269
4127691149
4144423356
4110868908
4115095980
4098172324
4098178468
4098178468
4115082645
4148574150
4157998918
4141156118
3537121590
3528732982
3529380118
3537768710
3552470790
3552437821
3518819884
3516706348
4049374780
4045180732
4078404924
4078351388
4078347292
3808797773
3808724173
3808789653
3775301013
3775305125
3779261860
3846432228
3880807909
3880807925
3864096215
2790419927
2790479863
2790609623
2809598679
2782335703
2765554269
2765951613
3839632095
3841729279
4110165742
4110165422
4110163118
4108127422
4108209358
4108315855
4107660303
4099191823
4118066189
4151816205
4151742477
4134978589
4135044397
4149606189
4149604909
4116173357
3042951791
3051353727
3053315903
2784803903
3053227071
3053230111
3044912143
3040799749
3879654421
3862315061
3862380903
3799450087
3808367079
3806204887
3823048390
3788316374
4039916278
4039912422
4039912294
4056694070
4091297030
4091360518
4073672966
1925542262
1917084134
1917088238
1925501438
1925562879
1942472189
1908915708
4039552460
4031162692
4026972484
4027030340
4026900324
4081383013
4065129079
4065293143
4065227222
4066275830
4066267554
4083093667
4057797043
4040496597
4036237253
4036247068
1888758332
1892952637
1909795389
1901345597
1901337903
1901335599
1901334587
1901334539
553914379
553922571
537134459
558302703
566693870
562503663
595868639
595868111
566507853
826619933
826751293
826685756
818297628
549860893
550448653
550252045
559689517
561793325
627964279
627964279
627964279
627964279
627964279
627964279
627964279
627964279
627964279
627964279
627964279
627964279
627964279
627964279
627964279
627964279
627964279
627964279
627964279
627964279
627964279
627964279
627964279
627964279
560855415
627947895
627947959
896383414
896384438
393065918
1466806710
1466282934
1902490294
1894101750
4037391989
4037392949
4037523989
2963716389
2967906597
2972092709
3073805571
3006696707
2738267395
2719331619
2749138721
2748090149
2790034997
2786057733
2785996293
2803788357
2937994849
2942045921
2952529893
2780561893
2779517429
2762936501
3031249077
3030720689
3030869169
3030842519
3030833351
3051723222
3056908630
3056908566
2786499846
2786504455
2791221055
2731312941
2748091949
2706169373
2685331021
2686379599
2753459959
2757560230
2759591334
2767979694
2783730862
2817481982
2801786070
2801794119
2799627269
2791288069
2790113036
2802638348
2769153548
2752409117
2753441309
2757627437
2767458087
3031698727
3047431470
3047437374
2510631998
2510565502
2426671350
2426687734
2426720407
2426713223
2430909573
2489629061
2535766413
2519046621
3057555805
3057565005
2787028765
2787028797
2791153197
2806816301
2773270077
2753555997
2753490461
2753459837
2753300205
2687763373
2708734895
2707755455
2699497918
2963746974
2963615934
2963551418
2427795706
2427926554
2157258762
2173970443
2195482635
2195582219
2195706123
2195226891
2262335851
2279199723
2279203753
2247680941
2239297453
2238291877
2238685079
2171460503
2170866591
2166873023
2166811551
2267212703
2267233231
3340839758
3609275662
3613601086
3345167406
3345161262
3311606846
3319807054
3315612103
3315617157
3315649940
3316692892
3316687804
3316691884
3319891693
2170654575
2166467375
2166597935
2166602046
2166609950
2200107278
2204297487
2242045711
2242040597
2225259317
2225324837
2225133349
2229325344
2220935712
2237975089
2267466257
2267466241
2254888449
2254960497
2263146979
2263151527
2264191927
2255844246
2188666806
2184461734
2201225382
2155284646
2155223174
2162567375
2162567183
2154047757
2154101533
2179448605
2212934924
2259132724
2259460389
2259456293
2414379821
2406007535
2368210607
2351632062
2351569914
2351573482
2355767530
2359961850
2377668810
2411265226
2411242634
2394464394
2398658987
2390274475
2401797034
2401878746
2368356874
2368353850
2368352042
2372544810
2380802090
2376607770
2381850634
2314803211
2314931209
2314977545
2314846473
2314785560
2314777384
2314778152
2314845800
2381946616
2407069401
2271761081
2254980009
2188050859
2189037739
2197433515
2189240475
2189260939
2201933963
2201917835
2168372683
2167187211
2154603273
2162991625
2158862905
2162665001
2171076393
2171067689
2170996141
2180433325
2211898813
2213602749
2205214109
2201010615
2201059559
2167832631
2166792199
2154209543
2162615567
2162617119
2162616607
2154223631
2166753303
2167736535
2201302215
2167804295
2163606151
2159411958
2159477478
2159312614
2163534822
2172430823
2201790947
2185148869
2189358981
2189329029
2197390037
2197332709
2197332581
2448991085
2431169837
2426973245
2447947839
2439546943
2468890638
2200573966
2200840206
2200840222
2272136494
2242250542
2242187821
2226397724
2359566860
2359321100
2359349789
2355135021
2355154735
2351160107
2285005099
2282907963
2299685131
2337465609
2329075977
2324857160
2392097241
2398392745
2390015403
2403130795
2402667946
2402733466
2406899082
2415291786
2415881626
2415685034
2399003115
2390668235
2406384463
2372764509
2355950445
2355946349
2355487277
2355625599
2352478847
2352245743
2352036831
2402421071
2385643855
2394309965
2394169853
2394186207
2394218971
2398392682
2406778218
2239597930
2239670762
2248124622
2270997646
2254222731
2250240395
2250121611
2185114027
2201356207
2205552623
2179337007
2175077135
2175544079
2175545103
2179737374
2179864366
2179858726
2162819366
2162819366
2162758118
2162692519
2154321316
2171129220
2238237060
2272983436
2272963020
2273226060
2273243420
2281541932
2247397677
2247402299
2226627354
2231213866
2222754158
2235337134
2268907694
2251999374
2184864910
2189042063
3271168397
3282703261
3282645932
3253479340
2154573804
2155621372
2151509832
2151477000
2168239896
2172426041
2210170669
2210170671
2176620334
2176683310
2260045102
2264108327
2389871911
2384637207
2384635143
2385633539
2318426375
2316312839
2287101223
2295488375
2291288647
2291550919
2291944135
2363288319
2363288429
2363275565
2415693101
2398930748
2390517532
2386306620
2386306604
2401189164
2405309476
2279476261
2274167909
2241596503
2241594582
2229130454
2229195990
2231342486
2231145910
2222765502
2222766014
2239676062
2239671950
2235476618
2235546522
2233448890
2535307771
2535439627
2535429899
2535319307
2266849803
2237538879
2222597935
2222595373
2222722093
2365327405
2231306293
2275350532
2257005828
2256940292
2256954628
2256659749
2261828901
2262091109
2272577517
2239090669
2222456759
2222317495
2222250930
2222250930
2356534194
2356664754
2356607378
2373102994
2406720898
2389878146
2389881218
2389946771
2406725009
2373036177
2373052609
2368841921
2368977363
2299697655
3406995270
3406997318
3679626054
3666911574
3666911271
3662722085
3658529893
3675635044
2602475492
3107897060
4261328608
4261402304
4244435649
4236042945
4248696817
4248756199
4114504166
4112927174
4146481350
4146223318
4158999783
2008286423
1991520580
1989419612
1993810532
1985360420
2002063909
4151592229
4118051941
3707037799
3707168775
3707169031
3707161095
3723972097
3723767345
3757319777
3757324003
3723498471
3723493797
3721396389
3754959031
3754959031
1329603799
1338047495
1339074574
1301329934
1605871886
1475263806
1449821246
1445630045
1446678733
1446744268
1578688652
1595499676
1564096444
1551507181
1551765103
1551697454
1551119934
1551120142
1551640334
1576926494
1572716310
1570543382
1570550022
1268555798
1272750118
1262387254
1262387206
1529774087
1563329549
1564444972
2088610604
2096867884
2109311580
2113440460
2133390984
2133353097
4282122906
4282253994
4248175530
4261290926
4257160622
4254931350
4238092423
3701221509
3700190404
3705466948
3705589844
2364985700
3447124576
3479425568
3476247088
3463664195
3738228290
3755012066
3755059686
3721562342
4283533558
4283672774
4266829966
4262636941
4262633933
4262703565
4262494719
4262559855
4262711342
3998278694
4023417190
1878010310
1743924102
1978805125
1978801588
1970406804
4101177732
4096917892
4095939524
4099958388
4108381732
4104186421
4104190517
3030448935
2493573927
2544107270
2527250182
2531410742
2532508646
2523988966
2538668455
2647736743
2630964671
2633006301
3564136909
3559975373
3576818125
3610405327
1462910413
1462834573
1467027645
1467093164
1466052860
1432486092
1432568908
1432481036
1466034972
1474554396
1474543132
1470207580
1470141021
1453380223
1387319918
1391489390
1382051886
1394631726
1361173550
1344464910
1881335822
807598094
811781198
828605646
863011070
930144506
923857098
386941018
386924842
391266090
364277290
498490942
1555324431
1555328783
1558471951
1550636303
1550747407
3706619631
3685648102
3668935366
3672933062
3673981910
3732710374
2656871910
2656871919
2656887279
2640302559
2618704349
2618687965
2624979932
3027701741
3035958253
4126440428
4159990268
4143279565
4067812749
4067803277
1916158349
1932939708
1937122732
1903633836
1903636461
1903506925
1903441375
1886664654
1886664590
819267502
815073262
815011822
831796590
1905550686
1442112779
905225481
904379676
1952890636
1969663837
1969598445
1736220013
1736215917
1736412461
3878653245
3878530365
3878661437
3878595887
3878593839
3878592815
3845050671
3829383471
3829285167
3829338475
3828297195
3961985515
3966110203
3991357947
4020750811
4005026059
4004883723
4009009417
4000686345
3996627753
3879183144
3845644840
3845649964
3827814188
3781511981
3781445933
3789883709
3790028061
3791073053
3782684445
3782569757
3780398973
3788820349
3785148797
3817658717
3817666893
3888970061
3880581453
3876453711
4010702703
3976598383
3913683950
3906148334
3906027502
3901831670
3900778998
1753295318
1770072518
1803757767
1803709511
1787028551
1786819655
1786815573
1791011925
1799404663
3913334135
3909328230
3892510695
3892500455
3909277607
4014131111
4269983653
4270052757
4269866372
4139842949
4127258753
4127411635
4144385458
4110835074
4099291010
4099282818
4099211926
4101309334
1962361798
4104639959
4104514869
4104448308
4108626228
4117014820
4247037732
3206980148
3208548876
2940178957
2942099999
2908546602
2916969066
2916682730
2782398954
2782464154
2818126986
3086495882
3086483658
3084714234
2975740010
2438931754
2446142266
2446076682
2173450762
2206993162
2190282506
2191398170
2191405098
2191351854
2193408046
2263663727
2272036095
2406323711
2372768247
2355597799
2355466679
2355474869
2355475860
2351283348
2351021460
2669853588
2654124692
2654136964
2652039812
2668849796
2635165332
2622582452
3570411173
4107282343
4107278246
4098884006
3558019506
3581026514
3614646482
3621871858
3621908562
3588355139
3589651461
3589581060
3723798820
3715415844
3715477300
3749619460
3716085509
3714995479
3714995554
3699266914
3699316066
3696625010
1414923586
1410794818
1427396035
1431629283
1465181665
1473439121
1473435521
1456719747
1456588435
1448396451
1448396771
1448460771
1450701106
1467473922
1432740883
1415900211
1411672113
1411741745
1344674897
1344669121
1349912513
1375093377
1408713425
1391789779
1390702291
1390735219
1407511843
1374989603
1374991651
1409122561
1391890689
1391890705
3531046963
3530982451
3526804499
3526814787
3593891282
3609603554
3580233699
2426865399
2426738423
2427201239
2427203191
2494328359
2491181607
2485934887
2502807351
2549022471
2460935431
2461463815
2461319653
2463416741
2530525605
2547302821
2538992053
2500882853
3574722983
3560175031
3560332754
3560337218
1412916482
1416978691
1426022659
1424974101
1433297669
1433023236
1428823557
1428904727
1432967462
1442371878
1440274542
1440271566
1440334990
1469759886
1469743518
3619324343
3585847716
3724059040
3698893216
3694699424
4232034016
4248753904
4281759313
2116424259
2116493827
2120557331
2137333793
1575227424
1571029028
1555373084
1559504908
1559619596
1568139525
1308007175
1306957574
1173127942
1475117918
3614016510
3606753774
3607012838
4143885670
4139751766
4072443222
3000809319
3000803948
2736628332
2703069932
2686239468
2685190892
2685162220
2689405932
3771533292
3771469309
3788315086
3813612638
3810466846
3814665242
3825148938
3818877962
1671416858
1670241562
1942807882
1934419918
1913512910
1914651598
1934492639
1942882285
1942886380
1909401068
1909269868
1909208300
1900286204
1900368008
1900302729
860668809
860668555
860341915
826781610
1933946282
1942333674
1925691515
1925621835
1926671627
4074153739
4065755917
4065706509
4149494589
4101382511
4109771119
4109771118
4243983726
4241952254
4233367374
3696508746
1565273866
1598874906
1608312091
2145166603
2111681801
2111681864
4242515784
4234131420
4233008892
4233008876
4228876012
4244997101
4278686047
3206013270
3189731558
3207926246
3212252646
4294320102
4294318838
4223077086
4222884702
4222889742
3685754126
3689947406
2612011038
2341478446
2341479466
2341485594
2340437258
2306891018
2306989339
2307102009
2307102008
2306966840
2307229048
2311428088
2379583404
2379517868
2371194540
2371327660
2239674028
2503915181
2503909039
2503909038
2537480110
2537549742
2520214974
2520137102
2520132998
3744869766
4147588566
1970613543
1962229047
1961309508
1956847684
883957876
351285484
340799724
67121368
67166216
67151896
71342396
89176383
108111903
41129999
36866063
304513031
304513031
305037319
372150279
305041507
305107169
325950945
829267361
812498337
812494259
812494259
812497299
812489171
1617791447
1617811831
1618865959
1616703271
3764186663
3771530791
3771686519
3771293303
3771211511
3771211509
3762831093
3779734501
3788188005
3787995509
4052225877
4052295495
4052297542
4056426310
1900566358
1900594550
1900594406
1908987110
1908976855
1908966597
1615563972
1611316692
1611312580
1611182020
1627951060
1661636597
1661650885
1917769671
1917806023
4090295798
4090297830
4119133670
4119132646
4119125446
4157005255
4156745669
4290962165
4282639093
4282442452
4248958913
4249090003
4232148470
4232082918
4232082918
4232132070
4232189398
4257617350
4291237207
4287903029
2144613684
2077497148
2069104412
2064986892
2035688204
2036228412
2044687661
2026659193
2018274523
2018274507
2035051675
1498315914
1498314126
1506727374
1502529022
1502606335
1502607319
1501869911
1539618679
1514518311
1514583415
1577506119
1581695047
1581695047
1581760743
1523053799
1540351213
2103432701
3697137117
3692943228
3692887868
3692883484
3692849668
3697240596
3705560692
3701278324
2644324949
2677945046
2677408470
2660565990
2410939878
