3435913965
3704137389
3704137645
3720916909
3754474941
3754468767
3595154847
3595155359
3590968767
3607877039
3607774639
4077536703
4045288863
4049478813
4057945245
4057814429
3504140765
3506233660
3504923452
3521700636
3517507356
3555258173
3555326765
3547069293
3542834151
3509210518
3509474694
3492692359
3496952727
4033205158
4058309607
4058310647
4058310515
4091934515
4066759987
4066759987
4066768151
4066899223
2993124663
2456124727
2539994407
2489785719
2489720151
2498104775
2495024599
2494842806
2494849958
3585369078
3622887934
3622957438
4159803695
4116813103
4112620845
3844323613
3877812493
3878136077
3877940493
3877995788
3878584604
3844768252
3844768700
3829053372
3829067692
3828087724
3832334764
3849113004
3849146844
3849154764
3848626684
3831767404
3831837676
3840346092
3840090109
2766215934
2778733310
2812296158
2812620766
2812624846
4003796294
4272174086
4272174086
4272296966
4276495414
3731227686
3731227671
3731231763
1584796931
1584796483
1574392771
1557624514
1489368786
1489360594
1482678258
1558167378
1507835219
1507704083
1541205041
1532814369
1516037156
1511912548
1512035413
1511933269
1532384599
1532385271
1507284726
1507284598
1507155830
1507196694
1507196167
1507196183
1540750645
1532294501
1531245669
1527046613
1493660037
1497782151
1481000595
1489389234
1557612210
1557644978
1558042354
1574762227
1608312661
1610474773
1584784436
1584718884
1580528676
1513485348
456619012
993399813
959843333
964038463
955190831
955190847
950867487
950874637
951923293
949777021
952919789
952952813
952430575
1497690079
1497890782
1497890270
3645242847
3653686623
3385251199
2307282239
2307224887
2340709175
2340811559
2408044391
2407909223
2408875367
2279378405
2541587957
2541587925
2638192069
3179191751
3179194309
3178670069
2905974759
2889136119
2905970679
2903695335
2903703525
2903732197
4010894837
4015203653
4023591237
3990040901
3973255508
3973263732
4241568116
4241569140
4237499733
4237499729
3566681409
1419130689
1555502851
1286935363
1304183362
1273874258
1265489234
1248845142
1248844118
1517279574
1516633462
1516630326
1512960342
440267102
438165886
441246191
994895343
2068639213
1531768317
1531968991
1498414559
3645830606
3645822286
3654178142
2307872054
2307732790
2307663670
2341418790
2408453926
2408400742
2275198823
2214381559
2214383605
2204930037
2205130197
2172558788
2441067972
3510482164
3509367908
3510473764
4047426612
1897856085
1896803669
1661791557
588041541
592302023
592404439
592412663
592404439
558268375
566683511
566749047
566555477
566546773
541380949
541438069
541439205
1615183077
1615829493
1632541685
1674484439
1657707207
1657716679
1649391559
1711780311
1728557527
1728508151
1829957863
1829990631
1829844135
1867525543
1867528678
3956349926
3956358998
4019400454
3985843974
3180537606
3180541702
2642482966
2642423319
2642439701
2642538005
2508299892
2541784676
2547289844
2440400884
2438970836
2971512304
2971442417
2971501793
2971571427
3776898147
3778999394
3778966578
3812521046
1662923846
1662985686
1629304758
1708983975
1686963895
1687093893
1686450823
1824798407
1824815047
1826455039
1839196542
1839196510
2073946446
2061362510
2052976719
2048741407
2065518623
2031972381
2015162669
2019421997
1759504941
1754176125
1753648079
1770424781
1791341773
1778683981
1779470437
1779544101
1779609637
3927101479
3994207527
4015244662
3981530470
3981522934
2891134678
2899515094
3163752055
3163627111
3180338791
3180347255
3079679861
2542812533
2542882165
2475773909
2444359365
2444355269
2448488151
2440349415
2436122599
2435138919
3005641767
4079379511
4080493591
4080362501
1930908741
1930379717
1929888135
1929888135
893809038
877027790
877082575
1011228495
1019624223
1019620159
1016540031
496856911
534537551
517759439
1516229087
1516163455
1582289215
1582133551
1565287213
1556898605
1556571709
1283851789
1283852045
1283917069
1153713533
1145337069
1145365757
1163383948
1196852364
1182172557
3337521053
3332868031
3336943598
3740313070
3731924462
3732205934
3740791278
3740688878
3740688895
3740738487
3681883047
1495012327
1478259687
1478289383
2015227767
2015144774
2103290118
2136914246
1851689927
1851760597
1851635645
1847374780
1846842300
1846907308
1863831981
1830024685
1832089061
1685216615
1693601047
3835907351
3835778327
4126221575
4117831942
4151521558
3086094646
3081900326
2543257382
2476017446
2442399271
2442939959
2442972693
2447236677
2474398277
2201768773
2168336845
2168336845
2155745533
2153583725
2153520237
2153519213
3223132255
3223206991
3229492551
3317658054
3350184902
3484386262
3483669478
3479475558
3408182630
3392650614
3396773318
3673597895
3673662151
3662992117
3658793701
3658248933
3658277861
2047731173
2052056293
2060430517
2056240261
2060429445
2068818052
2098118036
1812893076
1812366481
1813348595
1813033187
1815208034
1819529506
1818412850
1835163138
1868717570
4016250386
3999350578
4268768562
4277157154
4293999922
4289935139
4256241251
4256175731
2106603473
1569729985
1573928401
1565531601
1560501633
1325626817
251881409
251881281
234976049
255882017
122737955
391165219
391363635
391288835
490899458
1598195714
1598208002
1599253523
2136122387
2102628371
2111016979
2111033553
2041729441
2045970341
2037384869
2033192613
2031095463
4162006726
4165283334
3632541190
3633589766
3633606150
3365203719
3449093893
2408963349
2391196949
2391196949
2391168375
2391623655
2412529639
2278311334
2244789670
2227998118
2229112246
2220722578
2239602131
2503974339
2540090819
2540085697
2674303361
2641470433
3174078433
3157298785
3157364321
3157457443
2905796131
2939416163
2926798803
4008858049
4008853953
4294049920
4115857552
4098961616
4098892144
4098958624
1416828192
1420899620
1420895508
1421028613
1420967175
1168297222
1172557122
1332202946
1315278278
1315214486
1592112310
1592123559
1584652711
1580421541
1513309173
1527993061
1494508133
1481925157
2027185701
1481928213
1481993989
3629579031
3654744375
3687210263
2391164166
2391691526
2391691590
2391626214
2391568870
2391561638
2274151846
2278328743
2279377847
2271054743
2539625925
2541665733
2541663557
2507579717
3026624853
3156649973
3156588513
3156254433
3157315297
2889015267
2754766819
2771592674
2817728978
2800890306
4138873027
4155650243
4119998785
4107350384
3570415396
3494911780
3495168804
1356274437
1358309701
1375108551
1408746694
1475708102
1450541254
1583846598
1583781334
1583785462
1592174582
1592256247
1516599031
2066027253
2066023141
2033521637
2037658469
2027168037
2022974775
2039753991
1502882053
1540712709
3469080628
3469204500
3465446660
2391708932
2391781716
2391651300
2408362981
2408355813
2274199461
2277885863
2278016999
2270381046
2266169686
2234716470
2220040246
2362515511
2362516791
2354396467
3428257553
3426619137
3426619203
3430825923
1283284931
1282166658
1282269074
1299183538
1294858162
1328407986
238417298
238548354
238286226
238286226
237236722
241295731
242278691
510714147
510714147
525394211
525398323
490787123
474009907
406969635
407099683
407034131
407042819
408058627
424827651
458577427
441733927
449073959
449077735
449176055
449177015
1522922918
1539636646
1506065830
3649420710
3649418686
3716519862
3716264406
3749818646
2508296486
2508296487
2496714023
2490621217
2486328177
2486586272
2486619056
2508114832
3084291968
4141004672
4134777728
3862008720
3861943136
3861947168
3878724897
3878726695
3844123686
3844322342
3844272166
3844231206
3827433510
3827433718
3828548023
1685259701
1693523893
1689328277
1689467525
1957834373
1974675077
1974544069
1471160901
1474376197
1474376197
1206063877
1172526869
1173447988
1173365812
1156654100
1156789252
1156727829
1156793653
1157088551
1155908918
1172686594
1298499394
1332578258
1261409746
1244648914
1249891826
1249900018
1518301554
1517777687
1517646615
437613431
437543783
440689511
440723438
1002743262
1002814926
960806350
1766112735
1749532159
1749466623
1766233583
1766299133
1795207645
1795204045
1778627573
3926037477
3993163749
4009904101
2936213479
2907770343
2916158838
2782076246
3050444038
3046257926
3048415494
2511676214
2511614246
2243170599
2243167509
2275151109
2409417029
2398918981
3397164117
3392967797
3393098949
1245376709
1530556621
404370509
404372573
404438381
941174573
945301033
952640041
948445817
948445771
411578959
411579983
411844223
147602038
147602262
147799878
147210054
155587910
189158726
189158738
172447074
172324195
172848499
172850515
172785015
172784999
172784999
172817767
441253239
441251191
441251183
441253231
458030447
424476015
424541567
424146303
424146399
407369175
407369183
407240063
407239038
407239038
415627646
415758686
197589327
180813135
180804943
449287503
449156479
449099247
440710638
457486766
457552318
424653718
458208150
466465718
466468791
466205109
466352573
508180668
508180732
1595545629
1427768588
1165624076
1098711868
1107042856
3237749272
3233555992
3232500520
3232549352
3232626872
2158950569
2160000235
2227167338
2231353434
2230776186
2230575402
2230712110
2228608870
2228345846
2220088274
2371002179
2366805569
2367062593
2283180608
2283119184
2283251441
3357451969
3357445825
3359280771
3447359107
3480852402
3476599202
3728253346
3726156706
3726156471
2652480183
3189503679
3191561983
2653624878
2653493546
2657618986
2666005562
2666008602
2678730762
2645192715
2628403225
2628501992
2629362664
2633556696
2623038088
2371629704
2400518808
2668959720
2681480425
2679141609
2545009899
2544223306
2548350986
2535755786
2535830810
2535892266
2540088362
2548481338
2540684570
2540553562
2537296842
2503946970
2235446010
2239628026
2227045242
2227111226
2226928938
2226924586
2226924602
2226404363
2226459979
2243220875
2276758937
2259977640
3470890408
3458315688
3324096936
3324088728
3325137288
1177727884
1177720748
1445062636
1465970677
1474494327
1432548726
1432539510
1432523094
1432458518
1432403222
1440804118
1440807254
1424226679
1415731703
1440898551
1440896503
1440875989
1432552405
1432421335
1432385399
1432381303
1432383351
1432383351
1432387447
1432453079
1432518613
1466064861
1465998813
1474362877
1474362749
1457583485
1457632637
1466152317
1466079101
1466144573
1466013503
1465958207
3579952415
3580083487
3580034335
3580026174
3579989374
3580038526
3621862902
3622125030
3622125031
3588560375
3580302805
3714201029
1550005701
1549875029
1549825813
1566633783
1575091991
1575091990
1575345974
3722821430
3715085623
3715077431
3714876695
3715949623
3715951927
3657428277
3657366821
3657359141
3657355045
3690979109
3674180901
3671950375
3663234071
3663242246
3659064386
3661161666
3677973650
3711582114
3715767970
3707375250
2629503618
2628337282
2628286018
2632770306
2649547522
2628035350
2628035111
2628100645
2628568868
2355938596
2351744052
2351645812
2636803188
2653580356
3727321412
3728624580
3732884468
3598674580
3606982276
1455363717
1472021127
1606271663
3757888430
4252279726
4231307622
4231307558
4246774550
4246774031
3877675279
3861945359
3862005817
4010977324
3981637924
3973241381
2899725025
3168143025
3162309505
3157000323
3156476083
4247205027
4284885123
4276500867
2124810883
2125798035
2125752035
2058675043
4205879329
4268797989
4263542804
4263554052
4264601604
2117199876
2131909604
2094156452
2088914597
3967944327
3833677446
3838895782
3826296750
2752552046
2771684415
3849624589
3878989069
3879005452
4147457388
4281740780
4285930925
4288023983
4254207407
4256302518
4256236998
3718258950
3722502406
3714097430
3709904694
3710369558
3710360326
3710232839
3748636677
3732842500
3665479684
3740943360
3740925953
3740926321
3471442403
2372477923
2351440865
2351566529
2351827584
2230193792
2226012672
3299820336
3299701536
3299631969
3299631587
3295420902
3559672302
3593456046
3593390526
1445382542
1378273742
1378145742
1378148554
304406746
52781226
1143353514
1147539886
1155927998
1151732470
3299027686
3298847270
3449874962
3466635010
3467084546
2393342738
2398073379
2398069281
2666439184
2641272384
2636680928
2619902628
3157831332
3162044068
3036607148
3036566157
3028035215
3023316911
3040087214
3040283822
3044412606
4159843470
4155647182
1974871246
1974871246
1442264286
1416969311
1417099293
3560396821
3564402708
3563350276
3295149828
3321807364
3485385220
3468608004
2394538529
2394482211
2325277218
2329463586
2323171618
2323237986
2390409410
2406146498
2368402050
3425354370
3425354370
3425429139
3429428641
3429428385
3429694624
3716152448
3747521668
3608519812
1460970660
3608454628
4279676796
4113993228
4118186524
4151347759
3077615150
3060836142
3193037086
3193290798
3193389102
3202269294
3216949734
3216917221
3181987460
3169353348
3157802624
3157801904
3157928356
3162122405
3179165879
3221108882
3673570690
3673570754
3665114898
3665045270
3690210070
3686015254
3652481334
3650416950
3381977365
3382477788
3386672092
3378365372
3378508732
1209983420
1209983196
1209922780
1545456764
1545006108
1544989960
1482078985
1490455051
3757476378
3732310538
3732323850
4269639178
4277973626
4210856427
4007428329
4007428329
3999105192
4010648825
3960399053
3893290061
3892715623
3960864871
1815413094
1819612015
1843868223
1874199065
1873937992
2106792648
2089818824
2088778376
1556097689
1556097674
3720359818
3468689802
3469934730
3471966330
3467771946
2410901550
2377408806
2360632614
2360665378
3434410275
3439100257
3430646212
3447435652
3459970500
1312704772
1311688964
1328466692
1194253076
1428990756
1428465444
1965335308
2000585676
1988002205
1987744159
2121827751
4281896871
4114386599
3827146407
2752949951
2755061471
2893473407
2952062253
2931074093
2931073069
2931139615
2945819743
2916394031
2887040046
2887093294
2887175534
2889270734
3979765198
4013318622
4000645614
4009558526
2934781407
2930716159
2813280127
2779732831
2780638991
2780638735
3078366983
3078365974
3078427510
3044934631
3053324279
3032417749
3036495253
4110364037
4110384517
4110374789
3564992405
3581174775
4151636967
4134846823
4134917487
4135042366
4143425823
3874990111
3874859039
3866474557
3864370397
3876946125
3843408029
3826663597
2751860911
2751869359
2752979631
2701080295
3769437927
3769109191
3769133767
4037569477
4054379973
4117554645
4146910677
3593393493
3592877317
3592754439
1461986355
1467232290
1417097507
1425420579
1425421059
1559630595
1559630593
1559647493
1291245892
1308088772
1299564932
1599404436
1582624188
1582622140
1456787868
1454670749
1471447807
1474802214
1432725030
1948623398
1948689170
1948684546
1998946322
1998950450
1982255106
1983300802
1983302867
1987988903
2004704167
4126965414
4126699175
4122502847
4105794239
4106085053
4110280661
3036669893
3036675525
3045064533
3078487925
3061675829
3061659509
3070039013
3085439973
3051893671
4108859303
4108924839
4100929462
3565043078
3581894022
3588742595
3554725319
3554717013
3537937685
3537937669
3529700609
3525498129
3525563683
3529733475
3546771811
3513139571
3504751875
1348879619
1348879617
1348945155
1348760883
1348756771
1365533987
1374119219
1374571782
1367231750
1367264258
1367198738
1367118898
1367122278
1373413718
1372951382
1372947062
1405388391
1464180583
1984407909
4127697189
4128767028
4128690180
4130787332
4130795605
2004251109
1953919973
1951822551
1960253142
1423253238
1423195894
1423192054
1473523030
1456806935
1459045397
3606529045
1458921477
1457905733
1466429653
1558626773
3707683255
3703554967
3703002774
3702874102
3707010022
3715902438
3581684198
3581684646
3313248134
3321570182
3350856327
3350856373
3317371569
3253236656
3228104688
1076424032
1076668704
1076734256
1076803841
1076272385
1076283137
1076265731
1080526627
1365350179
1398914851
1382137651
1382137091
1382134017
1919000593
1914806321
1914810403
1914871859
1914885187
1915143379
1932971491
1945489379
1911871207
1890907765
1962206807
1962272351
1953949567
4101402431
4118183711
4118236951
4151657783
4143247679
4143313213
4143313228
4134925644
4149603804
4149733868
3881237484
3856125932
3856125660
2780295887
2780283534
3052355982
3043242158
3072598190
3073646766
2810055854
2780694974
2813729694
3887410062
4121177998
4125369231
4117177231
3576038367
3559195503
1411453743
3558938415
3563338038
3567528710
3567577862
3299126791
3299190279
3455496709
3463873029
3472261636
3333849348
3333866532
3333749796
3337907244
3346291756
3344256061
3306624333
3306629071
3289808591
1141800646
1141792390
1276055170
1280247426
1305346754
1268732914
3399278818
3401375970
3401572466
3401506882
3405152579
3405218258
2331869666
2312937954
2295128546
2295129574
2294605750
2563159959
2563674037
3101593580
3094646524
3144989388
3123821132
3123886924
3121856348
4195377516
4195360815
4262469738
4285661290
4239523946
3164734826
3030534510
3031550302
3031476687
3031476621
4151421068
4130702732
2788524940
2788606653
2787537582
2787451566
2804164206
2770603822
2909015342
2917412126
3215207694
3181847582
3182306351
3182150940
3114829068
2582155020
2552797708
2619910684
2619910780
2636753628
2636901052
2636803757
2674538414
2548761774
2544567462
2511277222
2494306486
2230073426
2355963906
2355505154
2356029698
2356030722
2364421154
2376925219
2309767217
2309283904
2313462976
2367994000
2367981984
2366998928
2399578496
2382801792
2386997121
2396448707
2396452838
2398437862
2255504871
2255504871
2272353653
2272524629
2507401540
2515659588
2515660613
2515597127
2515588951
2515792886
2549281254
2540958182
2539767207
2472660407
2473843101
3514038684
4050872780
4046678476
4046678348
1899233036
1881405213
1898426941
1629795119
1663349031
1651290150
1652331602
1650230274
1661829379
1629389057
1614725936
1613686560
1613426464
3773496112
3769289472
3769288960
3786131713
3823691795
4047004770
4030210146
4028105186
4027253410
4027187874
4035581602
4035655330
3565762211
3566811009
2512070529
3349881793
3353899473
3341341153
3257454817
3258577057
3258606721
1115302273
1115367808
1111042448
37304484
37238949
37489831
23330966
6500418
14823682
10629922
10510882
10805794
10790450
10921730
15643907
99517697
107646400
103386512
103530416
103462800
1181652880
1181718417
1181069201
1181068721
1181072865
1181072867
1449438243
1449452579
3613680929
3345314081
3345299232
3345426224
3311808016
3312860688
3321237248
3351121728
3351183824
3350021008
3350000563
3316446114
3320640418
3291267490
3224159650
3224296834
3224299714
1076816066
1097771202
1400215762
1400159651
1395959185
1461036993
1427551185
1414759201
1414580001
1410397475
1412490531
1416881171
1416783107
1425437953
1425413393
1442203473
1475823569
1459438577
1325233139
1324179827
3471667538
3463398674
3463400722
1315928338
1332701970
1575705106
1572457078
1605951205
1605952484
1593369012
1582883252
1595449508
1561895076
1428137125
1411311029
1415505331
1977012695
1943454021
1406583813
1399868437
1395664935
1362110567
272050674
276171730
301338242
334956162
330564482
45093779
45158835
45298161
66283505
23324497
23323137
6542081
6329139
6333219
6333217
1088661265
1088593665
1089637889
1089849905
1087688225
1096273489
1096212435
1080029171
1081933794
1350352354
1350415858
1417590210
3581851074
3597579459
3597579347
3597644819
3593327635
3593290802
2519536674
2519475234
2548835618
2628724514
2629764646
3720152630
3720101382
3720097601
3455856064
3443268752
1295256752
1295338928
1293045632
1326610304
1577247616
1577247617
1581360083
1590997986
1590993906
1603643378
1576380274
1559539490
1291644706
1283260194
3430842163
3296087299
3296070913
3311799376
3479575632
3479590096
3471196608
3467100993
2393240403
2393367158
2393760550
2410476838
2414673190
2272062758
2238475639
2222794055
2222794565
3304788929
3304719857
3296331232
3292087777
3290975473
1160772801
1177482433
1176940737
1180860483
1180926019
1177612386
1192288354
1158702370
1146122018
1422056995
1417858611
1418907137
1423169089
1416869443
1433896771
1466402259
1449627059
1449647539
1449514418
1449612722
1445009315
1445016483
1445995427
1987060641
1928405921
1939944372
1906316276
1906320372
1944085356
1931535144
1931535161
1931601417
1897986587
1897978682
1881201434
1881258762
4041383178
4053959946
4087513354
4070809866
4071863115
4071851753
4073772712
4061163176
4130352792
4113630968
4096919016
4096921704
4109512745
4104327193
4104155149
4104183821
3588334861
3596791567
1450360351
1448336383
1447254974
1455644094
1455560126
1472331966
1430388910
1409351870
3556847870
3562139006
3578915102
3520117022
4092627230
4075854174
4073827790
4141000655
3063067340
3066204860
3074470572
3004216044
2970666540
2972929580
2955036972
2954962988
2959288364
2980214828
3080866876
3080865052
3082057165
3082051983
3076264382
3072065710
4095607982
4097180846
4097195158
4101385606
1962093510
1961897798
1960848711
2002805005
912420877
908218381
912408588
929185816
938537000
938534185
904985897
896589577
1009831691
2083699227
2087889418
2095225354
2095156810
2096137978
2087748282
4252021403
4283671449
4283622312
4274184616
4274021352
4290786600
4283444520
4285738281
4284890394
2145786890
2012093466
2011829482
2147157162
2146988186
1574461834
1574494666
1566372619
1562227259
1561719593
1594938665
1980812601
2136198168
2135084104
2109922760
2093149896
2093147848
2093016792
2084611817
2101391979
2130833962
4262654266
4269199386
4269200410
4276474938
3757898794
3724303642
3705605642
3705540106
2631294474
2631292522
2510079338
2510062827
3080492249
3063456968
3063461368
2799212520
2816259816
2808063720
2938086120
2937955049
2937963243
2936341162
2937455594
2937467370
2937467130
2952201434
3988659290
3988662362
3988744410
3985959115
3985942731
3990857929
3981355208
4010710488
4010246488
3876946249
3843391771
3843216171
3843220266
3847477034
3981533034
2907794394
2949868538
2932038107
2931902873
2927680920
2931942652
2932994268
2857398604
2941281036
2891145772
2891085356
2893172252
2901822989
2901761565
2902260527
2919033199
2919037183
2916940031
2917002747
2917072795
2950616797
2933835516
2924857068
2924803820
2926897020
2926892349
2926925117
2943759743
2942707038
2938516830
2909210094
2774795502
2782987438
2766275806
4239533262
4239533134
4237386827
4236307465
4236291081
4253071624
4257257736
4282489112
2785119000
2785250841
2919400987
2919399978
2919400042
2920473198
2920342254
2903532014
2891006190
2899460350
2895268939
2895567179
2895636745
2899634489
2807327016
2922662968
2922726408
2922796040
2937459800
2941654520
2772840377
2781294265
2814672555
2810464190
2793685406
2793689502
2797985950
2798051742
2815877598
2817942878
3177459518
4230228798
3961531198
2887990058
2900516650
2896351039
2897331484
2897257740
2895161100
2907749900
2903547404
2937298444
2936188444
2936202796
2873291300
2873279077
2848179054
2849031534
2849033326
2840655982
2840639582
2838739038
2870130910
2853371086
2920476046
2919490957
2919359932
2923550124
2923644324
2923580852
2949865428
2815686261
2811483687
2779895606
2784028438
2758862110
2754673966
2754726254
2752924126
2908122575
2916511053
2950002012
2950448952
2935834392
2935914008
2935844376
2935761512
2801548265
2801536443
2793145482
2788495498
2803306682
2773889194
3838980282
3834777994
3834803658
3834703114
3838880026
3830491451
3882924299
3866343690
3862075658
3862070554
3996369002
2920464618
2936193258
2906845678
2898453359
2894307879
2898374167
2891229703
2891229703
2887031335
2908080935
2941767014
2857782742
2857780358
2852458646
2852917414
2875134190
3923644655
3923654013
3919521112
3921425240
3958666840
3939821400
3939823449
3930107211
3930109962
3930167306
3930232858
4014127370
3963793162
3960649227
3826434569
3826647608
3761570664
3761505256
3762029036
3766289836
3791459757
3787273657
1639726489
1671183501
1721563277
1721022605
1721022604
1723899020
1723970701
3863130253
4132610191
4128417023
4279428591
4229099495
4229066487
4229115647
3159570175
3163625215
3163561854
3163585838
3180346670
3184541470
3178245646
3161941582
3161876046
3170817918
3170747878
3170432502
3185108183
3185173847
3176920327
3160405255
3160405783
3175071542
3175063334
3208548134
3210644790
3202323718
3202217222
3067998983
3059741525
3055506429
3055110124
3057143789
3078184429
3053157613
3032110173
3032043525
3036180485
4100730887
4096471093
4097451301
4101652193
4099608305
4124790401
4158541443
4141794947
3606960003
3606901139
4143751638
4135561174
4135561078
4135429879
4152223719
4118673383
4101817703
4101817581
4114436349
4114051295
4114030679
4118229047
4126606631
4126606631
4103419711
4124929551
4127026703
4150253135
4284466767
4284340175
4292728797
4292711933
4255102460
4259308636
4242006036
4231393300
4231393333
4231393317
4231421991
2083942695
2085770790
2111002166
2128041494
2128074311
4141209541
4132752837
4149529852
4150123692
4127194556
4127129245
4127119007
3086963422
3086840542
3069993726
3069993582
3069993326
3067880558
3067882622
3068078158
3068074061
3084848605
3083687420
4123812316
4115423709
4115648989
4115583485
4115654525
4115529599
4115455831
4115459959
4115524983
4115584383
4115580287
4098840053
4098844661
4124010485
4124016597
4115496439
4115426807
3612179959
3621670359
3604893127
3604895687
3621667779
3621602131
3587461987
3562300257
3562333475
3562396963
3562462225
3562465347
3579309123
3612867651
3596088515
3596023250
3596010994
3596076530
3595917299
3612698483
3621087091
3587528547
2509527013
2492755941
2513731541
2505428423
2505559511
2505571671
2539119991
2538993015
2539508087
2539516727
2505962263
2505962007
2505897495
2505895733
2505963829
2539637109
2547959895
2548030549
2547905989
2539483589
2506052549
2505995223
2505471975
2513786343
3050593767
3084156406
3075767750
3074813383
3083201991
4156942165
4157601397
4083009141
3005204085
2971661909
2975852405
2975811447
3042791271
3042278771
3024577907
4107621686
4124427574
4123383062
4124566806
3579245830
3713430806
3712443703
3712246821
3712242789
3712308309
3712361541
3720750277
3754304717
3754302975
3733344191
3733409438
3670335134
1514467003
2051335931
2047140699
2063987483
2030424379
2017784107
1481957438
1481073678
1481012302
1476793558
1480984038
1556481511
1552299975
1283864263
1284835013
1284786165
3436504565
3455577495
3489045635
3489566081
3464465793
3464332693
3731727765
3727663605
3727663989
3731731253
3731731237
3731748645
4285326637
4184665389
4167886125
4164804925
4164866333
4162765085
4166762845
2018107901
2018108861
4165496237
4166544300
4166613949
4183448253
4200487645
4277552653
4277617167
4277142031
3731886654
3731890478
3748683822
3706875950
3702670406
3700608198
2626866375
2627046645
2625940964
2646912484
2671814132
2533589460
2501280244
2501296244
2488725621
2488758583
2488622390
2489145638
2491382630
3565124470
3581902790
3615446918
3598538630
3741139334
3740615062
3738448294
3738444198
3738182118
3755041127
3721424951
3704680469
3706773509
3706774805
3706957109
3706886949
3705047863
3654651223
3671371087
3663521231
3659490767
3661498319
3660973934
3660973934
3648325422
3640407342
3636274446
3634177294
3634111822
3649857407
3683411967
3687375871
3687567869
3687502333
3671753965
3663305965
3659307111
4196186135
4196247559
4195789829
3927352324
3931550724
3923152916
3897987124
3960914196
3960947668
3961467620
3961402084
3967615661
3975941806
3971746734
4105963966
4103940486
4154337670
1591635335
1583343055
1583337933
3726098765
3728655647
3732849950
3741250878
3757958438
3724337446
3707302782
3703227342
3703227014
3703293606
3707299750
3696780198
3696779702
3709755782
3745411527
3749593375
3731178783
3731123231
3731122203
3731155003
3664242986
4210473786
4204695050
4204693002
4221141774
4191715887
4162355759
4162552365
4164608604
4164608716
3896140508
2822332332
2850605228
2947074220
4004300984
4009613449
4009666697
4009666761
1727980745
1744224457
1702121705
1697915113
1681203435
1681338539
1681273259
609358571
617678446
613747262
882129462
882125318
345254406
479476230
232050438
236356358
1313248006
1322705667
1251402339
1251058529
1249944033
1270985185
1229292977
1225034897
1208264945
1208264931
1476897891
1476836659
1476828434
3646326531
3679880963
3671426897
3670317041
3670319601
3670389168
3662074256
3657875856
3742843872
3709171681
4250234721
4292115809
4271204727
4271204679
3734464839
3738656070
3730130294
3747431286
3713889118
3697238862
3707721694
3707619302
3703373799
4244434343
4250727831
4284282245
3206411652
3189745029
3193878005
3210712423
3210583847
3179142694
3179142686
3179271694
3187667486
3183305007
3215745069
3219914797
3177971773
3174892573
3088980092
3088984444
3637390172
3633195532
3700046340
3750446596
3733472772
1585996308
1586032933
1587048487
1591242982
1448751270
1444544662
1461321862
336461966
336466830
340227742
348510905
344246968
344230616
362068824
1188342796
1182048268
1177858061
1596424206
1550238014
1424421678
3567691366
3703015142
3702818550
3723797383
3746947525
3726102980
3725870436
3744759084
3715378989
4243925551
4243930686
4243871358
4241801822
4250387414
4283872198
4282885062
4207190742
4207191639
4207210007
4207372855
4200020526
4212394542
4212395310
4216587310
4191617054
4187885583
4187893775
4191117389
3645694205
3641500143
3675056094
3675058138
3675057114
3679287770
3683547434
3683540283
3683519753
3684566285
3416069388
3420201260
3394580781
3392618861
1242972653
1241956743
1241900423
1241834886
1258614678
1497755031
1548154245
1557057941
1557053844
1556988388
1556906980
1548527468
1548533277
1544474127
3691958031
3709792046
3713918254
3722306942
3718107983
3718043597
3722242013
3705331053
3713715309
3713977388
3714044988
3713917965
3713852429
2098511903
2097643823
2131138095
2114369119
2118621135
2126812575
2126832815
2135221413
2084888741
2080796853
2080819109
2081867493
4235644437
4244102661
4290029061
4273251589
4276921349
4268727317
3123629365
3123334439
3141216103
3107660519
3170570943
3164275359
3180855997
3180860333
2643994029
2643996079
2513964223
2549628046
3622399182
3597362254
3593106446
1462485262
1395257615
1361929483
1345189145
1344718105
1882637592
1903592728
1909884232
1943307464
1933878776
1929684904
1929676456
1896203948
1896268477
1900466831
4057395935
4059382255
4055127151
4059884607
4060081181
4058967325
4126080796
4109030924
4108961293
4108895789
4109956655
4126991918
4294797102
4269793598
4269789278
4269097054
4266939486
4278461646
4282723550
4249234542
4250295782
4258678742
4258711494
4291941319
3753960135
4290815735
4282427111
4249024229
4249015927
4249012055
4232267127
4232402295
4232410471
4232320374
3695449878
3695519510
3703973142
3703971126
3699707158
2625903894
2646879510
2378460534
2374039014
2374227430
2374096086
2411770054
2370154695
2403767511
2672198869
2639431121
2639693265
2639722385
2673338293
2652207028
2651080628
2650884068
2656290660
2664690468
2666586932
2683363605
2624626965
2622599967
3696424783
3691181775
3691405023
3708243711
3712421861
3696565605
3704894581
3706991732
3707061332
3698771013
3581334853
3614898117
3598120903
3732395479
3740390902
3738236390
3738232294
3755337702
3721918455
3713398775
3713398775
3581277655
3581277655
3623342551
3607089495
3607097685
3606442357
3606376805
3606377829
3597952365
3598023789
3598146813
3593886941
3598114253
3598112207
3614955471
4101493709
4100379357
4108834429
4104509037
3568631407
2633264941
2624876397
2637657469
2637316381
2641510677
2649964821
2643579189
2643518837
2677058935
2643504487
2639371622
2635369958
2635433974
2635527110
3155616582
3155583814
2622976870
2625049958
2624982326
2625047830
2624920838
2630890775
2626707765
3717292341
3751268620
3736585484
3740781900
3740785116
3732191725
3727988911
3728014511
3593860255
3593916815
4134977935
4134982591
4143444653
4159988405
3589546903
3581223351
