1358699551
1356663823
1406077959
1380926837
1376769013
1376228245
1376227989
1912837045
1916834727
1916842919
1925226935
1656988831
1648536735
3791829215
3791886383
3808598061
3875711021
3842418989
3830890285
3830892348
3763847709
3760014141
3760022383
3760006119
3776775143
3813475311
3813474942
3787801102
3787740682
3771006475
3771001355
3762350619
3762354715
3762313738
3842006602
3842252506
4010020602
4014214650
3930397930
3934729450
3934729338
3934728250
3935252510
3935186956
4220411916
4224541908
4211919780
4211923620
4211993252
3943688869
1774561966
1753525934
1753267630
1820433591
1824693495
1682148372
607176756
538978356
555822132
555883556
555883820
560336428
565644861
548734558
546592462
546625166
562859662
596414094
595888782
591698830
570718670
570898767
587606335
555100461
559295788
636883740
615846412
615785020
631517980
631514892
627837700
627964279
627964279
627964279
627964279
627964279
627964279
627964279
627964279
627964279
627964279
627964279
627964279
627964279
627964279
627964279
627964279
627964279
627964279
627964279
627964279
627964279
627964279
627964279
627964279
627964279
627964279
627964279
627964279
627964279
627947895
560839031
560840183
560840119
560838071
544059831
812495543
812495543
808268469
808268469
808268476
808268152
833499432
565067048
598485256
581708040
581929481
581863947
585992714
577537546
573342250
657228330
657257066
623768170
556626923
560804265
560805289
602749353
602749369
602749339
602749067
602241163
669351051
635564170
631500938
899920090
1973658410
1440981546
1441112618
3589121583
3718887981
2645145900
2678700076
2678700076
2611591436
2343144007
2343275206
2305546978
2288745058
2351565090
2356021282
2356549650
2364942402
2362845250
2362849347
2362841155
2362837059
3430881619
3426498851
3426490659
3425573123
1278089475
1282292033
1282365760
216849712
225236272
221090128
221221200
254775632
170889552
170898416
170898416
170895312
170899392
170379072
438814224
439832116
441724460
978595368
977546025
977561899
994368874
735366394
1003799754
1005900234
972341722
963953146
941965802
943083947
940990633
945184937
953606572
948364732
429235077
433097349
435210881
426822611
137420147
405992499
403891250
403890195
403873795
408068353
1490195728
1502846928
1519622592
2060552320
2047903872
4195469488
4199664032
4206915488
4206915234
4219498210
4223875618
4208007730
3662682674
3664788274
3664787474
3396549634
3402767362
3415358466
3414563842
3381005314
3364818002
3364358627
3365501939
3365559235
3371879362
2297006978
2288557490
2305336738
2340004771
2331616160
2327356320
2599986080
2658706320
2654834304
2671741572
2671168180
3174554348
3172330476
3176525164
4258657656
2916389977
3184841737
3184845835
3176457243
3172367486
3172341102
3172335998
3075867006
3084321574
3063218991
3080024893
3214270748
3214206748
3176447772
3155466764
3155606024
4229344776
4229344776
3960833624
3983852393
3983851881
3983851627
2910212203
2910216283
2910216283
4017496443
4025886203
4292294618
4275310490
4277407642
4290186138
4290124698
4294405530
4260685210
4260422043
4235256217
4235440540
4235375580
4252214260
4245742564
4249937888
4283690467
4283595251
4283586802
4285680866
4285746418
4294071378
4294135810
4251017490
2103469842
2103568146
4234407474
4242733875
4243839795
4260419857
3748707601
3746665747
3730016019
3728918290
3728922130
3729192498
3729186610
2681654642
2682080370
2648526067
2642246865
3715980483
3714004419
3713950195
3621671905
3621732849
3590144465
3590156753
3564757456
3564888400
3560690948
4097560340
4101630780
4101630748
4126779932
4126989945
3892106859
3881616122
3881616122
3843838698
3843842730
3879477674
3883873754
3892188379
4008579323
4003803387
4003737882
4021563658
2146709786
2138517802
2104959274
2083857722
2088182794
2088109067
1022755851
482149401
482088009
503063625
494674249
494670155
125584219
107889531
384717179
384725467
384758235
384602587
401380345
879531993
611227608
611237336
1684843880
1684841832
1702663016
1732031080
1866314329
1849528921
1849590377
3997095787
3997100395
4026460523
4022196603
3988757963
3976049615
3963401167
3828323279
3828253687
2888758247
2909663715
2951501218
4008581058
3933091778
3933021682
3932956130
3932698082
3941088482
3936894178
2074676466
2041190594
1504323778
1504323777
195766464
199776576
171506976
238611488
236514336
236645376
119209216
119180608
123375040
90148304
1165987248
1165999504
1433242576
3563948624
3572468272
2498738736
3031280176
3032329776
3036458528
3028069920
2759650849
2893858407
2910636006
2909652982
2892841910
2892845974
2892830614
2892961686
2888643510
2888642998
2888634550
3983421598
3991806094
2142117962
2143166475
2143171593
534653961
526134280
224145177
226443017
268240139
268190987
234669339
234653051
225281531
225417177
225358793
225350281
258904713
527340185
1584378553
2137830121
2138019577
2139012971
3990728043
3990662443
3982271786
3978072346
3979641610
3979641626
3979772714
3963021162
3963022826
3982949802
3857173946
3857042826
3857044874
3857183882
3882021022
3882021023
3882017020
3882971236
3882971428
3866305316
3866306100
1718824496
1718692401
1717574435
2128873762
2124680226
2124808194
1605242882
531505154
229515330
229585987
99573075
99305937
233397185
224991955
258693842
258703090
266993394
1340708594
1336514034
3349779954
3316235441
3584667024
2494147472
2494151312
2489948816
2418588336
2955456160
2955454112
2959648480
2699605600
2695417701
2716372326
2750191990
2741877110
2737674614
2737822518
2737823542
2720954167
2720932663
2792235837
2800628031
2947354942
2947290430
2917938202
3177714714
3102348314
3114939402
3148493834
3148496074
2661825690
3739761850
3732417674
3728223370
1597644936
1564090504
1546310552
1949221560
1948746424
1948553784
1948296728
1679863352
1679863352
1617075720
1617075720
3764555275
3764620826
3760492330
3760489770
3810957098
2720441098
2787549962
2787545886
2787623726
2788017006
2792145390
2792116718
2741785006
2708304810
2775397290
3857530298
3857529274
3857267130
3840752026
3840883098
3974571146
3974570122
3970244682
4238675994
4238610474
3701744686
3702269966
3366791182
3383372046
2343181070
2330544910
2322121999
2397667803
3471413657
3471421880
3471356328
3471357352
3462969512
3462969516
3475609772
3475676348
3308958852
3290099844
3558798260
3558331109
3562264166
3578981942
3579030038
2547100182
2677123863
2677127988
2677324324
2545204772
2549915188
2541536788
2537144884
2519351845
2519339554
2523603234
2527596578
2544648226
2511290390
2625557509
2621373444
3695106316
3711875852
3711871820
3745443660
3745301853
1563215231
1546404207
1412186159
1417572407
1425956949
3573440981
3573445061
3623866773
3606954421
3606890423
1458423703
1458493334
1584332678
3749672854
3749475758
3715393007
3723781359
3757400173
1609724237
1584558925
1584554829
1584489053
1582331759
1599171951
1607625070
1574107262
1576192078
1601291342
1601486926
1601478990
1601216894
1609757550
1576202086
1557323575
1548864307
1433718051
3577017635
3610632465
3597136144
3605975856
3605971936
3622733744
3723202449
3706297987
3706567298
3706585042
3707632994
3699143714
3698091042
3698139170
3714985986
3714981891
3749650707
3758039857
3741274928
3738911504
3755689796
3724369732
3716115396
3699342284
3715975836
3715910333
3748940459
3732168362
3740587962
3623154106
3589595550
2499276942
2495000974
2494996990
2629739495
2627593061
2648498977
2642211617
2642178337
2637959461
2638160165
3715065133
3714997565
3714992397
3748546893
3731803596
1585239500
1584719352
1584722280
1450496056
1467405368
1467409433
3581341017
3581410808
3589785592
3589718937
3573400217
3571237529
3571303103
3588149951
3573470974
3581769598
3581701478
3580128294
3714343974
3747704886
3747758086
3740422406
3690127623
1532093205
3679511869
3679578477
3646159229
3713227743
3713224654
3755165598
3754972094
3754976190
3754976702
3738330542
3738365158
3738430583
3729839123
3748975667
3748966691
3715604787
3715539715
3699290627
3699278339
3699295827
3640381171
3657026275
2583263987
2583260147
2574794210
2574792035
2553815137
2575003761
2583326784
2579165248
2612719936
2612770384
2614672976
2681780820
2673392229
2673736295
2640109167
2635908719
3172746847
3206353487
3206292317
2673615980
2648470628
2627355861
2627354818
3701092546
3696976082
3692585186
3692622306
3692746482
2642069058
2650459714
2684210755
2684156497
2673666656
2656874084
2657009364
2665383636
3202187988
3197408100
3197411685
3214188903
3218384230
2918496102
2910122982
2905985526
2906079638
2906001590
2906010790
2906002607
2918337709
2947701245
2947807693
2949705165
2949754189
2949823759
2949880895
2924534830
2924540974
2920379694
3188929838
3190953790
3195143998
3203598142
3216055590
2645630246
2628984086
2628918534
2360743174
2360620806
2360615463
2377393701
2377438821
2409940700
2414133900
2372715148
2372703116
2357113788
2357113772
2357110444
2352261804
2620697308
2620763084
2620828493
2637605197
3205934541
3075843535
4131758542
4127687102
3070656943
3071721639
3072324773
3038536869
3038520501
3038060981
2983605221
2979402471
2979464935
2442137335
2446334662
2446404422
2446465286
3522300166
3518175494
3516930367
1369451823
1407200301
1131611164
1131544588
305463612
305398060
305398060
389293836
925632780
627964279
627964279
627964279
627964279
627964279
627964279
627964279
627964279
627964279
627964279
627964279
627964279
627964279
627964279
627964279
627964279
627964279
627964279
627964279
627964279
627964279
627964279
627964279
627964279
627964279
627964279
627964279
627964279
627964279
627964279
627964279
627964279
627964279
627964279
627964279
627964279
627964279
627964279
627964279
627964279
627964279
627964279
627964279
627964279
627964279
627964279
627964279
627964279
627964279
627964279
627964279
627964279
627964279
627964279
627964279
627964279
627964279
627964279
627964279
627964279
627964279
627964279
627964279
627964279
627964279
627964279
627964279
627964279
627964279
627964279
627964279
627964279
627964279
627964279
627964279
627964279
627964279
627964279
627964279
627964279
627964279
627964279
627964279
627964279
627964279
627947895
1030600055
1030599159
493728182
493728190
476950974
476950974
476954046
476953534
1550695358
1550695103
1483586231
3648961223
3648976454
3646318086
3646304790
2572628582
2580886374
2580885990
2575569126
2575586550
2609177750
2609163479
2596580807
2588192199
2584592199
3122566918
3122570518
3126768935
2883486759
2849866789
2904069429
2820208405
2820204117
2822403815
2822394607
2825537199
2846379951
2879933885
2879945164
2879941068
2842176333
2822581839
2822645342
2822645358
2824668782
3097236206
3097245174
3147576470
2593664135
2593860741
2593909893
2595798164
2595796164
2667098181
3220869381
3187319349
3169494564
2892598828
2888600108
2888601132
2905114156
2938818924
2938778108
2939031965
2938508735
2842040750
2851342766
2847148526
3146856910
3146984654
2610111566
2576424974
2576429070
2291160382
2291455286
2564601622
2564601607
2581107973
2581173524
2608576340
2608447188
2586353300
2586352292
2586573476
3123379876
3123369381
3203027109
3215605989
3216982229
3183436228
3182784476
2641656812
2637450220
2637449709
2671007982
3207757014
3178423750
3186815430
3186856438
3182531046
3182532085
3184571844
3176179012
3205555524
3207741396
3072736229
3072727527
3076983270
3215264238
3215199726
3215201614
2644844878
2644861702
2644632343
2644546359
2640349045
2636172661
2636433781
2671106149
2671175765
2673240133
2656970823
2682222919
2682242390
2650784566
2646512182
2646585918
3165958703
3164901933
3169095469
3022293884
3039599356
3174890236
3208571645
3208276639
3191500694
3204124150
3220704502
3220708470
3187487830
3170771014
3170246743
3170046453
3165721332
3163640564
2626746068
2642472660
2680203892
2672864116
2651892020
2652028173
2654139663
2658325838
2658320766
2675298790
2641482214
3178353014
3159617878
3159548230
3167921503
3167993661
3167853341
3159734797
3088579079
3105282566
3105316406
3107198510
3208385070
3212587886
3203936750
3214487742
3214618775
3214562437
3214531732
3216570548
2683889844
2674456780
2674588877
2674582781
2540093679
3043213807
3043214191
3044135535
3044120191
3050352173
2781916716
2767236668
2758915596
2754859532
2753647180
3827372668
4095935208
4096919529
4109766127
3837204990
4105644238
4120340686
4124567694
4158057614
4141322382
4141318286
4141257159
4132868565
4132942693
3077874469
3077875489
3077963557
3044400935
3044396342
3044427014
3044427014
3052868982
3052672358
3052681191
2515805671
2490711381
2498960725
2498825713
2494641617
2494768577
2494783809
2499014977
2499002705
2490417459
2503263539
3577189649
3610686725
3614873349
4135366949
4135364397
4152158077
3076362203
3072232154
3038677690
3038764730
3042242218
4101301178
4109685179
4109648383
4108808685
4101382509
4101382423
4097191175
3581294903
3581352246
3623296070
3606516806
3602796998
3602891207
3602760183
3602682341
2531042661
2531044709
3067456869
3059203941
3059127925
3071775309
3071652447
3038110319
3038245230
3021428070
3025488998
3025489014
3025622358
3027662678
3178718038
3218371159
4141142869
4137009628
4141339740
4141874300
4133354620
4135119980
4135316524
2805654568
2772090904
2754199817
3760808713
3760860681
3773442794
3770354346
3770157738
3774353050
3782739594
4080546186
4080611514
4093194410
4055462079
4055429327
4055670861
3518801157
3518867253
3517883701
3517883669
3589186565
3580810293
4113482789
4113450277
4046079244
4051306252
4084930316
1937258109
1933078523
1662643643
1733987754
1742310842
1742505354
1719437194
1731515018
1999983306
1966482042
1966548846
1949771110
1962026214
1957836002
1420951730
1419051139
1418993793
1166238081
1203958144
1188200896
1179878864
1179751701
1446032437
1446026277
3530599727
4143033643
4143103819
4143374299
4151725819
4114418346
4097580730
4096730810
4100592299
4109042665
4238950765
3970482476
3970466060
3974668556
3962086212
1831445052
1865331260
1852756540
4009644569
4000711962
4285810730
4281628714
4284807210
4285450250
3219834890
3132861450
3132658954
3132654138
3132719659
3137045033
3153769064
3111908092
3095065572
3095098276
3090679716
3157985184
3158184881
4231406273
4231406529
3715511235
3755226583
3734256871
3598985446
1451698310
1451636878
3347454094
3353300110
3252536462
3237594522
3233325482
2444796651
2444796649
3019416168
3002630696
3002630700
3002631724
2734199852
2725028908
2787942444
2771370020
2754494519
2755527526
2752905958
2891330278
2899777270
3170115198
3165928718
3216260110
3199679498
3200134154
3198118922
3736923209
3736921336
3757887928
3715940792
3711812536
3694556056
3692458680
3692457960
3691441132
1548151261
1422039493
1422105927
1439991045
1465156373
1465221648
1448522544
1444340016
1444307248
1444294704
1463222321
1434325091
1438520803
1420709255
1420773767
1421659013
1960622501
4124879269
4158433764
4137528564
3063783620
3204358404
3191796484
3207479828
3090022944
3089830433
3094094370
3097765478
3097759214
3097758894
3114536094
4193518734
3642159246
3624051919
3624119373
3691030604
2084612572
2097261052
2130885052
2114117005
2114081167
2114060686
2118255022
2127692270
2006126958
1972380462
1974494014
2112938767
2104533257
2102497545
2136192008
2132010008
2130799625
2130910282
2130843850
1593969626
3712092922
3721531114
3717547770
3717526106
3753697866
2679935834
2663158123
2398921069
2407048044
2402980700
2637857740
2637874908
2625365756
2631528429
2648308479
2648275966
2681740142
2404911402
2671250730
2637898762
2640977946
2632609849
2628448312
2494222584
2494087560
2495123848
2222492552
2218298280
2486876588
2487130541
2503379439
3040254798
4151744014
4143424014
3602752270
3606946102
3598577698
3593994274
3593994338
3610775778
3609862306
3614057346
3588887171
3584951939
3585019527
3585936007
3300145895
3304336103
3573296127
3573353423
3571281407
1442113007
3604263291
3604316441
3595927613
3595870253
3591675949
4128546877
4129140783
4095639871
4095657311
3026110431
3034470110
3036090031
3170115503
3186896815
3203673518
3201316254
3201311183
2538938831
3579195727
3562428239
3564527389
3573504572
3573312372
3564907380
3577494869
3307016471
3307081986
3310776578
3310764802
3321254418
3321789954
3320764930
3316566530
3485322002
2411498866
2411501042
2415169971
2406863285
2406863269
2373243301
2373312933
2641880484
2675434980
2675303908
2675242468
2675301860
2650271700
3723980676
3715574404
3711253124
3711241908
3711108773
3711058914
3715359090
3723616530
3718311986
3718292786
3718292787
3756043569
2606955777
2585974020
2586989876
2591184164
2589069093
2597457533
2613263055
2613062350
2613080030
2671836654
2680210670
2676129982
2659356815
2660475277
2664473533
2668664756
2668725652
2635257300
2618488052
3155356773
4231167029
4235623701
4244045061
4260888324
4260886036
4291950132
3218141733
3209753397
3176182117
3175151079
3158373863
3175153143
3175316935
3175251925
3041023989
3050719205
3084322165
3086288215
3086247238
2541184262
3614859526
3614896390
3623272774
3587555670
3587495295
3587505519
2513762669
2673662335
2673629566
2669502302
2639624014
2639606606
2633302910
2633433966
2629251438
2629133799
2643551733
2677106576
2681303936
2656129684
2651964309
2668872629
2667836838
2639391974
2639326326
2639326294
2647780670
2515795774
2515787583
2515783197
2515918349
2549479261
2549478877
2549962229
2516534695
2516518311
2507478439
2503432183
2503366101
2503406917
2640835845
3747933444
3756305684
3756305716
3748118356
3732379220
3191314037
3189217135
3189679486
3193369886
3210671134
3210728478
3179238718
2642367790
2633979182
2632546110
2632545086
2633585439
2633614173
2633613916
2650653564
2650589020
2642271564
2638084428
2671769724
2654992749
3195730399
3195727311
3194672093
3194569687
3208119269
4286059493
3715703653
3698991413
4110038069
3564832785
3564640273
1417226257
1425729809
1442502979
1392234434
1381515970
1377321858
1377485202
3592081826
3606835618
3589924258
4105954754
4105875266
4105936646
4105805607
3568872228
3572033824
3563646240
3559398400
3559523568
3560575136
3023704224
3027915168
3053081473
2510967425
3618555520
3752708608
3719092752
2515335712
2485938723
2485922338
2485988706
2486115554
2515338418
2544763010
2528014466
2527518850
2527572354
2661585314
3198460385
3202654688
3219432740
3177491716
3173357828
3173501236
3173447973
3173394726
3173400374
3177586230
3186497062
3182232102
3183219478
3216798982
3216536902
2683853894
2641976771
2642107795
2642091427
2641956258
2641956338
2640909778
2649366898
2548982130
2544755059
2544669905
2544669824
2548866176
2540477572
3073150356
3073148340
3073349556
3073286844
3878609660
3861832300
3861340716
3878953512
3883149112
1731474457
1696924697
1684472859
1952846859
1961231370
1957037066
1019020554
482084122
414975770
1488787210
1220164938
1235893578
1273584970
1256840538
1256955258
1252767082
1521067882
1521001321
1521000936
3668488360
3672682664
3727208616
3727216808
3743944872
3693745560
3693742728
4243212968
4240013992
4239944360
3568840408
3569115720
3614761481
3595878955
3595878699
4140941610
3079840778
3046287371
3081938985
3069544488
3056896104
3057421769
4131172809
4131364939
4131316074
4114489578
4236124394
4243464682
4239263210
4239263210
2092172634
2096374026
2087985419
2088117513
