3683672349
3654308125
3645986109
3377553215
3629382463
3629382174
3629382494
3629378398
3637755855
3637744589
3636560845
3653272541
3640709477
3641831781
3641894247
3641896231
3679714599
3671152503
3671160647
3671258053
3671249228
3671311868
3755001325
3746627053
3742428655
3742477311
4194480094
4194471374
4198745294
4208185439
4275302495
4283691031
4250095671
4229067831
4229052263
4229119591
4233117415
4174397159
4169152245
4185929413
3682603717
3682685509
3649271381
3650352997
2647719271
2572209511
2568014934
2568093126
3641896390
3674402638
3674363742
3678607198
3686872863
3687921439
3688067391
3654373743
3645952366
3629176190
3628201310
3636702287
3636702285
3636837469
3628383252
3625317396
3642150916
3642672452
3642639989
3676188263
3680382710
3680386758
3680444354
3688175062
3684110710
3683795286
3650306391
3650154869
3385910628
3679511908
3674254692
3674381812
3674381812
3678641652
3678516692
3653481925
3645020101
3645036359
3640842102
3674429222
3675340582
3674221926
3686870374
3682809846
3682809814
3682693511
3682627973
3749769645
3753956781
3745564077
3709048717
3708987277
3708987293
3713267677
3715233757
4252106077
4247846205
4281457967
4284734767
4284742959
4259566909
4259549469
4242649365
4235309317
4231254276
4229165332
4233291573
4233264935
4250291750
4283829846
3195408326
3195346374
2658145782
3740275942
4287648934
4254160311
4102153653
4102088596
4118865813
4157662645
4149473447
4130521318
4130522342
4264711382
4264651846
4285623302
4285627686
4292959791
4288765485
2678265372
2678288908
2678157852
2683363900
2616258860
2580582716
2564002941
2562893949
2554505583
2617416047
2618477407
2635258703
2668785615
2672976463
2681344847
2677228398
2677031406
2677043438
2679169134
2681271406
2672925727
2673057039
2572335373
3109202701
3105008397
3105074781
3104947797
3105027671
3103969878
3103969878
2839761462
2847961638
2849269607
2849275239
2884914423
3142995157
3142999237
3126326421
3125077173
3192152293
3192152317
3192217821
3192287317
4274417725
4258664765
4241953053
4234032909
4242431247
4244621599
4244490555
4244437371
3186993483
3218586571
3218575051
3193275083
3193230011
3189040043
3189006767
3210043823
3218485679
3218473391
3214229989
3180611045
3180623221
3186910293
2641683461
2636641285
2636576023
2619792646
2623987526
2625076806
2624945878
2622815990
3159742454
3159742454
3050689878
3050689879
3052721265
3218398436
3210018276
3189046772
3189241300
3189167557
3195454917
3195454677
3069690981
3069498725
3086280165
3086280693
3178619597
3159876301
3159782109
3159840503
3159705319
3161738855
3026472294
3026213959
3026320391
4118019079
4126342165
4159896645
4151502148
4151506372
4151563604
3075495268
3075503461
3209717093
3084087591
3084276535
3046556183
3048591902
3048534815
3048502079
3035918639
3025421631
4095149407
4095087967
4095161695
4095049179
4099243483
4124559819
4158048715
4143304139
4143248783
4143440335
4143444431
4143432159
4151689711
4118143471
3027625959
3025383399
3033774821
2782108353
2782043841
2773660353
2807214657
2803102321
2805002855
2737861223
2721064935
2721066478
3799005614
3805284526
3801155774
3817933982
4088542415
4054983887
4042416207
3497255247
3497255197
3503546645
3520189701
3520087317
3620751157
3612559141
3612745527
3614850838
3749062422
3723961622
3719787798
3719775495
3434596175
3438606173
3438604285
2354363757
2618600812
2635441516
2635573108
2639705940
2673317716
2681575284
2643834724
2648041316
2648569444
2640299620
2635974245
2638071397
2642208613
3187467621
3221021815
3216896118
3204370518
3195453526
3057041494
2520137814
3055965270
3072748894
3076714334
3085097695
3220429533
3203456729
3192963017
3209733449
3209930057
3184698143
3159527999
3161707055
3174093359
3174060846
3207623470
3211867430
3211928854
3211932934
3186758982
3170043222
3163752439
2626749941
2626761204
2626695668
2643472764
2647658844
2646831436
2646827340
3720406393
3703891051
3695475818
3691400282
3692449226
3692447690
1544976075
1549628107
1557943257
1557943129
1423733609
1432250345
1431726059
1432350667
1431699087
1431688847
1431819165
1431819165
1431814556
1565901244
1576388077
1610051437
1592159519
1592207630
1584217118
1584141358
1584140398
2121027822
2128994478
2146935194
2140447115
2126816153
2126817197
1992343532
1985060844
1985148524
1465022269
3564262207
3564257583
3564257326
3564195902
3564205070
3564336398
3570663182
3587297039
3616787999
3619872607
3611492303
3611424223
3745576383
3720443311
3721557935
3721545663
3755165597
3746906581
3730076149
3730072037
3729842661
3746817013
3713197013
3713262295
3696354007
3696293719
3696285567
3704675695
3637574959
4174407983
3629218103
3625016631
3625389335
1477908231
1482040071
1482109715
1481970483
1489056627
1489052658
1505829778
1539387794
1514231186
1522685314
1522715779
1522780295
1522661765
1522641365
1515305340
1582341484
1582347580
1582608652
1582346524
1584444204
3732009836
4292014828
4258448045
4237477551
4241555366
4240502182
4232117670
4227915142
4244880838
4279432518
4262654230
4268945686
4276285462
4276188182
4284511270
4251024678
4235335990
4235353398
4174602038
3717232439
3717231415
3650147089
3653366529
3644978001
3624072817
3624060625
3691138753
3691207299
3695279027
3720551345
3754102161
2676032917
2659202517
2596282853
2596282725
3687850279
3419414822
3381667126
3364957494
3364961574
3364969511
3360771365
3373516101
3407004101
1259532741
1241638341
1258350071
1262546406
1530985958
1506015590
1505935126
3653410566
3686962950
3670185479
3670249991
3661664791
3674272295
3674272615
3645171687
3653756389
3649435109
3649428916
3687308684
3678592388
4211314133
4211510741
4278631927
4278693374
3980703230
4022646270
4022645758
3980915455
3976656597
3976689237
3977477924
4011018276
4006856736
4002531360
3935423488
4208028672
4195574784
4212270336
4178716160
4174513712
4170319587
4170254050
4170192546
4169148070
3099616678
3141584054
3120665734
3120669831
3137381765
3137449924
3640835780
2567085781
2550324983
3091390182
3100047334
3112617446
3181364726
3221015750
3212639430
3212635335
4280134903
4279694549
4279682245
4246127047
4245836759
4245903095
4283651831
4283528823
4283461431
4292111655
4290116903
3216495989
3216492501
3218462661
3209979781
2667603383
2634100135
3691069351
3695394786
3704764274
3700626211
3702538531
3702542369
3723550737
3664815105
3660753923
3677789187
3677800771
3644247939
3646408338
3654668962
3650380451
3654574757
3653527205
3645142693
3628361701
3628361573
3628394277
3637801269
3637797143
3640418583
3640615190
3632166166
3648931078
3713944583
3714010199
3721682421
3721690597
3721686933
3721920389
3747018373
3730293639
3730162582
3738550694
3738530278
3734331438
3738460206
3738984494
3749474367
3711718427
3695139871
3695110462
3632197438
3638427166
3638347342
3638346318
1507115599
1499349837
1532911948
3680378988
3646776428
3642514924
3627809276
3631868365
3648559567
3673983439
3674180815
3673665741
2599919821
2591461853
3126236093
3126239908
3200688804
3183862437
3167024807
3167018979
3159673315
3176450401
3189242673
3191270144
3191336448
3191271936
2922832384
2926986032
2896642400
2896675317
2896675286
2896483814
2901704174
2889121774
2889702910
2906549710
2910219726
2918542542
2918466767
2901800141
2901795292
2891309532
2891313484
2891305228
2907992380
3210044717
3212213551
3061189951
3061778814
3061648894
3060604318
3086890126
4156437647
4156424335
4155965855
4160041407
4126433709
4118077925
4118077797
4115980565
4099203381
4099207461
4099331893
4118206229
4118271749
4117028631
4151168823
4151299702
4294893302
3221159670
3221207031
3221010391
3221001541
3212608837
3179123805
3174540333
3174556719
3178751279
3178644846
3211920750
3211986414
3195213310
3195090398
3192993246
3218153982
3180557311
3180483551
3180581581
3033585357
3041978076
4111525884
4111592956
4145282540
4149365996
4132652284
4132914389
4149702871
3579142614
3564335558
3564258246
3564244934
3572632534
3571522038
3571476966
3584059878
3606064470
2531340550
2263023878
2264072470
2263954210
2381341474
2360369699
2360603171
2360463921
2360385393
2362490848
2622593968
2639432576
2668792448
2652016256
2653992884
2654004644
2523980261
3059873261
3068322943
3068327007
3060915247
3060841517
2792668205
2809508876
2775951116
2757206540
2757206588
2890371644
2886189628
2886582828
2887534189
2887522287
2893808878
2850816190
2951610526
2913865886
2919112846
2902336654
3170839758
4235995342
4236011726
4250691791
4132817039
4134980749
4134982797
4134985869
4135014557
3598078383
3595792815
3587379902
3570537182
3564254942
3564321406
3571530302
3571476798
2493540414
2510317630
2661317663
2393063439
2393063430
2398220310
2398216230
2648957730
2632094243
2632090145
2632287792
2632236544
2553589264
2553654784
3709269504
3709228608
3744862912
3745448865
3757835427
3736870054
3736874150
3739036854
3739165846
3730796678
3730788686
3758031630
3752264510
3718587950
3634704174
3370598190
3370388783
1215564861
1213476061
1213539724
1213343109
1212289669
1224807063
1258582695
1246028710
1246093734
1254535623
3397813511
3398733095
3401363237
3418140463
3384715055
2294199085
2294190893
2292024109
2296156973
2287854437
2552087396
3625797604
3624816117
3624828357
3624822983
3641600198
3679415494
3662673102
3662606798
3670458830
3737617374
3751052031
3721700013
3569659565
3561278381
3562064813
3574778301
3591797133
3591798669
3595981709
4132905917
4141183420
4141175164
4159721772
4293947693
4292928809
4259638059
4259703595
4184336954
4218941194
4216713482
4216639498
4217159802
4217127146
4217127146
4183745787
4166970587
4166954457
2019474377
2019334985
4166814537
4217145629
4200504639
4202603599
4200505422
4196331718
4200513782
4217295846
4166939366
3897967335
3898426085
3898372708
3973898852
3973902652
3973902604
3965576520
3961351497
3960303067
1829714907
1829641146
1833831418
1842285050
1871448442
2140933499
4288165147
4019773707
4009468169
4005208441
4005274093
4273518591
4277708471
4286103222
3174725302
3157930646
3157930646
3157131942
3034841254
3164864751
3181659245
3181702157
3215239176
3219499016
3211241737
3211172633
3194395433
2943786553
2937558584
2937501496
2937508716
2937471340
2803302765
2788623589
2792756455
2801145319
3065451702
3065320598
3063233670
3050716295
3033954695
3168197511
3168271063
3169906199
3169904183
3169903167
3178259006
3178324798
3178313006
3178237230
2649820463
2649950526
2648127822
2648014670
2647949262
2681272286
2671884286
2680264703
3217080317
3217076180
3175133124
3175202756
3176306676
3210135397
3212199271
3206874470
3206814822
3207408742
3211733094
2649111782
2645958086
2645972423
2643978181
2643767237
3184832340
3176446836
3176446260
3176643380
3176578564
3172382212
3172374020
3174549028
3207878180
3191109157
3195288933
3199468903
3199534198
3198616790
3202815190
3194428614
3173924054
3158206662
2625530054
2633955526
2631859526
2627592519
2627527511
2627531767
2514342629
2505430757
2505363365
2503266213
3044531125
3044473228
3044470220
3044404700
3044400444
3027621692
3026581268
3034964756
3026543381
3026477863
3044307814
3044344294
3044475366
2499216886
2497121750
2497125462
2496736278
2622565383
2622565637
2639342853
3708910852
3742596948
2672942837
2655047413
2655047365
2663433925
2659439573
2660426725
2660492133
2660361060
2664493924
2664494436
2664490468
2655120884
2655149557
2656460277
2673233397
2539048437
2549538293
2516440541
2515326301
2506938207
2507011935
2506483326
2506483326
2507499390
2507496814
2508131710
2508130430
2516466783
2516544583
2516411463
2247979102
2281533822
2281558398
2281522558
2273070462
2239520254
2239593982
2239655902
2239653838
2248075215
2381969375
2407323133
2407331197
2390621533
2390621983
2406350607
2540697374
2507142974
2508125999
2248103215
2508145983
2508145983
2239583615
2239575421
2239574301
2239574303
2231185725
2229080381
2229211417
2220692761
3294436665
3306977321
3323975769
3323910345
3323910281
1180615817
1314701451
1314701499
1333575867
1283379642
1281271786
3437144618
3705449006
3705449007
3697061399
3697063431
2640216581
2673771093
2656997989
2657002213
2656498417
2522268369
2539012855
2541175527
2549422054
2549366246
2684099687
3212581999
3212655871
2675338447
2683727309
2648111055
2647836383
2505294558
2634077150
2634068958
3175129582
3183519214
3179392495
3218259437
3218259452
3075904860
3071706444
3040264460
3023556876
3023402301
3023398189
2776065325
3856037677
3885451037
4136965901
4153697869
4158416863
4116536815
4099755502
4099755238
4098182326
4098282886
4123455943
4292272583
4275495877
4265960405
4265632740
4282410860
3175350125
3167935293
3163736863
3180714783
3184832286
3220481822
3210056462
3193410382
3210081150
3205821423
3172431599
3176550127
3187035133
3186970613
3220458869
3211809111
3211882759
3178389767
3170066711
3167838503
3167773031
3159363949
3154121981
3170966781
4261575901
4132601033
4140977609
4140912073
4140881353
4157667273
3589460697
3572683483
3572692730
3564500602
3564426874
4096917498
4113678334
4130452974
4134645886
4143050847
4141076559
4132687903
4132696127
4145438783
4097191998
4097258542
4101848430
4106043307
4106034875
4105984651
4120673935
4124892813
4150118301
4150165901
4118249933
4117074205
4117029165
3580158245
4117095205
4125286951
3051541045
3047342869
3048261399
2544958759
2683365415
2675243303
3208038775
3040267587
3040265155
3040203719
4231328759
4235719655
4260519905
4294052225
4294130049
3740281009
2658413731
2658414754
2666922166
3215327686
3165020758
3164987942
3164906022
3164911143
3170150925
3161762316
3174410756
3208026628
3208022356
3208039924
3208039924
3212199316
4285928341
4285739925
4283638711
4015072679
4015076519
1842418854
1775252710
1775248615
1758471383
1758471247
1775248463
961570143
961574271
961574767
961642351
1003716349
2076335869
2072239708
2076432204
1539569420
1539567884
1532211485
1574015293
1573949742
1574024494
2109914430
1975687486
1967233310
1967249438
1963128846
1895979022
822215695
554106909
554119257
537330153
537133548
558105068
566495213
566497261
566517343
600141327
600178191
600178207
600112926
566542110
558144798
558226782
558356862
558356830
658930014
927086878
2000890686
1598237502
1602628158
1603219190
1569271442
1552543667
1552463265
1556649121
3691544721
1561895040
1595580800
1597682048
1462416320
355124032
355274532
874785572
874785644
874851180
887495017
888540618
349439310
340787214
338890766
473096254
476228910
480358190
1605413414
2058460678
2056487429
2056684292
2060746804
4196180004
4196180004
4195200036
3121395749
3171870757
3154803063
2886343367
2765753990
2761556615
2696413861
2696417964
2696426156
2965119917
2960924828
4044632236
4044697769
4077266057
1929522315
1929537994
1942117338
1937927130
2005035850
3582197578
3586504458
4123301130
4123824410
3045962042
3047077163
3047138089
3047006764
3160138348
3155903068
2618098373
2617836247
2484601582
2490892526
3567785198
3618111742
3601477834
3602523339
1453206729
1179641864
1192007720
1125947688
52345609
322873609
322940170
326926618
318538026
1389986282
1406841322
1398449134
1405854702
1405674983
1405930933
1405373877
1397099909
3506584964
3221368196
3221367988
3225429221
3234080101
3229901101
3229926173
3247407647
3282018847
3281889071
3281562927
3275274287
3275262063
3342503127
3508182405
3491407237
1343924173
1359710173
1363970013
1363989837
1397742877
1397712183
1431266615
1440555831
1423647269
1553671729
1555777059
1559777059
1500044771
1529544067
1512750210
1580106882
1584365697
1584386225
1583837360
1566912928
1551180644
1559568932
1557411372
1557409327
1557932590
1551640894
1568544782
1199459342
1182680142
1181434062
1182351502
1190674570
1188778474
1184522730
1184523627
1184392489
1201168664
1171906888
1165750472
1144636568
1144577448
1161420200
1199294392
1189790360
1185600136
1185862536
1189396888
3307524457
3290490155
3290591018
3290835482
3294964282
3299094074
3299091994
3299086858
3433300286
3434872878
1308365871
1329343532
1312713732
1245600836
1245070788
1244840388
1244890004
1511101092
1531155108
1539355308
1505797871
1501603438
3649091198
4186354190
4224628286
4208701230
3940132910
3942357030
3942291495
3942288436
3928653828
3995762692
3995746308
4012511588
4012770151
4013295342
3992260334
3971223278
4240383694
4104007374
3567201998
3700961278
3700958701
3449316844
3489158604
1316733388
1312473548
1316635085
3464122703
3464181054
3478859050
3478793514
3478797626
3455680314
3451512586
3451642634
3450372427
3450372584
3454567592
3475551400
3475748008
3341464728
3307909256
3509227912
3509244572
1346007724
1350252204
1348155052
1348145852
1356411583
1356669886
1348411630
1350390830
1350353942
1357429766
1374202894
1407761422
1399501838
1399502095
1445631247
1445627663
1580844847
1580817967
2054893099
2054892075
2054896411
2080194361
2046125352
2025185576
1760592760
1750107080
1765839305
1795203305
1795203311
721465383
671346709
671232013
939929613
2013675305
2086537773
2092632621
1018891007
883563207
346631622
363344071
124272839
107495671
107631093
116024309
384492464
376034228
377074101
377023934
394058154
1432128490
1440582634
1442773850
1434413514
1467490762
1474830810
1370030506
1370096553
1353319336
1353261736
1357391592
1416133176
1412028952
1412143640
1412016920
1413000969
1362670346
1362657802
1427686234
1409991147
1414185391
1414193317
1548379365
1548314069
1548447171
1289379778
1306418754
1302232898
1170103746
1157318130
1157218530
1157157089
1425596576
343450032
389784016
372940992
372961280
371901447
371936278
841681966
846732586
855141674
867774266
834146074
834146265
834146200
834162584
284784312
275473080
271278776
271446680
1350341272
1358271224
1368890920
1922148648
1922082844
1926408204
4132611084
4128477196
4128342044
4128407661
4147548399
3023500270
3027685038
3161967270
2893831846
2916904623
2916362175
2949916575
3216455647
3182837726
3187097342
3178577502
3174317854
2637444894
2641699134
2645893486
2645627246
2645578207
2643518853
2647713669
2646648709
2638460805
2504431509
2501283765
2501299701
3574954485
4114426325
4114491669
1999509764
2003699972
1936657668
862786837
862793781
829239605
569241895
564965671
564958006
665629462
653037014
644724918
640007350
640007349
640007349
639758513
758280417
1813132769
1817325537
2093158001
2088835665
2088774355
2088970947
1552035523
1602361283
1586694081
1586512849
1606477795
1572923363
1556146019
1556146019
1547745267
1547933571
1547876227
1560467331
1595035011
1460817283
1448167843
1590712739
1586522531
1588669843
1587619270
1591751110
1591746918
3730841894
3730911526
3747615022
3722473774
3718313790
3701989178
3634731535
3634670093
3638864653
3379863309
3359098125
3625894093
3624813757
1548637357
1556511908
1556508084
1573309844
1598326676
1578411908
2115478980
2115478852
2115085348
1987159076
1987224596
1983034372
1983022100
4128277796
3876628260
3879990821
3980582447
3988971310
3989959982
3989951870
3990078806
2941764935
2941613397
2937415157
3204916724
3175560676
3168143333
3164014325
4237756119
4122416774
4122288774
4294189814
4285801446
4262736383
4279711071
4245843215
4235356173
3706943501
3702610191
3705748750
3706725718
3698356582
3696247270
3570549222
1440108950
1440146838
1473635735
1457382801
1449128321
1448923281
1444737265
1444177121
1460954341
1461132391
1463160023
1467354054
1441148486
1441144390
1436683798
1471155750
1471165990
1471426087
397422397
531836732
502476076
477244452
471207972
471204884
1010041860
876354836
896273701
627964279
627964279
627964279
627964279
627964279
627964279
627964279
627964279
627964279
627964279
627964279
627964279
627964279
560855415
829289847
292419061
292418037
275640829
275640829
275642879
7191039
11401727
11401727
28146175
62750141
59667853
63862157
55371180
55363500
25991596
26065341
59619775
42973678
47167534
35630126
36678686
36545550
36545566
305048638
305044543
306088991
303007773
370120924
101629068
105574796
105571204
122315396
80425628
80294568
76030696
76097128
77277752
12257849
1084950873
11225295
11065486
11057294
27823262
44859566
49189038
36606126
36614294
36614278
36630726
37412902
37281831
37283108
310097716
318412300
1408930308
1425650196
1419289116
1555669532
1555735052
1555710473
1492845114
3627813418
3627821610
3627821098
3677882410
4210755594
4205447177
4205572296
4205359240
3736637832
4273513128
4223181481
4219052713
4281963179
3208217258
3208233626
3174769354
3173656074
3022661930
2489989162
2439579690
2481522714
2460563466
3265865738
3282771978
3232370702
3233349685
3233284128
3226992672
3222880544
3222011680
1074391569
1074457347
1108007170
1112197378
43698178
45864979
43899169
42760480
46954784
1107851552
1108106080
1124882804
1091328343
1124915526
1124981062
1129182550
1133375958
1099952630
1083142646
1083012095
1083143165
1150236524
1154366316
1141848936
1276066665
1275804250
1258961738
1242185546
1243247434
1251693386
1253691882
1253634410
1251533166
1251533293
1251539372
1320782244
1315801524
1311082900
237078676
169064628
168016020
168011916
168011980
436451356
437426205
1047968012
1013365252
1022265860
1022269956
2097065668
1818013348
1749860004
1749858980
3897342564
3964447268
2891774501
2893871654
2775177510
2792081446
2800405542
2800405510
3065634118
3063443398
3063442407
4271446502
3604548838
3598254118
3594190886
1445593150
1579823130
1579819018
225059850
216939274
145689098
145230410
1219041994
1219050186
1219051210
1218998986
1219032058
1235805162
1252582315
1252565416
1319673260
1323927972
1311345044
1311344788
171694228
169605268
169601156
169568260
440084492
439232799
409872655
409913871
417778191
413568527
414493231
416328303
448829870
977311918
977311918
973183102
973183038
973314078
503494670
387103758
1410497550
1412565006
1546061854
1491995494
1487805030
3635231334
3635231335
3634903637
2561194564
2566437444
2551757380
2551757396
2550708852
2601032276
3125391044
3121193716
4194956004
3121156772
3189310381
3191406766
4146790574
4243200154
4239014026
4171917514
4171950154
1504372745
1521072152
1525216280
2053656584
2049769736
2017333784
2017341992
2019439208
2027693679
2021927470
2021927206
2026121238
1506027526
1522923526
1522923526
1250203719
1250728007
1250736215
3398232566
3393809398
3456769702
3293188750
3298427534
3233415566
3233349806
3232284846
3233329327
3229138084
3224938692
3224938756
1077586436
1077586500
1077586628
41557636
308950660
304743300
1378484645
1377448103
1447633062
1447571814
1593313030
1609061894
1571335742
1571334718
2041162287
2041166636
2057939244
2062264620
2050722348
2047576668
2047576780
2047470284
973679567
973809902
974010606
978195566
982384766
513146958
396230726
9973830
14168262
1652102
1776054
8010406
12266150
11217558
11217542
11087494
1101533830
1118306998
1118372323
3266261283
3271319843
3254542625
3233571105
3231502629
3231502629
3248410893
3248394508
3248391452
3235745068
3227292780
1077728364
1144870012
1144919117
1278090315
1294875594
1311652602
1311648506
1311648458
3391901386
3400287066
3399799610
3401380138
3399262506
3399262506
3399262697
3405546924
1249675684
1244498052
1244498052
171415684
168208516
168208524
168208396
436709404
957791500
946776588
955165196
1018071756
753502908
752396972
1816702636
1812512428
1812512428
3959986924
3831020076
3833375276
2708335148
2742016557
2725169965
2733526831
2733248318
2998603742
4070059502
4069010670
4069009646
3537569894
1381633046
1379533830
1111097350
37363714
121249794
75114242
78264834
78252738
212667010
1286408834
1286544066
1219394114
3366909442
3384586802
3399263010
1318887713
1318888932
1318881444
1323075748
1312655524
1312131236
1312217248
236386432
235302336
235285761
235220227
239418642
257366786
81660674
77466179
77220484
76118708
210561700
214739620
105687468
105692396
105688109
105692205
38255661
1112971327
1112967182
1140771086
1090406670
3233679622
3298756870
3432979254
3432987234
3432790754
2359048930
2295651041
2281999072
2349242944
2349242944
2349317696
2353313472
2391057120
2391122608
2391192240
2249179809
2249999013
2184971687
2250770607
3559528618
3697948874
3702138890
1504323594
1537816602
1252535338
1517035562
422314042
405668106
405680650
1478369818
1480861230
1216621158
1220815462
1221356134
1221392998
1267596150
1250811254
1250816102
1250537702
1250529517
1317654696
1180287128
1111081096
1110066312
1076508808
1076509576
2767496
2759305
11025034
11020938
1084763834
1084762026
1101685226
1135501662
1118724366
1118761758
1118810927
1118091044
1118609188
1122802468
1177402356
1177533108
1194303132
1329563276
1327260316
1326195391
1258824302
1264071470
1274557486
1588087854
1588119614
2141829134
2125178891
1521068043
1525267579
1512801963
1511753403
1510704783
1510564558
1510547982
503984422
370815011
346697763
279576625
11141121
11141125
11141445
8065669
5907077
4929159
13127343
8966061
25988589
25992653
1099871689
1100916171
1103078751
1101903215
1106097455
1097700399
1076728895
1077785623
1077801237
1077858597
1077863265
1092543201
1130029713
1115411073
1111181187
36390290
36241586
41496738
1121460386
1134043622
1083777831
1083905589
1085819436
1090058796
1157163820
1202235708
1319746572
1319809037
1315618829
1244315704
1244315688
1245410600
1243114792
1255696232
1267229561
1233707977
1216996299
3431592937
3423192041
3288977385
3289107192
1355479752
1351260873
1352567497
1398722251
1379713786
1379714026
1377599914
1376563626
1376563370
1380504766
306764942
307821710
305880254
1382710454
1122643078
1206529158
3299484806
3299430870
3303666286
3702108718
3702108734
2628620828
2628560412
2628562492
2565647916
2553055784
2554104360
2553728568
2551639564
2614094876
2609703981
2609693807
2609693814
2568930375
2552124487
2621068613
2486847221
2432324275
2428113539
2427983490
2447906450
2435321506
2468879778
2187861154
2196440242
2192179330
3266195522
3270385670
3257720839
3240927271
3228347429
3504843044
1358334484
1356237316
4032207365
4044794373
4062032453
4062020165
4062151287
4061840355
4060771298
4064879331
3779601075
3758629554
4031321762
4039642530
4035448035
4035463267
4085839953
3533367489
1383786693
1379592324
1378609300
1382673572
1391160485
1386882213
1391071375
1382744270
1399457118
1374295870
1441668670
351084086
350764598
342371903
472411967
1010552637
1008439069
739819325
742957628
751346660
747151788
747151548
738762936
1678291112
1678482600
1611307944
1611307688
3762981608
3767192184
3768240648
2699587080
2708237832
2737575720
2720863784
2725119528
3002991160
3000959561
2998670171
2461802730
2460754154
2259162350
2259295478
2259295430
2259237958
2254969878
2267771927
2351620887
2351604237
2355798540
2364187148
2359862852
2297997028
2555942565
2551744175
2551154350
3624847102
3624277710
3641058830
3674615054
1527196734
1531714622
1506548798
411575310
478749902
478885006
210439310
76103070
97070487
105528711
34231686
34292102
34173334
34201910
39366946
1123595042
1118603042
1135382306
1135451938
1119787058
1117686835
1116703792
1120763936
1111851040
1108197472
3255750880
3255751648
3272533664
3226103440
3225971392
3293272768
3293191872
3301586624
3301581632
3231392068
3233292772
3233363364
3283957156
3267108271
3266056110
3287025326
3287025342
3245081274
1093407386
1076655002
1077769114
1077895642
1077928394
1090511178
1086239050
1102034250
1101894939
1106099515
3278748985
3262102813
3257898269
3526332445
1383043101
1987031068
1987031068
3866080284
3995966508
3997149228
2923341868
2854152220
2921231420
2921202668
2921202351
2927493806
2930180782
4020242094
3986689710
3835706798
4105189518
4109379726
1416767685
1348544580
274737164
824190988
824186892
824319244
824340236
624094748
636599837
630230542
668240398
667716366
801737690
