1358699583
1356598303
1372392455
1380910421
1380959733
1376228277
1376227989
1376228245
1912640421
1916834727
1925226935
1656989079
1648536718
1644346591
3791886447
3808593965
3875711021
3842156845
3826690861
3830894396
3763847709
3760014109
3759960941
3760005999
3776787431
3780969447
3813474942
3821355550
3787740682
3787783691
3771001355
3770739227
3762350619
3762313738
3779070475
3775143435
3775143451
2705591163
2739150187
2739223659
2726769771
2995728507
2458857563
2458857562
2190221386
2190226522
2206993518
2211203950
2211273078
2211281238
2211412342
2177857910
2170517878
2170518358
2172615510
2172484439
2172484439
2172517207
2172516727
2172500343
2171451895
2171451863
2171451863
2205006229
2205006261
2205006260
2205006004
2205137044
2200942740
2170534292
2170469812
2202713588
2202709988
2203756517
2187050997
2181938897
2181414595
2181422787
2181421747
2517073571
2533519267
2504154514
2508352898
2492611970
2496880002
2219956098
2215728850
2217834002
2221958674
2242963234
2275468582
2527130662
2527118375
2661319733
2531299421
2522985820
2539816284
2502070220
2486356428
2486430140
2486266285
2486316989
2486310799
2419196302
2423456158
2515599598
2515801134
2544118830
2544118846
2258974750
2259028234
2259029258
2258701578
2392855834
2392868154
2413838635
2413842793
2414900456
2414875880
3480296936
3478330360
3444783868
1297234476
1278360108
1278425644
204683036
86189836
85994764
354692380
891555085
627964279
627964279
627964279
627964279
627964279
627964279
627964279
627964279
627964279
627964279
627964279
627964279
627964279
627964279
627964279
627964279
627964279
627964279
627964279
627964279
627964279
627964279
627964279
627964279
627964279
627964279
627964279
627964279
627964279
627964279
627964279
627964279
627964279
627964279
627964279
627964279
627964279
627964279
627964279
627964279
627964279
627964279
627964279
627964279
627964279
627964279
627964279
627964279
627964279
627964279
627964279
627964279
627947895
896384375
896382454
896381430
896381430
929935862
929936318
929935550
896381118
355318970
1462614203
1429059771
1412102287
3572169103
3573182383
3568850623
3568842378
2632528590
2649302750
2649433726
2414552638
2398627630
2398626094
2394431534
2394435646
2327392318
2327523647
2344178495
2348303935
2338850367
2338854523
2338862970
2339972474
2340103418
2348512507
2348536987
2348416137
2347285641
2305342600
2305342872
2301214104
2368312712
2368378264
2675615672
2642323436
2642323437
2641794045
2641867773
2637673309
2637673279
3174478383
3212228143
3212754477
3221093933
3221020477
3212631837
3178815257
3157874459
3157997370
3157931834
3162117950
3170833774
3166508526
3183219950
2646103230
2683851911
2683958407
2675701125
2675619716
2675619796
2541463524
2540234740
2540238836
3043882996
3039786740
3040827124
3023505140
3025623012
3033880036
3052760436
3048434972
3052662540
3052529420
3044075068
3077633580
3077625709
3211838831
3212008814
3211939310
3177598462
3173152222
3173148062
3177395614
4250948030
4251996598
4260418806
4260492502
4260619346
4260602882
4252150786
4260539410
4259494962
4259486995
3177627393
3173449281
3173406273
3173451379
3173450338
3177513762
3219403042
3198428450
3199476790
3200066566
2596219910
2596105222
2595814687
2612581693
2616755513
2616760121
2574816825
3111761497
3107714651
3107710587
3107682283
3111867882
3143308778
3151697018
3151574138
3126342682
3143128074
2606330890
2581263370
2650469659
2646253369
2648280696
2681773784
2673393372
2656681692
3193683700
3191510772
3191518964
3208304368
3074086640
3040532080
3040532048
3040593488
3044794192
3078217008
3019439392
3019439457
3019505011
2984967507
2984959954
2959859666
2959663074
2758336482
2759384546
2759450098
2759589362
2759458034
2776235122
2809920626
2809854978
2809854978
2809848834
2942035234
2942002467
2943972709
2943973236
2952361588
2951437916
2952486492
2918809308
2918743772
2908258044
2908551144
2908551145
2908550651
2942133659
2941740443
2941746619
2941738427
2908188059
2916509087
2899735007
2899775710
2899640574
2765426814
3025612862
3025547294
4118160398
4118166798
4160109838
4160100622
3623291214
3618917838
3589555422
3587490270
3587494350
3570913742
3590246782
3623874926
3607060782
3607048510
3606782238
3606783263
3606658872
3757653800
3581418024
3564658216
4097365816
1949881160
1949864392
1954054552
1954054329
1417188527
1416207527
1412422838
1412324738
1412839299
1412839059
1433806497
1475487408
1452418944
1452488064
1456543104
1458635152
376467888
375415200
375415777
1046505441
1063283557
1063287591
1063451415
1029880085
1835187508
1843508260
1843434556
1843435292
3990918684
4017143356
4010850876
4009855548
2869071421
2936184431
2902644590
2886878310
2888893542
2892432502
2900757622
2897091814
2913877350
3215670646
3198762310
3198893122
2679862338
2683856194
2683888977
2641946560
2637887424
2671433664
2675628017
2658852849
2675701203
2684056915
2641981718
2641981495
2490986543
2499350829
3570996536
4126687032
4151851832
4151909176
4282059064
3711633720
3711437912
3698855114
1551631562
1484521610
1493127578
1493127610
1505170346
1504850863
1504866740
1236496804
1213325472
1208018144
1208001776
1208004033
1208069571
1212399554
1212333762
3653418690
3670196034
2664603394
3201469954
3203632657
3199307312
2930814496
2932911648
2937105952
2937101860
2905902636
2771684652
2771176492
2771176573
2771340541
2771258623
2905480446
2943237374
2951626462
2951626462
2947497694
2880249462
2846375462
3114811190
3098027030
2561156102
2561156102
2292737094
2296968389
2313796996
2340011396
2340134788
2322243460
2402983828
2402926516
2671294372
2671355828
2636817812
2674566612
2675617268
2675879284
2675965301
2671697173
2671697159
2638140679
2503931159
2507069271
2515195767
3047868405
3048064740
3052181220
3044849396
3044845268
3026166484
3025594068
3025659508
2759186020
2771701356
2804205164
2804207148
2804219708
2808414013
2816867647
2783419710
2783420286
2758252382
2754058078
2770719582
2770715006
2804273262
2804806766
2808996926
2809134110
2809068606
3882810427
3858691131
3850368025
3850368025
3848230233
3831455225
3831439289
3831447485
3973913245
3973914260
3973914292
3973914292
3973396148
3985974992
1874011728
1857233664
1857250049
1790042881
1794155267
1783670035
1778427187
1795210530
1761647926
3909336374
3892493606
3896680230
3905068838
2848103190
2848099078
2881592069
2856385333
2856382260
2856547901
2856534637
2924938223
2952724910
2914582958
2913539262
3165142206
3169328311
3161005204
3161007492
3156813700
3156878020
3161073348
3186501444
2683191108
3752270292
3752008180
3756071413
3756001702
3756006838
3714086358
1600188886
2132848982
2132914450
1864605954
3982729474
3983650066
4017142066
4012947761
4010850608
2920520496
2920480544
2803029541
2809284135
2784445990
2780579366
2914534694
2914536502
2914573334
2918800466
2910485570
3157929026
4231736387
4231670995
4229570019
1549409763
1553600498
1553604290
1570389698
1337605762
1337669250
1323923074
1323946626
1324077970
1324086162
1336538098
1337586675
3451446113
3455640096
3430475300
3428380204
3692620332
3709729336
3709853192
3713846792
3749496344
1602012985
1568457595
1568461179
1568462330
1568208378
1576654330
1576785402
2112606715
2112606713
2146160857
2137780441
2137714905
1584329945
1581182426
1581182458
1581084154
1581018554
1583113658
1591501242
1587409338
3735015598
3737047213
3736461500
3756302548
3743712532
3475213588
3475169025
3475171843
3445778962
3455478322
3455458850
3455977266
3455797074
3455664594
3454779859
3320575427
3312178625
3312180673
3429498769
3425693617
3429855155
2356098963
2356090834
2365394930
2365398498
2377918818
2411472930
2410440738
2393762898
2397942979
2397877457
2397877409
2390537376
2675741856
2657976544
2653393252
2653335828
2653336324
3206981148
3211175468
3186028076
3169836588
3169635897
3095184953
3094923129
3094926841
3103323625
3103380969
3103376889
3111769435
3111122203
3144611083
3144414490
3145331994
3145327930
2876892538
2885268986
2952502714
2918944187
2918812857
2910428312
2910426264
2889871516
2754601148
2754572732
2753958309
2753966823
2758158054
2783330038
3890683606
3869588422
4137958854
4137950358
4137950391
4137948340
4158928276
4151653844
4116805076
1969317332
2103471572
2103504373
2104618483
2104754131
2104729427
4235435603
4243830291
3975264049
3970021153
3990986033
3990994192
3978411280
2904669232
2904800288
2905791520
2905791520
2905736480
2909930336
2908947057
2917339763
2946699894
2946569782
3198426678
3131316534
3131840526
3132037134
2611952654
2612749322
2578997515
2583229195
2566452025
2555959081
2555959145
2556033001
2556033017
2558121945
3095122843
3109737371
3139098010
3122320794
3193691578
2656827834
2681862334
2648304830
2633559230
2633560246
2633617559
2625228981
2625368244
2674844052
2658072192
2658033344
2657508048
2653240017
2653170290
2669686054
2673878054
2682590262
2682721294
2679051278
2679989278
2679924014
2578998574
2583196991
2566409597
2558021117
2558090237
2558213117
2558214109
2574991309
2340108127
2348487647
2348495359
2348294647
2348311783
2314794231
2314796215
2314837141
2314976661
2340076932
2340069332
2339084244
2339354612
2670573365
2670564645
2670691637
2670640437
2642324757
2646519604
3183326772
3166475828
3170408060
3162015468
3157888748
2888470252
2905247469
3207321966
3207157814
3207404566
3207535634
3207478290
4281214002
4285408306
3756921906
3719169297
1437474561
1420697152
1153310272
1157488192
1165858625
1161672017
1161671793
1430099185
1434424817
1979686896
4127170544
4160592880
4152212432
2805840336
2805841392
2805857761
2805759971
2805739106
2809933414
2818324198
2813869798
2812812966
2812812726
2812828822
2813910165
3048864900
3053186176
3040735104
3040804544
3040276176
3039227616
3076943584
3085246176
2816478881
3084914594
3076525474
3042974898
3042981042
3043046546
3043177666
3177325634
2623677442
3697421314
3722521858
3718326530
3751885074
2409838854
2393324806
2326740230
2326271286
2330476838
2330509630
2347286815
2305422685
2305422685
2288639357
2288635260
2288770428
2305556316
2305556317
2347433821
2347425741
2347491293
2347341807
2348332527
2339943789
2306381161
2306454873
2306580573
2305536093
2573959420
2557067772
2557080044
2558260140
2558195372
2642083516
2675695512
3212550105
3191578585
3191586137
3189488905
3206259979
3206276891
3176920891
3176756799
3155760767
3155756799
3155887846
2623210982
2631468198
2627278070
2577077442
2610574530
2342134978
2325357634
2329621842
2325226786
2342006562
2342023014
2312695654
2312697718
2312738775
2346423253
2413531540
2413401012
2415433644
2650314476
2625216228
2489949940
2485894868
2485829332
3022692084
3022954212
3022978788
3039286949
3039282855
3072804790
3072546742
3077789138
3077797330
3086049618
3086016818
3085985046
3086050326
3069271094
3069271078
3067182118
3067239442
4283569474
4246077762
3692171714
3696431602
3696439522
3704689762
3704751106
3721540610
3738330114
3734070530
3734107442
3734361894
2660562470
2677855854
2683881195
2641938427
2641938395
2641991129
2675680761
2675697145
2675701723
2675701723
2675832667
2675799931
2675798907
2675528507
2650370347
2650502441
2650404153
2649355385
2632578137
2632553561
2642118105
2642118105
2642130425
2675697145
2671502809
2671441369
2671408633
2675586553
3212457977
3178977275
3187234539
3187176427
3187210203
3187205577
3170678233
3168581113
3160255993
3160391129
3156188537
3040860029
3040802687
3044959231
3044946943
3045012415
3044873127
2516518823
2516518823
2511802325
2510634949
2510646725
2514871621
2506220869
2506159477
2640376119
2640442679
2675176758
2675143974
2675127614
2675258686
2675381534
2415271198
2382241086
2378111294
2377911614
2344098846
2348291098
2331521050
2331709450
2331709451
2331594779
2331558249
2323174761
2339962089
2339961337
2302278105
2306472409
2306595163
2306596170
2306604362
2337989914
2346378554
2346444602
2346252090
2346243643
2348340795
2306364987
2306422331
2306422315
2306422315
2306414379
2305365289
2305373289
2313753721
3387429961
3387438281
3379133641
3379166665
3379296729
3379263867
3379263867
3412851035
3412851163
3379293659
3387536857
3387535865
3387527609
3387528632
3387528636
3387528636
3379140028
3379279292
3375019452
3375019964
3375015836
3408568984
3745232520
3745035912
3728260760
3728457624
3728406952
3726309800
3747502312
3747499209
3713408331
3646371082
3645978394
3629200938
3629200938
3637589802
3637522730
3381665834
1233133594
1233137674
1233138698
1233136904
163854620
163907868
155540316
151354236
151345500
151345500
151484764
419785084
956692860
960350580
627964279
627964279
627964279
627964279
627964279
627964279
627964279
627964279
627947895
627947895
627948981
896382389
896381367
896381367
862827191
862828214
1932377782
1898822322
1898298034
1898297778
4100373922
4108776866
4108773314
4125573698
3580171778
3563400722
2485467666
2485463858
2439260450
2430875682
2426738706
2444039219
2477535281
3267186688
3267227648
3266871536
3271065760
3258483104
3275326368
3508504224
3491667617
3491543699
3490507399
3511212935
3520748933
3621416325
3604637125
3604686325
3604489709
3604772847
3604772735
3604866878
3621627694
3588011814
3571234070
3571291399
3571356935
3562968085
3562979377
3558789169
3558764657
3558740049
3558805617
3558682976
3579783012
3588168292
3621653076
3602520644
3602860608
3338522176
3338457713
3337937765
3463766885
3463737701
3461759269
3461756181
2396400896
2413717760
2375900977
2224867185
2226684791
2230879207
2499326950
2516104614
2505872550
2541585590
2520745142
2520748182
2518610070
2535383510
3609126870
3579768566
3562958422
3571411526
3573509702
3590127382
3623673111
2524761365
2524962069
2524902676
2541680404
2508116564
2508051156
3028144884
3026023157
2488235709
2488024749
2495896301
2495929325
3049585005
3083201631
3067454479
3067392031
3063185467
2996146538
3001004522
2992486126
2988232430
2988232382
2719899294
2722003454
2726193407
2730249341
2729794637
2998346829
4065797317
4078379141
4027977911
4032172455
4040562343
4103472807
4103409303
4035983063
4040189511
3497064199
3514017543
3555960590
3622940190
3622890078
3622890222
3612377071
3608217071
3574792317
3577086029
3577085965
3581288460
3588629820
3619060013
3619158333
3602250061
3623202255
3622090191
3622076878
3581706746
3581915630
3577668974
3577668910
3581859134
3580876054
3588748055
3588715269
3581366869
3581346389
3562345073
3558089571
3562283363
3562370403
3570912370
3571353666
3586038018
3602885890
3606951171
3597501203
3593306897
3611132725
4114477860
4097734500
4097802084
4101794276
3036440997
3086826902
3070104966
3061252486
4134863774
3598013422
4143211502
4139049838
3080056635
3080055609
3067390268
3061098524
3057432588
3056442380
3056505932
3056500940
4134437324
4151214509
4118786469
3044860325
2775962853
2775962869
2776102005
2775016567
2775868711
2759075174
2758096502
3026595526
3034725062
3034647270
3034585830
3034594286
3030416894
3048234198
3081827398
3083919686
3075531015
3071340823
3071333669
3071374629
3211949348
3187045668
3182843188
3186969860
3178520388
4250169156
3742855029
3746002933
3729217407
3737605983
3738588494
3755414862
3621066015
2505848127
2505844031
2505914175
2514427707
2510245691
2508508473
2508508457
2509026601
2513215801
2546836237
2546971421
2546970924
2505036132
2488124900
2483899876
2484034036
2483977092
2485018245
2489220807
2499696322
2512245714
2544685282
2527891686
2527900902
2524751079
2520753239
2520683589
2520679429
2537484309
3040862263
3024053351
3028237670
3036352494
3032025838
2545486574
2528972534
3607041742
3606913614
3606655598
3606647151
3602391260
3606864028
3598508188
3608999068
3574521228
3557727628
3561983901
3570304927
3571382223
3573477135
3572498207
3589078845
3589074733
3589271333
3622303541
3622159125
3623174525
3614462327
3614462311
3614470503
3574620519
3562235222
3696645958
3705065222
3705068310
2631399702
2650126646
2650062134
2675225911
2524217621
2522186516
2681635452
2681647740
2680611388
2681726572
2681528173
2673114991
2673113454
2635405690
2635925978
2619279818
2623409610
2631796175
2627080669
2629251549
2645848156
2650071164
2647711780
2639307813
2639373365
2638327285
2671881685
2655235975
2655180423
2655176375
2667726503
2667648934
2634491742
2639672590
2633368862
2628738366
2628545838
2645323054
2650078574
2637481294
2669139407
2668032463
2672222663
2647057621
2646992101
2647979237
2639633892
2635582901
3172388741
3205955207
3210126983
3218581143
3218469559
3210007287
3207886439
3207882535
3195305255
3060014119
3068468279
3085251591
2506563591
2499158279
2499171095
2492908087
2492974647
2492784231
2508517222
2512694630
2537917494
2533788758
2533803079
2500260931
3574522049
3561939392
3696117712
3704506096
3704379056
3712755425
3712755441
3645777623
3680376519
3680372310
3688695414
3655087735
3654035303
3720636279
3712349685
3712470453
3708276117
3708267909
3745885573
3754014087
3737376149
3728921493
3724727189
3725771381
3748775717
3614496549
3052463911
3047220527
3047204159
3048714559
3048706367
3051323703
3041707255
2483616951
3020441783
2953513397
2970229173
2974431925
3017686677
3013482117
2476020357
2475950741
2481980391
2448449903
2430624046
2430657598
2430658622
2447505470
2439247918
2472724542
2455948302
2465654030
2532765967
2549596687
2549465709
2507522797
2505426669
2505177021
2538728861
2538712477
2547233997
2538779853
2505290959
2486296701
3559973933
3560011133
3560066397
3560075221
3581046741
3614580629
3614644101
3612431303
3620815351
3589394726
3589337382
3589300535
3589596437
3623216413
3623345469
3606498605
3606957357
3596473725
3596482013
3596481485
3596608459
3613389467
3579811515
2489290426
3026164730
4099775482
4101868378
3044904282
3044390170
3085279519
3068502061
3060068397
3191099437
3191156799
3191219286
3208000886
3178634726
4257091510
4257091478
4240250774
3719575478
3719571383
3753140629
3757171141
3729830212
3727733052
3744506156
4113671452
4096960268
4096958216
4096953112
4096838649
4101299177
4107591595
4107783659
4124562927
4124562719
3075953935
3056952607
3056870781
3059033573
2530612709
2530608565
2530609045
2512721813
2496078485
2627089111
3432382983
3300737815
3316408630
3349472551
3336891431
3328490535
3325532223
3611199695
3575548303
3558247309
4095119245
1951829661
4107769580
3855914796
3881074988
3860111660
3860111661
3860128037
3994444583
3996517166
4013293934
3984461310
3857516718
4104915118
4105111966
4105050511
4105056143
3569100429
3585894029
2510087837
2514284205
2514480749
2515992109
2448805421
2447656749
2447668509
2179278109
2179404863
2180320303
2178157615
2178356543
2174095647
2174177630
2173989887
2178175935
2211760059
2203371933
2270550429
2266331549
2199353501
2199279709
2199287053
2169959183
2227106318
2226037278
2242748974
2242679598
2246870382
2272036334
2268959998
2269035678
2535369950
2534906078
2535446751
2518603967
2451503551
3529436573
4068371868
4066323588
1914516612
1394357380
1362498980
1344668580
1348600449
1357075011
1352720915
1352704562
1352704546
1369481506
1373675826
1365417991
1432531975
3575831815
3577137415
3579300671
3579173759
3612670959
3612671999
2547308255
2547270367
2547368671
2509763503
2509693871
2492981671
2497049047
2488586711
2488587767
2484469221
2501373925
2505566581
2547379541
2547838303
2547905999
2539640287
2541732350
2541601262
2539508207
2522571775
2522572751
2530834333
2547873725
2549970861
2508019181
2508145119
2424193359
2424296718
2490360846
2498620718
2498619686
2515515686
2515504134
2516554759
2541584387
3615277105
3608989729
3609194529
3575542065
3575517505
3558736837
3562933911
3579648695
3587979942
3621530286
3734780558
3734781838
3734795663
3738980831
3741110397
3757953085
3723358269
3563774269
3563743005
3559538205
3559594621
1412963949
1433941757
1433941965
3621523917
3621524953
3588052349
3588095087
3621649711
3623726414
3606947086
3602874638
3602809103
3619602815
3590242669
3579633965
3562824493
3557648189
3557785373
3578732301
3343851277
3343867213
3344659551
3344524543
3344528607
3344519375
3313418639
3313418639
3317618575
3317679775
3316958879
3316965359
3346333679
3342132719
3342132719
3342262735
3344359885
3621180383
3621770111
3588026991
3588022893
3588027245
3587999597
3588005231
3579636207
3709102559
3709304199
3709238662
3579237782
3621175782
3620979190
3616601046
3620790871
3620791893
3620791924
3614697460
3581039060
3581034996
3578871924
3578875965
3578819631
3578813487
3587242286
3587238206
3587434766
2547186446
2538798863
2681729615
2513814239
2497561343
2493498095
2493240303
2497246703
2514023917
2539191797
2534997445
2535122373
2535122821
2535384981
2673825701
2673690551
3210565079
3210565078
3210569206
3218957686
3221218615
3187668311
3187496279
2684114391
3749475319
3748930558
3713360894
4250300926
4258689514
4124562730
3079981355
3086256443
3061094665
4130650377
3593776392
3594315080
3611181384
3692970237
2623422701
2627600485
2629636389
2629580087
2633772823
2633837139
2642308723
2675859138
2550023874
2533344962
2533214162
2528957922
2528417254
2532621542
2532634087
2520051159
2520702917
2520663621
2520651269
2537502261
2508006181
2499289391
2495107119
2495140911
2511903807
2514000927
2513997070
2512961359
2508762783
2513168063
2504681151
2501514943
2501513127
2503609765
2508069031
2516461719
2516199557
2448112837
2213098501
3286774788
2213045524
2213142836
2213540640
2209084192
2208867105
2176361265
2176689955
2178778915
2203878755
2202846690
2203043254
3276694935
3277726871
3244172439
3239982239
3240039903
3491133390
3493260878
3497442831
3571760655
3567561231
3584334623
3756367647
3732324126
3728140062
3726529310
3726312222
3743101294
3713753446
4244235750
4172862950
4172852678
4193821891
4294485185
4275745984
4267357264
4267357296
4263167088
3191854544
3074389968
3040769761
3028180705
3036548851
3032353473
3031767744
3034872384
3043257168
3061083488
3061114208
3069567332
3069440852
3082011207
3048719062
3052926694
3027533542
3028045542
3040611750
3074170038
3074237574
3078497422
3086886094
4160625886
3590262014
3589749854
3589745742
3589762062
3589534734
2515567630
2515567646
2515576111
2515642159
2515709503
2549267997
2547418644
2547353364
2522136892
2539405628
2535277948
2501776892
2422087165
2489204653
2497601471
2489079231
2489111999
2488571039
2487530703
2487526479
2504369231
2537991199
2534866301
2522275685
2522240629
2532722261
2533245653
2549957365
2516345573
2491180007
2491180519
2424307189
2424233429
2432621781
2448872517
3547844613
3547676677
3547680789
3547820071
4084687151
4051035950
4059561518
4051160638
4082470494
4082404942
4061435726
4061450574
4128592206
4128649599
4132839791
4158006061
4158010153
4157932313
4158460697
4124849945
4116478233
4118604281
4118587867
4126980491
4126968203
4093413259
4083975051
4067263371
4064186779
4063686827
4067877099
4082589807
4082590759
3781057559
3763820823
3763829015
3764350743
3764352517
3764384261
3781087749
4048405111
4047815399
4047785638
3041152678
3083094438
3079948454
3082173606
3082169591
2545296583
2545312839
2545313095
2549466487
2549139303
2540762933
2538726167
2505306647
2500982357
2505438781
2505430845
2505432381
2505399613
2505399357
2505399357
2505407549
2513829181
2513954109
2509764477
2547500927
2547369695
2538981087
2522216439
2518021623
2518021623
2534794471
2501341431
2488692935
2490790343
2490783191
2499237367
2488557047
2505866711
2505862615
2539486717
2474474941
2541582269
2549970845
3053418397
3053451167
3050829758
3044406718
3044324718
3039864110
3039866134
3043208470
3043141398
3076777782
3076780855
3060879671
3060990261
3195147365
2664567909
3201697125
3218556260
3214267732
3180719364
2516053252
2499262724
2490732340
2485505588
2485638676
2485539332
2506510925
2649162495
3182711790
3182720174
3182722222
3182741694
3187132622
2507315407
2536701005
2534599692
2517820684
2518082068
2518053412
2522231332
2547397237
2543203031
2543126246
2511603686
2515799526
2515799526
2505391574
2505452998
2488675654
2505518343
2505520407
2237076757
2245472597
2245341525
2245341525
2245357943
2228572527
2362725743
2354339182
2354968958
2355034462
2350840142
2371812814
2405357006
2405388750
2404872654
2404872703
2404725229
3444838893
3444580844
3426756092
3426821596
3288540620
1141317580
1141315532
1141249997
1292261197
1298120973
1339917599
1608361023
1591585855
3739003951
3754200429
3745810285
3745944284
3712398028
3695682268
3691307620
3691258404
2550407717
2550607399
2555779878
2633893942
2633893894
3723365446
3488486598
3467444422
3467198678
3467362502
1269469252
1235858548
1215867940
1211673636
1211739188
1564128260
1597673536
1580105793
1580171730
1580175858
1580136354
1581180834
1585407907
1602041731
1601509249
1442125745
1442121713
1425348593
1425352176
1425286624
1156916449
1152856145
1152843843
1172766787
1173180915
1206346723
1206380531
1206376403
1140182931
1131798417
1131798401
1098373057
1098241989
3311777140
3320096037
3622151461
3622150449
3622146323
3596976439
3598037303
3614943031
3614883703
3614875511
2537021431
2537019383
2541089751
2540983175
2549371831
3086311847
3086312935
3084219879
3075822935
2507436039
2507497478
3589763383
3589788967
2549597991
2541084503
2541088071
2538995015
2539118037
2513950197
2513958871
2499277527
2499277527
2499146487
2505372135
2505372151
2505437431
2539122935
2538959095
2538960375
2539083239
3612761591
3612761558
3581107654
3589363158
4126176503
4125127159
4150391261
4150515549
4151572348
4151371372
4151371356
4151567948
4151497292
4151558781
4160017263
3086251311
3086247214
3086314543
3086482495
2541214783
2541208863
2507624775
2490790727
2490782534
2488751094
2488358886
2488352246
2488478198
2513599830
2513657174
2547110214
2542858582
2526081335
2662396199
2683360549
2674973733
2637224997
2637298805
3711095873
3742553537
3742519745
3595719056
3604115888
3620958608
3620753808
3578818992
3560990692
3562237668
3562172004
3572718133
3589398037
3584425479
3584423430
3588542982
3571766038
3563438902
3559245094
3560297830
3581406438
3757499606
3740726471
3740778695
3732259287
3732205925
3732201829
3614959463
2541158261
2505563973
2505563973
2505440757
2513827317
2513957365
2513949141
3052913109
3086337013
2549478375
2516444135
2516445031
2506980661
2490194197
2486040839
3022911767
3027107127
3027096886
3043808534
3077558598
3060715846
3070153030
3070153046
3061831030
3061343735
3078120935
3078383077
3042932725
3051313109
3050788821
3084343255
3084212215
3084219895
3075765590
3041951062
2505108791
2513567031
2515787061
2515785525
2515654420
2541090068
2538987860
2539123060
2538787168
2505294704
2505163376
2505405045
2505536119
2505519702
2505380694
2505315710
2507420782
2507414634
2650086506
2633440346
2629778507
3569167689
3573300552
3581705672
3581695960
3615478680
3606508472
3606557113
3612836269
3579150511
3557073071
3557074159
3561269487
4098340975
3578169695
2505493839
2534825807
2536973919
2541163135
2548957935
2548499183
2544138223
2544137717
2678388181
2666001861
2667050437
2658526549
2675242357
3748980197
3749176805
3715523047
3715527031
3715551607
3715614037
3715618053
4252364053
4252298517
4258573623
4258641207
4260869398
4252471350
4252471414
4246196342
4246197366
4246205558
4246207574
3981965686
4015520742
4000829046
4009741894
4001354246
4269658886
4269568798
4269630270
4286522158
4286519087
4294772591
4259123045
4259143637
4254957012
4242304452
4241878404
4233557380
4250322309
4250392533
4149540327
4149502439
4267143670
4285927894
4285993334
4294250854
4260656487
4239684919
4241843479
4241978655
3705099549
3724001629
3715617101
3715626829
3709171581
4245978733
4183060077
4182998591
4224900639
4224962078
4224964110
4216452622
4182894086
2035414327
2035413093
4181840101
