971881142
971373303
971339509
2046177901
2035430253
2017599869
2017460569
2017488091
2017491163
2025912778
952162762
952295371
943906763
2017642187
2017578955
2034487291
2067983723
2059627881
2059625821
2059563853
977470285
977339181
2067816745
2034262379
2034360427
2034498795
2042673403
1774237835
1807980939
1807915915
1799528073
1782679179
1778483867
1778811563
3926369002
3943162410
3943163178
3914843434
3916940586
3925767994
3925796618
3923699211
3957118584
3957114600
3957114856
3948464120
3946563544
3979989976
3979924216
4013519609
4017775594
4017776106
4017712298
4009327802
3892042939
3887844505
3858613385
3858613640
3833525192
3833520712
3833524856
3846042217
3879690793
3879100969
3865383211
3865837867
4008443946
4008652826
4025430042
3991688218
3974913050
3975019578
3975081018
3975150618
3975005451
3966752585
3984519752
4018139736
3948704488
3931992808
3932059624
4017780201
4017640955
3984086490
3984094682
3992712666
3992572378
3992573402
3992692218
3988498409
3992565480
3833104088
3829057224
3845838536
3845845752
3846034412
3883684840
3883872600
3850318104
3850178872
3966570792
4243205176
4243204152
4238882844
4255664157
3735571469
1588200463
1584017423
1579819039
1579819023
1458188298
1453994330
1470787306
1471769258
1610152618
1563986874
1564249482
490509706
1010086858
1010074122
1010205242
1009963562
1007936042
1007772202
1028744234
2059756602
2055500858
2056016922
2056250394
2055988315
2061105016
2044233320
4193881848
4259880664
4259886744
4293433240
3219752376
3203060664
3195728616
3061568232
3074052712
3040498217
2759483963
2759684666
2759620202
2759646570
2766981354
2766981562
2808926106
2787989130
3794694794
3794428554
3798561194
3802755242
3802812586
3819599033
3823789208
3816547464
3812353416
3812141000
3816335096
3815347832
3781856888
3781860921
3765089833
3765031467
3765162523
3760869898
3777647114
3777499434
3777500202
4050132010
4058716222
4159322142
4138350606
1990867982
1453993998
1588146190
1474899982
1416245262
1417286622
351936159
486218429
500767405
525937341
506997645
507256205
507249039
527696250
1038566186
950268458
951116330
955310890
953459002
965058618
2072818730
2056035370
2055976986
4207589835
3947469272
3948514232
3950676632
3949629064
2859173528
2859172536
2922091256
2922111608
2938761768
2905101096
2892563240
2766812728
2766810632
2766809608
2766675768
2766671212
2762491119
2762753210
3031187898
3035382170
3052295066
3077206458
3060430266
2993355962
3001744538
3001743498
2993417353
3011112072
4084835720
4078561160
3793282968
3793344424
3793666984
3812541353
3816735661
3791508223
3782038110
3765326350
3765396234
4029441338
4033625130
4050393130
4050524186
4092476426
1928211722
1927951370
2007564506
1471676602
1438126267
1419665545
1423892684
1414502172
1409586732
1946453540
1946191396
1951577876
1968350220
1716694020
1846713348
3993210100
3993214116
3993478308
3859210669
3864523437
3872735919
3872719535
3797353134
3799323566
3816040366
3782488039
3773246167
4041616069
4041617093
4041686725
4041479893
4033090551
1893990566
1893994662
1894195382
1910907086
1910902990
1944519758
871105598
871134250
870642731
829203739
812426505
879537944
611303192
636393752
805215288
1859951704
1850519753
1846390921
1846452361
1846468793
1829138861
1679692461
1681788589
3832483501
4109176485
1961633462
1957438150
1957437958
1957433622
1890320422
1907127342
1924131854
1924065359
1387169997
1391365324
1449951644
1982648796
1982656824
1999422248
1970172712
1903060520
1911449129
4092526089
4091924233
1944373083
1977927611
1701103290
1970591419
4113036985
3878025145
3878540728
3882795256
3882799224
3891195961
4255965499
4255965978
4260094730
2147149082
2121950250
4269372458
4268228650
4268245050
4276842586
4277821514
4261078218
2088435082
2088491658
1560005307
3703295656
3703297788
3703104460
3714605516
3743969340
3727314988
3727315244
3731509548
3739898652
3735974732
3740235465
3748482747
3694938794
3694946986
3694930618
3699321499
2632916617
2628519624
2628518520
2628522536
2683072812
2666520621
2662326319
2661851190
2661851182
2661854254
2667415658
2654832874
3057223865
3074132616
3021645448
3155878536
3160072841
3027854074
3022525034
3022521130
4096263210
4096265258
4100601882
4108991498
1957309450
1974150153
2112623881
1971083033
2004875129
1971316203
1971164602
2004649402
2004648858
1718387610
1714198425
3861681592
3861679528
3861814632
3849238328
3991577144
3987399224
4289389369
4272513322
4277690410
4269285418
4265088042
4264166442
4264166602
4268389578
2130339210
2147153546
2092562057
2096748169
2096875160
2095825884
2095698780
2095640892
2087477548
2088509740
2134843688
4265489704
4269675800
4269673800
3731754952
3739945608
3718793912
3703077560
3703074489
3702023867
3567997610
3572318890
2498577070
2490225647
2502812015
3610108207
3598508318
3606896910
3734889502
3737056298
3741303850
3732783146
3728261178
1597752330
1547355210
1547362250
1551555275
1558968985
1558773432
1567155608
1562964120
1596510360
1596584152
1564139768
1568334184
1441456936
1470821916
1458296396
3605919304
3740096216
3731687160
3748398825
3693879273
3697555945
3706141099
3701894555
3701794203
3701797275
3701768698
3714876394
3728519738
3728581178
4265584410
2118100026
2117071914
4264542250
4129964058
4146724939
4230611144
2087322520
2096771800
2092639960
1958307400
1957199368
1957231131
2007562858
4071143914
1927847098
1919472778
1915273354
1916289162
1916428474
1916412074
1937383594
1962807547
888995865
889011513
888613432
1017457180
1017388605
1017386557
1021596187
469234186
441967370
440721690
1514447978
1514450026
1531295850
1540340762
1523495946
1519030603
3734667720
3734733784
3736635064
3757612712
3580476072
3576339128
3576352696
3576316415
3576234038
1428688934
1428762662
1345200166
1357783351
1370107413
1455053316
1455118916
1459211916
1446627212
1446527388
1446793657
1430025641
1417639337
1425997736
3569286840
3569153752
4105741912
4104692344
4243104296
4293435944
3739853371
3739935498
3739930650
3731570730
3727163434
3727228970
3727294522
3727306761
4285145352
2095735304
2091610824
2092488392
2092489371
1958329002
1958324906
1954065066
1882754746
1899545994
1933066378
1915371658
1915367594
1919819946
1944985771
2013147273
905773528
888936248
888946232
1021786680
1017461305
1017409083
1017405978
971371274
996537098
458551610
457498986
458089578
1531899002
1540095034
1539961915
1535815944
1536856776
1570408072
1555599032
3706227368
3706235560
3699092393
3715804346
3711627482
3711844366
3710779406
3693477918
2355503143
2359698212
2360747556
2360753716
2411007500
2327055948
2331266764
2322908876
2322969544
2320802792
2320802793
2320806891
2337575786
2304759658
2306864954
2290083674
2289952090
2289882458
2373763418
2357182938
2357187018
2357196251
2357196218
2357196218
2625496474
3699176858
3573323162
3573453722
3573461946
3590239146
3580736490
3580744026
3610235146
3610177803
3593396505
3593396504
3727614232
3731780376
3741140760
3741271816
3737012056
3737077752
3741075432
3732428776
2658685928
2671276920
2625266968
2633688376
2628511032
2628375865
2628305211
2632487739
2632487546
2625213050
2642072314
2637886186
2486925034
2486793643
2486785211
2490979483
2499302539
2495213707
2494230666
2498421178
2498409962
2498336746
2489947994
2486161690
2502947098
2502914330
2670605082
2653827865
2658021944
2666477112
2663200312
2663212888
2663146968
2598171896
2598163688
2598171112
2606756857
2573103739
2623492731
2625581626
2625311546
2633831210
2633773354
2633774394
2625467418
2625625098
2625490266
2625428954
2490758603
2490754953
2499081097
2499592857
2432586427
2432578218
2432574122
2423075818
2423066986
3496678522
3496678490
3496678475
3245290507
3240973323
1080935691
1080939851
1349498331
1349366267
1349358559
1349489631
1362006749
1395569373
3526275804
4063212252
4063139580
4067407596
4067210988
4067206892
2993469052
2741876344
2725099113
2725098105
2725106297
2725074557
2725058159
3815587374
3815587630
3798941502
3798938942
3798798398
3807129646
1928081454
1923944510
1924083774
866676746
820535306
887655434
879344507
879343995
887798105
1953152329
1885972297
1902674504
1932366552
858747544
841954968
573521592
1647147433
1659664555
1655536810
1656049802
582348938
584364170
575713722
570470826
1645240746
839934314
842162474
854728750
1940267302
1890005255
279187717
279707916
8257852
276718892
276754236
1425980172
1958644488
2108525320
2142013896
2129436139
2116333802
2116333818
2116383226
4263973866
4280681067
4230361707
4239794921
4238815209
4255399401
4288951755
3735318730
3592765642
3324446154
3324452810
3240508042
3223726778
1088826026
1352937130
1436821130
1185678219
1319895480
1319375016
1315188904
1310990440
1311121464
254225421
254552333
489433375
426515775
435060031
435088701
167570780
189582748
168598964
168661296
168669488
189772080
156143920
206471440
203399632
203079552
202030976
470457985
471762567
494833286
376803318
1994689838
1990495278
1994695726
1919213610
1914970122
824578058
808321034
1948910890
1420430059
1421490857
3568835241
3518765705
3267114633
3260306057
1111855817
1199608363
1149293099
1149301290
1149366058
1183049771
1178855471
1175898335
1109313679
37405837
37474445
37453961
321556889
338338475
350921387
279553771
279821855
279756333
351069993
359408937
392432665
393087241
1551763723
1560161066
1559636522
3434560026
3434356234
3432829451
3381166971
3666452969
2609619432
3146490856
3146359784
2575868653
2559087333
2555937379
2553905698
2554004002
2621047346
4230619938
4230619494
4243196134
4239001734
4255778950
3735693446
1592486022
1315809414
1319940230
1319403718
1185186006
1202110711
1173762273
1148461216
1142170016
1142294176
1146488448
1096158848
1129516672
1128287872
1112598176
1120969444
1123066613
1118872142
1118020366
1122147610
1114015786
3274541098
3542648874
1395174410
1391174666
1386917897
1386905608
1386971176
1466467752
1999150508
1999280556
2000333756
2000332164
907911557
927769029
856522805
823115815
805687335
805692454
806775862
808871990
895895842
937888290
1991183042
1991052931
1991055233
1995273104
2012046240
4118639520
4110283440
4106213040
1973410480
2140986208
2126309665
1581018146
1579950134
3727302678
3727302710
3727307046
3681177398
3639233030
3636153029
3636067012
3634953924
3635017356
3635147660
2565362093
2624065965
2619871663
3699004334
3705304462
3701467526
3701270710
3705448614
3692857590
3577645254
1462144071
1445376065
1445437440
1445441792
1445380400
1445347616
1428625185
3693428259
3698145827
4243397171
4239203890
3568121362
3618578946
3601720070
3602759990
3606889703
3596383463
1461478647
1461477583
1428050125
1428046045
1948205535
874084319
878378525
884656700
884575020
887668500
891856132
892002316
925814860
910083261
910052775
912152997
1994029477
1994059157
1996092293
1993929623
1993913303
4137259814
4137263910
4139311394
3065570594
2548624418
2507074850
2502872354
2486062962
3026931411
3036337793
3032147585
4256753568
4294505888
4286112932
4281918628
4282021060
3745141957
3711571265
1562326337
1566385409
1576937233
1606291253
1606225445
1606180389
1589438039
1606133703
3753608647
3715728519
4230515845
4230585493
4230986213
4232035940
4097685092
4114412116
3846005457
3779011313
1631400675
1614558114
1618752674
1627131042
1627261074
1622018178
1638272130
1638399110
1671474630
1739632166
1739890222
1737788975
1737791293
1716822333
1712676893
1714823213
3845533742
3828744302
3832942062
3835038398
4103539406
4102368974
4102300367
3565429452
1418994188
1150550540
1152647980
1147406124
1143942444
1143876909
1143874607
70136846
86900750
254739470
254608462
258874847
233717215
149848031
149714942
149747646
149746686
200143870
183433182
1256912254
1256912254
1252779366
1253630246
1253597990
1251496942
1251566254
1251664813
1251648420
1257809316
1312591268
1581026724
2115480964
2047257988
2047323332
1778756663
1846918182
1847703606
1847831574
1697025046
3844770854
3840590887
3987391781
3987227940
3975690228
3965199040
4229636801
4229571185
1954154081
1961430625
1357384289
1357396064
1403729984
44964928
46011456
43847744
47984960
64762305
6181315
8312195
7338915
15530659
15596178
11401858
61668018
44846754
45044659
44921779
44855715
37511587
37511589
34890213
37012775
304139583
308333375
304212798
304196414
304196894
371303759
375501020
383090940
1439138220
1418174828
1418044212
1418038804
3298265618
3304499730
2486626854
2620287526
2351832870
2381188358
2393509126
2393507142
2393380822
2393387734
2397577943
2372412133
2288529828
2297107620
2297089188
2297006224
2552805504
2553133184
2317793920
2317790912
2321719808
2331148801
2328908322
2315264610
2315264738
2600738978
2606039202
2612396194
2611363969
2611399808
2309134528
2305866000
2299570720
2299570724
2299784710
2302026254
2314609166
2310865262
2359820518
2292711590
2292723893
3370655876
3363512516
1212032004
1212038404
1212024836
1210451973
1227253830
254208198
249858246
111707542
245924278
245928374
246002102
246084021
246149540
1316545952
1312353696
1312554848
1311430145
3459158531
3463217666
1323614754
1168433698
1152677601
1150560929
1149516192
1283791008
1167531168
1190540464
1176907987
1176633414
1176634374
1176717318
1176512822
1189358382
1168907053
1152275980
1152041480
3299508744
3299378024
3317213160
2545461739
2549787114
3074074986
3074006570
3073933882
4114121226
4030435849
4030358028
1882858028
1881810220
1882065252
1882065060
1690175652
935200917
1052706951
1052580998
518329542
170332230
170267446
174481958
447570470
532472358
513049126
513049382
1518641636
1518641636
1522836644
3657800884
3641085076
4228025796
4228028228
4232229380
4106416708
4107747942
4109697774
4101243886
3563328686
3559654590
3559726222
1416506510
1424895118
1420692942
1421616735
363602523
95167051
128742219
99439579
91211243
87936426
1430104490
1463790011
1451137435
1459062090
1458339850
1458339850
3605831738
3605848106
3597426734
3614318638
3295551854
3295544046
3299738303
3299279513
3231777416
3231724168
3231772376
3227560552
3290475368
3340806760
3592595976
3592597000
4142039816
4138041656
4138577961
2800591146
2792333614
2804867694
2754527910
2888188566
3962967702
3962906262
3964940214
3834906790
3883927718
3867158582
4136658950
4138821638
4133841926
4133938198
4142297126
4154868535
4122886741
3586081397
3569111588
1425826596
1547444540
1546398988
1546545948
1546545981
1546537756
1559120652
1609387340
1592020040
1516523592
1512857688
1517248888
1504600680
1504596585
1487913706
1487718126
1487712238
1500294638
1529711742
2050923534
2048824326
975152134
973971494
974037031
974057507
975061041
977158163
993920339
997132259
1030561507
1038687922
1038843538
1034516146
967399090
967407507
2045343107
2037921235
1495802914
1479027746
1479093302
1479159126
1487544278
1555697366
1553925814
1418462910
1418467006
1166814893
1133275816
1112329128
1109183384
1109252488
1111407752
1111466123
1109713130
35962922
1126961214
1081024546
1089350946
1085159970
3232631346
3232647698
2159000066
2158996995
2242813443
2259584769
2393277185
2393211489
2662118112
2657661664
2653468388
2653469436
3190405596
3208362092
3208304748
3206178920
3201968456
3062502216
3062497864
3062432296
3066561064
3084386861
2513965871
2512008494
2646222190
2645046106
2645033802
3714585418
3710595706
3710595450
1546268746
1546265802
2083072138
2083047562
1013483658
1021876362
1038915722
1051565194
2129629322
1994830219
1986441611
1986441659
1982247401
2004281321
1970613225
1953905369
1962286047
1962282447
1953825231
1953759454
1949577306
1966133274
2003935498
1995615515
1722977083
3870341673
3870599737
3872696840
4015301128
4011233800
4011229705
2906571307
2822701610
2821193770
2821195818
2821195834
2833913914
2846500954
4222235850
4222234762
4222161035
3752349833
3748192681
3744048552
3744133016
3745180296
3745049288
3745049112
2671475257
2670349851
2502899226
2506953242
2515489306
2494419482
2494345515
3031203949
3032253676
3031345340
3166611644
3162482868
3191711925
3191841927
3997077638
3996041414
3996020966
3996070246
3975086630
3970905630
3970903566
3970919951
2901207629
2919033548
2952571388
2929498364
2929441220
2795169732
2732253700
2736390660
2704867876
3777495844
3760726372
3773309155
3769303202
3786014898
1638859910
1912345734
1897686150
1343007878
1879879109
1879416324
1623636492
3767446028
3785271812
3818695180
3806117148
3797724463
4062115310
4064150510
4064151214
4064151214
4067311294
4071370094
4071369766
1923875894
1924005890
1408114690
1345216578
271503811
271565459
275760787
284051074
1089357506
1157586514
1157398306
1423765286
3571248934
1423963910
1419441670
1436217862
3583693263
3583558828
3585629356
3577227436
1429743788
1429743788
1462381452
1462658700
1994834573
1990230711
1990242983
1990238695
1995481191
1982898279
1980801127
1981001751
1997950983
1964388615
1966478117
2104361508
2141979180
3752596008
3618383368
3618385673
3320589065
3303815433
3299691339
3299789450
3299528330
3299460746
3299660458
3345797802
3324301994
2250560426
2250363306
2250371162
2254549050
2262868010
2275714090
2275781662
2243280142
2243411215
2248129903
2239661421
2503656812
2502607196
2502619420
2506834204
3580453148
3581535000
3581535032
3581539625
4118386987
4095248682
4246309178
4246444298
4248541194
4281959498
4285120714
4285153419
4280942745
3710521517
3580503469
3572182703
3569036975
3585818279
3585808007
3619427022
3350995470
3327927598
3323755822
2249776942
2248715022
2278132239
2273938972
2274070044
2508951100
2642984492
3180899884
3119090276
3144387172
3140194020
2854981350
2855247590
2855246758
2872039846
2854901926
2854893734
2859088118
2863282386
3953818834
3920313554
3987219650
3966248066
2083071122
2083128482
2087324818
1961495682
1979583939
1977356241
1943807713
1927078624
1923015360
1923072704
853295808
303825604
1394479820
1360930296
1350380776
1354505448
1352404073
1352412187
1419537675
1419550491
3567042331
3567037707
3718087947
3716002107
3711803691
1564336427
1564430603
1551761483
3699245291
3697159339
3697093035
3579800491
3615414923
1384041097
1391234697
1387037577
317517992
845947049
841883819
925769898
891691498
887493438
820381230
887361070
887885326
879242766
904519439
346738493
482074428
486079860
477687280
404553168
403692017
474388977
499304947
465717650
448801154
181415378
181542850
180493122
172100386
173026082
1230252834
1216097062
1216117526
1224474134
1220148758
1220083446
1217973943
1216993973
1217133477
1218173348
1281050784
1277118624
3440855232
1293051968
1225944064
1224895745
197347635
193022242
1266706722
1266707250
1249995574
1250163702
1254277030
1258463142
1241616309
3401879424
1250208640
1250274224
1254595360
1243601696
1245174304
1244080659
1210984962
1210727170
3358198018
3358214146
3359165473
3359157280
3371737316
3367543732
3384312476
3366687420
3366695592
3366671017
3429565098
3291022826
1076693226
1143867642
1143355530
69609610
220604554
258291850
249859466
241205642
1315275034
1584238906
1583985450
1588113962
3735593514
3735593514
3651708457
3652758253
2566475439
2552956590
2552955374
2552905774
2557394986
3098443835
4173307912
3904678920
3906775048
3894249752
3894315288
3911094024
3944645384
3927421704
3927228937
1796686379
1763050091
1748370027
1760888683
1755584378
1755583818
1822700874
1822700874
1688485322
1705262474
665140618
648362378
653605258
645217434
645346459
653734073
647180472
647131320
647160168
666083624
631284264
618701352
744530472
744531512
740539928
1748154939
1748146730
1750243626
3897788458
3905980506
2849278153
2882977480
2857809480
2853679624
3124228632
3124187688
3122991657
2867073067
2863415403
2863448298
2863125742
3097949342
3097932942
3094789262
3087506830
3087313054
2818877662
2819402222
2832132974
2827930158
2914960942
2948334175
2927375055
2920817357
3860341645
3860340909
3994759336
1878655208
1689914488
1958352905
1958357001
1553623049
1553508619
1281133322
1564249802
1601995482
3748233882
3757736634
3736777390
3736789679
3669680533
2595766432
3731362020
3743949028
3711443036
3694796812
3698992393
3703185161
3703179803
1555581499
1555606297
1576577801
1582868745
1582931017
1578796237
1578795100
1446674524
1446936660
1379844148
1396072756
1899374389
1895239411
821496498
821366438
821841830
821884838
838181254
861245830
591430039
574657639
570463269
570463271
655467571
1731388419
1696753411
2099396162
2099645170
2103904930
4259593891
4289996449
4155778032
4155974084
4155908292
1469854868
1469852068
1469868452
1453222839
1457441766
1446628198
1983416102
1915257126
1932034054
1903009794
1894686722
1886298115
1948680192
1948697600
2083966048
2098589664
2136239840
2144698080
2111200960
2109136577
4256681667
4109684450
4101822434
4102022610
4114600387
4114436547
4114371571
4118619107
1979590626
1979594706
1979653586
2113691122
2113166770
2146827654
2121788871
2121662407
2121660117
1983248085
1983296212
4135563604
4152202356
4151084068
4251767904
4236240240
4236173904
4236210769
4236182227
4235002614
4234941158
4167840102
4176220206
4176217134
4172094474
4189988875
4189792265
4221069401
4221103561
4208502667
4218983050
3648553626
3644375738
3625669290
3629788842
3629869546
3120064618
3148740649
3148780552
3131478024
3131212552
3135279672
3127943720
3121652265
3120673323
3120810794
3120810026
3120691322
3124881530
3150117115
3112326345
3095544713
3095528073
3162702473
3166909097
3158320809
3155166891
3155428521
2887009449
2908083385
2950079689
2950081801
2949950987
4151619083
4097158714
4100453930
4100937578
3035432170
3035169962
3035237566
4101642398
4151978142
4134435982
4142843014
4272341063
4272201732
4272201772
4276396076
4263813164
4264355116
4264126252
3744077348
3647604260
3636069920
3636004449
4172809937
4176012993
4163546564
4230655060
2641005572
2682947845
2679810822
2667358998
2658971430
2654792750
3208438830
3174887462
3036594214
2763964470
2694759767
3768227268
4057523328
4063806592
3056222336
3056210116
3056219364
3056283493
3068733991
3065580078
3063421450
3062396426
3079197194
3079197194
4085944619
3616206955
2547564649
2503503080
2503485656
2502502616
2502568184
2485783496
3506064072
4053421704
4052238984
3515372184
3515380393
3515539883
4085964970
4087079082
4076368046
4063756458
4080545930
4045299850
4028555978
4032746186
4041196251
4039437914
4039420426
2965670410
2962655755
2962668059
2985814554
2439867978
2473329354
2473394842
2456683178
2523534250
2531860654
2531795118
2527600810
2259170554
3338147850
3354929162
3320375306
3316361481
3450519304
3450504968
3450438408
3446178601
3374876457
3376121707
3357197674
2283455759
2304439565
2342183176
2325405976
2327503128
2327568648
2398638872
2373469944
2222542504
2230995624
2231045033
2230848426
2155350954
2150387610
2184107914
2184090058
2255388682
2263781438
2259460142
2276238382
2246880278
2238491662
2368590861
2403288332
2384085964
2652525516
2665137852
2660945580
2677599912
3149457064
4216890024
4179133144
4246438600
4229608008
3961105928
3961039464
3977816296
4026112169
4009400473
4008375691
3865736075
3862626954
1731789754
1684681194
4108984554
4104849514
4104656990
4104661006
1957373967
2095986703
1609446671
1593717263
1593770511
447480383
451441199
1508418351
1483251757
2021172264
4162369576
4161312840
4178221896
4217014856
3126499849
3122313737
3122247195
2853810747
2923156331
2927313259
2800419307
2796163563
2796229099
2796032235
2791837947
3057134730
4114163866
4097714362
3833485498
3841903498
3837233802
3837042314
3975455434
3967070746
4248080938
4248162858
3207995946
3207995946
3208586030
3153990766
4206822638
4223208639
3149727880
2612799624
2617010248
2604447752
2336144392
2336139016
2321457676
2329776671
2593956398
2592907822
2593124966
2592797670
2597994926
2675655086
2636760207
2620054668
2620041356
2620041356
3156977804
3158026716
4231829068
4248601096
4118790664
4118209048
3023462969
3023398442
3022321962
2758068266
2766964778
2813167707
3064892489
3064967628
4142891468
3060437468
3056263396
3072942309
3039524067
2754234595
2909423858
2917816787
2951364291
2884249282
3152683718
3119067847
3110614765
2825400045
2826463337
2943928424
2931480648
2929370312
3130695885
4187545798
4166541398
4231532902
4097443686
4096396134
4029286886
1911163318
1923745922
1923745926
313201799
313004164
317202868
303571372
320365480
270033707
272157482
8162090
283420986
300395274
296151882
296153034
1438630538
1436336825
1470087848
1606341608
1597301544
3744245032
3710690588
3693782300
3693781276
3697971992
3702166024
3703157276
3719864956
3753419452
3757671087
3715813806
4247438506
4230696106
4096411802
4096706762
4100909258
1978591434
1475149258
1441554894
1433199054
1953350654
1961870183
4109271397
4109342053
4101810657
4117604800
4129730368
4129719872
4129718784
2926019088
2926035488
2925842976
2925815328
2925798176
2909209363
3157144322
3162125250
3170513282
4240113826
4239918246
3702002854
3702011030
3703104646
3703155781
3703285764
3703220484
3697917204
1596493604
1445516068
1445605900
1579811468
1585057421
2130381742
2128165294
2124180654
2128408750
2126819470
1984213194
911515659
913612841
842393641
841214249
841145131
841108011
857884395
1881326286
1894171278
1891009166
1891468270
1891413798
1885137702
1880648486
1931098374
1916417286
1991909382
1990852646
2125005158
2124947950
2145920975
2138580943
1566066175
1431847403
1574629481
1576722521
1576707529
1568319949
1568188797
4252543341
4286298461
4286224719
4275737934
3201991438
3193668382
3193537326
3210261039
3176718895
3187401517
3120231724
3149482028
3153672220
3128436812
3124242636
3141086140
3107591869
4176085646
4239000206
3701998254
3702002602
1606165678
1585212670
1578952782
1310500879
1309584397
1577493516
1443278860
1426489356
1409712204
1346799052
1356779164
1358842540
1425947301
1417422511
3560186542
3560186814
3580911806
1976811710
2006041678
2005974022
1448126486
1580247062
1580379143
1579328517
3731259716
4284909396
4252468836
4252282404
4241796644
4239697716
4256473396
3182751797
3182710823
4251189350
4247519462
4230808558
4230873710
1953366570
1961760266
1958620682
1958488587
1962682633
343799833
360496137
930919689
909935883
908888010
909025242
910080986
910080122
922663978
1052422186
1056497754
2054709455
992497807
942338469
2087346853
2087322289
1550718593
1550259843
1424432771
1420114611
1437874913
3583257185
3583257392
1367616260
1401171204
1388723508
3528328231
3255764006
3255632934
3524004918
3523743030
3527937334
1384860990
1384902431
1367994125
3498808908
3498739676
3494487980
3490227628
3490225580
3490290092
1359595916
1359547276
1908935628
831331084
831404847
831399214
1909350702
1900994878
1879871838
1879867846
806126982
806129542
806129542
806330247
860788127
844015007
1913578943
1913548287
1913548287
844052923
844052923
583891355
584939930
585092250
587125914
603910282
872411274
863891610
830333050
826023978
808198186
875508010
875442987
887502377
1017519672
1017519624
481762824
412423688
412365320
142877192
147088376
147120616
147109369
147240281
156155224
156155224
190553416
1331400136
1310297432
1310229624
3461919848
3470516328
3335414072
2257465640
2257457453
2190361388
2189935396
2206565156
2207023396
2211218277
2211219315
2203027282
2169411442
2153625442
2149341026
3222805874
3223002482
3491380594
3491380578
3554307441
1385889216
1389024704
1388950912
1380488096
1388876448
1388876449
1363916451
1342895766
1342848646
1344084870
1413220770
1424767202
1420453986
1420486675
1958388737
1958260737
1962455072
1563992160
1580900544
1579847872
1579827328
1579876528
3593287840
3593218404
3597412900
3601668652
3601730060
3602658828
3551797772
3249889806
3250503886
3253321902
3245884590
1094192302
1360988350
1360943246
1360985998
1373044622
1406659912
1381295128
1379196968
1379192872
1379328040
1379328808
1402364456
1352024696
1352549066
278791818
352258986
1413224874
1413224618
1412708746
1411787658
1356999306
278933130
278946506
296022730
329564762
296022633
296084008
279896872
8315176
3952936
1592616
1591576
1722633
270420235
285133130
279898506
15527306
15500682
292323771
309232057
1382973849
1928246152
1927979996
4071138156
3802702380
3802702377
2745742889
2707995179
2737420846
2737482286
2804603438
2804571966
2804751406
2804747310
2809071662
2909669422
2913863726
2947419501
2947416988
2948141708
3216515724
3212583564
3174306440
3157679020
3156409260
3156367780
3157346788
4231067972
4228966660
4249937156
4277326084
3736207365
3740401666
3740676194
2675319074
2575106338
2566848806
3636200207
3703055119
3703333389
3434665517
3434663727
1282984746
1278773546
1328187658
1311436042
103435530
103695626
103661594
372015210
376213610
376221802
376221770
359568586
351180746
74366667
70155855
71056975
71057239
71187815
83506402
29036962
44634515
45027715
45052291
107967379
103494579
91168689
82779041
1152195488
1286347680
1286371744
1290596304
1341122368
1185907456
1454154272
1454154273
1470407207
1609344807
1580054311
1581155623
3726475542
3725885446
4262764550
4267618350
3592345646
3594438702
2502838286
2490255630
2494188046
2494236191
2495087341
2427986605
2427986605
2428117677
2428111535
2427980709
2431125925
3525844149
3525927045
3526025356
3526291532
1378668556
1361371416
1348788760
1889992248
1889991208
1889860139
1907661610
1945409866
1920240842
1916567754
1647280202
1663991818
1663991834
1630179626
611886633
607710765
607669813
605685253
605684229
874119893
878445219
886833315
884211875
884348099
345384963
344336387
92547091
109521203
109452807
43156039
47612550
46432950
42763942
311203814
311213542
852405335
844014599
1931387909
1933489157
1614644229
1614588965
1613606245
1613672165
1613680293
3760946821
3761059461
3765187236
3765179044
3790353069
3774624429
3774702287
3774115343
3774146830
3769956398
3768895535
3786364991
1659773965
1714298893
1714303183
1714291118
1852704430
1861160622
1856846506
2092777098
2092901002
1958683338
347742730
347607307
77091112
77081896
89729064
337246248
337230568
890944168
1966774920
1964802696
1427407496
335839913
340108011
340112111
474309218
1279599138
1287987746
1284972578
1284972642
1337328739
1323697219
1315359937
1311148227
238336371
236235047
236432134
240556806
261524758
530350118
1604100131
1608290337
1561165873
1494130737
1494131137
1493876673
1528482496
460999377
519637745
511446497
511454369
1585194145
1563886770
1549210770
1549147522
1288838786
1283669650
1283667538
1301754370
1202983426
1186214450
1203511846
1153179941
1287400740
3438819628
3359131916
3426240863
1278855630
1295696270
1316667790
1320862090
1253757323
1252711864
1252579752
1248389544
1244178920
1244248344
1244308232
1227531016
1214948124
141074732
1483252004
1480106272
1476952304
1477030032
1527492752
1510912196
1511961612
1579076876
1581205820
1985276460
1989470761
1989520939
2140979722
2138882570
2099823178
1949024762
1948974506
4100614570
3589941646
3615107470
3598194062
3597140414
3605594542
3601543342
3618119854
2510905558
2494226436
2494137604
2225900324
2230102564
2502728228
2536278580
2670645956
2670617236
2642289318
4260831918
4243850158
4242801146
4247585034
4247331850
2133339147
2099783689
2103994393
2095761419
2091580426
1558828234
485015690
476627162
342409722
74335610
74321210
74328379
74262813
74190093
7144772
57606340
40763524
48628100
48632208
44438416
44446611
66528178
30696354
1370018
1371106
1878818
