1358699551
1356663823
1406077959
1380926837
1376769013
1376228245
1376227989
1912837045
1916834727
1916842919
1925226935
1656988831
1648536735
3791829215
3791886383
3808598061
3875711021
3842418989
3830890285
3830892348
3763847709
3760014141
3760022383
3760006119
3776775143
3813475311
3813474942
3787801102
3787740682
3771006475
3771001355
3762350619
3762354715
3762313738
3842006602
3842252506
4010020602
4014214650
3930397930
3934729450
3934729338
3934728250
3935252510
3935186956
4220411916
4224541908
4211919780
4211923620
4211993252
3943688869
1774561966
1753525934
1753267630
1820433591
1824693495
1682148372
607176756
538978356
555822132
555883556
555883820
560336428
565644861
548734558
546592462
546625166
562859662
596414094
595888782
591698830
570718670
570898767
587606335
555100461
559295788
636883740
615846412
615785020
631517980
631514892
627837700
627964279
627964279
627964279
627964279
627964279
627964279
627964279
627964279
627964279
627964279
627964279
627964279
627964279
627964279
627964279
627964279
627964279
627964279
627964279
627964279
627964279
627964279
627964279
627964279
627964279
627964279
627964279
627964279
762165623
762166647
1030599159
493728181
493728191
208515515
225293758
207993782
82164146
82164146
6666482
15054898
7781442
7778370
7774210
7794691
53362753
36389072
36245665
36249763
307783074
315124646
868809382
835488494
596413150
579770891
579250952
580296712
584359948
571777068
572297256
571228200
554500140
537788516
541982945
550376421
546255493
814562949
814693005
831404685
311048844
311044749
43592077
1115163786
1109923002
1115451882
1124033066
1136058922
1102570026
1351914042
1351914042
1351393578
1351393323
1355326504
1359578232
1376488664
1376439468
1376414892
302656684
302589116
302645724
302645840
281674240
278540801
12463619
11352578
11360770
11394834
15447346
275492882
304717830
303596807
306744612
843626860
843639148
587753832
554199416
537556424
537580233
541770473
562676463
562598638
562607046
902475970
923446402
1057728658
1040771234
1040734370
973801634
973740162
973749378
441066434
1507459666
1236861474
1220026914
1220027110
1217929910
1285038735
1284039324
1284020156
1149864868
1082886564
1079740900
1077578020
1076529412
36362500
36627717
305061893
305123349
841793573
574128165
575176997
583566631
583568743
591961429
554472916
554546676
554676708
554611620
542028708
1624225444
1892530832
1884142208
1879964288
4043766449
4077288355
4064701858
3536201634
2462458754
2463507394
2482381698
2448892290
2162505106
2158302386
2428325090
2428304615
2428300389
2428284212
2428280580
2431419908
2435423764
2435563028
2469051924
2469068340
2452323876
2452166180
2452099940
2464682229
2461544693
2461540583
2461610086
2478380070
2478394422
2466203670
2524936214
2524936214
2520742934
2520765494
3592351766
3609124934
3575570758
3558732231
3558721485
3565145076
3565149172
3564993268
2449353412
2449091140
2444891716
2176521044
2207781220
2174234724
2173186148
2173202532
2173235556
2177430005
2177470949
2160689639
2152237030
2152570870
2152701846
2152701846
2416951222
2500853654
2500753294
2500747662
2538234254
2546660766
2542359983
2509798845
2513989004
2489118084
3558729172
3560863572
3491641156
1343567813
1347694545
1347890595
1364331939
1383468467
1383468418
309724546
309674115
318042339
318025831
845459751
845455663
828744479
829858591
1886823231
1977066797
1975821613
1967439165
1968487693
4111961357
4044524829
4027762485
4031960693
4031932021
4031917797
4040236791
4040170455
4057017239
4090706343
1926434230
1920140678
1920413830
1920213238
1928647142
1659933030
1676718398
1727051070
1727043358
1718654478
1716758302
1980932399
2115084335
2115031101
4279652397
1947598885
4101374005
4105568533
1958085389
1890860621
1895049933
1895049887
1893149615
1945504687
1928792991
854919054
846463374
846463391
853860847
853860655
853844271
845455663
862233887
862369053
862357309
1936111405
1987555109
1985260343
4128553223
4127705350
3590735894
2534280310
2504918134
2630755702
2627610486
2627613238
2560366102
2560386679
2560388716
2583449452
2570341756
2570407244
2570503500
3642155508
4179010036
4182090197
4182025671
4190416839
4182028231
4182162391
4282825569
4282817825
4261922099
4262904067
4128665859
3591766035
3541434418
3495297074
1349910550
1358372311
1354045877
1351949221
1351891901
1356143501
1406995340
308021132
308036493
309646237
845460397
845521261
845455661
845455405
845456437
841262101
841393173
1915135012
1915135012
1916769316
1916634388
4030646020
4028514820
4028498624
4041086672
4036966048
4038859429
4038867622
4037814966
4058786230
1919686838
1919749254
1919828102
1919795334
1919717590
1919725926
1651286055
1650763047
1718926629
1718917909
1712828165
1981212423
2115395895
2115375143
2132148335
2096497903
2025196751
2023098830
4169411534
3632540542
3632556607
4170706447
3096883981
3096806157
3113521708
3112473132
3146031720
3133449944
3125590712
3121584808
3121597352
3189590504
3191670840
3191735304
3178110984
3031310344
3031310649
2494432047
2494301742
2494303790
2222722614
2234846006
2239118390
2381655078
2410953766
2343834742
2344031430
2343989382
2348675205
2315026820
2372241316
2372394932
2368207836
2369256220
2400647996
2249648924
2248600332
2261052684
2256838924
2257564013
2257551855
2211021295
2169078191
2165278647
2148505271
2416950935
2416933525
2416917141
2416851604
3490593204
3495836085
3512609943
3548261526
1384068242
1383927938
1383862402
326901906
293365218
275574242
275578227
292396307
292461825
326085905
326085905
846179601
845659441
845516085
845253941
841071671
842247223
842185751
907189271
907192342
1041393686
1041377334
1060509734
959843366
956174134
951457302
951453207
949228053
947921461
947921429
952132117
943780477
943756285
960533949
960609727
994290847
453360798
453500318
453432718
458126734
424568714
415987290
411784762
1486618171
1486739993
1486653976
3638344504
3646730024
3675100984
3679421128
4224553676
4220297916
4203520684
3134038701
2584737446
2651669990
2652638310
2653752358
2586709014
2574134278
2561551366
3635293447
3635289877
2562461223
2294037286
2285653286
2300366646
2333072902
2332812806
2345263622
2341069398
2307519205
2290668197
2357773228
2363016108
2222575516
2222967228
2151074232
2436024825
3543324683
3525507082
3525568522
4062227482
1914740794
1932566586
1662025755
1627504763
1627635883
1632059567
558240175
558240175
826741679
809849775
1891988223
1892121215
1892121302
1892018822
1891953030
289728918
302830726
1376665998
1376666510
1381909134
1387193006
1387127662
1387063598
1944889646
1902946570
1885776138
1885780746
1894155531
1894154265
1894039593
1902440557
1916067949
1913970796
1914159212
1930346788
4048470564
3503250964
3503258116
3500108292
3500042756
3500046932
2443108092
2476722076
2464010652
2463945116
2455606205
2455606957
2455549679
2992418543
3009212030
3009216030
2977748542
4051527214
4034864942
4046071150
4079621342
4062921878
4067968182
4065907895
4064863381
1917362308
1917419716
1913291076
1897575172
1887348244
1886318133
4042258999
4042152470
4041890326
4041955638
4041825318
4033367094
4050211846
4083774471
1937335319
1935172903
1935172903
1665885525
1695176529
1699431409
1699267429
1707655781
1737015893
1737143109
1875813317
1850598871
1779235303
1779190246
1795967470
2068715758
2068721150
2068721102
4182648206
4250802078
4259255214
4253819822
4253836206
4287390622
3616335839
2542270204
2475089644
2479226596
2446085860
2446085828
2430406340
2430469717
2153657127
2153718566
2421977382
2430357558
2430391302
2426398727
2174740487
3268270535
3259616151
3255487382
3255490454
3255497094
3523916182
3523850422
1377673463
1902027975
1895737349
1894684679
812615687
808376323
808331379
808398051
1882792103
1886917031
1910059943
1939419813
1938309813
1904792277
1888026117
1888008709
1352186373
1354672645
1358867271
1400826327
1379816855
1379811733
3527295381
1916715941
1927140005
1922888356
1924948669
1945920205
1882088265
1882087691
1882089787
1886386987
1894574891
1911339307
1928108361
1928112200
1919725640
1915518984
1915256872
4062871592
4079919400
4033798953
4042183231
4042212926
4042081838
4109180454
4100726054
2088508710
2088506422
2088580118
2086609154
2027757826
2027693315
416032003
433022209
466547969
449758529
449824081
1523435381
1514989397
1515060997
1515178773
3671038311
3670867431
3670860207
3666649487
4203581839
4270490047
4270490026
4022961579
3976759787
3959986235
1679403035
1679534091
1681632267
1614385163
1630240795
1630175275
1630453803
1634648169
1644119533
1643993013
1677537941
3816632983
3783078590
3766301422
3766302446
3841735278
2780576310
2812029718
2795251910
4136397958
4136394894
4140581007
4111335565
3558736268
3560338340
3563482788
4109695660
4107598572
4115983052
4128287436
4128418380
4132605196
4143088684
4138827821
4142968879
3060834335
3073810446
3040272766
3022444526
3027685102
3161737894
2893840047
2916378287
2949916575
3218417567
3216455646
3182903006
3186966142
3178510110
3157537566
2624860478
2633310510
2628858159
2628780349
2628792653
2626691848
3704627720
3695257096
3695654424
3691384344
3692432920
1410801432
1412773129
1413297419
1413285131
292356362
292356362
24051994
23925050
32321594
32256058
28120154
61676634
44915802
40720506
36534394
103627866
103756890
372191322
372125786
376320602
380514938
917254762
917250666
632029807
627964279
627964279
627964279
627964279
627964279
627964279
627964279
627964279
627964279
627964279
627964279
627964279
627964279
627964279
627964279
627964279
627964279
627964279
627964279
627964279
627964279
627964279
627964279
627964279
627964279
627964279
627964279
627964279
627964279
627964279
627964279
627964279
627964279
627964279
627964279
627964279
627964279
627964279
627964279
627964279
627964279
627964279
627964279
627964279
627964279
627964279
627964279
627964279
627964279
627964279
627964279
627964279
627964279
627964279
627964279
627964279
627964279
627964279
627964279
627964279
627964279
627964279
627964279
627964279
627964279
627964279
627964279
627964279
627964279
627964279
627964279
627964279
627964279
627964279
627964279
627964279
627964279
627964279
627964279
627964279
627964279
627964279
627964279
627964279
762165623
695056759
963492343
963492342
997045686
997044662
997045174
963228350
1039004346
1034252986
1017509563
1017510841
2092349800
2102835240
2131011592
4278495240
4261783816
4262827272
4262953480
4141253240
4143874793
2797241003
2795156138
2799345838
3067666606
3055043758
3072005294
3022660750
3022663566
3022663310
3035242190
3031174910
3032223614
3049022798
3079954446
3080118285
2509688908
2513880188
2490750444
2486566908
3558235852
3575004876
3575000765
3579066287
4157870510
4157870334
3621204174
3621134542
3621724494
1474240782
1419326270
1419318063
1157108013
1147674940
73937932
69733388
3889164
272529436
287238412
304015820
310300044
310216076
309100701
306020509
303337647
839168430
838902442
859996842
834839278
886284894
1959834142
1961928238
1953540646
1953557286
1953659174
1429364022
1467110415
1475493901
3619078156
3619079172
3619146772
3589601589
3581209445
3580948069
2540959349
2521974341
2521956933
2261975925
2257658853
2257658853
2274566823
2542924711
2544945063
2544930215
2549127407
2522912879
2518779925
2518847237
2518848005
2518868485
2518835717
3592495911
3575906343
3693477991
3697672390
3707112654
3702945870
3700811790
3567052814
3567036766
3567036638
3521023166
3548102815
3546873997
3542679948
3509130156
3547013804
3538559661
3538560621
2465017614
2464999694
2452400398
2452400414
2452536638
2465109822
2477622078
2445116222
2428482407
2428281189
2435641700
2435630052
2435766256
2972647312
2960059280
2969496464
2968832944
2954152848
4027833985
4080169605
4130497159
4146295494
4146098726
4116735523
4125388067
3970231335
3970231317
3987667973
4021206021
4294874887
4286498311
4246651478
4246598374
3978060518
3977540518
3847492798
3889446062
3888392383
3871680671
3871811741
4140247197
4074124685
4074111437
4072603743
4072489023
3539218479
3539218527
3556521054
3506378206
3502120623
3502134957
3500144301
3499943917
3512526157
1379705101
1378656269
1378656269
1378865167
305016847
305018126
1361976122
1412307706
1424890522
1420692106
1286539914
1286344330
1286353626
1287398270
1337745711
1321005357
3468484908
3468484908
3472679972
3480613940
3474437412
3474363681
3477505299
3485836550
3481641238
3481636918
3351543846
3339617639
2270856653
2237304268
2272955340
2272832492
2268638060
2268637993
2272967449
2281346827
2545910043
2528948267
3600588843
3533484073
3529281581
3525084269
3525168228
3592342756
4129217524
1981741764
1964960388
1683942020
617441924
617442183
550312342
550313382
1615598758
1615606246
1611411942
1632445366
567026310
562832007
814490245
814494341
277086855
281362935
273023319
268838151
1347840271
1358293823
1370339887
1437448735
1471068751
1475000015
1466598094
1449755295
3597185455
3605586158
3757596910
3749194862
3745130542
3745130542
3711572270
1576745518
1572415007
3753456136
3720098312
3449573900
3441197356
3474751972
2367468437
2369562501
2381090439
2410527415
2410527415
2242821029
2242820516
2247027188
2247019844
2247079172
2280498692
2280514108
2271528492
2267334188
2267336237
2267405869
2272124719
2515391790
2515391742
2515374238
2515374238
2515374494
2506659262
2636944830
2637157822
2620322974
2620812430
2620812486
3694553287
4231424325
4235602693
2088054277
2096182791
1576211271
1576145238
1576157494
1498628146
1498510354
1498442770
1498443059
1506864929
1540484897
1519638069
1523029589
1590007623
1581619139
1581618643
1581626595
1581634787
1464259831
1431721111
1431706757
1431702661
1427508628
1414995620
1414872736
349451936
349450977
349446961
349462801
351592723
342139155
896434435
913217287
921606919
921078533
913672669
911513773
773105833
1846851752
1846846664
1846849992
1851162920
1851167017
1851253035
1846812731
2115248142
2115440926
2138977126
2092831462
2025719462
2025393798
2025400967
1486367367
1490578327
1482222007
1478094215
2098972038
2132660702
2069668718
2078122798
2057154857
2061291817
2136219945
2098473257
2081831209
2086018025
2094926761
2094402459
1960071051
1976877961
1993638793
1993835512
1456907240
1458873128
2004132652
1970595116
1969737004
1969671469
4126592303
4126592062
4158045198
4250315790
4249070606
4278303759
4244679703
4249069399
4249002519
4278354535
3976446567
3977364086
3977506678
3981633830
3956525095
3956656165
2857760788
2853561348
2853527556
3927253444
3944100580
3923120869
3969319599
3971285694
3971229350
4239667110
4237569254
4233365622
1549147142
1549149190
1564877831
1598447887
383186703
383163727
383032831
383041007
375178495
392036553
354287688
488513800
1008608056
1014883881
1023207977
1018993195
1035766538
1035241802
502566090
485851338
473403599
471249149
2080809197
2080809188
2080810976
2101787344
4270230208
4271278784
4275342016
3059007216
3053758048
3192186468
3218069477
3213805029
3213751781
3214700967
3214893446
3221168518
3212583334
3107717542
3107194278
3107327222
3111528518
3654690822
3688310787
3684132865
3683969281
3688164657
4216632113
4178940721
4179067505
1477874369
1482094145
1482084099
1477707811
1477716003
1494493219
1528047650
1515600930
446039410
446563010
448676482
465027715
431326851
418743939
410361779
1481949091
1480911843
1480878951
2034510631
2051415831
2051413303
2059801893
2060865837
2055590205
2072047964
2072031693
2042671613
2017502383
2013445294
4160927934
4160915646
4160931998
4181969302
4215435143
4223805127
4190507717
3654681205
3637776933
3639882277
3639890725
3631501605
3629183237
3629182215
3640764741
3678911301
3678845901
3662068685
3662076365
3730294175
3730162111
3738517951
3738522031
3755286959
3721667055
3704955375
3707122807
3698721895
1551043639
1546728471
1546663173
1500538117
1534322445
441699853
441711117
974383885
973339487
973209087
977393151
977391807
977391807
977367229
977301677
1061168365
1027679725
1027745646
1069707902
1066594942
1049859614
2127601438
2118159646
1577102366
507548678
516067333
1455866116
1473691972
1411254244
1413222372
1345268372
1345202820
1357253527
1352992662
1907650951
1941234119
2008343037
2010424237
2010425004
1968484012
1950665453
1950632685
1950682879
1968313727
1970675774
2113347646
2112172094
2109023294
2109697087
1574823965
1566374157
3747409164
3743413516
3742028300
3746202124
3754935004
3750609645
3716997807
3716999086
3716741550
3720927406
3743009006
3608824014
1461614798
1461615822
1461593230
1465804174
1474192030
1474261686
1474040486
391918254
358376430
358375742
1426026814
1421800478
1420687422
1424816190
1416165678
1428789566
1361746766
1399490510
1476035471
1471857565
1438306748
3588874732
3295176036
3290983716
3291032340
3308994325
3347011383
3334427447
3602826006
3619590934
3751580454
3751584615
2640094183
2635957717
2636023125
2669579613
2669579597
2669590853
2669062981
2669144919
2635591254
2639681094
2639676230
2647736806
2679128550
2679194854
2662468807
2666736839
2656054471
2651878647
2668655079
2672980327
2645980031
2511786551
2494877223
2628050535
2632244023
2636962167
2636963159
2637165655
2674844871
2675892437
2684273013
2684208501
2659054933
2675769175
2673668063
2534699007
2501192622
2501720494
3026132398
4108197310
3571332511
3573355933
2499564957
2507986381
2503996741
2537012501
2506403637
2514791989
2514992693
2510747156
2511271444
2645455380
2649642516
2641167924
2624327524
2625390948
2633791588
2650564644
2646469660
2679563532
2683758404
2675372631
2675230438
2669987494
2636434854
2636500134
2636500198
2637548758
4245871686
4278381574
4282575878
4249003285
4249007924
4245854033
4245854145
4244805569
4227962819
4244692659
4244696743
4249026469
4282834421
3075917253
3070182613
3070186709
4143804533
4160516455
4160497007
4152174462
4152309598
4152311614
4160691518
3623685438
3623689502
3623691534
3590141198
3587978510
3587987230
3571406622
3571438110
3571372566
3566916375
3566834517
3566834516
3571030004
3562659316
3558661620
3575438821
3575479525
3743313367
3747489222
3730769366
3604955414
3621737238
3621475094
3617313591
3617190709
3617121557
3755525396
3730429044
3743020148
3742954740
3743086068
3709531588
3713955724
3722397324
3721778845
3721764541
4258578093
4257529773
4257525693
3989090253
3989157724
2915414812
2941760316
2939662892
2805322284
2804183589
2787603303
2922321390
2943159534
2951547134
2947492046
2948556878
2914937102
2914938639
4261306895
4252844559
4236005943
4236014119
4244529959
4244529511
4177020007
4174914679
4183305295
2065377485
2065311949
2134776780
1065224924
1073677996
2108961516
2092196600
2092229080
2106699816
2123402280
2126555192
2113972232
2047055897
2114106379
2114097162
2114338890
2132148714
2086535594
2088437418
1954229946
1962618506
1956128442
882386603
1016610491
1016601242
1020803978
492317578
521711050
377196810
384532746
380338954
380142379
380150057
111714664
99213548
69821692
69812436
70930452
69887284
70185748
73720597
124032782
107462158
104250126
1177979150
1580632334
1585350918
1588233686
1588101279
1604882620
1571344552
1575694568
1546330600
1546199912
2083139368
1009400360
887818793
816319019
816589322
833368011
330057609
325948859
32354747
292336059
292336059
325955755
863940777
844543145
571909289
570860713
1645651197
1645651725
1647747597
1663476231
1697026599
3827659299
3828097571
3962315043
3966504998
2829913190
2830043238
2829977622
4289604358
4272826886
4272565767
4276892167
1454113357
1459421868
1442787756
1423454637
1415326885
1414277285
1410099333
1409607813
1409584519
1463977863
1448251975
1458741766
1457955334
1990500902
1990502182
4138511406
3874270254
4000159790
4013459487
4013669581
4013602253
3980312908
3980313357
3980280381
3979293231
3983488551
4243537703
4239341847
4240377875
2092763153
1557932033
1549542401
1545412865
1545478913
341709635
362676979
381666258
380413890
381463490
117213650
115116451
122202530
88648098
1141631362
1158292882
1159606674
1192637362
1198916514
1186071458
1186092002
1186055619
1201711553
1470147009
1432725968
1416083920
1952946656
1684323808
3845432800
3862803761
3861361939
3861230899
3861156130
3861176610
3861210402
3844541734
3831957862
3840231910
3836070375
3836201463
3852982727
3887458502
3866455174
1714761862
1714884790
1714557094
1717699494
1742930599
1705050804
1688281812
1688216156
1822451212
1872817676
1856024068
1860216068
1851827205
2116137991
2116276238
2133021710
1965104142
1948399966
3563469246
3568175790
3567860414
3584636558
3584569999
3584586381
3299664556
3312232236
3312238372
3345458452
3332875568
3269828896
3257327888
1193439488
1159856384
1143341344
1143354721
1424362963
1420757378
1153247618
1153247618
1174153686
1098661334
1098646806
1140590358
62740246
314570302
314434101
314352180
316453436
840729452
1914470764
1662812268
1612487916
540575932
540579993
540715166
557509022
574500751
574502541
578683532
578225052
581186476
581181928
581197928
598007816
601923593
589408265
1629726744
1612880152
1617070616
1625459209
1893911051
1885340174
1881408006
1411646006
1349910818
1358311522
1354113250
1369834642
1134955650
44448899
44440704
48600448
41259408
37065104
37204433
36812210
34651558
51702694
21248942
30149566
9312906
9318283
26092428
10363308
7098724
2920756
2928692
2925600
275036192
300398640
1919330304
1915136001
1982249217
3862335233
3860762129
3997732385
4014507555
3976782373
3976880677
3910804013
3912770157
2821207012
2825400564
2829665524
3903704308
3902588996
3901550404
3905744580
3910051525
4010735239
3998144406
2925413798
2809941158
2808892582
2816826534
2783444126
3857181902
3858097487
3891651855
3883263759
3860162335
3860297006
3879145774
3879145510
4113895478
4118220854
4127069494
4120845622
4153937254
4153954262
1988779975
2124047813
3747308997
1595487701
3709550069
3692773373
3696963549
3697094269
3705421357
2627479085
2627494444
2559369741
2290938701
2290938846
2290937846
3364645286
3369019810
3356363170
3374189026
3390442994
1314259393
1316368832
510665152
372254128
101723556
385907108
385935780
385919469
385915166
54769950
54770958
54771486
64067134
60147438
59590318
26150574
26084268
9355692
1086763180
1342546092
1345633484
1881511948
1881385228
1881254412
1885387292
1935915532
1983027719
1446168326
3591504194
3742503394
3709018530
3696439778
3702719842
3634498930
3382720834
3449825602
3483512130
1341261250
1328726402
1196540338
1204871587
1200660896
1099998624
30452128
17873056
20220128
20220132
304523332
841395204
841395204
1646693892
1646366244
1650755108
1647612452
1647612420
1664926229
1612661346
1612583650
3760071138
3766359138
3769519154
3769452594
3769428082
3769428162
1655630274
1650913219
1646674817
1646592437
1646538916
1646534764
1663049772
1621106733
1621179693
548419855
548727567
550799886
543066894
601790734
1654568207
1656652045
1660781005
1646039445
1644995493
1644979109
1644954273
1645088419
3792575394
3818289570
3854039186
3836131394
3836131330
3836061698
3840191747
3961825073
1814329137
1814378081
1814503072
1814105760
1818299296
1822431664
748697745
766519425
800074881
781200513
783295681
783312199
783332679
1051768606
1055962942
1055962430
1055962398
2138158106
2138160154
2104736778
2113125642
4260544282
4254252591
4254244397
4258631485
3084164892
3077881116
3078067516
3073804092
3073820476
3040297524
3040285204
4246086229
4248187751
4294377958
4289986726
4289987750
4254338198
3705092294
3696634310
3696651207
3704745717
3700467316
3717243476
3716199236
2642449237
2646840053
2513606375
2505234166
2501103222
2500873830
2536771430
2540962918
2548387942
2544267383
2544263255
2679365831
2683494605
2672989661
2652082029
2651896111
2651909407
2668752142
2668850446
2635216142
2624980606
2624718574
2647852783
2643539695
2677027837
2660250061
2664444109
2656071901
2656071919
2672977131
2647846107
2631067867
2631002363
2622552575
2624706013
2624750408
2624750152
2641461820
2671023916
2671030060
2668998428
3205934860
3210133021
3210643005
3051258413
3051324221
3053228415
3036460391
3027559655
3159752166
3172357622
3172341318
3174446662
3174437462
3178567206
3185837350
2644771878
2644771863
2645565509
2645647557
2643714245
2236780932
2232845716
2232913812
3574053765
3540511621
3540446109
3528879005
3528936893
3530933677
3530936557
4067815677
4067725565
4067733885
4074025325
4074078509
4074012989
4048916759
4032229655
4101432118
4097193766
4101389862
4235542054
4235542054
4243928630
3707180550
3705091590
3705093958
3723959623
3740747879
3732887670
3732397126
2658653254
2666893638
2660536791
2660545007
2659492335
2659492271
2655302573
2669134765
2635514813
2501297151
2484525055
3025590141
3036009789
3170168093
3170168077
3161845005
3161905437
3157708077
3179203885
3179169149
3210704223
2673685327
2673685471
2673156862
2681676526
2681611246
2677347822
2677277934
2677284094
2681533647
2681726159
2683679949
2650047949
2650257372
2633416412
2620833404
2620690028
2636420972
2636620156
3177636189
4293316989
4294394223
4285822190
4279512302
4279577854
4279647358
4248181854
4252374350
4243986254
4244066894
4239672926
3702572670
3721459310
3738232686
2656102270
2656237390
2664617806
2663571319
2646670695
2630937959
2631198069
2622845397
2618626517
2622947813
3713401189
3704750437
3570598261
3562093847
3558025479
3557960007
3557960015
1431529935
1473542607
1452596637
1452590493
1452638621
1452642781
1456779757
1985257837
1985257519
1981132847
1981198399
1997983759
2098655239
2081906742
2081890406
2081832422
2084965094
2094402294
2090748630
2107591367
1587314375
1590977863
1448357957
1444159741
1444291055
3608557295
3587577519
3514900143
3514838719
3514836671
3548391355
3263182763
3267643307
3267676138
3260385258
3260388730
3541415246
3507860494
2434120718
2421669150
2430057758
2429992766
2429992503
2421603879
2438450727
2507626023
2541118247
2541101871
2549428527
2515800365
2498760765
2498835516
2498967668
2498976212
2490452356
2486425988
3558009220
3574787460
3612537732
3595719301
3593618071
1462829799
1428431463
1411654439
1415851303
1424238631
1420044327
1424259078
1416067278
1181154766
1181128654
1457685454
1457685375
1453425453
1453368109
1457562413
1467000620
1462828332
1395874156
1376938493
1376926109
1381113245
1381106061
1406272399
1406341775
1372611262
1372611246
1355870190
1892728302
1892714878
1909558334
4093031455
4093026319
4092039437
4159013437
4150571565
4112901741
4114050669
4097130223
4095028719
4233571566
4243999870
4239805454
4239553550
4239650063
4256300815
3618758461
3606301988
4134640932
4264662069
4264801301
4262962229
4011304229
3843538805
3847732823
3843472981
3843462721
3877029441
2803352131
2786345511
2804945190
2809139494
2784100390
2779910174
3031900190
3029606458
3029613658
2491750602
3565492363
3565496459
3565431179
3301195147
3302248843
3310403979
3344073163
3344072781
3344081021
1196483629
1192289325
1196745852
1196848220
1196836189
1180058493
1180123997
1125500701
1125635615
1113063199
3277188382
3277171982
3352736782
3352728650
2241299546
2241103163
2511701545
2511767080
2545332776
2666832424
2666848812
2658464557
2658451561
2652655851
2602529003
4162719994
4162720970
3625850314
3624810443
4165824079
4165758543
4165791583
4232965983
4233101145
4232546121
4257711947
4287084379
4270307099
3196424986
3066331946
3057959786
3057964906
3053934058
3057980923
3058439419
3066889385
2546925753
2510164185
2493395145
3567133145
3567071737
3571201529
3294375421
3290181119
3557813215
1410264783
1355722447
1401796303
1921811279
1926070559
1917747231
1914675263
1914545197
1914479663
1913508907
839799914
839259386
856102074
856098234
835065514
830870202
830870169
293941901
360997453
349496845
341177613
1412869391
1345825807
276272142
1417119182
1417660318
1432307610
1432295099
1465857710
1465726894
1474045934
1473520110
1471422830
3585413503
3585421663
3585439581
3316869085
3312707549
3306420189
3310605277
3310470109
3620832253
3620831597
3620774185
3622872361
3622872361
1467002137
1467081787
1462858811
1429426234
1410793498
1410727962
1410728282
1423325131
1418671819
1418462921
1435780825
1439979129
1440184185
1442260825
1442129353
1417024971
1417037275
1427525082
1427603354
386987930
508621722
517002234
517001707
517009899
517005803
507568233
1598088297
1560407145
1564737019
1564925435
1439096795
1472649177
1472583577
1472526233
1455743897
1447420889
1456927705
3621180281
3621241641
3587544873
3587487016
3587478840
3579151368
3579286792
3579311448
3621191161
3621183417
4149727147
4149563306
4149499818
4145309098
4118241722
3581039066
3564294430
3571708174
3697303822
1549819918
1549823278
2086893870
2095209262
2086816574
2103593743
2117226255
2117256143
2048377743
2047132575
709157807
709157801
709157801
726005737
726007145
793640216
793640217
778034201
776326169
776324107
776458251
776425483
789017722
755459578
1816555178
1824972458
1820772010
1686143930
1971356058
1971360143
4156596703
4148339053
4148356909
3611455021
2505194013
2505193989
2499152663
2499219255
2494893367
2226394399
2226394910
2242910014
2280855350
2280855350
2259752246
2391814454
2391826486
2391863398
2412810471
2412806639
2406516223
2389805469
2389940621
2383591581
2316740765
2316692669
2316657887
2316722383
2400608463
2618697182
2623418318
2627611342
2359130718
2358540926
2358570791
2358572327
2362753343
2371338559
2371339055
2413287215
2413025279
2396504021
2664807829
2656345525
2673118629
2668989860
2673262012
2635507084
2635589060
2635593157
2637576133
2637572039
2637309926
2624667622
2633047910
2628853542
2626772758
2626748166
2630936327
2649793287
2683482901
2679276341
2683406133
2683363173
2675235813
2671004653
2671200749
2637565421
2641776797
2633130181
2633162949
2633093189
2624619861
3157564789
3157633397
3174476149
4262899013
4262892869
3994456901
4262892365
3994415853
3996411885
4013178863
3983871919
3841330606
2763195838
2761101702
3029541262
4122157518
4126351830
4125173575
4116737863
3579932245
3581113893
3572581173
3572499223
3572510999
3572506934
3572708470
3562223862
3579001046
3578935686
3344046470
3337751943
3269658007
3269464455
2195788231
2195927303
2191728934
2191548710
2191550246
2208329510
2174779190
2175818558
2180008814
2161134574
2153073662
2169851871
2172112207
2206201167
2214584351
2197659711
2214441007
2180812837
2164101221
2155713873
2423756752
2423691220
3493248980
3493248340
3510033412
3543544836
1379279876
1379018005
1932734759
1945179951
1907381807
1905284879
1905581837
1372884813
1363578189
1346803149
1342682591
1343550975
1410725310
1414985662
1439094702
1472386726
1452398518
1452373399
1456562645
1448108261
1464885477
1427382501
1410736325
1410740293
1417036101
1425491831
1425407591
1442180647
1442115095
1475649031
1458867991
1450554695
1446434119
1446434246
3612854262
3621222310
3587663782
3583469494
3583332999
3589554839
3614724837
3614716645
3581162341
3581178213
3572769061
1425353783
1424304151
1415841815
1411860759
1361475847
1395064069
1382204677
1382253837
384012620
376676604
1985323109
2002034789
1963237477
1963241703
1963241711
1996800238
1996768742
1997948902
2002130662
1976968950
1974877910
1958051799
4105469405
4103400957
4107595004
4099269852
4099388892
4116157405
4126638845
3854009071
3853616742
4125204262
4116770086
4112575526
4112573538
4112741618
3844240595
3848409585
3992077280
3987882720
3987882496
3992089088
3991134721
3982550531
3982552630
3983601190
3983605286
2949701422
2948650958
2940302798
2923525583
3192145149
3209970925
3075822828
3050763516
2782329948
2778119436
2778119436
2811477260
2815671605
2815538469
3075592487
2769305959
2769359350
2752648150
3826397926
3838968550
3836807150
3836743662
3836755423
4119883087
4115721551
