1372326943
1405946895
307054079
302896557
1376244661
1376228245
1375966133
1916834727
1925223335
1925227423
1925424542
1916972446
1644411102
3858929790
3875702831
3875711023
3843205421
3847400765
3763767100
3763782428
3759489852
3759501869
3760136749
3775861357
3779920495
3779920511
3788259851
3788293643
3770992139
3771006475
3762612763
3762616859
3758414346
3758381579
3758430747
3775207993
2701466473
2739214441
2748267625
2995729529
2995728505
2458857563
2190422091
2190221402
2190217322
2206993518
2211207526
2211281270
2177726806
2177857910
2177857910
2169469302
2170517846
2170387270
2172484422
2172484438
2172516695
2172516727
2172516727
2171451895
2171451863
2171451861
2205006229
2205006260
2205006260
2205006228
2171582868
2171599252
2170550676
2170485204
2178857460
2204019172
2203757028
2203822580
2203826629
3259743683
3259603026
3259873330
3255679074
3256663074
1109171442
1395963010
1429644675
1428326017
1424139904
1425245825
1416736178
4099008674
4115720418
4115720418
3050334562
3086052147
3069210161
3203427893
3201330740
3197132340
4287651376
3717230384
3704712976
3696450865
3696379251
3558016243
3574809843
3608374403
1460858243
1448275329
1465028481
2010287745
1978764945
1978705891
4126188899
4050691362
3810635570
3810721282
3793946114
1663112738
1663050274
1629495846
1625294630
1621364022
1622476823
1622489092
1639245828
1672784900
1649710092
1646035020
1661895628
1628341900
1615761076
3771702951
3771514854
3763121638
3758925030
2702041318
2735661542
2736677798
2740852402
2748712626
2750875282
2717194130
2717201810
2717201875
3051828567
3051695367
3085200647
3085199637
3069565237
3065367568
3063714816
3084693760
3076301060
3040272900
3023499780
3040232020
3052815972
3048490727
3048488430
3048484078
3044288766
3040114938
3040303322
3044464862
3086146894
3079833357
3063001860
4140868356
4132479268
3054543652
3054679584
3071723024
3040267776
2973158912
2977779472
2977713440
2977715488
2986108192
2985255217
2985186065
2963948115
3035185906
3026745074
3043524338
3077177330
3077298642
3060521154
3068918978
3077176530
3077104755
3043619953
3043687761
3035291137
3035291137
3035364881
3051945761
3051941985
3085463649
4150816867
4151971923
4147785794
1966740550
1966742358
1954224694
880359974
888748582
817371710
834147854
867967246
917250058
917241898
917254250
648806767
627964279
627964279
627964279
627964279
627964279
627964279
627964279
627964279
627964279
627964279
627964279
627964279
627964279
627964279
627964279
627964279
627964279
627964279
627964279
627964279
627964279
627964279
627964279
627964279
627964279
627964279
627964279
627964279
627964279
627964279
627964279
627964279
627964279
627964279
627964279
627964279
627964279
627964279
627964279
627964279
627964279
627964279
627964279
627964279
627964279
627964279
627964279
627964279
627964279
627964279
627964279
627964279
627964279
627964279
627964279
627964279
627964279
627964279
627964279
627964279
627964279
627964279
627964279
627964279
627964279
627964279
627964279
627964279
627964279
627964279
627964279
627964279
627964279
627964279
627964279
627964279
627964279
627964279
560855415
560854391
560837111
560837047
560837049
560837049
560837048
560837560
560840376
560315064
589675192
589413048
589561480
589461128
593715851
601907626
568353002
635559978
635543610
635543563
627159305
627151624
627151384
635540024
635548216
627159576
1700889113
1835107898
1835372394
1843759274
1840220330
1706002586
1709685898
1730655370
1730654346
1730400650
1730285978
1730294699
1730290603
1742873002
1738614254
1738550598
916466690
379595778
111160578
111164674
245577474
245510914
262337282
228765953
228757760
216433472
208568960
204375684
204443284
70241948
86466184
86335128
387979240
392176873
929064043
669017194
635495450
635539467
635535625
627147528
627147288
627151384
627155512
1700897323
1700898346
1709284650
1709542506
1705478314
1705478330
1743756426
1731179914
1730655114
1730663306
1730302907
1730294185
1730290089
1700929961
1709384943
1738550338
2006985730
396438786
379665714
111230226
111227138
111288578
61223170
61264131
28213504
32211200
74154768
74159636
74030652
3775032
3775000
356040216
356052520
892921640
623691112
627884521
627884537
627954137
627954651
627954266
627962458
762311546
761787242
761767786
757446106
761634186
1835375754
1843764410
1873263802
1873263770
1868805258
1864610186
4012093850
4012020666
3978490282
3978453418
3982631914
3965855722
3974303534
3974306582
4242746130
2090937602
1554001154
1570840577
1302732800
1202073600
1202585664
1206534336
124502208
124486080
124490448
124491284
90807836
90815000
355068472
388558376
388556584
925693224
661438825
627884539
762167771
762171866
770560890
770560874
762180458
761655914
757441114
757446346
757439946
1835375802
1839700138
1873262762
1873263754
1864873098
1864872330
1864602522
1864537002
4012045226
4011991466
4011991466
3991027178
3974306174
3974314262
4238551302
4238552834
1419847426
1436885762
1436954947
1135481217
1135476864
1139474560
1097550976
1097817216
1093631121
1093622993
1092973875
1126461730
1139041062
1118839598
45098795
59772777
59771816
63969704
1091582376
1125202329
1125326218
1125320074
17973642
24371674
66118634
329294698
329556330
296067432
296067560
279290232
270902136
807502360
539197960
539137544
539212312
589466152
576895529
576891451
572779211
572530315
590348938
825230266
806551722
1351757994
1351753962
1370558470
1169170438
1168121858
1201823746
1201840386
3349324034
3483541762
3483799828
2415363868
2380238364
2648484392
2623318568
3158084136
3022818856
3022554648
2771091992
2804658728
2787873323
2787886378
2787728490
2792037482
2791972058
2921993418
2938778826
2942973018
2913613674
2913629930
2913629882
2913494667
2779311753
3051941512
4079603368
4079638440
3811186600
3811456936
1663968152
1663378824
556017048
543433980
819995764
815993857
279057411
10617859
10748947
10748947
10892291
31872001
23250179
56804611
65180482
49451843
45257475
45199925
1116774957
1116775976
1118875176
1118871080
1387321960
1399905000
3509706408
3508651448
3508650392
3512779161
3521200539
1407279546
1407411178
1407411178
1407411498
3550735674
3517164602
3517033530
3504454714
3491861530
4028727562
4028740106
3777147402
3815937626
3824326378
3813842667
3809705705
4046536365
4029745069
4028827047
1881354406
1885544678
1352863970
1369899074
1403400194
1118183426
1118707714
1118756864
1118674960
1140630816
1132312368
3242106388
3246298628
3254683140
3250554396
3249833512
3516176104
2480185064
2438241960
2434129576
2436355752
2436355736
2473382536
2456613576
2456580696
2456646184
2456778537
2465037610
2481814570
2444090426
2427313210
2494551514
2498729418
2489815434
2976223674
3009909162
3009860010
2993873307
4080166281
4080086408
4046530984
1882270124
1882401020
1882401869
1617110021
1621278740
1621262356
1889972224
1889968384
1906676224
1911849476
1901363764
4078289468
4078044729
4082247977
4082116648
3018856488
2482374680
3522566344
3518326216
3518259849
3518284426
3517203370
3501015210
3580842154
3307675882
3341165658
3542508554
3542541322
3622607882
3618408489
4156340520
4156336952
2780604936
2809962056
2805761608
2804712056
2805891688
2805895720
2722030121
2721473071
2721395494
2725511526
2801008738
2817327202
3085702386
4159192274
4151000258
3622451394
3622709698
3622715330
1476202178
1207711698
1207706034
1170153874
1169838466
3300639106
3568939925
3569198772
3573395164
3573390076
2960964332
2960960236
2973544168
3007099624
4080816872
4080272107
4079223786
4083417194
4058251306
4058461226
4054198298
4054198282
4126566410
4126582794
4126452490
4155817482
4290020042
4289495690
4155278010
4155212457
4147016616
4146471848
4112654776
4045545644
1881285804
1903307948
1907435692
867182797
850454599
313567239
317897989
40015109
1113751860
1382449440
1399251760
1398993408
1365426692
1365393924
1348555324
1348560428
3563153960
3563321640
3572877608
3572812600
3572825608
3589595720
3589587675
3622060714
3756262058
3756327082
3756470442
3748032682
3609617610
3609652298
4151814154
4160600121
4156406312
3887902232
2818354696
2809960008
2771944008
2770895401
2804843305
2805920043
2772332843
2687901983
2692162423
2700415463
2700345766
2963539367
2980907171
4071430291
3534633090
3538823298
1382952131
1114518595
1114378355
1113854051
65413139
31858951
73797895
74908439
74777405
74526525
208743192
215292696
500484648
536129080
519349976
519869064
510427801
510493339
527073978
493806506
476930538
1013735530
2088592426
2097085498
2097080379
4241930553
4157979160
4143233544
2524745224
2532082248
2527625976
2544419496
2645152424
2628399786
2632590250
2632458410
2632457390
2229799086
2230261910
3295553670
3224250502
1093020806
1126593669
1110864004
1114825092
41083780
41001620
36807396
35894884
1394771484
1361284620
1361095484
1902160172
1902165288
4083191080
4084369160
4065501704
4065501720
4065456685
3008385583
3008366382
2438399270
2440436775
2448765991
2448765974
2545288194
3619034370
3351126338
3355390274
3321696466
3321823442
1174343894
1149186518
1149186334
1148655387
1144331787
338968123
355741227
354692651
895747899
904134923
904200521
904347721
897008891
930475243
930475179
930393499
930387338
937787786
937787802
665289658
669491626
1744217514
1735830698
1730395306
1713478906
1713480922
1713545306
1731387450
1731342378
1731338538
1970415402
1978875502
1958091375
1958152957
1419054788
1418997700
1418995652
1171731392
1171674048
1171674049
1173832643
1173385714
91283938
91386227
91357447
124912391
124980743
123742783
392178221
392178473
392178985
392181017
392167689
384057608
385106200
376750377
393602409
393340267
930196987
929072539
937723290
899974042
1973781403
1973920697
1978050472
1969661864
1969729513
4116745977
4125144665
4158759706
4158828826
4150714410
4147535914
4114033706
4097194094
1949698158
1414928854
1423318977
1356269248
1351889600
1083515456
1104613952
1104544320
66470464
66474560
66516544
66574160
66537009
49759797
49634869
108281647
108277551
372518187
389293355
926168347
930365705
929317193
937705817
895829369
895974891
895938027
896002490
895790522
904168842
904167818
905413002
636986299
636986283
1702078379
1701025706
1830920106
1830922218
1830921082
1832035098
3979534618
3979501866
4231144490
4235339823
4243724335
4239526191
3700821261
3700766533
3717472837
3717542593
3717681905
3583497185
3587490272
3579101680
3310743872
3612799744
3591787265
1446381063
1446383126
1446325806
1445281582
1457790250
2007243882
899941594
883163275
887374217
904217032
895960920
895909688
925297960
925298025
926147961
930197707
938508682
933593499
1973781433
1977988776
1961344744
4100168680
4100168504
3831605788
2754717212
2754847252
3023217207
3023233590
3039982119
3056734755
3061188195
3069053905
3064928704
3064740016
3064757408
3081528484
3031229829
3035490190
3023896238
2956779174
3005598118
2988886454
2993085830
2993092037
2988860100
2988712644
2988450492
3005294252
2975997352
4041346216
4037085352
4037019816
3500158121
3500156153
3500225755
3235919051
1105208330
1096822026
1130379578
1130437418
31537946
31669002
6503706
2561066
2555946
270860346
270865418
287599626
824986894
627964279
627964279
627964279
627964279
627964279
627964279
627964279
627964279
627964279
627964279
627964279
627964279
627964279
627964279
627964279
627964279
627964279
627964279
627964279
627964279
627964279
627964279
627964279
627964279
627964279
627964279
627964279
627964279
627964279
627964279
627964279
627964279
627964279
627964279
627964279
627964279
627964279
627964279
627964279
627964279
627964279
627964279
627964279
627964279
627964279
627964279
627964279
627964279
627964279
627964279
627964279
627964279
627964279
627964279
627964279
627964279
627964279
627964279
627964279
627964279
627947895
627946871
896381430
1030599094
1013821886
476950974
493730750
493730750
1500363198
1231419838
1264941502
1273066750
1236430926
1217589518
1216536870
3632316711
3632312164
3636509156
3640694996
3674376324
3657604228
3657602180
1510121860
1510138517
1493316262
1476604642
1543578338
1556095586
1551906082
1551963187
1283656704
1300438016
1182870528
113503233
101878785
118916097
18252819
18842674
18584626
18611218
18873618
52358418
39747379
316102193
315970161
310661856
851727012
843084708
838889892
839152044
855954860
856020397
860308655
835538367
835542527
815720735
815721231
822012686
285142542
276819470
272496142
270385974
1343587110
1346732838
1350686050
1417719138
1417722210
3565390178
3586304322
3728910786
3728911810
3728905666
1590853827
1590920417
2126550240
4265649252
4261454948
4261520444
4261601356
4278345804
4244779084
2084963181
1960182501
1960641189
1956452007
1960586903
1419586183
1418013335
1417964213
1417996949
1472528005
3595875719
3591475399
1446215687
1445179431
1378213927
1395122227
3508959027
4033238563
4041623141
4037363301
4038334069
4059330133
3530843925
3530847543
3530839343
3530849390
3556015230
3522513998
3521006670
3521058174
3512542574
3512541470
1373516559
1373516300
1373516604
1358701352
1350312232
1346122024
1344079112
269289800
273435081
277662123
294422970
310753674
315008394
307659146
1381466586
1987412474
1995813098
1995677934
1985192175
1980869863
4127427047
4127362391
4127381255
4127351555
4262600966
4285739046
4260638758
4239667238
4239735846
4239858142
3700825030
3699772038
1552883334
1552742022
1552740999
1552712580
1570736116
1608361956
1583132640
3592269808
3594432448
3594425792
4131292608
4130849776
4130730980
4118144740
4109854452
4109858452
4107361973
4107296167
3838901414
4106286318
4124102766
4107489294
4099104782
4099105039
4117980975
4151537197
4157824557
4136701501
4069531229
4069602765
1926374797
1397898383
1360399503
1343622334
1343556782
1347763630
1892115134
1893134926
1895072270
1910800910
1910809902
1944103982
1944103982
1927457822
1920136223
1917994109
1979843772
1984038316
2000829884
893532572
877017484
340147084
348528276
349377173
349188807
82850310
81842726
81830434
77636130
347121187
78685969
76725505
80911360
85101568
85100544
118671361
51530051
322326387
326520547
312821475
312832755
313614913
317813569
309449552
307254628
302005604
838871332
838871332
855715093
859976965
826409741
834863903
830739247
830743341
830764845
830786861
562335097
566529529
567123451
567254491
835698139
827243994
827260250
827227514
823098747
822959467
827284843
827323755
869250559
869118943
1942852495
1942852495
1942852511
1942263742
1942331326
1908907967
4056334271
4056350655
3519475647
3511086526
4116114943
3042291198
3042288990
3044516894
4126651678
3858215198
3891630398
3891761214
2809507871
2805441565
2905973805
2939550764
2939571500
2922515964
2922778540
4000778164
4277475221
4277482903
3199477654
3199543206
3200127670
2663252678
2646463110
2628560518
2628038279
2632428173
2623970189
2619722653
2619366829
2620417517
2637177327
2637377903
2649956655
2645648669
2628840717
2628839949
2626726421
2647702069
2681445973
2681394887
2664592263
2656108967
2651849126
2534409638
2500922790
2505185687
4109510837
4105185445
1961892021
1969232013
1432566989
1432413644
1465968124
895526253
891401573
891401589
891401493
622968093
622902589
622902589
1730395453
1730329919
1730329919
1730321727
1730256159
1696709695
3844455487
3844537406
3845051438
3846062126
3849978222
2782528494
2778399406
2778273470
2778218143
2778214047
2813864605
3080469145
3078373003
3074178698
3077977994
3614508202
4121953450
4121953450
4121961626
3582993547
1441882248
1442046408
1433576412
1462871020
1462806380
1462805885
1462893951
1462958398
1467152702
1474485562
3617838394
3617833242
3617755402
3521286411
3521353499
4049641257
4049903465
4059339625
4059470828
4051079004
4080506188
4063606108
4062700908
4062605676
4062581244
3810657740
3810661853
4116844013
4109377007
1957707246
1957703134
1957701070
1957717454
1978720766
1969287678
2002883038
2011268447
1970386207
4151356703
4151356701
3877874717
3844259133
3881998125
3882010413
4118005563
4117843467
4113768219
4113700715
4117828971
4126147951
4121952761
4122150361
4105317769
4038143897
4040174511
4048566975
3507625679
1393702606
1397822414
1408241998
1408266590
1403052143
1407234159
3521479791
3513093181
3513093389
3521625861
3517361940
3567693332
3571892020
3563585313
3559358241
2486583075
2503097651
2507291986
2549235138
2662483410
2664515027
2664494529
2655053249
2655036868
2520819668
2529224692
2546071524
2542919661
2542915567
2513460910
2488303294
2484281054
2486306526
2490501086
2448434670
2481988847
2481992799
2531333455
2539874063
2271440413
2237751101
2221100863
2229394751
2229400607
2497836063
2497945887
2497880406
3589509591
3312682487
3344026869
3339803895
3306236118
3306301654
3306302934
3289521494
3296073026
3321305042
3316994514
3351241154
3334382017
3334439104
3271328864
3279725920
3275531616
3309299552
3510036064
3514226288
3514222161
3581134673
3578844977
3578844453
2513489189
2513502005
2547378997
3747080981
3730205447
3726057303
3730115958
2673284598
2681606630
2643931366
3701301478
3701272823
3705459191
3696534997
3695486932
3708071892
4245077972
4278624116
4282818356
4266040116
3058080020
3058092036
3059173396
2517965876
2518103092
2534805524
2514358580
2493383268
2495546084
2495366820
2495402661
2495390359
2516361862
2507977366
2503774910
2503328446
2503399070
2536925850
3073796490
3073796250
3077925018
3077953690
3044400266
4109496523
4109619401
4109553992
4100153656
4112524072
4112524076
4112725549
4125236782
4121102894
3585149758
3585088270
3622832398
2280738055
2264065284
2532483332
2549326164
2513670452
2496823600
2492629296
2492825888
2492773728
2488575843
2503274210
2536951522
2470334114
2469283506
3002021794
3001823730
3001815238
2541696198
3610717382
3610585334
3610716278
3715508550
3723901190
3720220422
3720151559
3451650604
3433591340
3433620012
2360926764
2365109868
2650316540
2639839148
2639904172
2639967405
2673771694
3210117326
3041374670
3036721518
3036779310
3036854030
3171086094
3172134718
3209845550
3209891694
3059092830
3195405774
3195471306
3203728602
3203683450
4275139962
4287851802
4258524430
4258358542
4233389342
4233453934
4234088942
4234036142
4242162623
4291450813
3737933757
3737937309
3738985933
3730596941
3730793503
3726521407
3577087039
3564506383
3572898573
3568700108
3568656028
3566534333
3570708141
4115961789
4115108285
4115116991
4114981615
4114920045
2768548396
2769595964
2771693116
2771692076
2771906092
2776553004
2784887341
3051225607
3042390726
2974099366
2965638566
2965637286
4053010598
4053141638
4057083014
4082263175
3528650885
1376891333
1378918677
3529549109
3525356861
3525355837
3525441855
3542243647
3512880446
3505538878
2494710574
2494812782
2492520174
2509303535
2505092095
2500901837
2534652357
2534581316
2534580228
2505232405
2515714065
2511488032
2498766880
2490378272
2216769568
2216823056
2237795584
2242249473
2544239171
2477085394
2477052582
2477586086
2474426022
2470222246
3541932446
3608590734
4144426383
4144426893
4144164493
2000905885
2009294847
2010152302
4159729006
4126155886
3589485694
3572707710
3570561374
3566367070
3583178015
3585203517
3622869276
3614488860
2536548628
3174284052
3178405380
3170016772
3170014997
3031545125
3052449829
3073429543
3073720551
3073769607
3073782967
3040227239
3858108070
3852798630
3852802742
4120915591
4154468295
4158677447
4146155719
3610272207
3610273759
1462988782
1465020398
4157767534
4126396286
4122005262
4122015503
2510333711
2514730783
2507312671
2540932671
2540801598
3075843711
3218581119
3221140205
2948567789
2952562156
2818344172
2805761068
2805765132
2805850124
2770804748
3777372204
3760599529
3772908203
3769765562
3769961114
3767806874
4040436154
4057217178
3520403594
3552322762
1404841994
1135362314
1135468842
1135256366
3282739758
3282743860
3551299316
3551301364
3529805812
3525677044
3610414580
3576866164
4094862368
4097025056
4029914144
3761478672
3761412112
3760621856
3781593376
3806776304
3807793025
2726119299
2721863298
2721325730
2725585574
2734105318
2813597414
2813597670
3082042838
3086236870
3086428358
3581290690
3581291971
3564273091
3572684097
4109800449
4104625168
3030686736
3034888208
3026495760
3039211280
3072774656
3055960592
4062577265
2993095395
2724463334
2732859366
2732853358
2746501230
3786791118
3772181962
3763659466
4027900618
4027863754
4027909850
4030074346
4059437294
4055308526
4155903198
3619040462
3619103950
3621070030
3344369134
3269407918
3533599918
3533697229
3535589580
3266638300
3270813164
3258232804
3275226980
3275153252
3543588709
3543584117
3547682135
3556242775
3556234581
3556101621
3547713012
3514162644
3522559956
3522424789
3505580021
3505649365
3505641431
3572733302
3589322022
3589319718
3580931118
3610357022
3610443022
3610443022
2549284111
2511533375
2511525165
2515649901
2505099261
2635191261
2635231949
2638377677
2630055917
3703602671
2630901231
2622573055
2490849614
2490886606
2515791310
2515779550
2549323774
3077801814
3218184022
3220219703
3086001701
3086001700
3060921892
3056649764
2788180516
2804090468
2804037485
2803967341
2783976557
3048212604
3046119500
3046189068
2542807052
2547329292
2547452220
2279474492
2275292444
2277126197
3317253155
3434644514
3437790258
3706232834
3563692034
3559628818
3559555186
3560605122
3577384834
3610937986
3609905874
4146809570
3060349538
3068668514
3064474914
3064478743
3064470551
2527867989
2528650741
2543395765
2543399573
2514293396
2514237092
2505850789
2434021797
2467641509
3543546037
3526507653
3525459077
1378035141
1382032837
1398810453
1407202663
1373664614
1373697382
1356911974
1348506982
1365280030
1902415118
1902484238
1936177982
1399307055
1936104255
1936104719
1936102669
1936192797
1944581421
4092065071
4058444846
4058510382
4058379326
4032951358
4028759102
4028816414
3492994318
3497189134
4059287054
4059285006
3555979790
3555975694
3622953502
3589404479
2499015981
2499018093
2490489068
2488322269
2484128909
2500983949
3574785495
3612501447
3612488647
3614577623
3623039607
3589366375
3588321829
3621803877
3622854485
3614474181
3608165317
3608166293
3608165815
3612423607
3620884663
3616723159
3616718933
3616575797
3622874413
3621825324
3613436716
3614687037
3610433311
3608396063
3579035966
2505228654
2496840046
2496808302
2496879966
2488367374
2500950350
2534635854
2534767822
3612701918
3621114094
3617047022
3583431167
2509616093
2513745756
2505357116
3071655228
3057102140
3057101852
3054943500
3059123476
3059140388
3193304615
3193201526
3210048886
3172422886
3155625190
3027633398
4109762694
4105572743
4103541653
4107547285
4099155637
4099157685
4099238821
4099369901
4124507071
4143373199
4076265165
4067280461
4067213916
4067222124
4067189484
4092338924
4092535276
4058976492
4059366636
4049935580
4050000076
4045805772
3546708444
3554863836
3538026205
3533719245
3537912543
3554693886
3521147886
3504529638
2430790759
2430859367
2430654483
2430711811
2439100678
2472779526
2455934486
2531432246
2527311142
3063981350
3063987238
3084950822
3210841399
3173162831
3156389391
3156409885
3156467261
3173113405
3174103869
3207653661
3211913245
3193170973
2924739612
2924672028
2935148829
2933052277
3214071413
3218134759
3176167143
3155170046
3155362782
3155366238
3159560506
3159429434
4241559866
4237370635
4237371403
4237371401
1557215321
1416644809
1416677513
1462798473
1446151307
1450348937
4132615065
4132680444
4139950700
3066208812
3066077740
3082854948
3075520036
3074545188
3040999204
3036700452
3019918628
2756070772
2764459381
2764459494
2760232166
2777734390
2815491286
3074489558
3070358998
3070391766
3070390166
3070373783
3041011095
3049403783
3049457031
3082880182
3082818734
3082891438
4152500382
4152500686
4152435150
3587187066
3562022698
3557915962
3560069386
3560102154
3581081866
3623073802
3606101002
3606086923
3606085899
3597697307
3595993962
3730240362
2673271791
2648105983
2647848925
2647840732
2639323132
2638278644
2667638756
2650859492
3192051172
4141008341
4136881350
4140858614
4115688614
3559996582
3560047830
3560064454
3564258822
4109583891
4239418919
4239451943
4243645735
3186666791
3167918375
3184691973
3184757573
3183577797
3175194357
3204691701
3204637429
3204604663
2671977079
2680235874
2681222498
3218083106
3218082914
3079736562
2542953666
2542986627
2547185539
2538853253
2500974213
3037849493
3021141973
3021133173
4099132783
4107590959
4109692221
3841255757
3848134105
2773933293
2807485676
2807485948
2807464396
2815529932
2815473404
2815469164
2807148077
2807152173
2807158335
2809382463
2809352767
2805027631
2809206574
2809206062
2817867054
2801081390
2801011774
2801011742
2801085454
3059164174
4065797151
4081456135
4056286277
4039591237
4039512004
1892032132
1950557828
1950427045
1421882789
3569423781
3720437221
3753933301
4274321781
4265908500
4266113796
4266045188
4224099845
4190609927
4173767190
4165383974
3087507302
3087306086
3104095590
2869407078
2865151350
2928054262
2928051922
3196449491
3208962801
3171185377
3171173025
3154511281
3155561873
3033925777
3029665969
4105517239
4122421638
4160105862
4160107910
3623092406
3605020902
3621842982
3588284679
3588284673
3571507968
3571511600
3571962160
3571634484
3581035893
3612478935
3611429254
3343010182
3603057078
3620756902
3620791806
3587498446
3587477838
3621228893
3621232940
3614811436
3614745900
4130717500
4281835324
4281835324
4281704252
4246052669
4111841143
4228380647
4228272791
4228252551
4228253591
4250273187
4254533025
4287956129
4289737937
4272956609
4268762177
3727697201
3727828257
3732017459
3732013875
3740406611
1576154822
1559379654
1559460550
1557199862
1557200870
3696351095
3562258695
3562127623
3580932925
3580929837
3580931885
3578919727
3578911598
3577990142
3619872222
3619865822
3620847870
3620749542
3595591910
3612549335
3612484039
3578925509
3570795509
3570669540
3570675428
3562286036
3562503108
3562109380
3578911189
3612467165
3595827167
3595825998
3595670286
3595620670
3595628838
3620790566
3583009582
3585438255
2494977596
2633387820
2641743660
2639579500
2668952060
3188042716
3192106700
3192104652
3192095439
3192095454
3187770094
3208754158
3208704494
3208766974
3175245262
3158468046
3158717911
3024424167
2489085159
3034405989
3034569749
3034512389
3053370629
3069613319
3069609221
3061286769
3060893537
3054622705
3071763443
3071746547
3038065122
3038187750
4126540006
4122345686
4122358214
4119930310
3582995870
3583011295
3587242461
3578853852
3574655196
3557944596
3562272532
3572744724
3572744724
3571929655
3513213490
3525648674
3526763555
3526755443
4065789139
4073985171
1938044305
1904492437
1887727543
1892019118
1883564462
1896147374
1896152214
1896205446
1900381383
1943897557
1941939621
1929307557
4067878389
4067866613
4061627237
4061561655
4063753783
1919215135
1919217215
1986391357
2003237949
1969671261
1970719965
4095198365
4095141085
1951851005
1960206973
2094469661
2085892621
2085888799
1416896815
1559438639
1559377199
1553080094
1553141278
1283530270
1287741006
1287771854
1204848590
1188071374
1186303958
1186435062
1391967719
1391961575
1383965045
1379774804
1379914580
1916719988
1916170852
1930912613
1883530029
1623480175
1623478127
1623251294
1891757534
1883303390
4047820190
4081436046
4064724366
4064765342
4140133806
4152749226
4152814762
4152808603
3615637647
3552788687
3612398075
2500911979
2505172779
2507405883
2549316122
2549345034
2549344575
2549333375
2516029917
2516025805
2499248780
3036058268
3027735212
3025442212
3038031076
3071584373
3057035285
3057056773
3055996181
2787526453
2791789349
2808369701
2775847525
3052737367
3050779463
3050645319
4107611414
4124523782
4124514390
4124514422
4124379366
4057206015
4057216463
4049019277
4047974797
4047835549
4047860717
4047534061
4047558637
4055943037
4055947023
4056266511
4089947935
4090996575
4090869119
4082488575
4081435903
4148546797
4148559085
4149673469
4149665117
4149656845
4149652749
3078071581
3077944637
3077894943
3078476319
3044954703
3042849502
3025547966
3033860014
3046376942
3048473839
4155774207
4159972431
3581158413
3560269077
3560331029
3560853253
3560857095
3565059911
1425985479
3573403093
3590182293
3606431169
3539452353
1391838033
1389688353
1389651751
1389634855
1381246247
1381445687
1383993366
1383989255
303693847
387514431
340329821
340331343
348850767
478923343
478796367
483195487
416081485
407688141
458015709
466477805
449635949
466382445
449589039
1254894886
1255089190
1246638131
1246629907
3393982481
3377213457
3431736336
3431922624
2358155904
2223934080
2223934080
2174716561
2192871073
2192868001
2196017891
2183434790
2535764518
2485428774
2485561126
3022433062
3026622758
3160901942
2889713670
2923337798
2923342277
2922292676
2922034116
2923021028
2923414180
2923319972
2910675620
2902221733
2895930279
2895409574
2895597974
2899734926
2782297486
2807511439
2786408671
2788440319
2793158911
4068288671
4076813518
4076471630
1924793614
1403651862
1370171158
1353197318
1357391106
16332035
12387585
10290432
14534416
14483248
30717728
63221088
55356900
323792292
307005861
843876757
843418005
843548853
839301285
570862775
571647175
571647047
571645958
571645974
573743142
590512166
556893222
557164566
540518414
540465182
1635174447
1644088685
1677672828
1711100244
1685926724
1681732116
1681723956
1618810401
1618811427
1958681122
1957501474
1957178066
1957178754
1470846082
1386824834
1386759298
1391219890
1383933090
1384000691
1381379505
1389764576
1389827616
854925856
854860340
854860340
