1358699551
1356663823
1406075911
1380926837
1376769013
1376228245
1376227989
1912837045
1916834727
1916842919
1925226935
1656988831
1648536735
3791829247
3791886383
3875706925
3875711021
3842418989
3830890285
3830892348
3763847709
3760014141
3760022383
3760006119
3776775143
3813475311
3813474942
3787801102
3787740682
3771006475
3771001355
3762350619
3762354715
3762313738
3842006602
3842252506
4010020602
4014214650
3930397930
3934729450
3934729338
3934728250
3935252510
3935186956
4220411916
4224541908
4211919780
4211923620
4211993252
3943688877
1774561966
1753525934
1753267630
1820433591
1824693495
1682148372
607176756
538978356
555822132
555883556
555883820
560336428
565644861
548734558
546592462
546625166
562859662
596414094
595888782
591698830
570718670
570898767
587606335
555100461
559295788
636883740
615846412
615785020
631517980
631514892
627837700
627964279
627964279
627964279
627964279
627964279
627964279
627964279
627964279
627964279
627964279
627964279
627964279
627964279
627964279
627964279
627964279
627964279
627964279
627964279
627964279
627964279
627964279
627964279
627964279
627964279
627964279
627964279
627964279
762165623
762166647
1030599159
493728181
493728191
208515515
225293758
207993782
82164146
82164146
15055090
15054898
7781442
7778370
7774210
7794691
53362753
36389072
36245665
36249763
307783074
306736038
868809382
835488494
596413150
579770891
579250952
579248136
584359948
571777068
572297256
571228200
554500140
537788516
541982945
550376421
546255493
814562949
814693005
831404685
311048844
311044749
43592077
1115163786
1109923002
1115451882
1124033066
1136058922
1102570026
1351914042
1351914042
1351393578
1351393323
1355326504
1359578232
1376488664
1376439468
1376414892
302656684
302589116
302645724
302645840
281674240
278540801
12463619
11352578
11360770
11394834
15447346
275492882
304717830
303596807
306744612
843626860
843639148
587753832
554199416
537556424
537580233
558547689
562676459
562598638
562607046
902475970
923446402
1057728658
1040771234
1040734370
973801634
973740162
973747330
441066434
1541014098
1236861474
1220026914
1220027110
1217929910
1285038735
1284039324
1284020156
1149864868
1082886564
1079740900
1077578020
1076529412
36362500
36627717
305061893
305123349
841793573
574128165
575176997
583566631
583568743
591961429
554472916
554546676
554676708
554611620
542028708
1624225444
1892530832
1884142208
1879947920
4043766449
4077288355
4064701858
3536201634
2462458818
2463507394
2482381698
2448896386
2162505106
2158302386
2428329186
2428304615
2428300389
2428284212
2428280580
2431419908
2435423764
2435563028
2469051924
2469068340
2452323876
2452166180
2452099940
2464682229
2461544693
2461540583
2461610086
2478380070
2478394422
2466203670
2524936214
2524936214
2520742934
2520765494
3592351766
3609124934
3575570758
3558732231
3558721485
3565145084
3565149172
3564993268
2449353412
2449091140
2444891716
2176521044
2174226788
2174234724
2173186148
2173202532
2173235556
2177413621
2177470949
2177466855
2152237030
2152570870
2152701846
2152701846
2416951222
2500853654
2500753294
2500747662
2538234254
2546627998
2542359983
2509798845
2513989004
2489118084
3558729172
3493754708
3493738308
1343567813
1347694545
1347890595
1364594083
1383468467
1383468418
309724546
309674115
318042339
318025831
845459751
845455663
828744479
829858591
1886823231
1968678189
1975821613
1967439165
1968487693
4111961357
4044524829
4027762485
4031960629
4031932021
4031917797
4040236791
4040170455
4057017239
4090706343
1926434230
1920140678
1920413830
1928601846
1928647142
1659933030
1676718398
1727051070
1727043358
1718654478
1716758302
1980932399
2115084335
2115031101
4279652397
1947598885
4101374005
4105568533
1958085389
1890860621
1895049933
1895049887
1895246767
1945504687
1928792991
854919054
846463374
846463391
853860847
853860655
853844271
845455663
862233887
862369053
862357309
1936111405
1987555109
1985260343
4128553223
4127705350
3590735894
2534296694
2504918134
2496537974
2627609462
2627613238
2560366102
2560386679
2560388716
2583449452
2570341756
2570407244
2570503500
3642155508
4179010036
4182090197
4190414279
4190416839
4182028231
4182162391
4282825569
4282816801
4261922099
4262904067
4128665859
3591766035
3541434418
3495297074
1349910550
1358372311
1354045877
1351949221
1351891901
1356143501
1406995340
308021132
308036493
309646237
845460397
845521261
845455661
845455405
845456437
841262101
841393173
1915135012
1915135012
1916769316
1916634388
4030646020
4028514820
4028498624
4041086672
4036968096
4038859429
4038867622
4038863542
4058786230
1919686838
1919749254
1919828102
1919795334
1919717590
1919725926
1651286055
1650763045
1718926629
1718917909
1712828165
1981212423
2115395895
2115375143
2132148335
2096497903
2025196751
2023098830
4169411534
3632540542
3632556607
4170706447
3096883981
3096806157
3113517612
3112473132
3146031720
3133449944
3125590712
3121584808
3121597352
3189590504
3191670840
3191735304
3178110984
3031310344
3031310649
2494432047
2494301742
2494303790
2222722614
2234846006
2239118390
2381786150
2410953766
2343834742
2344031430
2343989382
2348675205
2315026820
2372241316
2372394932
2368207836
2369256220
2400647996
2249648924
2248665868
2261052684
2256838924
2257564013
2257551855
2211021295
2169078191
2165278647
2148505271
2416950935
2416933525
2416917141
2416851604
3490593204
3495836085
3512609943
3548261526
1384068242
1383927938
1383862402
326901906
293365218
275574242
275578227
292396307
292461825
326085905
326085905
846179601
845659441
845516085
845253941
841071671
842247223
842185751
907189271
907192342
1041393686
1041377334
1060509734
959843366
955649846
951457302
951453207
949228053
947921461
947921429
952132117
943780477
943756285
960533949
960609727
994290847
453360798
453500062
453432718
458126734
424568714
415987290
411784762
1486618171
1486739993
1486653976
3638344504
3646730024
3675100984
3679421128
4224553676
4220297916
4203520684
3134038701
2584737446
2651669990
2652638310
2653752358
2586709014
2574134278
2561551366
3635293447
3635289877
2561412647
2294037350
2285653286
2300366646
2333072902
2332812806
2345263622
2341069398
2307519207
2290668197
2357773228
2363016108
2222575516
2222967228
2151074232
2436024825
3543324683
3525507082
3525568522
4062227482
1914740794
1932566586
1662025755
1627504763
1627635883
1632059567
558240175
558305711
826741679
809849775
1892119295
1892121215
1892121302
1892018822
1891953030
289728918
302830726
1376665998
1376666510
1381909134
1387193006
1387127662
1387063598
1944889646
1902946570
1885776138
1885780746
1894155531
1894154265
1894039593
1902440557
1916067949
1913970812
1914159212
1930346788
4048470564
3503250964
3503258116
3500108292
3500042756
3500046932
2443108092
2476722076
2464010652
2463945116
2455606205
2455606957
2455549679
2992418543
3009212030
3009216030
2977715774
4051527214
4034864942
4046071150
4079621342
4062921886
4068000950
4065907895
4064863381
1917362308
1917419716
1913291076
1897575172
1887348244
1886318133
4042258999
4042152470
4041890326
4041955638
4041825318
4033367094
4050211846
4083774471
1937335319
1935172903
1935172903
1665885461
1728730965
1699431285
1699267429
1741210213
1737015893
1737143109
1875813317
1850598871
1779235303
1779190246
1795967470
2068715758
2068721150
2068721102
4182648206
4250802078
4259255214
4253819822
4253836206
4287390622
3616335839
2542270204
2475089644
2479226596
2446085860
2446085828
2430406340
2430469717
2153657127
2153718566
2421977382
2430357558
2430391302
2443175943
2174740487
3268270535
3259616151
3255487382
3255490454
3255497094
3523916182
3523850422
1377673463
1902027975
1895737349
1894684679
812615687
808376323
808331379
808398051
1882792103
1886917031
1910059943
1939419813
1938309813
1904792277
1888026117
1888008709
1889057285
1354672645
1358867271
1400826327
1379816855
1379811733
3527295381
1916715941
1927140005
1922888356
1924948669
1945920205
1882088265
1882087691
1882089787
1886386987
1894574891
1911339307
1928108361
1928112200
1919725640
1915518984
1915256872
4062871592
4079919400
4033798953
4042183231
4042212926
4042081838
4109180454
4100726054
2088508710
2088506422
2088580118
2086609170
2027757826
2027693315
416032003
433022209
466547969
449758529
449824081
1523434869
1514989397
1515060997
1515178773
3671038821
3670867431
3670860207
3666649487
4203581839
4270490047
4270490026
4022961579
3976759787
3959986219
1679403035
1679534091
1681632267
1614385163
1630240779
1630175275
1630453803
1635696745
1644119533
1677547445
1677537941
3816632983
3783078590
3766301422
3766302446
3841735278
2780576310
2812029718
2795251910
4136397958
4136394895
4140581007
4111335565
3558736268
3560338340
3563482788
4109695660
4107598572
4115983052
4128287436
4128418380
4132605196
4143088684
4138827821
4142968879
3060834335
3073548302
3040272766
3022444526
3027685102
3161737894
2910617263
2916378287
2949916575
3218417567
3216455646
3182837470
3186966142
3178509918
3157537566
2624860478
2633310510
2628858159
2628780333
2628792653
2626691848
3704627720
3695257096
3695392280
3691384344
3558215192
1410801432
1412773129
1413297419
1413285131
292356362
292356362
24051994
24056122
32321594
32257082
28120154
61676634
61675610
40704122
36518010
36516954
103755866
372191322
376320346
384708954
384578410
921449322
921453423
627964279
627964279
627964279
627964279
627964279
627964279
627964279
627964279
627964279
627964279
627964279
627964279
627964279
627964279
627964279
627964279
627964279
627964279
627964279
627964279
627964279
627964279
627964279
627964279
627964279
627964279
627964279
627964279
627964279
627964279
627964279
627964279
627964279
627964279
627964279
627964279
627964279
627964279
627964279
627964279
627964279
627964279
627964279
627964279
627964279
627964279
627964279
627964279
627964279
627964279
627964279
627964279
627964279
627964279
627964279
627964279
627964279
627964279
627964279
627964279
627964279
627964279
627964279
627964279
627964279
627964279
627964279
627964279
627964279
627964279
627964279
627964279
627964279
627964279
627964279
627964279
627964279
627964279
627964279
627964279
627964279
627964279
627964279
627964279
627947895
896382327
896381430
896381366
896381374
1013821886
1013821886
1013824958
1550694846
1550694846
3698178494
4251826622
4286496142
4286248847
4294633101
3216687788
3216761516
3216569020
3220726428
3208177336
4282176936
4282242281
4281724139
4285918302
4277402638
2121423886
2119334926
1582457886
1582752822
3730232614
3755393319
3579233095
3564556999
3565081287
3707683527
3573532631
3573403495
3573350247
3562827554
3562858274
4099794738
4099397395
4099392791
4116039030
4283956694
3726043590
3726014658
3726003394
3729065458
3738448358
3750830822
3717423719
3702997543
3702805029
3700745765
3721719605
3754224980
3746033108
3741769156
3742780805
3709291909
3709237127
3692488702
4241937902
4103194094
4103128575
4119900125
4119900124
4124159996
3040995324
3036729772
3036729836
3070448108
3075621741
3075624751
3085982510
3085986686
3086282062
3086411086
3218527566
3218522446
3220488543
3212109101
4285916461
4265047359
4265041943
3727892503
3675463735
3746758695
3713216567
3704758559
3700580189
3700574924
3700935372
3717585549
3755256717
3730091423
3730108570
3730067642
3742630058
3711369706
3698734058
3707645546
3707316782
3707271710
3707297550
3724060431
3757613325
3753484556
3757740364
3749347708
3745239340
3575140644
3558568236
3558503212
4108206892
4104081261
4102867803
4107070426
4114917886
4144471518
4145972686
4129194826
4133409611
4284347259
4284244843
4250756459
4250921451
4250921450
3992840362
4026382490
2935856266
2935783882
2926936906
2922873467
2922832425
3191300649
3191169580
3195347500
3203740460
2947879213
2914320501
3170718807
3162463319
3162425687
4236168007
4235647686
4236241607
4248692421
4145308309
4128506789
4128506277
4132774309
4149617061
4158009845
4153742583
4120143063
4053066775
4055344407
4059469063
4059467015
4084567311
3010828557
2993981485
2989856813
2989866029
2989945901
3006681404
3004646012
3073839740
3052872428
3048682212
3048473317
3048474343
3165915126
3170115014
3161730262
3161794806
3161930998
3178650822
3218504903
2597809989
2597416516
2597416453
2589015559
2605791766
2572238390
2555461414
2630890790
2626684262
2626700462
2643903679
3180762516
3082067332
3069480324
3061091508
3056966756
3073883168
3073879072
2771888129
2771822593
2704468257
2741160483
2745322018
2795637266
3203796482
3203874370
3201576786
3214159330
3180621286
3180842471
3047082901
3050883972
3076033412
3059269508
3055091604
3055089556
3055150749
3055249087
3055167406
3055158766
3005091038
2961116238
2969377870
4041162062
4041093070
4036964046
4035718863
4035712943
3504084143
3504092326
3495776438
3495837830
3494891718
3510948166
3552875030
3554054663
3554063877
3604131589
2528358180
2528160044
2530523516
2530523484
2517949789
2517947773
2535441919
2535347166
2501800830
2514445166
3046994278
3046502758
3080057191
3082130773
3086259524
3077872964
3073416468
3073497396
3039983925
4111612215
3843173175
3825281598
1681988158
1698766398
1707161406
1703219231
1703153727
1704202366
1972687047
1975296135
2112651397
2104343989
4255496893
3722820349
3756374781
2649078525
2674309839
2649160399
2649943535
3182478831
3180381359
3180389533
3217088909
2671895180
2538858196
2517890789
2519813861
2519945189
2524075511
2524079574
3069404406
3067182326
3067181270
2532538566
2549348503
2548227511
2506249621
2506314181
2485351365
2485352277
2485284709
2489411879
2497718566
2497722390
2497779718
2514576390
2497798422
2497929558
2498970615
2624833509
2639384549
2647718901
2681268693
2547051975
2522082759
2538788182
2538783094
2505503223
2505531895
2488739327
3562356221
3562355701
3562023889
3560975185
3561171761
3562212659
3494970675
3497021907
3514098051
3538346371
3538335619
3534131075
3534131089
3538258337
3529812323
2451876130
2519002422
2535777030
3580256790
3580760606
3589145134
3567976746
3567779883
3567793193
3571988504
3563600072
1412114824
1413098392
1413360520
1430216585
320098697
1377161369
1381142697
1381208301
1406173485
1408270637
1408276285
1369550389
1369681461
3550653973
3621975813
3613836567
2536850919
2537309670
2535222695
2500095463
2504281415
2491892999
2508387079
2509414965
2509742629
2511643189
2499060341
2486470391
3023867623
3023866279
3023956135
3040733366
3074387078
4131267718
4130742407
4130734215
4147249301
4150461861
4121111015
4121111399
4120934918
4120930822
3621807622
3613487622
3613594150
3622109734
3601072422
3601084454
3601096737
3752181760
3724013568
3696600064
3692342288
3694561568
3694561536
3694570240
3710843457
2653867713
2657732305
2666119904
2661831393
2662885095
2545477094
2511922406
2495403238
2499592423
2491203719
2487153799
2503929221
2536958437
3060193509
3060189399
3060189382
2519200966
2518966470
3593232854
3610137495
4100903575
3032405735
3032342247
3032280679
3036473134
4118602014
4152156175
4151201823
4150923325
4117437469
4113238045
4096395757
4096396205
4100852671
3573485454
3589556110
3585131470
3585127422
3583025775
3616580141
3620775717
3599803700
3599938580
2530381876
2522251300
2534786085
2534691957
2501794913
2485017955
3028164195
4101901906
4110360130
2499640898
2497543747
2497048275
2497048275
2513757907
2505111281
2547107569
2547237601
2530464757
2530308565
2521834869
2521836581
2517646373
2517833829
2454853853
2482117069
3551659405
3518104461
3515896463
3516162703
3516195758
3545538990
3541337326
3543436398
3542522894
3542526990
3508710670
3564281630
4101150526
4109538862
4109866558
4109672990
3049039647
3183324964
2914885412
2910621220
2906435156
2906369620
2940118996
2940137972
2789167589
2789146789
2792752293
2809529745
3052799443
3035051507
3030660579
3030656371
2493850946
2493982018
2494967234
2511763906
2544359618
2263076050
2262877410
2522927538
2523963783
2519966677
3593573349
3614496741
3614504933
3614500725
3614668127
3581105471
3575858215
3559064631
3559093527
3563283733
4108510492
4109555484
3031944732
2515836428
3623140940
2530576076
3067594460
3069563565
3061080751
3061081006
3076800686
3042985130
3043120350
4116868174
4234308622
4234241038
4234241086
4259537966
4259566622
4294034718
4294231326
4269143855
4267173757
4267106909
4284388036
4250911684
4233943036
4242337261
4242337263
4241780143
2639674598
2539001078
2538734679
2547123207
2549308469
2549153061
2515593492
2515643140
2545069829
2545325589
2545386007
2679407395
2624889123
2621227299
2621178978
2621310179
3157136547
4230886817
4100859521
4104533633
4138078849
1990280835
1453377411
3605044387
3606096097
3597707489
4132481089
4132481348
4132482420
4132697572
4132619237
4141270007
4141274086
3069695334
3069498726
3086283830
3078091798
4147639302
4147638278
4113916166
4118176054
4126568743
4126540079
4109632797
3497340229
3497470404
3497401268
3505851045
3505659581
3505677965
3518362255
3619144591
3601302495
3605369639
3596919591
3592741679
3592480575
4146255646
4151495998
4126362990
4126178670
3570429166
3570416894
3564180934
3564245447
3587322309
3587322869
3583079397
3587204069
3587241445
3564162391
3576793095
3576727558
3576741127
1429316887
1467130679
1474490901
3584213509
3589423621
3562100533
3574607717
3573558629
3573628397
3611631085
3620017661
3600250253
3600241037
3604464013
3537225149
1406453741
1406457711
1406461231
1399907631
1366418735
1400333375
1400328223
1400299615
1394008535
1394000375
1363462055
3510929143
3519319797
3519516405
3519201109
3552749333
3545474325
3614504213
3614496023
3614602614
3581031782
3581023718
3581087206
3562081718
1431383446
1439917959
1439922055
1976817541
1976672209
1431354865
1464909168
1448127796
1448125492
1444012049
1446146065
1446121523
1449263139
1457927266
1436946422
1420167814
1419971206
1424034438
1424046790
3437264710
3437257990
3705724950
3722502182
3757105447
3757089061
3752960804
3750990652
4270883164
2126545148
2113970296
2130764920
2130895928
1963097177
1946311001
1947601497
1951865435
1960279806
1955880654
1423197902
1423229918
1423819230
3588157654
3588153430
3621707862
3617514614
3600725367
3602875860
3606876148
3598499748
4147947444
4145911708
4145984956
4145538540
4149603821
4149607671
4149632343
4149630262
4118091062
4118029106
3564380946
3564515906
3572896322
3568698050
3719758547
3719561973
3618910132
3602656180
3606854076
1450981820
1182539196
1178341816
1195126920
71049352
71114825
70737947
70773806
69580846
69515566
2398486
6785798
6721282
7241986
24019394
124682386
108908706
106782882
106914210
1188979106
1188970978
1117602274
1117544802
1137468706
1095501094
1078727958
1087254275
1084107267
3231590913
3298695681
3319597586
3323726370
3323752242
3336495874
2258551042
2260697394
2260701538
2260504802
2231141602
2222753189
2222817684
2155852468
2155864812
2164056808
2155619944
2423527976
2419333928
2418358568
2435717161
2167281707
2201975818
3340529738
3343700170
3347874266
3347939818
3314192622
2240460270
2408230383
2408229871
2388167645
2386267085
2384116685
2652548421
2652611701
2656805988
2656743652
2657009908
2520694932
3610689684
3577136532
3560365973
4096188049
4100378289
4108705443
4104519415
3030705879
3034900055
3026513781
3026578741
3040212277
3044341029
3077895460
3187135788
3187138332
3187146268
3161849364
3161849460
3157622356
3157612117
3161741301
3178616293
3186968033
3220588019
3220592066
3220631746
3220529346
3178520674
3174314082
3157594422
3161862422
3036030294
3031841239
2511538639
2544896399
2528147615
2465228973
3539000493
3530899613
3530899596
3529965772
3525714301
1399202093
1348870447
3496359743
3496349230
3496283695
3496234543
3505708857
3505454856
3499138824
3515909960
3548497624
3548632828
3548545005
3553766894
3545377902
3541183534
3543219262
3509654590
3509728526
1395812175
1397876431
1405388447
1401194159
1401193134
1400931006
1401131454
3549603310
3555896366
3542329390
3542345991
3542280453
3609652484
3592852756
3593917717
3608540437
3607938375
3574386134
3578711494
3713977798
3722353986
3183385974
3183258983
3216811303
3149701925
3220812581
3178857268
3157902197
3157873621
3157812727
3157798375
3174771175
3212446182
3216640454
3216644551
3086691783
3086970821
2508146421
2508018405
2515886693
2515825261
3086283309
3086283311
3077896046
3043000302
3026214350
4108602510
3706127518
3697676446
4231409807
3694535885
3694535900
1568030012
1601534780
1608833597
1583660557
1584702991
1584701966
1582604814
1590997310
1591119918
3740709927
3740781605
3732293701
3744873924
3744859524
3711042996
3698525092
3706794916
3700499381
3700451319
3704678375
3704680294
3746605366
3612588310
3591617543
3591631893
3597857809
3597848848
3621175568
3621175632
3604403521
3604379095
1448424951
1448424630
1444230310
1461126582
1433863062
1425425294
1424454622
1419896831
1425075551
1416669455
1416665359
1949350171
1966124395
1970382698
1970467834
1970455514
1968391162
2085647342
4241515502
4243613550
4243617647
4243617663
4101175167
4117952383
3614635871
3614623055
3604208967
3604016455
3604016359
3595691239
4132697573
4134715773
4151559005
4150514524
3076715036
3043156748
3027494668
3023174972
3023362348
3044333869
3044400447
3082247483
3064952186
3064927706
3069968570
3061579950
3055304878
3206500846
3177083391
3162466117
2625597253
3699337797
3699276373
3699248727
2624849494
2641637894
2648126230
2376007990
3434877222
3703336998
3703369766
3703094327
3568871428
3568871492
3573070020
3610807428
1446740108
1445904524
1445871756
4130222268
4130222063
4134415086
4155341550
4122757854
4120667854
4120666830
3755852494
3722363582
3724501935
3707594663
3707594151
2625598951
2640118998
2635859270
2671586566
2654878982
2390632726
3741202710
3602857238
3602847030
3602600247
3619176941
3619209388
3623417004
3610829996
1461251260
1427760316
1411019196
1411269308
1343636220
1347899935
1419014670
1419013647
1419045405
3705006900
3432507684
3701471540
3431975172
2408549636
2391442692
2665128197
2598023511
2589623286
2589557734
2589504494
2589519726
2606295918
2606332202
2604341530
2570786058
2608468234
2616869131
2611724585
2611532008
2595811496
3665361080
3661162648
3728271512
3728402584
3745152408
3711841161
3698786953
3698721483
3707109947
2365009450
2358520366
2359061054
2359127838
2378102030
2377892126
2377695278
2377678959
2415427823
2390261989
2319053188
2386224516
2386224532
2386223036
2402974653
2367306637
2350520719
2354710918
2355039702
2365334886
2365333798
2361139510
2377986358
2377933094
2411520806
2411520869
2415695860
2415431348
3447230132
3443101588
3441332108
3709779852
3743067596
3743131133
3726374015
3594241342
3598316862
3757696318
2684069182
2646586686
2646447422
2650649918
2650584367
2650648623
2682245165
2682241149
2640168157
2640266717
2636008943
2637828079
2675653311
2667065021
2667130557
2663071421
2667122357
2666008567
2384987926
2368214278
2351571206
2355765510
2359963654
2292842526
2292797742
2292735278
2292722031
2288523741
2285390732
3359300488
3359291272
3648697224
3682116488
3663238105
3659052537
3662261291
2597300266
2598217770
2673650714
2669532170
2640232458
2514403615
2510177644
2443054572
3503819244
3497536412
3510188940
3241809804
3547992972
3548054460
1398281132
1380476844
1380511660
1405652988
1405656412
1398320412
3543900444
3543835405
3544097549
3512575550
2447148590
2442954286
2493165102
2493181742
2514153246
2640014606
2639821150
2639821163
2673573227
2681888235
2681951711
2677634511
2679955935
2663178751
2331267326
2335458430
2335690110
2368916790
2641550198
2649946951
2650009541
2649812932
2673137556
2673136564
2656367524
2656433060
2652201892
2517918116
2534695397
2501337575
3558236182
3562467590
3570849030
3705035782
3705108486
2631166014
2622810414
2623011118
2639712078
2681653198
2664809158
2660553423
2660545263
2526343919
2530538477
2524246500
2520012020
3593811164
3593878668
3543538844
3493202076
3497397660
3505790412
3499431756
3499385613
3499418429
3499156269
3583042349
3583107631
3583206959
3721468474
3720350330
3439332330
3439597994
3439737226
3407752586
3411689930
3417948618
3686302554
3686314859
3417875051
2344133227
2344138350
2344197742
2608761390
2604567086
2604518190
2604657950
2604575759
2617155596
2583597068
2583613516
2556285404
2556220332
2619201188
2618252964
4249299877
4245105079
4278468023
3741652151
3742765190
1595019399
1467093191
1475481927
3585175831
3585142069
3719342373
3702569253
3719347005
3723667981
3721833997
2681648653
2681635357
2615001639
2614948199
3151818981
3151806693
3143123109
3137876357
3104449423
2638881422
2630496238
2627607022
2627471598
2631682142
2640115790
2636113935
2673863949
3738691405
3738628684
3600208605
3604370085
3595899813
3612807591
3574743223
2484229303
2488521911
2488401367
3562055959
3570445079
3587227398
3717324550
3753368838
3757528342
3749131558
3677697062
3677820198
3681948007
3679846775
3688305621
3688690645
3687621581
3679233485
1514974685
3662461437
3662527359
3662593375
3663658318
3659429198
3676181710
3625323754
3629518314
3637905903
2559987677
3633336028
3633374972
3650151164
3679511100
3675276060
3675329340
3644006701
3643941167
3631359278
3629520238
3637923166
3653623246
3687098318
3678708686
3670320079
3670389193
3733370057
3738614904
3755399273
2639710313
2635515995
2618719067
2622973530
2631168730
2631222010
2643968746
2643776238
2647712750
2639324655
2635136511
2635332703
2639456335
2673015118
2681396558
2673264462
2673137486
4279558942
4246729534
4250833195
4257186857
4256992296
4254895144
4284278808
4263275592
4263470280
4263399625
4264968937
4273391337
4019701485
4002735709
4270908940
4291879436
4283490829
4279423773
4245867837
4228925485
4228970541
4229089325
4250060821
4292002823
4291883079
4261441607
4261437654
4278280678
4227999394
4240580258
4237429378
4237757058
3700693938
3633588642
3646172579
3675401667
3677488579
3744596803
3748873041
3757106017
4289782629
4256211813
4258309717
4215322236
4215324285
4211128893
4282620717
4249091885
4250066221
4250064245
4250027077
4250027205
4279649493
4278670581
4265960631
4266124695
4274447767
4291220887
4157985687
4116042709
4116043765
4124571637
4124440437
4124374885
4115986221
4115977535
3078083903
3078616382
3078616366
3078608174
3045049726
3044988750
3177184974
3177049806
3185369087
3185368557
3176955373
3177018877
3219091933
3221123533
4294865373
4261376383
4252840303
4252251175
4185210150
4185340182
4185012486
4184939782
4182785302
4191167766
4190188862
4186048318
3632416342
3632420423
3636557525
3644909301
4181780212
2063644644
2063635940
2046868964
2051124452
2051124468
2051259604
2046991493
2047005829
2063791253
2063857077
4181849509
4190304239
4173527039
4173586143
4240506575
4232116959
4248895223
4248952823
4257322869
4258500917
3990000948
2916320564
2907802901
2907806981
2903747589
2903682101
2937255223
2937210231
2937456599
2943817447
2935297767
2931036135
2931036150
2931062214
3203687622
3212107990
3210207431
3172365511
4250301639
4250295415
4252327271
4260658533
4260638055
4260701527
4260787470
4241901326
4241949502
4241758062
4174652974
4173358630
4169230135
4169365367
4190197205
4181751253
4177556949
4211209429
4211266773
4181906887
4181874135
4181816791
4190136311
4290868981
4291024597
4274247381
4274124788
4290835428
3217077236
3183589372
3183589244
3166814013
3167854389
3176242487
3037828406
3071399222
3071526262
3071721942
3205912054
3212204014
3220592382
3187111518
3186976590
3182753566
3052721470
3052721462
3027563575
3027625253
3027760485
3027760613
3050559445
3050489797
3075657345
3075624641
3073529537
3073464017
3073402849
3085984225
3081860321
3081913431
3216131138
3220401218
3211881522
3211816226
3207623970
3174135078
3178329398
3176341782
3100783879
4174517511
4174513415
4173399317
3636477732
3636473645
3653250669
3632488061
