2472506122
2471375642
2479759914
2442027562
2442060334
2442064422
2443022887
2442954343
2986118885
3018623973
2473368021
2452396231
2452478167
2453551222
2453551142
2468227110
2434673718
2446208823
2962112053
2426341908
2426145348
2428246596
2432457284
2168248660
2166135141
2433726821
2433661815
3507468887
4048525909
4048403013
4048403029
3775920756
1628437348
1628437476
1628273620
1628257221
1628257237
1628387837
1628387583
1632581887
1901017213
1909274717
3515693133
3515758925
3247340367
3280857695
2207025758
2207029854
2207029614
2207037550
2207103214
2211297518
2202974446
2467215598
2467215614
2434710783
2971647133
2975841436
2707331260
2707339692
2703145132
3776821500
3776952572
3776888044
3810458813
3810454717
3810159807
3810164159
3810140094
3822783166
3824753343
3787012831
3787008541
3770231325
3770165772
1622683148
1626875420
1886925364
1886978597
1887044133
1884828485
811083717
818445767
810125511
818661511
298568087
315554199
1447456150
1447225222
1447223942
1455600310
1455665830
3749749678
3749750766
3749752190
3749756286
3749887295
3619861821
3608334620
2534588700
2533769596
3573970232
3578211640
3578211641
3578210617
3612834585
3528937227
3537358602
3537225546
3537212890
3527709166
3607396846
3573907870
3578188175
3695604621
3695585236
1480731492
1480796708
1481845284
1481849636
1481973525
969938181
969945103
953167935
968896559
960508975
960506909
960518429
960551261
960600445
960601599
960601599
994153918
994293182
994292670
977381310
985776062
977378238
977509310
977500607
994453887
960903487
944126269
952503613
953553196
953549117
952108301
943720205
960507165
956324221
692148605
692181373
692181375
692181375
692189567
692185471
692185599
692165119
692162047
725720575
734109183
1002552829
994164734
423868350
423864254
407091102
1480824222
1476562078
2026017950
2022094014
2022155455
3901600941
3901658525
3922630536
3948318456
3928410664
3928193576
1780558376
1781541432
1781541432
1781610264
709951800
1787904040
1804697640
1803587608
1803591688
1803595592
1765841608
1761647321
1761712888
1761712632
3892485544
3892507820
3892452772
2885815716
2891059108
2767325856
2762148528
2761956304
2812296464
2728656128
2728570115
2728830466
2728699442
2732893794
2737080050
2737145490
2737741458
2737225618
2737306102
3810851046
3810809965
3815192620
3815123004
3815188540
1667574836
1676098580
1671836724
1672363061
1638800694
566169106
562765314
566771202
625483330
759701202
793254610
726145750
726146006
726407638
736041206
733354110
733427807
697318429
696317005
964735180
1002480076
977310108
708940220
1782685108
1782684084
1791072692
1791080884
3913526205
3909528463
3892748166
3959853030
2887173606
2889729382
2889635174
2909107495
2909103411
2917623057
2917563649
2919136513
3992874305
3992911185
3992575459
3992503779
3984152515
3984222147
3984218050
4251649394
4285340962
4285275491
4285280097
4286459728
4286472016
4290236368
4122271184
2813697472
2813771200
2812710336
2817492947
2808985570
2804196322
2804196326
2770662886
2770652654
2770618862
2808436974
2816825598
3873798231
3874974791
3874907461
3866518868
3883365360
3849802720
3833026000
3832944064
3849723328
3891481968
3874511713
2796584801
2796580451
2800872963
2817775361
2775832321
2767437057
2767437059
2767436035
2758122291
2758122274
2753953378
2805333986
2805260262
2788478438
2805222882
2808368354
2774891746
2783407218
2783411250
3856890899
3857874179
3849514243
3849776387
3983998723
3984056083
3992309603
4025802595
4009091059
2934427075
2926009795
2925884867
2921621475
2921605091
2942572515
2950979559
2950979063
2947374551
2913918277
2913922885
2918117125
2901278517
2901206901
2892818261
2888688983
2888588642
2888584290
2892778594
2901232738
2901367826
3975050242
3975078914
3975078915
3983469827
3983531283
4016950625
4016950625
4000171504
4000273856
2934929344
2934925008
2925885152
2925813472
2926923504
2943844032
2943839936
2918580176
2914375665
2897532915
2897522386
2901782230
2910170742
2906099254
2906099222
2939538966
2938435110
2938431279
2938430764
2942588200
2808431928
2809087288
2817475960
2783934456
2783802360
2783802296
2779533753
2779533754
2783269274
2816832954
2816867770
2808478138
2808469658
2804414602
2804410506
2808605898
2808538315
2808538329
2808606840
2774909240
2758267160
2758205752
2766594856
2762463016
2762329385
2766208297
2757819705
2775045451
2791753035
2791752969
2791753529
2791821097
2791702312
2791630633
2800018809
2816758267
2783265722
2783265706
2783429546
2775046074
2775055770
2774924698
2774924442
2774920346
3848791258
3848462410
3848429642
3831723099
3831587965
3831590269
3831709052
3831635828
3831635796
3840087632
1692471824
1692472080
1692480272
2091070208
2091065600
2091069696
2141655299
1051133250
514133446
451267014
442825182
975481246
975482270
975482266
774157722
778089883
1852876728
1848681400
1848746744
3996295784
4013077032
2939351592
2804052525
2804028205
2774668079
2778923310
3047227694
3030384878
3030651054
3030651050
2489581755
2486437049
2486568121
2485532121
2502304329
3622183433
4154876427
4154843722
4154762826
3589062202
4096559402
4096559162
4230985739
3962480648
3962022920
3962020104
3978461752
2942468648
2926740012
2920460844
2920391205
2920342055
2920346151
2920305518
2920284654
2924742122
2943616234
2952070330
2913403034
2913341658
2913349850
2913407194
2914070602
3989909771
3973261065
3972212233
1824599576
1816423960
1813306888
1815384009
1831636361
1865190537
1848413337
1847954585
1848087707
1847767195
1848021179
1849078250
1849090858
3996574506
3997098794
4001293098
4009423163
4009410827
4026257739
3992572379
3975803385
3967542713
3967510424
3967776664
3967752120
3967096808
3967030248
3975156201
3975164409
3970971002
3971183962
3975343370
3908304666
3899784986
3947953674
3926978059
3926978313
3931242264
3931297080
3931297080
3939914040
3939979576
3939848489
3940405609
3940537195
4007326586
4007327438
4007326670
4017861006
3984167322
3967336635
3963211931
3963351193
3963547897
3963540969
3967113065
3975444329
3974375227
3974112586
3974116682
1818299770
1819352554
1819500010
3983760890
1878121946
1857092939
1857086795
1854973771
4006716187
3998409499
3994219291
3926061883
3926348586
3931599659
3932124971
3940448059
3942306575
3942306575
3959148891
3903426937
3907621337
3966489033
3963344073
3963483289
3963614376
3962926504
3965023657
4023399849
4023392249
4023588827
3956438619
3958601242
3916494618
3899718938
3899714842
3899910154
3897818123
3914456075
3948017019
3931361641
3931325305
3927380985
3931599849
3940512745
4003353449
4003119977
4022063951
3988513743
3975930319
3967545823
3963344379
3963213241
3963213241
3961517545
3965679593
3973927785
3973346169
3973326171
3973326170
3973328362
3964681450
3964673514
3964755354
3964755338
3973273483
3990083531
4019450841
4002669401
4006732635
4005585179
4265632059
4265680939
4266078255
4267053103
4275962157
4277797148
4273619276
4290433868
4256806860
4244221900
4244225996
3967533000
3967524569
3967391483
3961304810
3960780778
3960780138
3960509738
3977298986
4010918970
3996316698
3996314650
3996384603
4017184123
4015087099
3998293915
3998422939
3872602011
3872600987
3872600507
3872657851
3872666043
1721577913
1721640409
1723495881
1726641481
1726704969
4117327177
4100713756
4100709676
4109096252
4109353748
3840791045
3840270869
3840270887
3841323814
3975206182
3981495358
4011018334
3994179678
3996350558
3996351998
4000415230
4000347642
4006671834
4006671322
3939623802
3938542458
3939591738
4208014874
4208015163
4208015145
3134526760
3201652008
3202306328
3204116744
3204109064
3187316232
3170604616
3162087132
3162087165
3157892847
2893659822
2893592494
2902241710
2902233262
2893332718
2939536634
2922628218
2922640442
2922636346
2922505274
2922505307
4000415066
4000538618
4008925946
4006828794
4006829786
4006690762
3998234458
4000592218
4000657786
4009652539
4009644859
4009382681
4008342285
2926272844
3077268812
3026941260
3026935256
3027977624
3036628888
3032437656
3032306600
3031716777
2761184234
2698277354
2689922154
2754927642
3828799514
3827738634
3844516106
3878070538
3882327307
3865167176
3861954888
3861992440
3862115304
2809279208
2775724713
2767270571
3836752554
3767542442
4038076346
4038075802
4038079962
4059043018
4049671242
1361392714
1361404937
1428513801
1415968009
1417135881
343365129
343357017
342963963
342890171
359860155
525469115
517092539
517153979
515925151
517005405
510701597
509653021
392208445
1474342957
1440781357
1436657701
3585320999
3717367863
3586300390
3611446182
3590391446
3591504518
3595698822
1454510742
1454511011
1454387683
1609575459
1597007875
1579198471
1042524165
908175365
639928405
644188373
925273220
875744644
1947364996
1409445540
1409296036
1413489380
3569357351
3582988854
3568312630
3298943294
3231816766
3231943726
2158397486
2154727470
2487060558
2501544333
3575290252
3608850316
4129001100
4128958124
4128957116
4145968108
4145378156
3845186348
3882935084
3891307308
3874588425
3872492297
3872434443
3871385915
3871443307
2798095707
2806958027
2770006747
2753192683
2755342954
2893616746
3170701102
3183221870
3216780374
3214680150
3214676166
4292808902
3722322126
3701088463
3701092713
1557726824
1559759464
1563962056
1563978440
1597565832
1597631370
1563221386
1546420618
1550287322
1559138618
1555997482
1555669802
1555605030
3700993570
4244287024
4235902496
3158017584
3207178000
3191517968
3204100352
4273647888
4271494416
4267193440
4262995169
4262999203
4265217186
4264168614
4117630342
1957048198
1956784070
1956783950
1420837646
1418785550
1417716270
1417716270
1417912874
1552332345
1556514344
3691810600
3557591336
2634987528
2669590536
3755903240
3734406664
3734274616
3738477307
3201802938
3193430698
3193234346
3210015914
3042233515
3052685481
3044460685
3044470157
3043419533
4117684621
4117545134
4050444526
4050580590
4033757494
4029559046
1881940742
1898717447
1882005815
1953370151
1962345511
888409143
886384903
1037506823
529926927
532023567
519314767
518268382
241435006
233111934
150356854
144110390
142648102
146842402
146842402
1220850978
1216781575
1216782087
1334221319
1322683079
3460091543
3459042959
3731476383
3739997615
3735665835
3735594153
4273513641
4277706840
4269318152
4264075288
4280852524
4146765860
4146753573
4147785766
4147782690
4147789266
4131004146
3606710002
3552184018
3502047814
3501982278
3233567236
3233608212
3302796836
3290217252
3290217332
3693067220
3709774292
3726551428
3730226372
4202071232
3128328384
3128328305
3193414437
3202130469
2950473319
2916935407
2899107503
2908518079
3176691389
3078099629
3078357421
3010200749
2976646333
2984578237
2963750031
2963680398
4037422222
3504743566
3513128110
3508882526
3542588426
1931847690
1931782154
1944365321
1671802172
1672389900
1676578828
1664909564
3810308268
3793592492
3810453484
3809930861
3782639142
2783398406
2779015686
2782947846
2783247654
2985575718
3019850038
2998546694
2998543173
4072277908
4076344740
4067959972
4078448812
4028240044
4028240029
1885212877
1895694351
816578827
816066331
283912985
275724553
321796363
305019339
375798155
383975819
383779723
379601819
383828921
384861033
368096041
1425056555
1425194523
1421000219
1421065755
1353823770
1353744922
3499393914
3516368890
3553004987
3540159931
3540167099
1392635835
1393780617
1930830793
1930822473
1916141881
1920340265
1924604968
1924410408
1939090440
1401974024
1439954697
1422083593
1422083643
1438668586
1438671146
1438769194
1472585834
1439481935
1439490511
1418240415
1418309053
1422571951
1414183343
4112230829
4265253317
4131036615
4131029255
1983546119
1983877655
2000658983
1949757990
4097233511
3832956775
3828616673
3841198241
3855886513
1741949057
1737959552
1943420033
1935021441
1935016835
1936851858
1945256887
1939981671
1939920167
1923132727
1927326999
1918942487
1919065367
1919061255
1914866966
1915944246
4082302310
4048735590
4039298390
4039564614
4107625734
4107560758
4103365166
3583332911
3616948772
3602252596
1475609876
1430008832
1411122192
1411261456
1410739217
1410740178
1423330946
1421265538
1169148546
1185730178
1185205890
1185208242
1185182627
3337630183
3480232295
3446800679
3430101815
1280323382
1288710966
1237330710
1271077126
1271007494
1254231047
1245721655
1245716519
171974959
167801135
188805486
1262531438
1237365734
1237365734
1237365742
1237357566
1237423067
1237555163
1237556057
1220729688
1220737912
1220770680
1212644313
3360120777
3359987657
3376763275
3385156027
1237836202
3385061870
3368153582
1212216175
1212207919
1212273471
1212347165
1212347669
1212339476
1212407044
1212243012
1208212676
218354900
235065548
235040972
236060877
240255183
240324090
173222762
181627754
198273770
163606250
163636186
159433674
142639962
142709099
147038505
163815724
188984620
1241626676
1241757781
1241757909
1241709767
1241698502
1258438790
1229062534
1220673942
1216485366
1216561126
1216363495
1220553575
1237331815
1270884215
1254110039
1254175575
1270944631
3384824679
3451941733
3435164005
3435188597
3431060341
3435369333
3452146477
3435378461
3435379997
3426859295
1275115903
1140889967
1157749215
1191370191
1174590925
1178763724
1187152836
1187107812
1178658788
1174466404
1191210853
1191276389
1195579255
1199702358
1333920070
1300370806
1304507750
1296049510
1279290742
1279321422
1228992846
1228968271
1229029711
1229033821
1237427037
1262727036
1262730012
168033048
168024888
167926024
436369672
436370696
440619272
465686808
432132409
415282031
406889454
402699246
1476441582
1493220798
1497495966
1505941982
1501700062
1484931038
1484930911
1220755325
1237393273
1237392745
1237335549
1270887645
1270886541
1237389455
1237407135
1212175790
1212186606
1229028334
1229191550
1271134542
1254292806
1254358471
1254225365
3401618916
3410007396
3376455012
3359751476
3368138000
3364074768
3364075312
3364074033
3364091490
3368187618
3355582178
3372355234
3372418962
1258415298
1241637058
1254203462
1518579717
1518580740
1522578452
1514191908
1509996580
2046998548
2046998532
2114099396
2114096260
2136392869
2136359335
2132214198
2100564926
2104767150
4243858094
4237374190
4237296234
4237305419
4236258891
3703581193
3703728649
1573067291
1296055114
1228943178
1262949706
1263927674
1230373246
1238503806
1237459278
1237459790
1233336142
1237329534
1237331822
1270886254
1245740399
1254194559
1254127103
1254127101
1254158845
1254216189
1262604797
1212281325
1212257765
1212257765
1480703349
1547943764
1547935572
2101517636
2135079108
2118297796
2114168980
2114190484
2114067605
2114065591
2114066342
2143422182
2106721830
2106592798
2106604046
1504717326
1502620174
1238445855
1213457677
1212261645
1476498701
3628185468
3653287788
3653287788
3686832748
3141646972
3150027292
3150158364
3150158364
3116547628
3108159020
3108216364
3175140908
3175141165
3175370607
3176402678
3210022646
2536837110
2536839670
2541041910
2548373750
2544310390
2275874934
2275817494
2276861958
2276943879
2281044293
2381617989
2373291349
2372246999
2372255223
2372255718
2372255478
2372254454
2368207574
2368158326
2401647222
2402696038
2406889526
2415339542
2348100614
2348104774
2348028999
2348040389
2348139716
2348143748
2330320004
2321930644
2317704084
2318867445
2333490151
2298882550
2286298566
2290229446
2290229446
2290102519
2290107813
2294336932
2286996916
3356609428
3356741524
3356680068
3355639684
1275260292
1275192756
1275127220
1275192724
205632916
71415188
67352020
1409463552
1409465600
1946269968
1964030244
2001774885
1980938759
1980927494
1979895366
4127344342
4127393510
4131477222
2810242279
2776687716
2910888044
2910888204
2944442892
3997213196
3993089564
3993091629
3993106726
3994155046
3994109990
4013034518
2131891206
2119311366
2118262790
1052909575
516109109
515977845
515904213
528495317
226697861
209859205
209913477
75566725
79708036
79768468
79903412
79895204
79698597
97527510
105911238
105923574
105963878
106160486
106094902
126992678
92308262
76580646
76590894
75607855
79867661
230862620
239245068
239260940
100847884
100782364
1157674348
1140897133
1409400303
1409322478
1421905374
1149339870
1300486350
1317169350
1321348294
1254237382
1254306278
1254106086
1270883046
1220551271
1220555351
1212163671
1212182103
1212280583
1229188871
1262614277
1262745349
189002516
155300116
188846372
188847396
172072244
167876692
234993876
1308859605
1308787845
1308790919
1325576327
1229095046
1212334294
1212286454
1279331694
1547713390
1547708974
1572875823
1607534143
1585447433
1585451593
1585508937
1539351401
1497409513
1493216747
1476442619
1476443483
1480625758
3653469823
3686961759
3686982239
3678544477
3674284669
3674219305
1530990632
1539440680
1535315000
1501640712
1220552712
134293512
134477837
135518287
135545998
137707662
136724878
157438358
195195542
178418354
179466914
177267426
194045922
197174753
1228973537
1229165008
1262653904
172134852
172135748
172137796
1510119684
1510185236
1510185276
1510185260
2046932268
2046862140
2063643484
2030146428
2013377516
4160922093
3892510189
3896695269
3963871079
3989151341
2949116541
2932331020
2948908552
2940488200
2936830504
2904320552
2908711208
2917010744
3147694344
3130474764
3130348351
3197903854
3202097638
2673619106
2642150562
2633960626
2633895058
2629699714
2627614851
2648649153
2413571909
2405396036
2413788885
2280935317
2247413671
2247413167
2496958382
2488377246
2505287566
2501095374
2517745454
2517667118
2517730366
2518131726
3055017990
3054985230
3038056479
3021340717
3168143084
3163950828
3163949820
3165915852
2580822732
2605984461
2585014111
2585076782
3675467822
3679662142
3646107742
3443729614
1287662798
1283484830
1283517885
1300340636
1300404100
1338151812
1325629908
1291882852
1275110689
1275133233
1275165971
1279479059
1287802130
1287806738
1279416082
1279416258
1325881218
1309046658
1314277250
1318569874
1318405539
1318348193
1322525092
1178608036
1195385340
1161982924
84035416
83936568
117503289
117501209
100759883
121784650
121784650
96602458
96604026
214111002
213918490
213934906
214033194
209969963
230925101
230732588
264278332
104895868
100703484
100777176
100857992
100853896
117594504
84037001
67260314
79775482
79692522
79692522
230687594
264262506
260223274
528654638
1602330926
2038474030
2072032573
2055322940
2059516988
2051062844
2046934076
2047079484
2047030300
2064003359
2013672302
2018382446
2090468078
2090337962
2090352266
2090347402
479734667
499706249
240040329
507948425
507942344
1447526857
1443332473
1460642665
1431151213
1556644461
1556665981
1548248631
1548496423
1548693351
1548107238
1573260518
1602421958
1585664134
1321332870
1321329039
1312859327
1312865517
1312930029
1312921853
1174509964
1174657412
1174568836
1192374917
1297232517
1288836055
3432125302
3434287398
3434100006
3433049382
3433048358
3455072566
3446758678
1292983582
1292991758
1208055046
1208055047
1212218641
138476848
138526000
188988688
172203312
168015152
167948288
168202304
1310097600
1310097537
1312261297
1295375523
1278568611
1280649638
1288780454
1217473190
1216424622
1216360174
1216361054
1217409622
1221599606
1221599270
1220550695
1212167223
1212161031
1212185927
1212247303
1212411143
1229190935
1229182743
1262735637
1262735636
1262613780
1262599444
3410082100
3393304884
3389045052
3393305916
1250080524
3414341188
3380793927
3364012774
3368044262
3356509926
3356493794
1209081298
1224879554
1258433986
1245848770
1250047186
1250046162
1249997042
1266962662
1233450470
1216673254
1220865895
1212481391
1212537727
1212586253
3376593164
3410147596
3410200844
2587990812
2587934268
2596386364
2592322108
2592322076
2596778559
2596581934
2588205614
2606514542
2575042798
2583496878
2565802142
3626895502
3626379406
3357682831
1210192271
1226965645
196219573
261108388
260072356
264267172
218131588
201480324
67246212
67246212
18021252
326274693
316835477
849380071
580952615
585147687
576758829
576826397
572701725
555914301
539132205
539394860
539378220
540410668
540999980
1614544932
1627128996
1622935740
1623071133
1622555277
1622555268
1907817092
4139117188
4070876804
3530855044
3530863284
3528778404
4074070765
4074185455
4090904294
4090834918
4082384230
4084468774
1936989214
1936991246
863251470
863317006
861211678
860162358
834930966
834931014
818285958
834813319
834874775
834694583
860147127
860130743
843351477
843417013
307069365
310354388
326083924
326086420
292465204
292465204
300857876
1374076436
1374074389
1374073351
1357304583
1357022998
1349750071
3495270695
3561269541
3561273652
3561347860
3578187596
3611805260
3738125020
3738112740
3738116839
3737985702
3754702758
3721139366
3721141414
1573730486
1598892166
1313680518
1313612934
1246503054
1245978702
181886990
196605198
161798446
145550124
145513260
149519148
136927548
154879452
152748428
151765388
453812652
420258284
420984277
471251415
475113847
1011915127
2085730583
2101583623
2135072263
2118290951
1984071223
1979744807
1980060207
1980642110
2114855774
2145265147
2111441131
2128087275
2128087147
2128111689
2127095881
1044968648
1040744648
1577681032
1594532280
1544479420
1549722253
1558087301
1553977079
1419565671
1419012838
1955867630
1976904654
1465785310
1467879422
1451101694
1451038206
1450975582
1467822110
1434390558
301727838
299651422
295493982
295469567
328045021
328118732
328119772
319728744
320710952
1394522424
1396611339
1396623626
1396656394
1396050202
1362500874
1367212346
3516859178
3516883818
3516785643
3516441592
3516445676
3520639916
2434303916
2501418972
2500570588
3037375836
4112430460
4145976685
4145997183
4148163934
4114472414
4116600318
4116600318
4124980734
4124914143
4152111583
4152178141
4152243677
4160632793
4160583288
4160517720
4126995992
3053254424
3053254424
2516383000
2516383001
2516415801
2516473149
2516473663
2547910463
2547910526
2547849086
2547806574
2505863534
3579638270
3558789583
3560870351
3565131207
3564934615
4101801463
4118779383
4118734207
4150191486
4150257022
4132795902
4132904446
3595967998
3604354559
3604415999
3604223485
1457266781
1448943637
1465853189
1165901062
1149123862
1149189426
1149055282
1149186306
1157497606
1170129670
1302233686
1302304373
1302108772
3449596772
3441207788
3709643260
3743325324
3608838284
3608838540
3581591957
3581592487
3581567911
4118636199
4127027111
4160577495
4076095455
4076107231
4067750253
4067746093
1937039677
1903554877
4118140221
1954340157
1952251189
1952282645
1969100871
1964902599
1998458247
2002651015
936772247
901120695
900793015
1435513590
1439703870
1431315754
1157654842
1191242010
1192417562
1167231258
1150717706
1150190351
1150059468
3297280924
3566768548
3558384804
3575164068
3541740688
1377741952
1377758336
1916685507
1920929058
1944663842
1944610598
1667818022
1667818022
1667818263
589095709
571261245
575456621
592203004
554114141
537279565
537269519
541480749
545682029
1619419757
1887724237
814535373
818726605
290246333
357325487
357325230
357464214
1432287366
1425990790
1425973379
1425977475
1426043009
1442812288
1434431920
1446486944
1446504417
1444378595
1981233122
1987385318
2012485478
1974747118
1974808062
2109485022
1572614094
1576822734
1610368334
1609318463
1609527341
1609523260
1577001020
1568617788
1566520824
1566392312
491614136
491742873
1564931995
1564985246
1430558174
1430566174
1430566206
1427430718
1595211054
1582726430
1591096590
1587414302
1519256893
1519138092
1541154092
1499211068
404567324
404649740
404682252
403482156
944547437
969713389
2060302263
2060301718
2060303766
2051914934
2051913894
2047736054
2064595159
2030976343
2014197559
1482555943
1491010083
416023075
411833139
411857154
411886850
147629059
139242579
407878849
407813568
1477089728
1494125504
1495174080
2065664656
2069860256
4199920545
4199850899
3994350546
3994403814
3998577382
3998491366
4014221038
3980667854
3980732879
2135369983
2122778861
2122777801
1989546057
1989611531
378994955
399966507
349644075
340077867
340027673
340064521
340065545
340041545
356814809
398952443
382182873
306549177
1380221097
1376223417
1377206413
1377227213
1394504141
1407066495
1373577518
1373446446
1356603695
1348215599
1348216603
274601737
282988041
277613064
277617240
9181768
42737480
42932168
48042968
39588328
39608808
1111777768
1103413736
1082180008
1149273512
1166253480
1166196137
1333964699
1334030266
1313974186
1211209658
1211204474
1211203866
1479647514
3631456542
3631457598
3644042286
4197688359
4195528773
4195783108
4197892996
4198367908
4198372004
2046767853
2029268719
2027170410
2043947306
1519663146
1519664170
1587290122
517742602
241107147
255721673
205395849
217987738
213801658
213732094
213712638
215279338
1297392234
1330619242
1204461902
1200259535
1468694732
1468629164
1473807532
1461232812
1964551592
1947922360
1946871448
1967846136
3587064440
3586917928
3586926136
3578539800
3453226248
3449164856
3432391720
3432390696
3449167912
3432337723
3431236090
3436479978
3436481962
3692862906
3692935322
4229937370
4112497098
4145981386
4128940938
4061823626
3793371802
3793425082
3793433515
3879416235
3858244011
3853254891
4104990811
1957638153
1957507337
1420566793
352071945
83632937
83830057
73346347
207498539
207564043
207164683
209192265
209191369
208224665
233390520
99176888
132870553
116023705
116027803
116028314
116028410
132866938
91190074
7295290
7295258
3109146
2978074
2912538
2904347
70107419
91211035
91084091
91018619
91025785
99414521
82703353
99611641
99603449
133166041
132838363
124449243
107737595
107868665
107803128
107532792
107532792
107532664
107794744
116240696
116371768
128970808
94761272
77984057
77984042
82309930
208130666
208138874
204436062
204371534
204371790
208606558
208475511
216863095
217010518
216953170
225341811
225407346
225440082
225440082
225432402
225432434
225432563
221246419
221245905
154137040
158332368
191755760
200144240
195949936
195949936
195949936
1269806576
1269151201
1253421539
1257546210
1249227746
1249359858
1249375954
175371986
168912882
168895858
184628594
184558706
184558706
184624211
184755521
184619345
188773232
197157729
197157729
163836273
155374931
151246195
134272355
134280547
151023987
155414999
155349447
188970455
188841463
172060135
172228087
188996999
188794263
155244007
155251175
155316703
155382231
155382263
189002087
188997991
188936455
188937487
155448607
155254063
155254063
155245871
197385503
197316875
180597579
188854619
188854779
155301354
138460650
138459626
138451438
406953438
423818702
457372110
449237966
180765695
180703726
247737838
239348206
239352190
1329858846
1338312990
1266879754
3414374170
3414286651
3397427500
2323755372
2323886444
2323747308
2323677676
2327873004
2327873004
2319558060
2315363756
2567024045
2617413038
2618723246
3157692094
3157696190
3174561534
2669111038
2669027934
2640193118
2640254550
2623479670
2631873910
2627548278
2359103702
2361200838
2361209030
2360616134
2362768598
2354371814
2349971702
2350099910
2400370118
2383599046
2388062662
2388091334
2319741430
2320774638
2320766062
2337608814
2336568622
2344953150
2307220230
2307383814
2307379727
2312487741
3386163516
3411329404
3411404252
3410423256
3393649624
3393649368
3393584888
3406100472
1258616280
1258672585
1225249225
1225257433
1225123321
1229383145
155641180
155635980
424002332
407139132
407135020
402940716
403104573
403100431
403100238
424079950
432461646
428311902
428117358
1539620078
1539615994
1523563722
1515177162
1515181310
1528656110
1499402479
408814053
417207268
417211108
416228064
148841152
140391104
152977920
153044753
152859939
190604578
182215970
182412546
178148098
182403602
181269079
181269109
180671205
449115621
449096941
465878268
457479389
453301503
453502175
453439631
419874187
424069050
465630954
465626858
432136955
432247627
423723279
406880319
943763503
943759401
960734329
2067969241
2051464409
2051464665
2051464667
2051428251
2051344027
2034512555
2026124011
2021929705
2021991161
1485120508
1489318253
1497707837
1527069981
1510374685
1514630429
1514532125
1539699997
1539700044
1539691356
1539429372
1539421164
1531032045
1514205677
1514172527
453005438
419631422
423760174
406983470
415437630
952120075
432038667
423850763
423806729
457232185
423689003
423930715
944094537
944233545
944620745
953140473
953077929
944693417
961372601
960971675
960910011
960914091
1002824361
1002762925
968914873
960521689
956333529
453082457
457324299
466761482
466813722
462422314
466624810
433070362
423891210
457446683
197601081
163981113
143013688
142956312
142889224
147116297
138707225
138772793
138846523
155624779
424056143
453477839
453285375
437040635
437229019
437175803
437147129
441349209
441398361
441259129
457454889
960766249
415506985
415310393
411243097
411124441
411092713
415297517
415477245
423802317
423793613
457228957
457241341
457437948
440595420
448976364
440620516
440429932
440466813
465696589
465753805
465753807
432076526
423683822
960542446
956535806
956486622
423743998
457236990
457302270
465760510
457364734
457397502
457274462
457372750
1002886478
969332558
969328143
969393673
960792344
960806264
956605736
688366904
721850632
721912089
704951081
709141035
709341803
1783076459
1778710251
1778673402
1778743290
1795380730
1799509226
1774540010
1774548202
1770386938
1803744250
1803719386
1786876618
1782641354
3925926618
3942672378
3943052778
3909498346
3905291627
3901097448
3900965336
4169409352
2026119944
2034508040
1560613128
1560678456
1430664232
1439053864
1352014200
278272457
278285194
280792970
279741850
300712122
841846938
841920714
1915662414
1648271390
1715380261
1714790436
1731301396
1695731988
1863471653
1846678053
1846556199
1783636518
1783636518
2060460854
2055475254
2055995455
1603940557
1553605769
479914376
211520136
414812825
414825115
1488562826
1483259290
1479049450
2083029039
4230778925
4230407036
4230406772
2083938916
1825972772
1753231908
1774199324
1807754776
2059413803
2059601962
2056456250
2073237530
1502681098
414193674
141557962
136332170
137446330
151138750
151134630
163733670
159539365
193068272
193374404
176597061
182355973
237864963
237799442
170712118
170192934
175628582
175530806
190734931
190759507
156942963
147571299
147390179
147385313
147450321
148555970
140167618
1226788290
1261781970
1259815538
1264009826
1267069474
1266983460
1266983468
1266986540
1514584588
1577499148
1579059276
1446807660
373069931
373081194
372588570
372658250
370553034
370565854
373711535
394773157
361087668
344241052
348172428
335578312
335776969
335779961
470006059
499165738
1048635946
1048705550
1053154830
1044759822
1046462479
907968575
907980845
908042293
924823573
897487925
880790565
879610997
875386951
892147799
925833319
913256933
921514724
1055724276
1068438156
1018114696
481112712
481113736
481114760
212679368
212154953
212285995
262421050
245639690
249831946
237437210
237376282
237916954
237916794
242111082
116245246
99453911
99466199
99466199
91077079
91076983
359643255
355448951
875542647
875538551
606976087
606963799
607098999
607107175
607041639
607041639
607123559
606894439
611064175
611129711
644692335
644692335
644692351
644692863
653072991
653204055
850344535
850279111
850279111
313409159
28055175
11286151
15561351
15725239
15725239
15577751
15578775
16629651
14465955
281848227
281324003
281451587
289838087
302404613
303435781
305602613
305472293
41296447
45482543
11798063
10227367
10230455
10288023
13564295
14089607
30863750
38990214
38990214
41083350
36811026
39883046
40153382
316973359
329560365
301236280
274497576
270303272
269350185
269380891
269363466
273550106
281415194
282473994
299250251
383001417
383001432
374813016
39215449
51671401
54808937
21250411
298795354
298778955
333320459
392040715
377378571
385840955
385410939
385396601
317230937
384339961
384344057
912831992
908702201
841720313
842703289
842707371
840622507
840659371
839583146
822742427
810162571
819609497
817506105
816390937
816341273
816374072
275554601
271561001
288244009
287180091
290328347
290332426
366878474
345915338
347876762
352083338
343704971
360486811
896373659
895980441
929469336
937865720
1994891304
1986371624
1982111784
2116329512
2116476937
2133213451
1831207450
1845363242
1757283882
1757165162
1755114874
1759310922
1750905930
1746711627
672510025
689418328
722907256
706130040
706670968
1780380472
1780306489
1786189353
1794577963
1790260778
2056533786
2056529226
2056597850
4204204378
3667198298
3671527898
3688240122
3688249274
3650500490
1570652043
1570455433
1574467225
1574494888
1549312680
2086187688
2088284824
2084152152
2100928552
2134679592
2117902377
2117918731
1848512523
791544075
690881050
686425642
682165802
683153003
951592569
949495625
416818633
404497609
136131017
136119241
140461019
140399067
148795867
148304347
165073243
192856411
176148859
176025979
176022331
184406843
184406843
176026489
192803705
159183737
142397817
142393721
150782457
159371737
159314393
192868825
175600089
175591929
183849465
200626555
200634747
200569147
192213307
192274747
192409882
175624538
175624538
175493594
175952378
176001530
444437434
444577722
536717243
536657849
536395705
536393657
511423385
1064219288
1030730392
1039119288
2145890664
2137366568
1986307112
1982112808
4129792008
4129738760
4146462984
4096131592
4235067945
4239262250
4239132266
4239136362
4240195450
1560030666
1417424010
1430207626
390059146
372741514
371691914
912626058
912298394
912363579
912363563
908107817
908107817
908189753
908211211
891684107
1009124986
1022232298
1018102442
1017918138
1017656282
1017655626
484978955
493498651
527049497
459940377
460005913
459878937
459801113
426328857
426332955
418140475
149737787
149737851
149803515
208639386
225425306
258979738
243185562
243249594
251654586
247329178
247329179
247296507
266293547
224290090
203386218
136276858
136281034
140332938
148653962
146555802
146625498
145630043
145629500
149823788
142483748
155133220
155002164
138227972
136139012
140333332
156037428
172880180
168555836
168490268
172676364
173786392
173593912
172549480
172549480
440984937
441250169
441250169
458002809
458011113
424518121
424653304
953136056
953006008
944616888
961393080
957198841
990884345
990835161
1041117641
1041105355
1041106874
927861674
932055978
898448298
898379194
881598858
344220042
349475019
349671449
349671464
341028904
357802024
387104024
370326024
911645192
920553992
920242712
853068537
853073595
920154794
913858986
930701482
859431146
857333866
840622122
844800042
843821082
852328715
844071689
860783113
827246089
810475019
341760523
341764666
343730730
343730474
343731306
880595194
880595099
1010651289
490606729
523120781
527303613
518914813
514725497
515716635
532426299
536618554
536618794
1073489722
536622362
469259530
199804170
142394714
142449914
141137146
141145338
149532922
145338874
145461754
162181371
195735769
183148744
170574024
170841304
170816728
457061881
423376811
410265258
416555754
412426970
429204186
429208266
429200074
162861659
162861913
163386201
200094584
183318392
183445368
183189368
174792152
174677464
170415480
170414457
170488089
438919449
459891001
460874025
427319595
425222507
408445291
407499113
407613897
944484811
944354763
675913179
675913643
692698027
734772106
717920650
709528970
1779139722
1780056250
1780068538
1847500970
1847505067
4013871531
4012294571
3848619499
3848306153
3856793465
3856914233
3856783131
3856720139
3848331530
1696719882
1696853034
1700972650
1709426794
1709427195
1709431113
1709440265
1700914456
1700917561
1700917561
1696850235
1701011819
1700876650
1734430186
1742818810
1742818171
1742953305
1742961433
1742826825
1700881736
1700881881
627271161
610354601
610356667
610360763
618786267
635694555
635690267
669243145
1742993161
1717692169
1713497913
1713497897
1717688105
1868678953
1877331499
1877331771
1877430139
1869045243
1869053433
1868920281
1734702553
1734735257
1734735291
1709701051
1709703098
1709703066
1709309850
1700915082
3848529818
3848529850
3882080170
3881949115
3881893883
3890278011
3856787003
3856791355
3856783131
3848332554
3848332298
3844205594
3848525866
3856910443
3856910443
3856845273
3856854856
1709434632
1700909881
1734721833
1734693179
1734828347
1734828330
1734694250
1742818666
1742817658
1742948699
1709431129
1709407688
1700883912
1684104648
1684235673
1684226473
610354603
610354619
618755515
1642329531
1642321403
1642197851
1675749131
1675748875
1667360283
1734469179
1734475307
1734467387
1734467355
1734467353
1734434681
3890696040
3873918328
4024898840
4016387352
3982832921
3966051641
3966183231
3974592046
3970127414
3970155126
3971208790
3968915398
3989874114
4009796802
4009993411
3993156801
3993173205
3994221941
4000763237
4009183015
4024780606
4016404254
4016399710
4016405886
4016393710
4025241066
3987591147
3987595224
3988766664
3990726600
3978093000
3978093000
3978093033
4013842794
4012246378
4016508778
4016376634
4024764986
4020705822
4020723226
4020598555
3987071304
1840046280
1828512904
1813839000
1813895336
1813510312
1815537832
1815541992
1835158811
1877165322
1868789518
1851877150
1851877182
1851876910
1860566574
1873268271
1874824765
1841270348
3990744908
3910985036
3910952396
3894158572
3894289644
3895854573
3899068335
3974176438
1822637814
1822646006
3971086066
3968919234
3968904514
3988827330
4009864387
3993156801
3993148624
3993146576
3994211809
3994175462
3996321510
4017161830
4012912510
4016058238
4024769134
4020587054
4020619887
4020543069
3988106572
3988038988
3978076168
3978076184
3978092648
3978190953
4013301802
4012246314
4016377130
4024764794
4020702042
3987168026
3987177034
3987072713
3988234952
3988104072
3981747592
3978093720
3978095784
3978292392
3979769000
3982902763
3991356794
4024518170
4024526346
4016137738
4024528442
4020758058
4020622891
3986982169
2914819080
2917121096
2904550728
2886593912
2904386920
3961333224
3961467112
3963027688
3966173677
3974566765
3970111095
3969979958
3971046962
3968921346
3968903170
3980438530
4278430722
4261585987
3993154753
1845658769
1846986145
1719125409
1718994339
1718965667
3866440178
3882164566
3882168342
3848548390
3848548646
3840223030
3836159583
4104586957
4105111244
4105963164
4122486412
3589809804
3614979789
3615191759
3615191903
3622528862
3622397310
1474946174
1475212414
1441649887
1434317007
1429586125
1362620633
1362556120
1396110680
322369405
309745469
318193949
310137115
325329179
321200987
321274459
325469819
297160297
297127529
833939289
815048521
812954441
808944457
825655641
825671931
1935134955
1918197995
1918317051
1914122698
320156618
1343698683
1358378603
1354186347
1354053209
1353996105
280262473
32826313
57995743
58119375
66505950
66477286
1098347686
1098195106
1081565586
7820178
15192723
27710097
61797009
49275729
49137456
40685857
57467173
19718181
19750975
19817501
1094603800
1098665272
1104956712
1138085688
1391976216
1388174872
1454159384
1185718841
1185915674
1185845566
1198493806
1429586158
1412939966
1412878526
1410758070
1414948774
1423401631
299197069
1374962317
1400194009
1366808569
1374149995
1910881579
1906617643
1910811963
2004133147
1987347483
1717993481
1986428953
1987493945
1983271019
1983131755
924132459
823537531
823533274
827722490
867503790
851187374
850932382
314061455
297390735
280728205
282829788
274309692
270045756
272143149
272146733
825810987
859590698
859587642
863898714
871779802
834043338
817262027
280257993
284456393
276091225
272093529
272029017
293074299
1366664554
1408744811
1945608059
4092960281
4092958232
4093613596
4059017756
4084179516
4085232172
4064137837
4064097007
4064027118
3794542830
3798729962
3823897834
3786283210
1643018314
1911483466
1902437386
1898222874
1931990298
1936183610
1936052587
1910891371
1912075243
1895781339
1887245275
1887376315
1887385003
1887253931
1895130539
1890915739
1895052169
1911829385
1903629257
1903374713
1911759209
1911563561
1911579945
1911940921
1945556763
1944487771
1927644123
1927578570
1919193546
1915212234
1915146746
1931637226
1931637098
1935888746
1675837739
1671459115
1671456057
1637934345
1642308873
1618379785
1618445385
1617265755
1680130171
1684328554
1701175658
1634165610
1663382267
1663111899
1663242969
1667433192
1941115880
1907385832
1638982872
1639031880
1643353161
1945273417
1945600379
1660260715
1650766123
1664610619
1630950267
1614156795
1613116393
1613109225
1625690089
1621430267
1621391323
1637934539
1671487947
1658908747
1646575626
1646772251
1663488059
1634133035
1902601515
1886738299
1903493723
1903493851
1903629049
1945449321
2012229993
1989178745
2006155097
1976761881
1909653007
1886617295
1349590671
275789726
275788990
284233902
299045031
307437735
307372213
307372933
317854293
312541733
312493605
312502831
299919886
6482766
283310542
284311951
282083753
273727977
273719784
812753720
813081352
1617338120
1617398297
1625602601
1625598507
1701620267
3878595083
3996029451
3928916491
3928945387
2855216105
2854822057
2867343593
2863205549
2863274173
2864323773
3130604685
3129484431
3150472647
2563438567
2560282215
3164196454
2627258950
2631526982
2631450582
2673382902
2656666774
3195764870
3191448727
3190336687
3190405293
2922035709
2938813004
2909452812
2892680716
2888614412
2838258221
2838241837
3911983917
3911979311
3898868782
3907455034
3903195419
1755724043
1754736907
1753491722
679749899
683945227
692331802
692335898
726479130
726478890
726217770
726209643
734606427
701070665
701102537
701094873
692706201
692706203
962190266
945544638
407621822
407629982
407466134
139026590
206434534
214946087
210170165
210160396
75664140
478390540
499362060
1581426956
2114361612
2114881032
4262101512
3859317368
3859317480
3859329705
3859329707
3859375786
3876267690
3881509038
3890938030
1743323310
1740308734
1742340298
1867132106
1045047371
1045170953
1045236237
986647055
982391307
999172619
428549643
415769114
415966010
415900446
415834943
416035631
952919343
969735471
701283693
701341053
701349373
701347805
692959197
692961181
693091260
693090732
693090797
692960253
693107293
688847389
693042701
693032541
693032941
734828461
734574509
717798845
717798789
977927558
973733014
990608550
1024138470
1028267110
1037704454
1033510662
1033506566
496844095
496772141
1606968381
1560830043
1560866891
1560983499
1292547787
1238288027
1234030329
1267531496
1267527528
1267493144
1234106632
3381577992
3370044200
3380543273
3409613611
3392766266
1245217118
1243124174
1510514830
1510515894
1514777767
2143992039
1556789703
3705313989
3705327300
3571042004
3562558132
3557302948
3691782820
3691782308
3704366309
2642699366
2626046982
2626078726
2358700038
2354358566
2352449318
2637595142
2684256775
2660934405
2660937996
2660860988
2532886572
3594045484
3594025004
4130940969
4131006475
3594133514
3610906890
3564765770
3571061482
1356468906
1351156398
1351094974
1351098010
1351142313
1351260584
1351530888
1347349384
1344133768
1344127640
1343607800
1345642792
808493352
807461161
807727419
808244491
808302857
825210921
1945016360
1943980296
1926154569
1389161418
1390259962
1407182570
1373562618
3516838654
3516892022
3515580710
2442702883
2480447520
2480447536
2468061184
2436542720
2973405760
2956641984
2960804496
2968193696
2969058023
2977708646
3011259182
4085000478
4068224010
4074644490
1922966586
1653415978
1657548862
1649147918
571260942
571311886
588093006
843945718
860653478
827102370
810327202
805944482
805959858
805910674
826947714
868890787
848181921
848177681
855518721
845950465
858531329
828646961
811871781
821304871
549718823
550242607
567085567
567097823
558709214
558725630
558725631
558725599
558725471
558758239
558758239
558758239
558758271
558758271
558758271
558758271
558758271
558758271
558758271
558758271
558889343
558889343
558889343
558741855
558741983
558742015
558742015
558873087
558873085
558873085
558873085
558873597
558873597
554695677
554695677
558889965
558889453
567212525
567245805
567114447
567024335
558709455
558709375
558709614
558709102
558708846
567097438
567097422
567089230
567105615
567122383
567130575
567131615
567132126
567132094
567132094
633846462
902281918
2101852862
1833286335
1833413277
3947278045
3947275884
3947276076
3913721132
3913654077
3896834573
3896830479
3892668958
3909582382
3909490478
3947234606
3930457215
3938911455
3939243209
3939265737
3947654600
2035121608
2014150600
4165828040
4174345708
4170110060
4170175532
4170028092
3092099340
3091575308
4178043404
4215730716
4207309352
4203156009
4203025194
4207220010
4198763626
4198763626
4194634874
2052004938
2052009034
2051810378
978089162
973653450
990443483
722053051
692827563
701203387
702120891
702125051
1777967865
1769710137
1767543336
1763345960
1796986600
1796828856
1801006744
1801006744
1809387195
1811613098
1878589626
1870213306
1870225594
1836970218
1844351034
1845403658
1836953354
1836362250
3979721242
4013865530
4018059803
4026437339
4026434201
4021895865
4017881785
4269613737
4131332521
3862175977
3866434601
3874883643
1723226123
1723262987
1744167945
1736220681
1698607112
1696497672
1695188008
3842541672
3829971688
3838548712
3838479080
3964255944
3960005193
2887283209
2888368175
3832021030
3840487462
3773444130
4041880690
4110035058
1962617330
1962556354
1979321282
1995050691
1458164417
1459139264
1454937044
1452839908
1602782060
3699940965
3704142439
3695897190
3624594278
3624560486
3642364230
3665428806
3673817166
3667607581
3667610668
3667458092
3671648572
3659131148
3676030284
3677995336
3648766424
3652895224
3636118251
3634058986
3638044266
3642238586
3644327498
3644330522
4164432186
4177276970
4173271082
4171198506
2022466010
2026661770
2018272906
2031056522
2064520842
2047743386
2051346602
985927850
717558970
717685978
717575258
709125578
704931787
706016971
704927433
722290425
726484971
727545195
693989433
704626745
700432441
700440633
700293401
704226057
695829017
695830075
695977515
695985963
729542459
729535771
729433435
729498075
729371099
729314235
695735227
695797722
695928826
695935466
704340203
703291579
703156363
703152523
686382491
686386091
677981099
946420219
946543883
946537483
954859531
972693531
985276475
983179322
987443498
986264618
977810478
977826863
977826879
994604347
994639147
994704685
961149757
961141565
961411903
961378623
961378623
961509695
961509727
995064159
994933087
994934143
994934143
994934111
994966879
969801051
969801211
961411579
961411579
961411579
961411547
961411483
961280411
961281435
969538523
969538555
969538555
969669627
1003223931
994802523
994793755
994662715
994695471
994704767
994704767
961131999
961131999
961134075
961134587
961133563
961149563
961116987
961493819
995048217
995048729
994982969
1003164729
1002968121
1002992921
961140061
961131993
961132025
961132539
961134523
961133499
969522075
969669531
969669531
1003207579
994819995
726316953
722384840
722310600
1783149928
2051648872
2060299752
2051915261
2047720911
4194670022
4211578870
4165377762
3091390178
3099740898
3091401282
3091413570
3158457026
2621578946
2680293010
2660434850
2660241826
2660241826
2660241570
2675974326
2642419902
2512418014
2236699722
2272353355
3257101385
3261228041
3529700360
3554903064
3554968888
3554972984
4083459416
4079330568
1931973640
1933476872
2000650536
1998370088
1662883128
1730055433
1713278009
1715403817
1715266605
1715331101
1715363853
1983791309
1981170109
1968661165
3830802093
3841813164
3837610684
3837610652
2965195421
3032247949
3049006735
3086750398
3061588654
3074171834
4152300010
4126933226
4122476650
4105707594
3583516746
3587711179
3579371720
1465443464
1297657224
1297854344
1293590152
1293588169
3713709579
3716150794
3590117178
3623144746
3622239530
3622235417
3589719305
3713324808
3713328904
3713398136
3713397736
3713397736
3578053608
3612721865
3621175881
3587634041
3589759337
3589628267
3581227371
3581219163
3579130122
1142240026
1142232858
1142230798
1142888798
1147091198
1147091134
1155415230
83386510
116957326
116031630
111837663
1189785917
1458156844
1449698604
1449698604
1445504808
1462481208
1429881096
1467941208
1465844057
1440613753
903747883
886975275
878668587
878504730
811380491
863810827
842825737
847085800
841847016
1915719852
1915654292
1915637892
1932399280
1898844832
1894658721
1890460322
1890525842
1889870514
1352933798
1352937710
1344286762
1344329738
270575626
270575882
291612954
333687242
383973515
383926665
383959433
392348057
1998750569
1965138729
1969267501
1977918237
2007274767
1470403870
1475214634
1466837290
1430137130
1411258922
1414400570
1418600234
1419513130
1419511049
1419510792
1306276872
1293890636
1293563340
202012108
202044413
487166959
483099279
495616911
1032431500
1065921964
1070116012
1041798316
2114621596
2131669388
1963897740
1963381501
1950827245
1950828271
1960267503
1956016127
1442213215
1442268491
3622061515
1449452363
1449653003
1449579291
1457977147
1994762043
4158975291
2003107131
1969544507
1969605947
1970670971
1903564123
1366701515
293021151
829829311
827797679
819007655
835915959
299053253
324010181
324026845
307487065
324266265
324135737
300989035
282102378
277909034
282100234
340902666
339198731
339141423
339142437
339142437
341210885
348522437
365299589
314973573
46538167
47582631
47648183
47460791
47198631
49287591
115360247
73654550
1147184422
1155573026
1155579682
1151376946
1151507970
1201845766
3466765830
3468072711
3465969989
3470246372
3461665252
3457945964
3592163624
1461465385
1365060905
1348282665
1365129531
1365117195
826149129
859819273
859607305
859615497
861700937
869110762
868856810
331980266
1363777774
1426757870
1560967406
1560946926
1498031566
3632927430
3633214149
3633210036
3633078948
3637273252
3624194732
3640951212
3641087144
3645286568
3754207368
3754207625
3745954187
3729178587
3596011339
3593847562
3598013210
3598143803
3614847275
3614908713
4116129049
4099357961
4099394889
4099394009
4099250617
4124425641
4157912475
4149518795
4145316299
4078428650
4044808554
4048970090
4048954154
4057342762
4057403690
2446590219
2446598411
3520402713
3519505785
3519511897
2446319049
2437783497
2437781385
2446165947
3016591097
3016081145
3016076904
2999430712
2990913080
2987717144
2987684408
3005166136
3040752232
3028169193
3032292585
3032221867
3165391018
3165415898
3187502666
3212665418
2671534666
2671534938
2637521134
3174420718
3155477678
3158691006
3158833294
4240894158
4257655247
4257656399
4291202847
3067580223
3067385135
3058991405
3059007551
4128624671
3591843869
3608551453
3558224157
1549668903
1549665831
1560219183
1559764510
1557675790
1557932366
266210382
251327694
251297998
250118214
250118173
259576188
221835628
202957164
203055468
207246664
494552520
392693193
375915979
371744186
376306602
402647723
1442623147
1421645449
1957463688
1973715608
3856962552
3857027432
3891700264
3891700264
2792792584
2788655629
2788659757
2788479343
2805223662
2805215402
3878551722
3815113898
3819314618
3819322810
3819322874
3785637323
3787206025
3783028617
4047432584
1635712696
1633509052
1666991804
1675379197
1675489326
1673486382
1945002042
1936662538
1898913802
1898855450
1882085674
1894664747
1890372329
1957482168
1958004360
4105499336
4034192329
4046840299
4044841322
4078331242
4082524026
4082523738
4090953306
4057855579
4057773849
4057765145
3789395001
3814499448
3793527896
3792483545
3792471289
3792601257
3792617645
3792576687
3810472367
3781104047
1616774890
1627330154
1891049022
1895052806
1895047682
821371394
282526471
282334999
282402583
9820691
30841603
131505091
108956034
107775410
107786402
242004386
250601890
1324245394
1323706258
1248206834
1260719906
1262231330
1568417570
1576806194
3753759510
3736711957
3667439988
3667440116
3666387380
3662184876
3658060716
3742013164
3743063784
2635782888
2639977081
2505927545
2506059115
2539472219
2540987850
2541179338
3614916986
3623178538
3587469610
3587502394
3570782490
3562524954
3563049275
3562986809
1428085048
1432287512
1427826952
1562045704
1564077128
1597588616
1601914299
1450857914
1459540394
1459536298
1459438526
1476133790
1442583502
352285983
352250159
343861541
343730469
339519763
876461315
897548291
914325507
847216689
842969169
841920576
573472960
573472992
1714345696
1697478368
1684815589
1693198062
1685923530
3841730186
3841729962
4108060074
4103930266
4104066955
4104066953
4104085129
4103920265
4103908313
1977396073
1985850665
1985975307
1985990666
