971881142
971373303
971339509
2046177901
2035430253
2034377085
2034237785
2017488091
2017491163
2025912778
952162762
952295371
943906763
2017642187
2017578955
2034487291
2067983723
2059627881
2059625821
2059563853
977470285
977338733
2067800425
2034262379
2034360427
2034498795
2042673403
1774237835
1807980939
1807915915
1799528073
1782679179
1778483867
1778811563
3926369002
3943162410
3943163178
3914843434
3914843434
3992876858
3925796362
3923699211
3957118584
3957114600
3957114856
3948464120
3946563544
3979989976
3979924216
4013519481
4017775610
4017776106
4017712298
4009327802
3892042939
3887844505
3858615433
3858613384
3833525192
3833520712
3833524857
3846042217
3879690793
3879100969
3865908011
3865837867
4008443946
4025430074
4025430042
3991688218
3974913050
3975019578
3975081018
3975150618
3975005451
3966752585
3984519752
4018139736
4017910504
3931992808
3999168488
4017780201
4017640955
3984086490
3984094682
3992712666
3992573402
3992573402
3992561146
3988498409
3992565480
3833104088
3829061320
3845838536
3845837560
3846034408
3883750376
3883872600
3850318168
3850178872
3966570792
4243205176
4243204120
4238882844
4255664157
3735571469
1588200463
1584017423
1579819039
1579819023
1458188298
1453994330
1470787306
1471769258
1610152618
1563986874
1564249482
490509706
1010086858
1010074122
1010205242
1009963562
1007936042
1007772202
2035377194
2059756602
2055500858
2056016922
2056250394
2055988315
2061105016
2044233320
4193881848
4259880664
4259886744
4293433240
3219752376
3203060664
3061510888
3061568232
3074052712
3040498217
2759483963
2759684666
2759620202
2759646570
2766981354
2766981562
2808926106
2787989130
3794694794
3794428554
3798561194
3802755242
3802812586
3819599017
3823789208
3816547464
3812353416
3812141000
3816335096
3815347832
3781856888
3781860921
3765089833
3765031467
3765162523
3760869898
3777647114
3777499434
3781694506
4050132010
4058716222
4159322142
4138350606
1990867982
1453993998
1592340494
1466511374
1417293838
1417286622
351936159
486218431
483990189
525937341
506997645
507256207
507249039
523518330
1038566186
954462762
951116330
955310890
953459002
965059642
2072818730
2056035370
2055976970
4207589835
3947469272
3948514232
3950676632
3949629064
2859173528
2859172504
2922091256
2922111608
2938761768
2905101096
2892563240
2766812728
2766810632
2766809608
2766675768
2766671212
2762491119
3031188670
3031187898
3035382170
3052295066
3077206458
3060430266
2993355962
3001744538
3001743498
2993417353
2994318472
4080641416
4078561160
3793282968
3793344424
3793666984
3812541352
3816735661
3791508223
3782038110
3765334542
3765396234
4028917050
4050402346
4050393130
4050524186
4092476426
1944988938
1927951626
2007564506
2008547514
1438126267
1419665545
1423892684
1414502172
1409586732
1946457636
1946195492
1951577884
1968350220
1716694020
1846713348
3993210100
3993214116
3993482404
3859210669
3864523437
3872735919
3872719535
3797353134
3799323566
3816040366
3782488039
3773246167
4041616069
4041617093
4041686725
4041479893
4033090551
1893990566
1893994662
1894195382
1910907102
1910902990
1944519758
871109694
870609962
870642731
829203739
812426505
875343640
611295000
636393752
805215288
1859951704
1850519689
1846521993
1846452361
1846468793
1829138861
1679692461
1681788589
3832483501
4109176485
1961633526
1957438150
1957437958
1957433622
1957429286
1907119150
1924131854
1387194447
1387169997
1391365580
1449951644
1982648828
1982656824
1999422248
1970172712
1903060520
4058932777
4058971657
4091924233
1944373083
1977927675
1701103290
1970591419
4113032891
3878025145
3878540728
3882795256
3882799224
3891195961
4255965499
4255965978
4260094730
2147149082
2121950250
4269372458
4269277226
4268245050
4276842586
4277821514
4261045450
2088435082
2096880266
1560005307
3703295656
3703297788
3703104460
3714605388
3743969340
3727314988
3727315244
3731509548
3739898652
3735974732
3740235465
3748482747
3694938794
3694946986
3694930618
3699321499
2633965193
2628519624
2628518520
2628522536
2683072812
2666520621
2662326319
2661851190
2661851182
2662116398
2667415658
2654832874
3057223865
3074132616
3038422664
3155878536
3160072841
3027854075
3023573610
3039298346
4096263210
4096265258
4108990490
4104797194
1957309450
1957372937
2112623881
1971083033
2004875129
1971316203
1971180986
2004648346
2004648858
1986888603
1714198425
3861681592
3861683624
3861814632
3849238328
3991577144
3987399224
4289389371
4272513322
4277690410
4269285418
4265088042
4264166442
4264166602
4268389578
2130339210
2147153546
2096756361
2096748169
2096875160
2095825628
2095698780
2095640892
2087477548
2088509736
2134843688
4265489704
4269675800
4269673800
3731754952
3739945608
3718793880
3703077560
3703074489
3702023867
3567997610
3572318890
2498577070
2490225647
2502812015
3610108207
3598508319
3606896910
3734889502
3737056298
3741303850
3732783146
3728261178
1597719562
1547355210
1547362250
1551555275
1558968985
1558773432
1567155608
1567158424
1596510360
1596584152
1564139768
1568334184
1441456936
1470821916
1458296396
3605919304
3740096216
3731687160
3748398825
3693879273
3697556457
3706141099
3701894555
3701794203
3701797275
3701768698
3714876394
3728519738
3728581146
4265584410
2118100026
2117071914
4264542250
4129964058
4146724939
4230611144
2087322584
2096771800
2092639960
1958311496
1957199368
1957231195
2007562858
1923660266
1927847098
1919472778
1915273354
1916289162
1916428474
1916412074
1937383594
1962803451
888995865
889011513
888613432
1017457180
1017388605
1017386557
1021596187
469234186
441967370
440721690
1514447978
1514450026
1531295850
1540340762
1523495946
1519030603
3734667720
3734733720
3736635064
3757612712
3580476072
3576339128
3576352696
3576316415
3576234038
1428688934
1428762662
1345200166
1357783351
1370107413
1455053316
1455118916
1459211980
1446627212
1446527384
1446793657
1430025641
1417639337
1425997736
3569286840
3569153752
4105741912
4104692344
4243104296
4293435944
3739853371
3739935498
3739930650
3731439658
3727163434
3727228970
3727294522
3727306761
4285145352
2095735304
2091610824
2092488392
2092489371
1958329002
1958324906
1954069162
1882754746
1899545994
1933099146
1915371658
1915367594
1919819946
1944985771
2013147273
905773528
888936248
888946232
1021786680
1017457209
1017409083
1017405978
971371274
996537098
458551610
457498986
458089578
1531899002
1540095034
1539961915
1535815944
1503302344
1570408072
3703082680
3706227368
3706235560
3699092393
3715804346
3711627482
3711844366
3710779422
2619736126
2355503143
2363892004
2360747556
2360753716
2411007500
2327055948
2331266764
2322908876
2322969480
2320802792
2320802793
2320806891
2337575786
2304759658
2306864954
2290083610
2289956186
2289882458
2373763418
2357187034
2625623499
2625631707
2357196219
2357196218
2625496218
2625435034
3573322138
3573453722
3573461946
3590239146
3580736490
3580744026
3610235146
3610177803
3593396505
3593396504
3727614232
3731772184
3741140760
3741271816
3737012040
3737077752
3741075432
3732428776
2675446760
2671276920
2625266968
2633688376
2628511032
2628375865
2628305211
2632487739
2632487546
2625213050
2642072186
2637886186
2486925034
2486793643
2486785211
2490979483
2499302539
2495213707
2494230666
2498404794
2498409962
2498336746
2489947994
2486161690
2502947098
2502914330
2670605082
2653827865
2658021944
2666477112
2663200312
2663147352
2663146968
2598171896
2598163688
2598171112
2606756857
2640212603
2623492730
2625573434
2625311546
2633831210
2633773354
2633774394
2625467418
2625625098
2625490266
2625428954
2490758603
2490754953
2499081097
2499592859
2432586427
2432578218
2432574122
2423075818
2423066986
3496678522
3496678490
3496678411
3245290507
3240973323
1080935691
1349375307
1349498331
1349366267
1349358559
1349489631
1362006749
1395569373
3526275804
4063212252
4063139580
4067407596
4067210988
4067206764
2993469052
2741876344
2725099113
2725098105
2725106297
2725074557
2725058159
3815587630
3815587630
3798941502
3798940990
1651315774
1659645998
1659645998
581767230
581906494
581726214
581738694
665616527
896381373
879604669
879605437
1949153981
1428535997
1462090431
3727031230
3732306430
3740677438
3740672318
2663321630
3753849102
3719967002
3719968026
3451586843
3438807339
3438832937
3430477576
3627714376
3694887881
2621146825
2621017803
3694694378
3696791018
3566780906
3566817742
3298431182
3304726758
3304726695
3295292576
3291101616
3307870592
3324664704
3324696448
3324679104
3328934848
3463156048
3739919632
3756699440
3656100384
3635001888
3635019296
3656918560
2587371044
2587365924
3661111588
3660054564
3664445476
3668447236
1520967815
1537893506
1504372866
1214961826
1277839522
3425306774
3425306758
3425328518
3702190726
3702239974
3702043238
3718820388
3718817316
3718819364
3731398452
3727395876
2586479652
2586496036
3190479924
3207257093
3161115397
3165571671
3166542565
3166482149
3214714596
3202147044
3192713844
3188482292
3189530849
3206287587
3162375394
3035499634
4109240514
4151191682
4130285954
4265240706
4264188034
4268412290
4293511075
4239189669
4239172325
4239766077
4242903869
4167364901
4162904357
4163920165
4164035375
4168487471
3101036079
3096840814
4187884286
4208806367
4208511375
4200188047
4200448207
4200386767
3663519819
3658801263
3675775087
3646350703
4174839271
3683016663
3683636935
3666737095
3671900115
3747200483
3745156466
4248489218
4230725890
4096377138
4100514082
4100678003
4100592069
4234808453
4231596181
3694672292
4233640869
4254613229
3751609037
3751608909
3751596557
3751326013
3721961517
3692604461
4229606460
3088758796
4166695181
4189752077
4223307583
4210884414
4197201214
4197192190
4198240750
4198437294
4202566574
4204463022
4187706006
4171230917
4173179460
4173114116
4168653588
4164454692
4164463901
4181648462
3208512718
3141143790
3124432302
2868383662
2864186030
2880983626
3114820107
3098075657
4171817224
3630719276
3693820972
3694020644
2620278821
3745400869
3730229271
3732337670
3732332558
3741237518
3605709158
3601487846
3551141606
3521715942
3563591590
3559392166
3697807766
3706335622
1571430789
1571447989
3719882917
3742951653
3741907172
4245196028
4228548316
4236948188
4236944076
4237882072
3097028329
2572709611
2568509994
2604390698
3208300586
3211430954
3215687694
3064500239
3064500237
4071194648
4066939112
4062823592
4062861480
4079630488
4047386760
3762170265
1618356906
1622480554
1622475402
1888764554
1888764554
4052017802
4052001450
3548877294
3548811630
4091470893
4093436953
4051463176
1902901528
1902835992
1902835976
1932187720
1915454712
1915326648
1916317896
1914208584
570983224
588169768
555672104
826171929
813572891
820983098
821298282
819203310
818153726
272898174
282402070
349599494
1421239046
1420157702
1424484098
1441181442
1475251778
1454018546
1453949938
1453887827
1453912179
1458167843
1445584931
1446633507
1446765623
1446696965
370919445
906545463
927516967
902351637
903536452
345962308
352276853
338563153
288239681
288239809
288297457
293549027
297607905
280830705
280961733
280826565
295551692
299665148
298618856
323796456
827103736
827242968
827243464
903789384
937405771
914134330
908906602
908980462
1983832302
1916723430
1652461814
1660858806
1677702022
1617925827
1613727303
1613726263
1613599271
3762090543
3762087471
3762040366
3759935014
3764129638
3774615014
3774748102
3836617859
1689203841
1957436593
1957633153
1957592192
2007919744
1990653312
1994510720
1994445248
1986130272
1981833508
1445994789
3591384367
3612354862
3755419950
3750639918
3716811806
3700114702
3699949838
3699942230
3699941991
3699947236
3713568756
3743059136
2117766336
2117768272
2117771379
2117787762
2118017042
1983774754
662634534
670368550
898907694
932985374
916195912
914885192
1054366296
1046077004
1048244812
1031451212
1014543180
1014739284
1012572276
945466484
941340784
991665232
974822480
976930656
774619749
778781415
795431639
745361887
1761358015
1825841321
2094279849
2093230825
2093247211
2089122431
2089118222
2105896462
2140960334
1608012630
1467498726
1463488738
1462382802
1429876866
473583810
478069074
486523425
481676848
498399760
531950352
451258384
510117904
1580026944
1512587456
1512575441
1513763489
1543119523
1486430883
1486366353
1486368385
1486368386
1555789714
3703272866
3724072098
3742942370
3659121810
3658146951
3674858629
3641222468
1549395732
1555744308
1554694709
1420416629
1420549861
1558924263
1547258294
1545087158
1561864342
1595829382
1597961414
1579859974
1584103442
2129174817
2141955888
2141889072
2141815088
2142806052
4183334948
4179140652
4212841516
4213065772
4213115173
4279896615
4227467814
4189718082
4189782594
3652723650
3635945970
3640336882
3631886722
3724158338
1605005187
1605074560
1470746288
1475973028
3612908964
3607932348
4111247804
4111247788
4095716332
3843997228
3858663212
3769598775
4042048022
4033405494
4029211174
4096414242
4096411170
4096396818
4259842483
4289214643
4273494147
4273654914
4277855362
4269466834
4269514866
4284068118
4258899222
4254641445
4107848740
4099494912
4231668736
4231672016
4231725472
4234871456
4238937763
4255714978
4255730322
4289231506
4285067154
2653480130
2653593666
3727352642
3731513858
3731448439
3743966821
4285034021
3220831524
3216624676
3182988324
3182988292
4243174404
4234917124
3963264788
3963272981
3980045079
1864034614
1730075878
1713114278
1713112230
1732116614
1702768774
629019014
612303542
619972262
1687437030
1687436022
2106605070
2106605070
3717266950
3717246470
3717443333
3717442308
2642455140
2642717348
2672070292
2668004992
2518581888
2520707760
2524635809
3061375398
2993176806
2988983398
2989018238
2976623838
4041911498
4037717450
4041907019
4029647691
4096564523
4096584746
4096549930
4113309738
4117565450
4126028042
4155381034
4138601774
4138666350
3606580734
3598218438
3732661447
1583341767
1591722311
1587467638
1453258022
1448993890
1463608418
1430053074
1413398594
1949221186
1957609779
1957679972
1957552996
1961684964
1949101036
1949625260
2098645916
2001095324
2009336479
2143555470
3754373086
3745654270
3745718638
3578999166
3570545502
3566343110
3566408407
3566220964
3297801892
3314609892
3327184244
3322971412
3325400085
3325538326
3326058534
3324945446
3565075510
3569264902
3566910214
3701124039
3701115525
2633534133
2637727668
2669269396
2652844453
3659276775
3662423079
4224462117
4186847524
4171115284
4174670340
4183084544
4177901056
4177699392
4211253952
4211184288
4223705509
4223706279
3955268774
3909261478
2835519662
2835794127
2902912847
2915493437
2912862765
2912764479
2912682527
3160154646
4229702182
4231804206
4231922798
4252896494
4289595534
4273879182
4273875086
3734923406
3737476254
3745781166
3754172842
3615826874
3615892139
2509124264
2240557736
2241351336
2241383080
2228853673
2491005419
2637740330
2640882750
3211371534
4276789262
4276789279
4000026668
3995697196
3995828260
1781186596
1798983724
1765412908
1748895021
679415654
754780918
750324406
748231350
1826171527
2094739077
2096770693
1576738437
1575487109
1609041573
1592275623
1588081399
3736740550
3753534022
3753603694
3484968942
3451415022
1297639658
1329121466
1329223819
1329491085
1295933580
204915596
209109596
209109540
208987941
208987409
90629377
132575489
115786065
107921840
103498128
103433604
1193936276
1194919861
1165504494
1165504110
1169698346
1169976874
3317556762
3317487390
3300165422
3299968294
3300112181
1148227376
1144049456
1074878224
1074931456
1091707136
35020848
305582112
1379303504
1927710145
1925091265
1922927552
1921817440
1926015776
1913432868
1913437988
1913323284
1913273639
1913531682
1917725922
1994011810
1928921250
1945763986
1358561666
1358836354
1354691202
1353552453
1354600988
1356635692
1356638760
1347201576
1397664264
1376692745
1443712521
1981302283
1998078571
2004505067
2012897769
4156187096
4121497992
1437159816
1442537864
1429890472
1463313576
1465404584
3554462889
3550268603
3549943962
3516332218
3518409147
3547770265
3525492872
3525562504
3592643032
3592643048
3605160429
3602014702
3601949030
3601916966
2532345894
2502985766
2486405398
2485291270
2619779342
3165040142
3098916415
3099371053
3103581741
2822293037
2822358765
2822264557
2821519340
2825175276
2834350204
2849042892
2839635660
2835359372
3909101197
3913358762
2848328874
3097365674
3120171194
3120175322
3120228426
3113987082
3147345162
3935938315
3936007689
3938094616
3933769512
3928526120
3928529960
3929732140
1782198316
1849307252
1849303285
792338599
1013579955
1017776002
883560066
883822211
346955395
347037379
346853955
363115078
379888198
383820311
372609815
370575149
1444185901
1981067052
1996926728
1897303816
1633603432
1644088936
3824148171
3891066570
3857502970
3849122474
3833393834
2753360554
3826578106
3825529594
3875853034
3871723882
3867594799
3867582524
3867664412
3871662172
3994345676
3994439820
3994950792
4013840808
3833481900
1688160941
3834993311
3837033102
3840943758
3832570574
3983565310
4251984110
4017103086
1869620478
1844456918
2096508902
2092308206
2091778797
2091397836
2091393736
1558733768
1546171208
1547469640
1547472696
2084350776
2088086297
1979038473
2007472904
4142304008
4143352072
4134962488
4264992808
4262895677
2920775741
2922877231
2922820911
2927023918
2952187702
2918698775
2943735575
2910712661
2889675349
2889737813
2889770597
3966436197
3974627687
3987210343
3987214390
3974701086
3966377998
3966381326
2087328286
2095778350
2091715118
1554848350
1437342278
1470898502
1198260290
1164853457
1157550304
1285464224
3431899296
3700335760
3700340865
3584002177
3602876801
3601697697
3605838561
3593256481
3593238049
1446782513
1430005553
1413227809
1413357603
1442709539
380502034
380518402
380518467
384681155
372082883
372152563
372226275
388888803
393075169
393076177
393212369
393077137
393044913
393032609
359481267
351079347
351083507
351087219
351091219
351091219
887959059
883762739
883762723
883697191
883699239
883691047
636260215
896376311
896382391
829272502
829273526
896382902
896384958
1701690302
1634581438
1668266431
3815422397
3823810989
3824856493
3822776237
3008048797
3003647678
3003647662
4077529006
4078577134
4059706490
4054391834
4054334538
1906845899
1369975176
1374304680
1361648040
1362644360
1363137928
1363075528
288661784
1365283097
1348513816
1348710456
1416077356
1424793900
1421705532
1421509400
3568993848
3701118520
3705253433
4162367017
4179148395
3208285819
2923073098
3862597322
3866658458
3866662570
3862451882
3861460922
3861521562
1714036922
1718231210
1709842602
1688928378
1957363722
1957306378
1957290250
1961403167
1961403933
1957215756
4104698380
4239956508
4235954908
3174730380
3191507588
3190457988
3056255636
2791895780
2796089573
2796343399
2930561134
2930562094
3203333182
3194906686
3190700094
3190491198
3190429758
3190429718
3060407495
3068798853
4272649860
3215685252
3165257344
3169382016
3156830867
2552904386
2620000770
2620067330
3160933922
3165136162
4238877734
4238869550
4188537919
3651744780
3689423880
3677922312
1530510344
1513798920
1513794840
1597681432
2083292941
2083291973
2083501052
2083435340
4230935308
4235130636
4239322668
3215878764
3131980364
3136096973
2590771854
2590777262
2599173290
2612802730
2578133162
2561306826
2632643018
2632684525
2624099308
2641933292
3220742604
3201867980
3202065581
3192560877
4127901871
3054192814
3054127502
3055450511
3072223373
4135471260
3874997692
2813821916
2813563404
2778894860
3852702220
3848315437
3827360302
3827327530
3827516010
3828485802
3964799674
3973273994
3973376158
3973351502
3974531086
3966146573
3965887500
3995262988
3995263284
3995218468
3995206240
4268950177
3201307299
3128959650
3196331938
3214218690
3166047298
3166587906
2628742406
2628644215
2629408741
2629337765
3168305836
3159941884
3172786825
3206411913
3205889001
3054823465
3054782505
3060860939
3069388811
4143064074
3533840394
3534094570
3534684330
3538698410
3577573550
3560860814
3560892558
3558795662
1411185118
1411185006
1417469230
1577014046
1604743942
3735515446
1587900710
1604608034
1509695523
1211899957
1209995284
1209670932
1208621572
1212815940
1213876932
1480182400
1479051904
1483510400
1491894916
2075493012
4203971252
4206998496
4198539361
4198604834
4194423842
4195638310
4263254062
4267510062
3201960234
3130658106
3132698955
4206371016
4209533128
3660214408
3626649484
3626634892
3694004877
3706588805
3702329077
2629312228
2362978148
2362977652
2362977541
2375560454
2409180950
2258247510
2191150518
2193149350
2193130918
2196276646
3261830550
3530273932
3525878924
4062745740
4062747676
3794517020
3794447368
3794448152
3777930796
3760621096
3761686072
3763719688
3771058732
3838143277
3854907695
4006942758
3999218726
4001312822
3861839922
1986920466
2003439618
1953116226
1953112257
1953185216
888887968
884955808
1958705809
1958705795
1421700738
1425822354
1427915682
1427947682
1428017314
1467932834
4160677298
4156466626
4143359426
4277642690
4269127155
4269145315
4134890723
3597936871
1450453157
1584737445
1584741813
1584862644
1584862132
1526141876
464991088
414659088
144773632
148910593
140586497
136796675
136694290
137165346
140306723
197436529
176652481
1254920336
1246540016
1242406992
1523494916
3750136068
3700591124
3701639780
2493811437
2485439145
2485931691
2535998090
2519364250
3069899178
3065639082
3063455978
3063455866
3067651082
3055070219
3038293261
3021638493
3021659853
2753230541
2755282639
2767864575
2762588911
2745750143
2733176671
2724777439
2724785311
2724784299
2734221483
2801388715
2799583675
2791203467
2787009225
2793333305
2792256043
2808897835
2817289273
2783766587
2762668091
2896878602
3182085146
3186114622
3177726270
3156738334
3156875070
3023711022
3027905334
3027843382
3052931446
3082505606
3065696647
3065696900
2527777412
2532098724
2520007588
2519990692
2503357868
3023446444
3034980828
4108722509
4108592478
4108381230
4150315070
4146300942
4263688206
4263749646
4263750670
4280463631
4251095566
4100375054
4109812262
4110271014
4110182246
3034328166
3025671382
3076207814
3059425414
2530877591
4141507516
4141602492
4141401756
4141649548
4154232780
4106071308
4109806612
4100426772
4096034052
4096230164
4230406692
3156664869
2904969765
2923365925
2935818871
3197897718
3197901238
3197909174
3199740070
3203932566
3186491782
3051757958
2644906407
2644771239
2682523814
2658476230
2654349382
3728091142
3744491550
3744786478
3715409966
3723869194
3720320010
3753804043
3720250124
3703353892
3692880416
3692565024
3692761648
3694801184
3694796832
3707375648
3635019792
3685356544
1521093060
1252608644
1521015436
1516829341
1512630942
1512613546
1512616362
2066251946
2070450362
2071580875
2071683096
2067341352
2067423528
2067424552
2138725656
2147142408
2130430472
2126088713
1991875323
1453898410
384350138
371769786
321605818
271249562
1881862334
1898897574
1937678498
1946001827
1925165505
1929356097
846571329
1898311489
1881505747
1881479654
1881623398
1894174502
4037398310
3768895266
4037867270
4037846534
4058820102
2003484178
1982512643
2116746755
1848297217
1785316384
1794691168
1794699360
1786310880
1782473921
1782473921
2118012401
2117951201
2147233441
2109486753
2092507777
1958421121
1958421125
1421546181
1421411047
1354237927
1354239470
1358440878
1350117790
1345989518
1346059150
1081621130
7883450
1098698154
1132264682
1114498090
3270434874
3266240522
3266285838
3265823534
3283661349
2243465764
2230885920
2239336032
2368376800
2401943520
2389354464
2657724352
2657788864
2674569537
2674558243
2640938274
2619917602
2619931942
2485855543
3576308997
3576300804
3577414660
3577218084
1417163813
1425614119
1421550862
1421551438
1419325134
1166573262
3330853534
3335097246
3327105422
3326965150
3326898654
3336368638
3348952042
3317605225
2243797608
2495390440
2499578616
2486733560
2503510696
2537134840
2520357576
2453389000
2453324360
2457490379
2457744346
2481877486
2444157422
2964186342
2965224678
2965158358
2967255317
3759966484
3761867792
3761943553
1613406211
1630265347
1630220323
556400674
591003686
561643630
567936910
562629259
596187801
579410589
596195983
864565895
831012486
827073414
287056790
288764838
291906470
333587122
27399122
10683346
10489202
10492194
10512674
14727974
24288006
49448710
45253382
45252870
44466444
44412972
316973096
304391208
841260328
859081000
555059512
537757912
537692296
537704587
555537547
572342410
574505130
574493098
587080430
581837358
581718567
564978231
564979221
553414213
538708693
537660157
537725359
554046638
814882990
814883022
279982158
277872910
9437742
76672558
1150331454
1420864014
1420864014
3617753871
4138633487
4138371917
4268396252
4264146604
4264075948
4265140924
3996721804
3994624684
1847403500
1853628460
1688469551
1957101614
1957043214
1353066510
1152133134
82601990
82610182
117082118
108696646
116035906
116031938
246055377
250253792
493532384
1546366192
1546238160
2083240176
2083241184
1831578864
1865135313
1848344787
1714147826
3861475810
3861393826
3811058082
3782748066
3766038198
3773377206
3769178790
4037610166
4038803078
2962767494
2426152838
2442946439
2178741685
2178741733
3251940724
3254103316
3253708052
3312428308
3312428340
3308238128
3308180752
3308183312
3308183296
3309204992
1293776401
1142759985
1142895121
1159598609
1163789057
1197342993
1205849425
1204800593
1456314449
1456314579
1456322755
1456454787
1993317523
1985844658
1998427570
3843536822
3826759606
3826759654
3960584039
3960514343
3960514343
3826296613
3830506293
3829523237
3829449508
3829448996
1681936429
1681924155
1677799482
1677858926
1816266990
1825704166
1827801494
749078918
749083526
749158022
1017458310
1050879617
379725440
379781760
106988416
103846832
101753760
101753251
84975970
340832546
338795826
338934034
270776594
274897154
820156418
866293953
585271424
1646693504
1646756992
1915191424
1915138976
1646715616
1646600928
1646536352
1663313568
3806342820
3819057125
3819064295
3785673670
2695166790
2694900486
2954948102
2955017750
2955146806
2955296294
3034986022
4108584502
4108594454
4109114406
4109175846
4105112626
4121828353
3622206464
3613845504
3592857600
3593841664
3591679248
3595872021
3603341831
3615920663
3615916582
2546239014
3083634982
3075254310
3075192886
3059390518
3055196214
2786757654
2937750855
2906298183
2910496325
2893788768
2893608480
2887574052
2887524900
2887524900
3963560492
3963486764
3831824941
1684283199
1626085399
1621891095
548345910
548288598
565065799
850277455
850362445
309236189
841920989
573420013
573354477
1648148461
1644989167
1645066987
1645198074
1712241342
1695478430
1812869823
1812865965
3960807852
3961532844
3974107564
3969978541
1822430398
1823480990
1821381774
2088771726
478159246
495170046
1434628330
1434885231
1439074524
1361021132
320777100
322873996
322861708
842995340
842465932
859177613
862061037
866320431
866140207
564175909
564177933
597732356
585152532
576948228
1647478788
1645382660
1711506740
1711514421
1694671367
1677881862
1610745398
1611796014
1614023214
1625823726
1621637354
1655184634
1656426698
1654149259
579362955
638083227
604583099
604642463
608844175
617495183
616966813
612645565
633609917
646239933
646288317
646230429
646226333
650158267
638038079
555136063
540457239
539400982
1613138454
1613138470
1613225510
3777840934
3794747894
3795730838
3799663026
2728023522
2727921506
2727927554
2727898882
3013176646
3078172151
3040427493
3044613536
3186231200
3165520528
3164873364
4242809476
4234437589
4235522341
4231504951
4101221382
4101154823
1966258183
1696053253
1964308748
4111755580
4111874348
4116057388
4120773932
4120707372
2983985436
2982985996
2743636252
2794033981
2794102318
2795018990
2931330030
3127434190
3123211214
3141217230
3107598286
3107595774
3102352878
3165324710
4239132066
4239153024
3165187968
2628299648
2619968432
2620360864
3208550560
3189684400
3189156288
3189157123
2920722178
2920699426
2949988898
2918466086
3052671526
3082224231
3086290629
3077835652
4152109188
4147972324
4051634404
4043181268
1890988236
1352015884
1368842764
290752036
924617252
907848229
840739127
572295190
572491798
572425222
641630278
1714065478
1731891399
1685778916
1693999716
1691902572
3831046872
3826856664
3758634664
3762829992
3771206312
3800582585
2727143577
2727209097
2795433099
2799625418
3070161354
3044852586
2759647786
2759778874
2768167482
2768229930
2763837290
2763835754
2768001530
2937860043
2921277067
2921210505
3994624697
3860402603
4277732521
4290317485
4122807549
4156511247
3618104334
3622215686
3576074246
3576071222
3564551222
3564546066
4109809666
4109803267
4106126865
4058612276
4066955796
4062822932
4062823988
4129939236
4130896229
3860343139
1711815126
1724449926
1854542006
1854566583
2124050613
2136629377
2017354881
2017354881
2015819409
2029516515
2023028454
4170479206
4169428550
4257508038
4249189286
4232993702
4249767847
4250863541
4124717957
3588105092
1442776704
1367097248
1362897824
1362898336
289354160
322842757
335413383
300286046
295968826
283385914
283404586
350529834
342137658
476551946
476502794
409341706
459670282
460210442
452882922
446620078
446489007
445424005
445428868
449623204
437039268
504148132
504148196
486977540
473347844
338083332
338070052
824216100
1914743316
1983293956
1926663620
1922400436
1942274212
1891959172
1893086087
1892815510
1895175846
1893744294
1885350374
1918904422
1927621646
845556750
855452686
855385357
291258685
819904777
819900681
819897097
819766841
810331688
805609000
822382185
856526314
1934595290
1934622154
1900879306
1364148218
1355431594
1368014506
1368012714
1368011182
1368924301
1402495116
1389929660
1377418396
1377474444
1379833548
1378801164
321843724
321151533
291795498
283377962
816055595
816581675
820971561
808335401
825047097
824969417
858524041
841897867
858715035
862908827
599716235
596566187
600629423
600621295
588038251
587690043
587604027
822485291
273031721
282464825
9896456
10319368
10349064
10283528
12372744
129796364
247433294
180017358
1252717894
1244295494
1244279670
1244279638
1227764486
1219371778
1218910002
1219829602
1217673571
1217407328
1220553060
1224850300
1224851324
1224851452
1224849404
1510062012
1577165724
2114029212
2114041532
2114041533
1980862142
1982185142
1966456503
1947664261
1951807876
1950756020
1891899628
1893145764
1888949692
1888952733
1368727967
1391747518
307556862
307274846
303074334
305433630
842509342
842509326
841475087
824602639
807800079
807799565
813043293
821365485
817118957
817111789
563356633
545534857
562824121
869024171
834973611
834775979
297904571
297909723
331449673
860061961
861119753
1945349913
1945348909
1945348909
1907854109
1641974559
1633570623
1629357358
1629364718
1631461606
1629434022
592187566
592183455
843317384
843317640
843469544
848191016
848255528
849115656
834464264
816507403
816492042
812286730
539657178
540836778
540840362
555520490
1666489130
1666489128
1645521452
3793070908
3793137420
3793133836
3793133884
2803810604
2782839148
2898184039
2897141698
2897213042
2901176934
2892247590
2904830766
2804167482
2787454298
2720344410
2733578714
2729380058
2746027162
2712211595
2963869833
4037570696
4037603784
3492328424
4030248552
1880667672
1612428808
1612359176
1612693016
1612684840
1612687899
1629464907
1633520106
1633519786
1662868666
572461450
572395914
591270282
590229930
598553002
598487215
599596271
597432655
596420879
596420879
567056647
558741782
558741526
554540246
554536118
588204198
587610294
