2952059246
2943670622
2943875342
2943859983
2952238879
2952238655
2952639021
2910630437
2889671221
2889736721
2889863713
2889729569
2889631587
2892779491
2901233650
2901235090
2951705986
2934862211
2935911811
2935911811
2927394211
2935777697
2933680293
2950524149
2917039559
2900294983
2900356359
2894064919
2902456631
2919209251
2919156019
2952777491
2923247107
2923373058
2923377202
2923246114
2922120994
2951480354
2947286130
2913735927
3182187767
3182219447
3047469189
2511123589
2502729093
2502924725
2502883749
2486073573
2487101671
2503878983
2508073223
2514365703
2510239511
2543661847
2545775383
2545742647
2545714982
3085733158
3203172711
3194853991
2927540757
2923346437
2923281924
2856097284
2871890548
2838410852
2838423525
2821508583
2825669878
2833865906
2833931442
2833939634
2833935767
2834984391
2835049927
2834852311
2851727829
2851862741
2885410036
2883575252
2875194836
2875195348
2858413780
2858417909
2858285669
2858212135
2866600759
2868698903
2860315422
2860343838
2873057822
3896386078
3896451630
3896246831
3966501231
3974892670
3974891642
3970783482
3970889930
3970885834
4021202378
4008680906
3995960778
3995963898
3996119466
3996115370
4000146346
2926408618
2926392234
2926524331
2934781355
2934711723
4005307583
4005311645
4005377181
4005504141
4007075981
3994951869
3994943919
3892187631
1723733999
1740513063
2008811783
1975257357
1425811727
1413363983
1417551111
1434343239
1174290887
1297891799
1297928679
1155313763
1419543587
3568733459
3702951682
3701911042
3706695218
3745291874
2652675830
2652683990
3189370582
3189450486
4147855015
4114288295
4100464293
4041739692
1890068668
1890069636
1437148292
1407853700
1382736000
1395372240
1395242016
1395432736
1399623424
1408010753
1135520258
3287165442
3287164418
3312329234
3320455458
3299344614
3300393126
3566747790
3314082956
3347885192
1196273496
3340221240
3610684216
3710036744
3710037772
3560089357
3581051663
3612528942
3612569898
2537947434
2546402618
2546927930
2514164010
2497444142
2497288558
3032059726
3032070093
3182994380
2780336860
2808906340
2922152548
2922222180
2922312384
2922259141
2921734822
2938382246
2917928366
2896956586
2896966842
2896958650
3971577051
2897800393
2895702024
3168331784
3172592392
3172657692
3038439996
3071987260
3074048637
3086549758
2996306782
4070048118
3600285734
3734715430
3733526562
3729270786
3657967619
1510615041
1510620609
1493833345
1490683521
1488586369
1287145088
1287184000
1287167908
1285068708
1553507236
1553507228
1436201948
1975165417
1971233065
1898941481
4046293289
3777792267
3812198667
3812337931
3812526346
3812003610
3810443818
2736669226
2739798570
3016635114
3012506622
3012310207
3012310191
3012312239
2978810029
2978953405
3519490445
3519381391
3510687375
3540095679
3526603494
3525358086
3542397446
3546588934
3521625894
2489760039
2489768242
2489764098
2499201282
2495010819
2494977137
2513830129
2530541777
3335852225
3338018901
3346411557
3291744295
3291744546
1143880466
1143351810
1155934722
77930179
128189060
115360388
107200916
1176682916
1177719268
1309712740
1309716271
1598073406
3712002574
3745753630
3737299470
3733105166
3734418378
3751789530
3753492906
3723149741
2356855220
2621087908
2620959968
2486741088
3021515104
4095650112
4099845696
4150173376
4135487168
4135487168
4131357520
4131176801
4147929378
4047249698
3761053990
3765310246
3773698390
4042200542
4126088654
4127148495
4160682191
4160612559
4143754703
4143752526
3866920266
3865936762
3865682794
3865830378
3882607594
3849315178
3833557359
3829158189
3963384108
3963364388
3967629348
3976165412
1823963237
1874753733
1862145159
2117992582
2117402758
2116497830
2128814758
2142249710
2108695278
2089823947
2090085067
1553230537
3587701704
3621174728
3613298120
3615327688
3615340376
4118648360
4117075496
4151621164
4134839853
4134838894
4134904174
4130783470
4130783462
3057074406
3057565894
3879661766
3858653670
3837223414
3836027222
4239745398
4239749414
4109648174
4101244223
4097063231
4096813367
4095966071
4100119269
4104313796
4121053060
4158657156
4129297028
4130476788
4133618276
4138091045
4137973539
4138525990
4155305270
4159220742
4146760710
4265315334
3996691470
3996690447
3996760415
3994734573
3994945261
4011721453
3978167039
3898553311
3902547951
3902539758
4170987486
4170982238
2040013630
1540903198
1599652126
1595588878
1562046735
1562043661
1545317708
1549318652
1549441980
1952091021
1968869261
1432127135
2000454335
4147937983
4147942255
4117607727
4117605421
3026496557
3052186669
2783882548
2952705797
3195978245
3193881285
3193786807
3193704615
3206295718
3208385702
3212645550
3086890478
3216916222
4290207454
4290009806
4287949390
4292143438
4283808831
4279407669
4279682357
4262905620
4128691716
4130797060
4131149588
4133256484
4150029796
3034213813
3168456069
3034238869
3034304404
3029913012
3029915108
3034089445
3034236773
3036345973
3036341974
3035293270
3026773862
3026776422
3023831150
3040613438
3038653454
3038652431
3044944181
2512272164
2442922548
2476485124
2208042756
2273968388
2273972660
2409246900
2409242785
2411274401
3451396515
3455848866
3426501030
3426533806
1277990254
1278130190
1143908366
1143777550
1144826127
1417652494
1434369806
1476302606
1186891726
1184599974
1188614054
1180497318
3323883922
3323883650
3340693650
3294490850
3437228386
3435065091
3435048449
3433999872
3320745472
3341338192
3592996320
1445524640
1449815200
1458191488
1174015104
1148915088
1076704624
1076699441
1076633889
1348755747
1352983843
1353100563
1386654979
1386646977
1387105665
3530393009
3527259553
3525113763
3524061091
3528257254
3536191206
4069981910
4069977798
4076136406
4076134894
4084306415
4046618815
4027744719
4027745615
4029845261
4033973821
4033920813
4033144620
4028949820
4096251149
4096148749
4097195277
4101389661
4241952117
4254336101
4254347301
4254343223
3717472279
3718062103
3718062358
3716817686
3705287478
3696952103
1276712765
1276656924
1276734732
1545235724
1545273100
1566297868
1610190813
1593675679
1592561054
1592561054
1584170398
3731784126
3731796926
3731796918
2666443750
2550117222
2549916642
3051135715
3051332304
3051008640
4126836352
4160474768
4152101796
4130081189
4129569191
4146542694
4146149438
4112520222
4125106190
4104265742
4104265998
3584193358
3585193933
3583026836
3566507700
3561259684
3557130980
3558769244
4097745420
4097745420
4096779800
4096780329
1965942827
1982617835
1982729355
1982203019
1915093130
1919288250
1940071082
1939874538
1939875818
1939877338
1403283914
1403301066
1453696218
1453822025
1407614984
1466859800
3576599336
3610157608
3610093096
4281118524
4282168605
4282221871
4280206639
4250812718
4234024254
4242419142
2096834951
1951938983
1968703653
1968712869
1968853397
1977271173
1979351684
1978434260
1970053684
4096044596
4096043572
4096100880
4096182832
4096154400
3051762977
3085304611
3064332578
3198566710
3198665078
3199566038
3216288958
3184830622
3155470735
3154426767
3020348041
3020347033
3026088617
3030188729
3032220349
3032314797
3036440045
2917984365
2951522349
2934867999
2930149390
2795936782
2800136206
2787483662
2787434558
2905071998
2889237470
3963506663
3976121063
3970746983
3988581175
4022134789
3866945541
1715430405
1732141057
1681276929
1681260897
3827709921
3840216737
3836496544
3836533472
3836525168
3870277120
3870205440
3996115712
4264325152
3190568033
3190566114
3190557922
3186493602
3165526930
3702135490
3702135362
3702143554
2628463298
2376657347
2393418977
2385028320
2385150144
2385150080
2385150400
2406138816
2226052832
2494429920
2494884516
2494851748
2490657444
2668916380
2668914140
2668983420
2673267756
2681656333
2679555087
2679422246
2683088678
2674429734
3173551990
3173683158
3157958614
3158224326
3158224326
3160190423
3160190309
2908749173
2941705540
2941705236
2924989476
2924858404
2933244965
2933839157
2952713015
2885515063
2885451302
2843245350
2839026470
2839025974
2822449430
2822383878
2826583302
2830840406
2830705407
2830709501
2830636749
3103264397
3090681533
2604404143
3661436143
4201582831
4211012815
4208913613
4207913036
2051909708
2047322204
2047252676
2064039364
4162752455
3625864902
3627945718
3628011238
4164693734
4168888166
4173079846
4173013006
4170858511
3113795644
3147346988
3134761276
3124267804
3124337164
3124341324
4181371596
3912957644
3980025495
3980017318
4016639142
4024962214
4008183974
4024961206
3992598662
2094670982
2090476420
2090803908
479986204
1557459464
1549050376
1548789256
1548790280
1557183019
1556187438
1557305390
3746732078
3730213070
3732833678
3732570510
4265255342
4265255342
4263157935
3206455485
3219042541
3183313197
2914816293
2919032613
2776426109
2770134653
3843970799
3829270511
3833464318
3833529438
3841791006
4100469790
4100469790
4108854302
4108922686
4105861678
4105947679
4103642831
4120426119
3604710021
3738878597
3736785541
3736760741
3736626341
3738987693
4283984045
4246337743
3961170127
3961170191
3965365519
3992618767
3925386767
3946358287
3928532511
3929580093
2855907885
2855973421
2872759852
2871904044
2909062652
2909068796
2909134268
2850414012
2850258365
2850290877
2850290877
2851339517
2851305981
2851301725
2842913117
2842913116
2842914140
2842918876
2884849628
2882620925
2882622911
2882549182
2848996798
2849062398
2882612702
2874224094
2874355103
2874359199
2882747549
2878545053
3952284831
3985846414
4254277774
4236320974
4240515146
3695391002
3696455962
3692133658
3715164442
3715234074
3757226314
3757488587
3757411721
3740565897
3740762520
3740771257
3749159929
2675417647
2671108655
2636440111
2640701223
2623960838
2490782983
2490778631
2513915095
2513784279
2546302359
2547344823
2530699191
2530694046
3621241231
3614949839
3581395423
3581399389
3560305981
3560236348
3577013308
3581240349
4118144285
4126496059
3587528507
3587666554
3587535450
3586462554
3620012922
3604156794
3620868442
3612546330
3578856730
3293910298
3302438778
3302303578
3302241114
3302232906
3298099658
3321299418
3321172154
3279229114
3262447771
3270971801
1123361176
1139025304
1105466808
1076119464
1076118441
1076163545
1076159305
1080419083
1105715995
1139204921
1139209529
1139201369
1139262809
1097123289
1076155897
1076147707
1143322619
1147582459
1155966747
1156036382
1340454686
1323807038
1315418174
3462828094
3458699326
3391615038
3391447086
3395559470
3398705198
3364303146
3363967801
3364291448
3368289880
3359903448
3360951000
1276598920
1279171208
1212058248
1311742600
1592302216
1588364952
1592624024
1583845816
3727143416
3726881272
3726831980
3694276973
3694272877
3700630311
1418793767
1417687343
1417687359
1149505823
1153697081
1074530681
1075710280
1142827976
1159621576
1159524232
1194644872
1190445449
1185186203
1202488250
1203671978
1170122666
1174185898
1142726574
3290203582
3290206606
3294470543
1154851327
1171775791
1165127983
1165099838
1164052286
3445827898
3454216506
1298544954
1299650874
1333594458
1324879242
1186468234
1186513801
1320780696
1320977320
1182573480
1195148204
1161270268
1161274140
1428661020
354919196
367522072
300307736
325453080
388893977
355338505
473828107
408759050
417073994
417074122
419171274
409225114
526696890
1592185338
1587998938
1587454426
1318884206
3465323118
3465340526
3444320814
3305708334
3310032942
3314161710
1166674030
1099630796
1099648132
1103869076
1159307652
1159508352
1192526208
1191216304
1191226609
117606402
117614594
101115906
264694018
1335797507
1604227648
1606058960
1576567792
1547211680
3695093440
3694042689
3694561794
3709127202
3709086502
3742640422
2682006822
2644383022
2644116782
2361000830
2360882046
2360878078
2360877550
2360881390
2359821534
2364034255
2355677263
2355665245
2372517209
2406199113
2389354313
2389353289
2414522829
2406192605
2238223789
2221508013
2217452973
2217402781
2221597597
2221601421
2229990084
2230044356
2154317668
2154329444
2154390628
2150261845
2221569093
2238346567
2246729543
2246729223
2280218134
2271770166
2271769134
2255041342
2255171854
2263560478
2280223039
2246602797
2229851244
2229849580
2221460956
2217449860
2217385861
2217385861
2267715271
2250937031
2255139543
2263593973
2263589876
2397676532
2389288940
2385025004
2653525996
2670450684
2636838908
2624317420
2624153069
2624419325
2624345597
2625394173
2625466879
2642370911
2675335502
3738591582
3740685694
3606500734
3602371711
3623679069
3590124637
3581727068
3560816988
3560948540
3565082172
3565082164
3565123125
3695011607
3711787862
3711923030
3749659478
2667528694
2663208430
2663208447
2663144957
2667347453
2658956797
2402906588
2407166412
2382066124
2381926908
2247636461
2246583789
2246780399
2280273374
2281649614
2264740318
2264675678
2264667450
2281512750
2280480558
2246860078
2230080798
2229817614
2229846814
2229846910
2246824959
2271929343
2271998877
2255083413
2255078837
2271991229
2271933885
2238440893
2221532671
2221465567
2238287711
2372640607
2406133023
2389419295
2657854751
2657718557
2657861913
2657861944
2674651432
2640962921
2624191849
2620095849
2624290169
2624148827
2633584987
3707466073
3707314461
3698925884
3698864444
3426300196
3426431012
1278947388
1295720476
1333670156
1199441225
1191055305
1186859931
1186941866
1186790314
1186769322
1190962618
1190957467
1182564507
1178501561
1178505705
1177989485
1194631469
3346309415
3346380086
3346445590
3581326598
3580294918
3588671046
3571893959
3568160503
2498547431
2514808557
2506419839
2536891983
2536863246
2536855326
2541033278
2515875118
2515875118
2243247166
2243370078
2247560270
2247564494
2247562718
2243245470
2173710782
2159031222
2159023031
2163217333
2162430868
3236265876
3228007312
3228392368
3224177120
3224308080
3224272128
3224281344
3224281344
3224084753
3245056307
3270152450
3265955651
3265957571
3266023025
3261632032
3257441824
3525881376
3525946916
3005853229
2972233261
4047040041
4112047641
4149792281
4131966521
4132036409
4132175661
4132169023
4266488119
4266512503
4266643686
4283363570
4234044546
4234026115
3697151107
3698788530
2633305506
2628785570
2626693026
2626757526
2626692054
2626691446
2628809774
2633005103
2632218687
2623928335
2640701711
2674326303
2674300431
2666963727
2683736415
2647884269
2629861804
2621474724
2617294468
2617502404
2617436869
2617440615
2668821543
2681396263
2664678417
2681455617
2681459712
2681451824
2681382432
2681382416
2681390657
2681325267
2672842467
2534422435
2517646754
2534751398
2541100182
2549484758
2511735894
2243368214
2243178774
2243191062
2243223830
2226954551
2226949429
2231143732
2231143284
2218560212
2369751748
2384379588
2652825220
2652792452
2656970660
2656909220
2665225700
2650541428
2650742020
2365483268
2365417788
2382163244
2247941156
2515502101
2516484357
2516549909
2507970341
2506921575
2506919654
2540539574
2536476598
3073236918
2536364982
2670091670
2640739718
3177606534
3177538998
3178508774
3211071830
3211157766
3186384902
2649547814
2645384231
2649643013
2642307077
2638178565
2638173476
2635993892
2648589149
2644394957
2644427737
2644368873
2648504809
2640099817
2635905465
2669656457
2671685067
4265468363
4282171726
4286562686
4286501230
4252918118
4252984678
4252854738
4284443074
4283919747
4283856258
4250292610
4233494978
4241572850
4241515110
4237354534
4237354535
4258332183
4258332165
4124163844
4258529088
4250389956
4250256564
4279588004
4262952101
4264967351
4264959126
4269153686
4267843478
4292950006
2107647718
2107649646
2090870398
2091920911
1022443021
1030823724
1030753324
1026563132
1009794060
1026567180
1029842964
761411860
761272580
635701509
627964279
627964279
627964279
627964279
627964279
627964279
627964279
627964279
627964279
627964279
627964279
627964279
627964279
627964279
627964279
627964279
627964279
627964279
627964279
627964279
627964279
627947895
627947895
627948020
627949044
627949044
1701690804
1701691060
1701428916
3848912564
3848910516
3878270645
2770973365
3039490727
3022664359
3023709606
3027768470
3036232854
3032365206
3032361102
3049138318
3086904718
4135517582
4135554254
4134044894
4134057086
3878200383
3845694781
3845956924
3846103836
3846107924
3846062900
3833463140
3831431649
3831305697
3839639011
4108140514
4103938002
4154132290
4137354498
4137361666
4143538178
4135084086
4130889766
4263075942
4279989726
4250488270
4241058762
3716737370
3722045754
3738958122
3738946618
4278158346
4273831947
4273766408
2130493480
2122108968
1579139112
1511936060
1528701020
2031755464
2014994904
2015067048
2027543208
2022292137
2022550153
2039327369
2077015753
2119995851
1851555931
1847038059
3994460270
4279689326
4246098022
4229367270
4229238262
4233969655
4242483879
4238229218
4238282482
3164341954
3166451394
2646369858
2650597234
2650668338
2650782994
3187129619
4258632977
4233400628
4229218596
4095492404
4112388444
4145946968
1998466552
1712273896
1716337064
1724742584
1720703897
1737990027
1737790410
1741980106
1733591114
1662292010
1662296938
1662379758
1662418670
1729498790
1729498806
1695946406
1693717926
1957953766
1958019191
1958096903
2092196867
2091969537
1555082513
1576315953
1597420545
1578545153
1578536963
1579058243
1578012131
1607240419
1603074787
1586490085
3739152325
3730731329
3726524481
3728605187
3745398835
1547661603
2097016611
2090723875
2090854919
2090768903
2097122053
2105313285
1849459733
1849479189
1847443509
3993841957
3993772388
4216072036
4233043940
4232843260
3167487956
3163043828
3096127461
2559207413
2559078359
2559115222
2291723126
2287717334
2283458502
2283409287
2300190599
2333810071
3662355903
3666820527
3666617774
3666109886
3661931726
3657800782
3658783774
3658529806
3675301902
4178750478
4178750734
4177704462
4165129790
4173612590
4169408046
4169539110
4173733479
4165930983
4162324469
4161536404
4161548676
2018467972
2093469824
2093260928
2084875392
2013571264
2084944213
2110176023
2122758918
1990115078
1994294535
4135158039
4064055783
4062040509
1662894525
1662797245
1661737389
1666001325
1926048175
1926049695
1927219087
1927156622
1929257422
1408181534
1407984958
1374481686
1357688070
1353618694
1353617671
1353613572
1357676852
1349824804
1899274540
1932845356
1930818860
1930777916
1933925743
1942445422
1908833662
1973312846
1973312846
1979645390
4127194590
4160599518
4160271839
2012778959
4152071133
4118459261
4114260773
4095320869
4095275301
4095275301
4095267109
4116304167
4116410679
4124800311
4124802934
4292574198
4292574198
4292566515
4158346707
3621475779
3621409219
3613020615
3615184375
3615061415
3615057847
3623511943
3623769991
3623830423
3556528615
3579605479
3562824175
3562829311
3563027839
3562895679
2489080607
3579584287
3590215439
3623514895
3623506703
3619361565
3753452349
3753387837
3719834476
3715635692
3711699436
3644591517
3644207565
1530024395
1597161819
1574170922
1574019374
1572909358
1572906286
1489022266
1505999131
3712137993
3713186633
3713437513
3749089273
3743397801
3747390393
3746865561
2546246075
3083305387
3083264429
3049710013
3041379741
3042440637
3042965437
3042834413
3078486013
3078617085
3078617053
3078615645
3011342941
3011080797
3011081853
2977527677
2985836013
3052936431
3053001983
3053130974
4160435674
4151915994
4151850490
4152104314
4286135610
4286131482
4294536474
2147347738
2147327258
1878629659
1859697945
1851305240
1851370520
773438492
773438524
772584508
772650044
772715564
772723757
638503981
642172973
633850231
633854295
567790407
542624583
559274583
555047543
555055975
591690087
600074599
600140151
600275287
600267207
667409351
667287447
633733047
616920503
616922518
608665502
608665502
617028511
616766399
612465583
613444015
630483437
668264733
653649933
645257229
639948813
639958045
640089149
644275253
644236565
778518807
786780439
786790199
803696438
803699510
770136343
761780503
761649503
761658719
762705247
762836831
628487005
626389629
609612413
609580669
608511613
608513919
541339135
541399535
541526527
549915583
545733375
545340159
545283679
545322527
595633695
583049759
570466847
570483007
570486831
570934383
591842543
600754349
583977357
584046991
575658383
575135135
575012031
575012031
575141055
575075519
591850751
591850559
660077599
643094557
640997405
641071165
645331261
644275485
652660501
652724023
669382423
770176279
761789703
745004055
740805687
606984295
627956079
627956223
629004799
662690783
662691807
594403039
570291839
570291839
551380607
551380575
541929439
541931999
542071295
541411839
541415919
549804799
545644159
545758847
562411071
595895835
574924299
570746635
570752043
570936427
570869998
1649297646
1673939102
1640389774
1640390030
1640463758
1673821598
1673799102
1740645822
1703044527
1703044525
1703048636
1687248316
1693514140
1685126044
1680997084
1697897181
1697896981
644087301
643886869
643884069
643884069
643919909
639782933
790778885
757224517
744637783
610748023
619136631
620056151
1693802071
1693773405
1685383797
1693772517
1691680484
1691668460
3884238300
3871638732
3864368205
3866465373
3878009901
3877812525
3848731439
3882278463
3890730510
3866161950
1718641470
1729192254
1863397678
1829831982
1817382702
1817381678
1842547550
1874926030
784345486
784362638
780231823
780390557
780390557
784851100
776397016
759619800
743890168
743627112
611568488
634505848
634506760
668063241
668071433
802284318
802283822
762404910
762535982
874672150
874644502
879101398
879691158
887820183
888737429
886643349
836320916
831336084
563947157
631071421
630481647
565502575
568648239
1617228591
1629795646
1629785150
1629867062
1629998118
1634131254
1643575094
1672934934
1670898230
1670734358
1632986631
1628929607
1627869173
1627605413
1631668389
1673549997
583031940
918607045
918680773
927065172
901865504
885219360
876765217
1010982961
1027764483
1028805891
1028803843
1062292738
1044401442
1044407590
1044407591
1044570383
1044571151
1061341199
1061210414
1027901742
1061464942
1069985758
1053205454
2127004110
2122613246
1434763502
3565445223
3569493287
3561106209
3691129379
2353203747
2362576419
3297911297
3297911361
3300328001
3300131537
1152649185
1077155296
1077157216
1077313280
2553344
2549248
69641729
86353473
124040513
124617939
124616883
120557747
103780531
103256242
36156594
304528818
308525490
375630259
375516659
376497235
372269169
909205541
909336869
930504997
928466197
903106341
835995941
868539173
919074623
919003407
1053220879
1044739087
1040469055
1057229871
956770607
944123439
948314639
948306447
411042311
415236647
138421030
138486306
1220685363
1216491091
1216421459
1216372435
1216607939
1216542403
1233556417
1300595153
1167361249
1079280865
1075108961
1077408865
3601683
70710019
86434625
119989057
119927233
120373377
120439953
120575153
124703651
132567731
128447155
111538839
111473367
383837023
509666591
505472063
438562091
442756395
442887995
434429723
426034523
426033531
426070139
421933083
421933065
421925145
410456889
416752169
411381289
143011369
143030795
160729611
162826763
469536123
997494011
976655579
975343771
707956895
705925823
705077935
705077927
705077991
705094263
772146035
638844963
641466403
611057703
552468503
615395343
616444223
614282031
613187135
747428111
747407375
742950927
789223439
772454479
705338575
705335503
705343631
710582719
710648751
718906279
717809063
709422503
709422567
710586343
710592375
727631447
692011527
692011783
674054455
678252583
687633447
687696935
679422279
685648707
685705969
683478755
966722259
954151875
947332034
943141570
406193890
410324706
951392866
948972130
411052610
461384258
444624385
444651008
440463920
436252960
436252708
973189156
973447268
977576052
977596661
1023734013
1007022573
872937453
877656685
877615725
810437197
810535501
810404557
844008911
851870927
851873935
851939487
851808447
851751343
843379119
843379887
843394223
843457775
927342831
877011327
878059855
887034639
350032719
349986431
348965487
348428910
348433262
533114190
516336718
508003335
503611414
503677990
520528934
2130878754
2135073042
2143453954
1585480562
1585480418
3749765858
3699466978
3703778914
3691194914
2617510434
2354383651
2360741139
3300799489
3300799552
3300725952
3300132048
3303277984
3290695328
3290896096
3290855104
1147561665
1147527873
1164239569
1164227059
1332057331
1332065459
1327998130
1327740050
1310953618
102989970
103252434
241676786
241673586
509994262
505701687
506819879
506946855
523707693
490676493
494749453
494683919
526140799
525129007
516220207
516351295
516350991
449299471
440681503
436489261
973564973
994452781
457319181
432226831
415253119
415285862
415294182
146859750
1220603638
1220602706
1220901138
1216756994
1216754690
1216745538
1283850690
3432382930
3434416035
3299100323
3294940833
3290746545
1143338627
1143468675
1159979969
1159897537
1206034896
1206104176
1340191968
1331803360
1310831856
1310954608
102925648
103006545
102847237
237052693
237052724
220668708
209135396
418852644
418869116
414547788
196398925
179094863
183288030
174870654
170668086
187502646
137232694
138293798
148842023
144647719
144584199
144690695
163352135
195856342
178554038
182747318
174362790
170242230
171357590
168191414
1241984422
1241869798
1246227814
3393623318
3683549446
3684598022
4221412150
4221346342
4204569125
4204569380
4200366372
4181492004
3895246884
3895087204
1748647276
1748646380
1748642284
687487452
700135823
716908679
716926087
714728583
718910919
710649703
719036709
719036453
709857301
705527813
721784837
721940517
721876261
725995365
717540197
717544421
717515733
709324613
709780807
709805439
709739887
734840303
701361663
685729231
677345231
677331671
677315319
677184230
671884022
671883990
944580214
953105958
948898342
413010438
413010438
146745862
146546242
146542146
145508050
1236059634
1269420531
1252749811
3401278451
3401262066
3401261810
2327385698
2326288226
2326325090
2326324578
2326303074
2397602275
2397602289
2389541296
2255258000
2263127440
2254749104
2254739872
3340867744
3609376929
3610421425
3593907347
1446421699
1982260291
1982324803
908353585
908333345
929960481
904794657
883884593
883687697
887369985
874787841
874985557
874920917
1021721237
480643733
530778759
513820295
518046343
506516150
504427366
386949934
340796207
349578031
349578509
345402636
345340172
345831448
327981080
311330824
315525384
315067721
306546010
302289258
302297450
302289002
839749742
844075118
584029414
583768310
575314118
592099527
592099527
655271111
655270343
772665687
772616559
772546863
772546863
760029487
1017065855
1019086687
1018039885
481169101
481238735
481115855
212104847
212137631
212121279
132954015
384152991
509973663
509975743
505920703
505918655
505918655
2053611694
2062000366
2078777646
1776787754
1759879722
3907297834
3899957803
3900482079
3898384909
3893142041
2819404329
2819462697
2819530281
2840562537
2848770393
2840394185
2823613913
2848912617
2848374969
2844180633
2849325208
2836690104
2870425004
2872444332
2838647804
3908244308
3902083847
3902022470
3902023366
1750347414
1746217894
2016807846
2016807298
2079722626
2058814595
514261121
513999297
513814849
228598547
211821347
216015139
207843635
204690707
204688658
204656390
204644103
225615687
241338823
249662855
249662869
249662613
249794741
241283519
505450878
505447214
371302958
371368494
388407854
896853551
896855851
886335801
885291320
835672344
844024152
575588680
844023112
843957017
843879193
852276025
852271915
843882795
839684459
839683435
839883247
844019951
852408575
852408525
906931405
906932429
1041207517
772772077
793686247
769565927
769633462
1759493254
1753126022
1747944838
1814529974
1814402726
1814421158
1814355694
1814068974
1835020014
1851797486
1851794862
1860253119
1860240575
1789068477
1789072605
1805857997
1755456719
1755458831
1755479567
1755798047
1756748318
1756686878
1754573374
3906252335
3896829759
3892637981
3909415229
3909611885
3922105709
3917909359
3917860191
3955554639
3942967567
3943168047
3943091246
3922084910
3922083854
3905363982
3892781390
3892802414
3897017070
3901211371
1753532057
1753509768
1749297548
1745103772
1745227692
1745227436
671486620
675418764
948044437
1016202133
481363351
480255426
211824066
211821762
216261954
73593090
90357762
73580546
82034994
81917219
216130849
212068145
228767488
161648384
195530496
178638608
175394081
171199777
171267361
169268561
169275715
436576595
440705379
449093987
449093731
457486435
419733603
