3840560410
3970567946
4025032010
4285017290
4286065898
4252581099
4236117403
4244506507
4240377545
4106162904
4106032888
4122769016
4137444936
3604768092
3592164444
3608682749
3557437685
3561640357
3561670372
3570323172
3570174676
4107049668
4156853824
4141254400
4137062656
4141260851
4266958882
4262780966
4281626662
4248174638
4097183038
4096658254
4243458766
4240247518
4240199630
4257017806
3183257546
3221075787
3204364107
3204359689
3195975196
3212678716
3208155692
3174609516
2889392876
2893578733
2893598957
2892550383
2909369583
2944033926
2923048326
2923048326
2789088694
2793147822
3874227630
3870234046
3886970783
3888043919
3854357965
3858539853
3833373724
3833508892
4096717852
4096742428
3022853144
3157072924
3157138733
3169717806
3182038638
3114993374
4189647518
4223181710
4204307854
4208499854
4196048077
4198153420
3929642076
3929583708
3946553420
3912951100
3963289135
3976121903
3854387757
3887353444
3874776772
2788435588
2786404228
2786484132
2790739876
2811577765
2744533445
3801530631
3870670862
3883200574
4114408510
4097599807
3828250927
3832437037
4243475453
3169799053
3169279373
3186979277
3044819143
3042721958
3084710310
3080708774
3214866150
2929692311
2929233559
2935529431
2922954039
2938733879
2905325855
2754536207
2754241038
2754220570
2888501034
2892500270
2913470830
2913474814
2913691854
2914675918
3187365070
3050947806
4103786687
4120830140
4120834188
4150071436
4145283228
4113826221
4113712045
4113759919
3857898222
3885025998
3868256846
4006652430
1859368463
1859293709
1850917388
1831993880
1814102552
1814176040
1814243560
1818233004
1821378733
1820334271
1820421519
2088952719
2105705103
2139259533
2127606317
2127602476
2121311020
4264796444
4263687437
3995262237
4013083951
3983887663
3981724970
4250224490
4250862554
4250735498
4286322570
4252764058
4261217710
4256568750
4239795694
4239876446
4239778063
4239434765
3706760476
3696274748
3696339772
3708926516
4279498324
4279653061
4246094805
4252451311
4260655598
4241777774
4258556974
4124370974
4148553807
4132809039
4128693711
4129277903
4131144653
4131341293
4135470061
4160649196
4143660716
4076416700
4074253964
4091031436
4091037613
4119581101
4104052903
4104052918
4127170806
3044319270
3073679398
3073418294
3073440774
3073562886
3044464902
3036084775
3031891501
3166651949
3166454365
2633515725
2633556620
2507962028
2507949997
3179023549
3174833311
3207404731
3207535771
4251858059
3714983370
3715508170
3698795482
1415652202
1423978794
1423967514
1423967562
1441803594
401632730
382758106
382923915
374771849
1448509640
1461616728
1367257112
1367184440
1375517736
1409068073
1400679481
1461677275
1444819386
1465778858
1465778858
1440613098
1423770346
1423192782
349447950
341120286
351739150
83252494
83222799
82878735
72397071
68457759
68467751
68663335
68599095
22451463
324501765
1381794053
1380811204
1381925508
1381930628
1451146900
1462680244
1463802517
1999420077
1982132143
4133807343
4143235135
4143374383
4143439935
4143439935
4135018783
4114030942
4097183710
4101902271
4110289839
4106160559
4105964973
4122755469
3623641293
3615453389
3615387711
3615432750
3615297854
3581751610
3581883706
3565109050
3573514042
3568818714
3719666187
3719596553
3753152088
3749486584
3728507833
3728507289
3594490249
4131312031
4148064687
4114489767
4261355941
4240258037
4256510708
4256445156
4260639340
4258276220
4115669277
3587376155
1976763434
2110860330
1573989434
1565549578
1565549642
1564566602
1560507594
1409537227
1409535451
1430506987
1473428459
1452452699
1454738699
1454670859
1593675803
1311694875
1311662111
1311645726
1312690222
1316881198
1306460782
1222386414
1218257622
1218392710
3365881479
3431845521
3431787168
3435981472
3423399648
3423401716
3478028868
3336471108
3332276741
3334309687
3604785510
3592202470
3591944430
2518325390
3055193230
3055191439
3055452620
3055387644
3206525548
3172983340
3158123052
3162255908
3162317364
3161924116
3160875552
3168809249
3164602403
3098543138
2559715394
2559715394
2562861122
2281859138
2299939010
2317241794
2319107010
2331673282
2595979986
2662896354
3197674470
3197674982
3063455205
3067846652
4080764620
4080781004
4046063244
4029552524
4030608844
4030610543
3854305326
3851683886
3851687950
4120652046
4119400206
3716875806
3716830015
3683308348
2610467820
2614671340
2591598524
2591593372
2591597188
2591597236
2591797996
2587546348
2585427821
2585426221
2652522533
3732883493
3732556853
3732553735
1449804038
1416311046
1416561414
1412305702
1546531630
1546592110
1550834670
2091883502
2108660686
1722588110
1722321358
1726518747
1718137321
1713942891
3861553515
3879379433
3845841385
3845808617
3845915053
3778809263
3774613935
3769436591
3836631502
3836640207
3836641231
3857671887
3849134799
3878494877
4146406311
4150604711
4158985187
4121233379
4256630114
4256462098
3182716178
2650072338
2641814786
2671172866
3744875842
3728623042
3741271522
3606930851
3602740641
3623679409
3623675313
3581799859
3581918595
4118781379
4118658545
4152143073
3078401125
3061689397
2789063733
2789055525
2810172711
2776617254
2775995174
2776044326
3044475502
3027568614
2767458278
2784250359
2780154325
2811754836
2811735300
2815798276
2775950340
2754847748
2889014532
2887929396
2887912996
2888175140
2825192997
2846099046
3148088934
3131842022
3131587830
2594715766
2326272054
2326272054
2347318278
2347379718
2313806926
2305335758
2347283341
2347274652
2330563996
2330566044
2322176444
2317982652
2586418076
2586548892
2603523756
3107361772
3111297324
3186794540
3178295340
3174060329
4163904280
3627167240
3627166232
3625327149
1549011757
2094795109
2111633479
2125765639
2125955079
1722187783
1717993477
1713803264
1713811536
3844509920
3827815072
3827766944
2753896096
2892241569
2900630182
2896435878
3164879862
3181656278
3080729798
2528256198
2545098950
2276515974
2280699015
2238749828
2232453248
2217838784
2486418928
3576882544
3575833424
3575833536
3614892992
3612767169
1431585219
1430536658
1413957606
1415475174
3571411942
3707071487
3704945055
1599404429
1582607757
2119479757
2119209165
2121302239
2121371759
2121392238
4130595950
4147307878
4112701238
4100112902
4100112902
4108550678
4108422710
4104174135
4108364085
4116752436
3190876196
3190873124
3190964244
3191209989
3191210757
3195404918
3148223206
3215197926
3215204070
3198450087
3199494325
2666817668
2652301444
2652302732
3743346060
3575578509
3558768535
3562989206
3581925110
4127052534
4160549734
4126990822
4126974455
3833509077
3828255876
3829304724
3828779924
3828854492
3828461276
3828395645
3828393579
3828393771
3961579306
3961578858
3961746922
3961673706
3965849450
3974237803
3856862811
3890298447
3873451855
4007669085
4003536111
4003532031
4003531991
4021367895
3987940358
2089951238
2094162182
2094256406
2110882103
2110885943
2110891031
2102439253
2098244053
1677834709
1677892061
1694686605
1695731101
1729170941
1729181183
1735603711
1735471359
1978675438
1961894254
1955864958
1955869518
1955858190
1956595510
1956572967
2092887351
2113924359
4294831367
4269663495
4265588535
4263416685
4267672189
4133274237
4141666925
4157395565
4124041836
4115587868
4116107533
4111941913
4110767161
4110759019
4110761195
1975852539
2106007451
2139560603
2139425691
2122582459
1590693033
1515267261
1511137484
1527914956
1496458188
426926796
972153572
949020388
949022375
949006246
701541798
688962726
756260006
756190366
1832099278
1831976398
1831911262
1831976742
1832040230
4016223798
4016289342
4024677918
2950938174
2950872637
2950871852
2934357292
2934361388
2935997468
2927345933
2925248845
2921067007
2940137963
2910778795
2893995449
2902378905
2901264777
2902252937
2759716297
2759681497
2754946409
2753832299
3961791535
3961725999
3966972974
3971159342
3885170974
3868401935
3867222791
4135866911
4140614255
4127769323
4127784699
4261997259
3188452187
3192563819
3200948267
3196816399
3196687375
2680799503
2638988127
2617963493
2617959137
2622124769
3158983265
4242211697
4258808161
4283982321
4265338307
4265270726
4247423430
3978987990
3975777198
3971520942
3971530170
3971515595
4017926345
3997081816
3997098152
3929989288
3929432488
3946268073
3950317481
3958708985
3954539225
1805909513
1789384457
1857410824
1861543176
1853121800
1846895881
1846946857
1867914349
1834355949
3992323287
3992786375
3892057046
4156297846
4156494390
3048092182
2494439942
2498634246
2499745606
2499612118
2495355303
2494839205
2492737965
2492782989
2509540237
2547289997
2524428189
2524422591
2520097215
2536894974
2536792558
2637440366
2620730670
2619746598
2640718134
3718658326
3753319687
3753123591
3751032582
3482599942
3483357702
2380177926
2304484127
2302260029
2671284524
2675479336
2641932840
3724064456
3757607560
3615001224
3594046344
3594242217
1983576234
1983831210
1983266954
1982218378
1982296266
845570106
828776763
811999261
812065053
270806333
342108973
351742509
347486845
347478783
347473551
351535758
341066446
117736239
121934639
114733613
114730509
106344204
102018500
1444195836
1464311212
1971754412
1971750381
4119167325
3766785307
3855918891
3876890410
4011108142
4011112238
4011184910
3977691918
3977643310
4011199790
4025690158
4021356607
4004714589
4004850892
3998490828
3993247884
2131108780
2110145196
2089173668
1956627189
1956442831
4103398991
4099206014
4095006830
4095133790
4229322830
2081568846
2083654730
2087715274
2096440266
2092368634
2092368619
2090074731
1955862251
1439967899
1465133967
1444178829
1448569228
1447443852
1447433628
1179013564
1179075500
1113027180
1139274296
1084281384
1084539435
1084528170
1353038634
1357756458
1349359658
1429047338
1445890058
1446950922
1444586571
1443528905
1443397885
1980268717
1980285164
2001355244
1959408621
2090476271
2090411759
1559767791
3707255547
3699194826
3699124682
3709086154
3709087050
3709075722
3713286922
1486877210
3634274858
3636372013
3636310828
3636233516
3682371628
3659307116
2584524892
2584669260
3657852104
3657835720
3674604729
3630041003
2560493226
2562523818
2562458362
2562466506
2562482698
2556224058
2367476538
2401223946
2388583754
2661215435
2661218488
2530986136
2524465304
2268596632
2235239320
2235440776
2487113288
3565053496
3569213992
3585909528
4289503295
4137984046
4272193582
4268785710
4264592430
4279471166
4244830238
4228016142
4160891150
3892457242
1774335534
1753354862
4170597114
4238131850
4238132874
4242066059
4233665449
4229606317
2637868015
2675616719
2667245519
2667111375
2665243086
2656989614
2656989670
2514375143
2495497569
2495565136
2495372560
2498522417
2485972320
2485976416
2502612945
2519381955
2657787843
2666434499
2667355491
2665262113
3204228129
3195838499
3195461635
2653319426
2670068994
2669806882
2620460386
2632977890
3165658530
3163762055
3163631493
2643488436
2680225460
2655099540
2583796420
2583797444
2584784468
2656085813
2656100663
2656104486
2654015522
2654081058
2675049507
2649883667
2511746307
2511748867
2545819203
2545770225
2526871269
2531049189
2539161573
2483585988
2487915204
2489225924
2489225797
2487142005
2487082599
2487020134
2502805798
3078543446
3061708886
2524507206
2522374214
2518364230
2535067718
2484998151
2489195815
2497579877
2492209761
2491710065
2508510801
2273702593
2257035907
2257953415
2264175270
2250540966
2518977958
2670172326
2670176438
2636572871
2636577221
3156668356
3161909060
3170236212
2633299236
2642175269
2640061733
2639602999
2641831207
2681683747
2677481251
2660519779
2660550641
2660553601
2677117827
2677310083
2540996307
2503249651
2502396643
2636561267
2636573459
2636572947
3206994195
3212213521
3153472771
2608280579
2608804883
2570851363
2575041571
2566266131
2562076483
2627143363
2626954931
2643781539
2642470305
2642460065
2676002225
2639368067
2637401795
2636615250
2636615218
2637147954
2637163826
2670585906
3145725970
3128850434
2606655491
2606644225
2573147153
2573022513
2563581745
2563650065
2560504369
2576679457
2610172513
2341741409
2340713313
2308232053
2295629813
2555677557
2553580407
2552597495
2553191383
2569972167
3123621254
3127869638
4201496775
3127234775
3127202023
3141497313
3145622369
3118413409
3168535137
3164348995
3181273603
3181261571
2682065751
2673612135
2669418991
2668894703
2669087211
2673215994
2681473994
2644312010
2643243466
2643243098
2644488298
2678042730
2596048943
2591859749
2587669536
2587857968
2585710608
2652778512
2669551840
4250276273
3570807169
3566602115
3566542739
3700698019
1556359859
1547709059
1547860679
1599228487
1601293831
1584461431
1584702055
1584702454
2121707975
2121695703
4267148775
4291079653
4223969573
4191202612
4249924884
4245745941
4228993333
4164030769
4164032291
4166127458
4174516066
4170256354
3633321458
3650105794
3683852738
3671249218
3671229698
1523879186
1522837795
1522837795
3670321445
3670976773
3662330180
3663367508
3730476400
3728393568
3742908897
3709415923
2618958274
2491032018
3573154210
3569025954
3568834466
3566741155
3566743185
3565694593
3297324672
3319422528
3313124864
3308111653
3308049703
3308039462
3580669206
3589188878
3619590086
3602878406
3604319655
2522332327
2518066421
2518066373
2534909381
2500977621
2501043861
2505208471
2513847030
2513765094
2509510374
2516335982
2516065582
2640844847
2640910377
2649316648
2645062936
2678612488
2678645320
2683888584
2659055016
2654850280
2652227689
2652276845
2656487438
2681660430
2681528334
2639552830
2622882414
2621833966
2496004858
2496548602
2493274859
2497506297
2505877976
2536814796
2536934604
3742795084
4279665420
4279730973
4279755567
4279755046
4267171878
4267065382
4267590679
4213068807
3139329045
3109570917
3100389349
4174130901
3633066703
2559382223
2643268270
2643399599
2676438447
2676301231
2681538719
2673166495
2668972175
2635557262
2639720398
2639716942
2683814462
2683601450
2673660458
2656891438
2652686127
2651376941
2672487653
2639981780
2371513732
2371509636
2354793860
2370731396
2379117973
2379108853
2375536997
2243219749
2243227957
2242180375
2448283967
2469251119
2469234735
2469300254
3610159374
3609895183
4113146639
4114190879
3558441573
3557343909
3574122149
3611840417
3603432867
2525631922
2660118930
2660114822
2661163510
2667394422
2650619150
2632804622
3706579227
3706690873
3706554136
3706488648
4097614664
4112294744
4145845608
4129201256
4128169068
4144953468
4150164508
4284363781
2640191765
2623349557
2631873077
2627666487
2627142358
2509721302
2677505686
2660560806
2392128674
2413092002
2371146962
2350171395
2620839187
2621368115
3695093523
3695093011
3707666691
3707470851
3756952579
3664676929
3660548177
3660568689
2586672353
2587717857
3128697249
3145474977
3103662771
3099472535
2560037527
2559849191
2559861358
2626973231
2631167519
2647976523
2675305435
2671763449
2536490905
2536096392
3077161608
3211776904
3211757032
3194857512
3194857513
3194861594
3194858506
4264354826
4264353802
4281155786
4286464442
4185276842
3119928238
3102959535
3092309909
3100698501
3167790983
3162548191
3166741870
3175130414
3172003878
3205689382
3207778598
3177366830
3185724965
3215084084
3219327492
3203402308
3195023300
3193251268
2656514261
2673283287
2639671510
2648060406
2648049654
2643939058
2643778163
2643782357
2644291269
2682040005
2640230085
2673247937
2675345011
3174414179
3174343970
3174348066
3207971874
3208102946
3208016946
3212206098
3212190738
3212139619
3212069985
3220556257
2950093680
2950102848
2945892096
2948577028
2784867588
2758672148
2753943092
2888111716
2888241888
2888766112
2901152417
2896958114
2896958882
3165396130
3047950514
3085899922
2524866690
2520672450
2520673474
2524931395
2533155171
2533221219
2545865526
2545861398
2550121238
2549937974
2515855142
2507466534
2507472678
3040336214
3208022359
3210119541
2941754660
2924854324
2926949380
2939663364
2906039300
2888236804
2753977908
2753957408
2754022944
2892236384
2913207012
2946765475
2946765218
3198431410
3198432402
3198442674
3219414194
2653248662
2653353158
2670649798
2642338759
4261406669
4259114956
4250724860
4250896876
4284451308
4267547133
4133270991
4129141135
4129280398
4146000822
4095632038
4097712807
4101379751
4101441191
4101244597
4108597205
4108395844
4054004756
4053994516
3517192212
3584305428
3622055189
1474653463
1466364174
1466355982
1467400670
3614736814
3612639678
3611592638
4148467630
4148477935
4149719037
4149652829
4151749663
4150783007
4117093406
4117152798
4117152894
4118213990
4151763430
4160221687
3052786645
3052749525
2507559637
2503157495
2503227111
2503227110
2540991846
2545251446
2545243206
2545775686
2545740870
2550005111
2540688741
2540631861
2536337941
2506912285
2506977821
2514952733
2499221277
3572849517
3564394989
3581221293
3577022861
3608419725
3545519501
1406419133
1943195823
4057133231
4059226359
4050772343
4116751143
1952494119
1948299831
1948292629
4095790599
4095921735
4116892503
4150431087
4159949871
4159755295
4151370767
4151371023
4151436607
4126405935
4126393647
4126623023
3052758294
3044484374
2490766614
2488664886
3562406518
3570860630
3570823750
3570886215
3570794357
3587505524
3621060052
2522209364
2524400724
2520059212
2520063247
2652192030
2656382318
2681546094
2643923310
2627015674
2626950074
2626950074
2361152425
2365375400
2369557916
2369039756
2637540748
2635509196
2669129544
2669133576
3188895245
3195186701
3195186717
3195176509
3195111213
3211841389
3178295277
2891116525
2893209341
2893203085
2893268621
2758862573
2775638892
2775635236
2775637300
2758829328
2754814736
3023250193
4096799282
4096996146
4109774882
4104527970
4104916194
4121823362
4138653826
3601766530
1458477250
1450022343
1449964357
1449960301
1463591277
1967104303
2101257519
2099162159
4015958127
4020152335
4003371023
4003302413
3999039501
4262773037
4279759205
4279640933
4246086501
4183630693
4169937763
4237103971
4237234519
4254740743
4258935047
2136687943
2138817887
2004615133
2147213193
2136595081
2098780809
2082003641
2082340777
2086658541
2088563053
2088026125
4235509773
4251382077
4259766565
4294371111
4294371079
4227749127
3680306631
3646424566
3654827502
3656923630
3652726766
3669506030
3736613831
3736679367
3741012679
1593561815
1448665765
1427763109
1411049863
1344194951
1346358415
1346225407
1899811055
1932320879
1919706155
845970474
862480682
830099210
821711434
1893347914
1892221690
1887961834
1955083242
1959273834
1960339818
1951947082
1952045386
1977284938
2010836810
2128273738
1587208523
1593430363
1584943405
237511972
238562592
221981472
203045664
207232800
80283424
76419891
215889154
1222518018
1233046850
191728082
1257019874
1252833762
1252637170
3400252882
3400185170
3400052066
2344136546
2339958630
2339961647
2339957295
2339073595
2347394602
2347377194
2347238186
2347237659
2338902363
2322109531
2338954329
2339093592
2339091528
2607461704
2615850824
2599132872
2590744264
2586418936
2586351336
3123434216
3123368680
3123335848
3127509417
3127444651
3127384234
3127392426
3144231131
4163512523
4167711179
4167765707
2028536522
2028802666
2028745514
2028286250
2029269290
2027168042
2017730618
2017468442
1765863450
1765848075
1765907528
1799461320
1799601096
3955473096
3938695880
3930168008
3930431192
3926234840
3926364920
3943092968
2835759851
2819035818
2823229866
2823229610
2822966442
3904964794
3921746074
4219484298
4290783370
3737200778
3733268618
3599056010
3330741402
3263631546
1117663386
1119826057
3270049928
3261678728
3257518552
3274426841
3240810779
3240815370
3224038154
3228297994
3232366362
3232298778
3232298554
3232298538
2158556714
2175333995
2179583723
2179583913
2171193785
2171193529
2171197609
2204887225
2188109981
3261855949
3261814853
3257473045
3257474355
3257613619
3261738259
3270127363
3270127107
3282721281
3287009792
3286796912
3278408416
3278412784
3245063120
3240803264
3240802880
3240794640
3240860176
3240868368
3240802832
3341466128
3341531680
3341539872
2406074912
2406075168
2338938656
2305365873
2288718659
2297115586
3366531410
3366522978
3366457378
3366465574
3634947118
3639127082
3631786010
3625494538
3641224011
3674778187
3658002123
3658052299
3658027979
2064191866
2018115690
2022314346
2022322537
2022380840
2022234424
2019080520
1763219784
1782090056
1782156232
1781108424
1781237465
1781248762
1781232634
1781216122
1764372842
1747595626
1755980138
1755976042
1756956025
1754806600
948447560
407382344
151583048
168660424
169706952
169705944
436580600
436576489
436576363
436576363
436647019
168209531
168209483
184960075
185925707
187957321
154468729
418779753
481702633
345452216
345254536
345303689
345352858
882281146
882149018
884245178
1895084970
1945940458
1920774442
1920839978
1919511850
1919561514
1927947562
1386881387
1386873064
3534307496
3535302808
3531138248
3526992904
3543833608
3493497608
3493514761
3506101771
2428149273
2495317544
3032004136
3166221928
3166220008
3093860264
3106443240
3140060776
3140084234
3141214730
3141149194
2587566378
2656632874
2665022506
2593786090
3399100570
3399100554
3399100553
1324956044
1316689804
1315570572
1311425412
1311420868
1328193909
1294639415
3425351939
3429534467
3437988371
2359921203
2359933491
2359864849
2359861809
2565378593
2573775397
2569577057
2603123296
2586429280
2590754144
2590654832
2590642243
2590711874
2586325090
2586316898
2586443878
2607419510
2582253646
2561301578
2561341643
2561190344
2565384904
3626547928
3676872392
3660108488
3660067400
3660067435
4196938026
4192870442
4171898922
4171895850
4171765770
3634915403
3639126090
3379075658
3408431690
3408432714
3408446026
3412656730
3421180538
3383374698
3383373931
3651805288
3651674216
3387435096
1231558728
1227446344
422553928
423537480
990291784
973447624
704684264
708878571
708944107
704753897
704753896
704754920
688044200
671283624
671283864
679889608
679808712
697565769
716440122
720638762
708059178
724836410
674632746
1752594794
1754721002
1754770122
1754565258
4170485386
4204040858
4207194778
3661996794
3657818858
3658359402
2588811626
2596938858
2593786922
2595816490
2594897930
2599030794
2339004427
2288677131
2288705035
2297121306
2288523834
2288597562
2288729626
2296985146
2297967403
3367510121
3365418088
3382189144
3386382408
3386718280
3378329928
3373103432
3406689609
3406684234
3406159946
3410358522
3415056618
3398279658
3415195499
3414874697
3419064905
3377089099
3373926986
2306411338
2288532842
3370655850
3366654074
3366588510
3370782806
3370799185
3370733936
3362308448
1281933792
1143652816
1160434052
1193991556
1193990540
1177213324
1177221517
1311504782
1311308174
1311309210
1323880938
1319653674
1319661866
1319854378
1319887145
1319690536
1248379688
3408627480
1261083400
1227533064
1228581129
1211739147
1215878155
1215841291
1224212571
1223165051
1214979946
1231699562
3374988906
3379050202
3387429578
3383251930
3383284154
3383357866
3383358891
3387538859
3412834729
3408640425
3391858056
1248436616
1256829064
1256820920
1516875944
439066856
439066664
975937576
976139288
725543960
691432504
672607528
671161656
675485449
675416011
683869835
683673241
683683513
679553705
696511145
729857721
713070281
713064968
985695000
977383720
436445224
436461608
436363308
419574063
402789230
406983358
415368894
142805690
209795738
209922954
1300380042
1334119562
1199836362
1200360554
1134087210
3250117930
3250118954
3283661066
3266941258
3266937034
3271131371
3270107369
3261685992
3324768376
3292190040
1148898840
1148886536
1148886536
1551404552
1547209224
3694705208
3711478328
3678255624
3661471240
3661071928
3658978090
3661980010
2588156266
2345607530
2345542506
2341348206
2341081446
2342125634
2344095810
2347237442
3421047877
3379288129
3375081665
3358239173
3358239173
1231723973
1240171716
1240040516
1265337424
1261149280
1261026400
1529396320
1529525344
1529525616
1596625728
1982497731
1915470722
1915426226
1915425954
1932080290
1911045282
1890072738
1890072997
1890138812
1890138765
1353198223
1353199246
1088958154
7089738
15478362
27818810
61471098
1135339835
1168894269
1173088541
1143590687
1143590682
1143590686
1147793214
1151971118
1168748334
1169796911
1169792316
1173981500
1431931700
1464438548
1447790420
1443594716
1443594460
1443549435
1443520618
1443766378
1460550762
1561204858
1569331738
3448388122
3481877066
3397926474
3397924426
3398975818
2322088058
2339049578
3362398459
3362399227
3370787497
3437848233
3437799096
3437797020
3429404316
3295252380
3291189132
3307908484
3324685445
3324689606
3325644022
3325559910
3325571366
3338281766
3467256358
3467256355
3467142688
3467161392
3471346944
3462957056
3391653968
3391789120
3391797312
3391798592
3458903619
1328215618
1596617314
1563103842
1546322802
1554514146
2091438310
2091446508
2091515096
1974003912
1999169752
1379457208
1379489977
1394227386
1897802938
1885221818
1352602298
1354367658
3501904555
3500782312
4037584412
4041780740
2976426516
3009980976
2989144592
2989137408
2989135360
2989134384
3005924896
2972370464
2771111521
2783501923
2783510115
2812868465
2796156737
2934632769
2934698304
2926080480
2909286880
2892509668
2825589724
2825523917
2833920603
2901156714
2901159274
2901162090
2901166170
4026521802
3875465418
1717496970
1918296458
1916088714
842268826
572785834
572787882
543562922
820391082
817243274
816193930
816112330
832868875
850174507
854368559
845986861
841844772
841979952
1915403264
1915403264
4079671040
4029285888
4230614560
3102281314
3098090082
2561153634
2561154642
2561152610
2292715618
2292723810
2292723826
3366461507
3366477892
1214883908
1244239948
1244379212
170567756
170567756
170563660
170837068
170247135
156570362
1220944554
1220813482
1221338794
1217145518
1217145774
1216887982
3364484270
3364410511
3365441605
3359146244
3359212053
3359224337
3357254165
3369067031
3436176919
3435847230
3452603565
2395637932
2530904252
2524612748
2524547464
2519243400
3056109192
3056108264
2787738152
2788078120
2804916777
2804720169
2809979433
2818074153
2818254633
2941925208
2941912968
2939880841
2938700939
4016637082
4025027770
4021224698
4256109658
2108104714
2024218634
1488265226
1504993290
1502928923
1234494777
1233430328
1212481049
1208340043
1209386698
1209485274
1216299514
1239372026
1251631226
1251663994
3399147738
3399131354
3401156059
3404238825
3664288680
3664288680
3660160424
3660168600
3664356760
3664360344
3661337592
3661263721
3661246762
3660193834
3660194858
3647611946
3639227418
3635033098
3635021582
3366536718
3366508158
3366499047
3366494949
3437802164
3303584416
3295198880
3223968432
1076566672
1076501168
1076501168
1076510096
271217808
292212800
300581888
334019584
308848688
304654368
36411408
36345856
304782336
304792832
1445610032
1584005664
1319830112
1319711331
3416864498
3383242434
3366532674
3366523442
3366474018
3366506530
3366490146
3634929714
1487643648
1491707908
2032703492
2066253828
975865932
707435596
707694680
707645544
708579435
724898282
695615402
685128362
685718186
681392794
748174986
1820862090
2089296522
2089296538
4236976810
3700961962
3703075546
3437782538
3295161866
3295161882
3303548474
3303617066
2225672490
2359885866
2359820335
2359820301
2296908812
2288519180
3362347276
3374930717
3391757071
3391765262
3395953927
3404349703
1252573285
1256751200
1256759520
3395854816
3391791552
3391796160
3408560832
3375008449
3358231235
3358247622
3362458198
1223236214
1218984494
1218981934
3367514153
3365679144
3369869416
3356237945
3356238970
3356231806
3356326270
3377293662
3415173470
3398366542
3398340942
3398406622
2324201966
2346221993
2415493544
2238285752
2238297784
2238293656
2171188888
2167112328
2167128712
2167026328
3509199528
3509265832
3514382504
4051294376
4084832393
4080646345
3811154123
4079586379
4079584778
4079587850
4046041610
4046021178
4046135850
4046135850
4058718506
4121505834
4255712299
4188604664
1504254092
1500063884
1227434116
153873540
154117508
153531780
191070640
166764963
198345091
163754435
163816435
1237354338
1237430098
1237498438
1237490374
1229101766
3477248726
3745881814
3729045462
3729117654
3737370870
3738353767
3755200613
3748787296
3578917984
3562265680
3558071616
3562209105
3562208851
3561086578
3578025586
3607393890
3724834530
3191891938
3200345571
3213090273
3179466176
3162688960
3167979456
3159402224
3155207796
4245807636
4245938709
4279333669
4279267623
4283503975
4283636863
4283631815
4283504855
4223760629
4223891709
4220714447
4292007239
4292067654
3748745558
3681775974
3688067430
3654316390
3637522790
3637522918
3629131222
3629197638
3629607222
3629537590
3654699270
3688256774
3755438342
1607852295
1339945277
1272967469
1532875053
1528613933
1528350765
1578690685
1583081675
1583021195
1608177035
3755983755
3755393721
3721839291
3721839291
3713331903
3713328047
3713327599
3696518639
3705038847
3707139711
3698710143
4235515503
4235507582
3161761663
3178540415
3186666879
3220291423
3211892237
3211904541
3207714349
3174262319
3174446911
3178628414
3220570158
3221164078
3216782398
2679907358
2679923743
2684118047
2617201791
3665249631
3665184079
3663121871
3679911387
3678858715
3678791002
3646224154
4162188042
4166423067
4166423099
4174755387
4174706217
4166315561
3109354089
3138771689
3122122681
3122546057
3126739097
4208947385
4225704121
4192088281
2640196059
2640192891
2640276847
3757927742
3741089054
3736917054
3736917054
3753685054
3724456015
3724447823
3699295247
3699035199
2621037679
2570648687
3107843439
3139430237
3143497565
3143488125
3151885165
3118330861
3119870684
3103216332
2557953741
2557955757
2624917165
2555652783
2572495518
2572627918
2608215502
2599882846
2662678590
2663174191
2663178285
2684149821
2641158408
2620314120
3694065160
3694581336
3692416744
3709140968
3712282089
3620208073
1452721225
1453245449
1459569673
1450705944
1445477432
1580153896
1596863545
489559325
477496143
485884559
479658638
478352030
209793726
1283465902
1283466926
1283778478
1300538798
1301067262
1334686046
1586213150
1589227807
1588113468
1588113468
