4146589711
4096184637
4100375341
4100375085
4109812477
4110242525
4099700447
3831260895
3831246570
3847565290
3839176042
3839179866
3834926106
3839116314
3839149066
4099395599
1968608013
1968607869
2136453757
4265911005
3997476829
3993282013
3993419005
3993435389
3998670069
4023829749
2916602357
2918543829
3186979829
3184874213
3176493797
3176489703
3176490711
3176490951
3218372054
3084176630
3084244086
3080119302
3086480398
3086341151
3044832575
3023923007
3028186679
3028173333
3036545557
3036480087
3036436471
3036446183
3051125927
3076349078
3076414598
3059635334
4132794758
4132729254
3058983846
3066323943
3066557413
3200767477
3200638292
3201673492
3218581780
3218206229
3176261125
3178456583
2637386326
2637365990
3178234342
3176137958
3184530662
3184753735
3218271239
3218271493
3201482501
3201799941
3193222661
3193217845
3205817189
3204969317
3171374053
3160217575
3160350695
3168734198
3168733686
3168078326
3184795094
4292170182
4292042950
3746750663
3746820301
2672947708
2671815788
2671880300
2672015740
3204561244
3074538780
3042162444
3050476044
3046277757
3048702831
3048509806
3044331814
3040133222
3040297334
3040219462
3040224078
2910200446
2914464494
2914263018
2897484266
3163826682
3159631946
3155503434
3174198603
4247939019
4252189643
4260643227
4191179179
4191215787
4181778607
4181975231
4181905615
4181901647
4182951183
4260492607
4285850941
4269073468
4264879132
4265005372
4269720364
4276011644
4292756189
4259148495
3705419742
3697024366
3696495918
3696560238
2622958974
2648059214
3720755022
3750118094
3749958350
3750879901
3750814364
2681271980
3746875044
3709132772
3707893732
3708997940
3742548228
3742855437
3730071839
3730140463
3738630191
3738355823
3755133151
3721577678
3704811982
3707224526
3707093374
2633285998
2633295342
2650074606
2681597439
2673343887
2672090511
2672096701
2672091565
2648167341
3168191404
3033977580
3027620588
3023345460
3023355188
3022301237
3026626613
3027155253
2775485189
3073297925
3190735365
3191231173
3191165669
3195278053
3195011559
2926575846
3220182246
3216076022
3180424318
3180457054
3214140430
3218531342
3210146830
3189167423
3191295791
4281802294
4248241686
4235593286
4235592262
2633184086
2628792694
2628789495
2626960629
2559917269
2579836359
2613404999
2596762439
2592559894
2592428326
2610217254
2610218287
2580870445
2572197180
2568068364
2601688396
3674380108
4194477004
4211188444
4278231708
4278317753
4244853417
4228073131
4227993515
3695315198
3703707854
3703642126
2622515214
3578817566
3604215102
3534934294
3535192390
3535192518
3535192455
3602370983
2524246179
2534720677
2501168549
2484530613
3021400013
3038111565
4115986189
4124328719
4107760446
2497078062
2499175210
2633326891
2624865595
2642237721
2642344201
2684287241
2667575625
2667445707
2667369979
2658975930
2659041434
2657010106
2675896747
2642339755
3028281279
3027632093
2515858909
2515854685
2549408125
3597951293
3610587453
3610718525
3564516143
3571856175
3567720238
3572827966
3572829982
3562277710
3293846475
3310693259
3352783755
3337805195
3337799051
3606217115
3606086139
3622867307
3613438763
3613434411
4129334827
4129596975
4129658415
4130784031
4262859023
4279709755
4245037099
4250284075
3705013611
3700821451
1553415115
1553214347
1553234330
1573964218
1561365914
1594918026
1599439054
1473675343
4153843772
4158038308
4149650212
3071717940
3038152208
3021374976
3021393424
3021393457
3025522274
3033847394
2765412322
2817803750
2935309510
3203814598
3203890390
3203689702
3195284727
3191284935
3188856199
4279374781
4285665980
4260582396
4254160860
4119883724
3218139596
3208686028
3074600924
3074596828
3074540236
3041972949
3025265271
3025400678
3035854182
3035712614
3052424294
3086310450
3077995522
2541114371
3581300995
3560263939
3564396835
4100416355
4100355795
4109782658
4126296706
4159916946
3606170546
3604012438
3595593174
3597672534
3610255415
3576963367
3564577063
3572900647
1419118389
1419120389
1437940997
1471425797
1467247925
1446499644
1447018780
1444905821
1444185837
1984210605
1984212909
1984204223
4131685823
4132929791
4151759359
4118208895
4101398910
3564511614
3698599294
3696573934
3696693230
2631344127
2631216847
2627020495
2643728079
2509522911
2499073533
2490684797
2507666813
2541139293
2549589981
3623330781
3606426493
2524219261
2517927789
2517931885
3054609773
4128482685
3054744669
3054736477
3058865229
3084045661
3084045629
3050559791
3025239855
3021028990
3023517262
3023450718
3170251374
3182891886
3182690414
3048473646
2511633422
2513758278
2505354319
2501356877
2505477980
2547419100
3084294140
3059004916
3071587828
3071645172
3071792628
3037951477
3037928823
3037859686
2505187174
2641502070
2649890626
2645763906
2645632326
2645586262
2645614678
2645684311
2645661047
2649872245
2641424981
2637226620
2637193833
2668720745
2672957289
2683701625
2677479769
2681481595
2547280250
2538888538
2538885450
2547339275
2528559131
2528563241
2526471208
2530600236
2522135852
2517998908
2518070540
2489235212
2497625677
2497109709
2499200703
2490679982
2490647214
2507424686
2540978606
2530300095
2530405631
2530404607
2530338911
2538661967
2501114975
2486357775
2490523150
2490521166
2490570334
2490373870
2632988134
2649759983
2679124143
2677092510
2681417950
2672894198
2366967854
3440853311
3709784335
3695108361
3707759880
3703367704
3719866392
3724191816
3715796168
3292513420
3291234700
3290694540
3290825439
3296092782
3571869222
2426793510
2443504950
2208625926
2208793862
2208793158
2205520598
2201347750
2201347750
2453143223
3530937509
3539256485
3539320996
3538403461
3525824709
3525697733
3542607333
3560367847
3560339031
4101390943
4110160639
4105970669
4105462124
4126504248
4126494009
3589556601
3581213561
3581143899
4118019915
4117870411
4249925465
3176239896
3184759612
3050550076
3083969340
3050365500
3044139572
3039982197
2500986471
2488731622
2496923110
2515799142
2511604790
2544962582
2544053254
2528323590
2264034567
2261937927
2262007301
2203145749
2203321957
2178156263
2178226087
2210740135
2206474151
2193903015
2193907111
2185518511
2186575295
2203578271
2165764047
2153168719
2153225999
2429917471
2432473375
2432548157
2499653165
2499786301
2491279069
2491231885
2487037597
4097580717
4097052077
4096984239
4095934639
3571593422
1419993159
1424024583
1425056773
1416670213
1416738837
3572676612
3584211716
3617758724
2527235588
2531706388
2520007204
2519999013
2524193319
2549358894
2543071342
2444508398
2444523686
2448738470
2474100886
2468252806
3528896646
3596001677
3598098828
1446433228
1446446460
1445214573
1461725486
1428302126
1566711086
2107835678
2107642126
1605427470
1603576094
1502913389
1503111020
4165386092
4162162492
4162817308
4162762012
4162756701
4166492253
4232573433
4232566761
4232566440
3963969192
3964099240
3159841464
3184745112
3184557721
3083884175
3083883470
3075560398
3044110718
3580981550
3589500966
2510540838
2510478343
2514712581
2548267013
3613874436
3609614108
3613803020
3580232204
3572957708
3572830749
1425350189
1155283237
1146890279
3223083043
3222014019
1091436739
1124991171
1109262787
1138627314
1170088674
1169564242
1152848450
1152713299
1151096163
1155329251
3306989731
3323836551
3323902085
3325462917
3271002501
3266614677
3532960167
2459214255
2530517935
3059131375
3038159662
3040248102
2960622390
2960626455
2960651015
2956276511
4046731053
4046789101
4113959341
4118153385
4126607531
4122295451
4105511307
3566478219
3566498767
3566506559
3566510893
3566511397
3566513445
3587677477
3608579381
3591800133
3591816007
3323360199
3591767031
3608544743
3713469927
3707059687
3702812021
3702811973
3719621957
3736397061
3472273413
3459694613
3728064551
3591688295
3608536311
3608601991
3579248518
1976995478
1972866742
4120153782
4124360615
4149519847
4145325287
4077958373
4061381861
4063379685
4080144869
4080149461
4084339399
4059169431
4054909606
4038341351
4055114743
3517215493
3521959181
2439829773
2435627276
2435361564
2439637565
2439703069
2448059919
2443842063
2444100319
2443969454
2448688046
2448699822
2446619822
2438321334
2438257814
2434047110
2467601862
3541347654
3543641863
3547763975
2474022199
2482435367
2481384743
2481450295
2464513301
2456100125
2457079101
2457083261
2474055149
2448823277
2444624893
2427913165
2427732829
2163505021
2163535727
2163535151
2155183999
2155175807
2222939967
2239717151
2239723295
2239624477
2239554941
2245846141
2514269429
2514334869
2514465925
2505962647
3507810471
3541389478
3507880326
3507880398
1362494286
1358243710
1352674859
1369467689
1404365112
3556093208
3530917128
4067721480
4067197704
4067264024
4084117033
4083593067
4083592554
4045854186
4045684954
4045684922
4096069866
4108726634
4108722474
4121306430
4125388094
4150552886
4118673686
4118731014
4118465799
4110140679
2094776647
2103112151
2115920343
2118017495
2122216407
2121745383
4292167143
4292111845
4258556372
4233128396
4233128396
2085645260
2018712268
2027097692
2043876988
2043753069
4191167087
4224725358
4216340590
3679502446
3674263646
3678446671
3686901517
3682770437
2575474196
3112352308
3112221220
2638264869
2668988965
2652292695
2518074054
3059102150
3058962662
4065604774
4061412518
4044757174
4034279622
3497396679
3505785095
3501545223
3501516302
3516195390
3548702510
2457913134
2206256494
2277625319
2239954405
2508369380
2508369876
2680602324
2663688180
2664740324
2656351477
2673323255
2637675687
2621345254
2621362166
2621361734
2625043974
2624941879
3043241831
3043241831
2507619927
2499157718
2494957302
2492729062
2492749814
2496943446
2541016406
2538988614
2522326086
2530733270
2530602231
2673204471
2668023253
2634469317
2501269324
2505455436
3614782228
3614717733
3597940013
3598459949
3596430381
3591714829
3306629133
3290310732
3223254468
3231613828
3499000452
3498869653
3515646885
3515650991
3511460847
3490623087
2485037599
2485029390
3023485454
3023366686
3040144254
3073692910
3056861406
2524315854
2658533582
2666934518
2662474087
2662343012
2679124324
2645587396
2643519428
2643505108
2647785396
2639388596
2637286821
2637286895
2637352430
2668813694
2673077518
2681335054
2677072910
2677273662
2660488230
2549171494
2540717414
2540783447
2507308999
2639425221
2631102405
2631171031
2631195991
2631388439
2650182919
2650252551
2650252567
2683680567
2675234615
2668942885
2635354661
2635359085
2639619565
2648143343
2679491823
2679490799
3220473934
3207895054
3208035335
3175001095
3179193605
3160319812
2891945588
2903807604
2887033444
2903827044
2904028004
2903917412
2757165924
2757166964
2773892932
2773887556
2782345940
3050642165
3048476661
3048474055
3049002438
2495427782
2494902502
2494832806
2633261286
2633224402
2631057602
2622673090
2622595315
2639308263
2634264405
2667768645
2652043845
2652035653
2656165477
3201365861
3197432684
3214201180
3214266844
3042243068
3021271532
3021338092
3021405677
3027679469
3044444655
3052834143
3077999951
3056006477
3055937485
3055871997
3055839213
2808182703
2816689071
2816688863
2817618630
2817614406
3051382294
3051415094
3051482918
3051453238
3051444998
3044289798
3077843990
3077839910
2540962854
2550006806
2512262150
2512266502
2512352631
2512181095
2509555685
2543112693
2547290581
2538963413
2539114964
2536894804
2503434524
2503357724
2503359260
2503355164
2507549471
2516024090
2515827530
2549381066
2530525642
2531049882
2531115450
2530070698
2530009325
2529486060
2521230588
2500258268
2484534236
2484525772
2490813124
2495078085
2511726327
2549408422
2524246438
2520039590
2518143206
3057046646
3073832023
3039292487
4100451653
4100353861
4100343381
4108666597
3035910893
3035652847
3027247741
3027239709
3027255577
3052458265
3086148921
3081939257
2811472665
2815474443
2815473947
2807077162
2769391402
2769339162
2771472970
2771518154
2771518186
2775716522
2813399466
3063942318
3064203454
3065264270
3069520078
2524326094
2524326990
2541118222
2516541967
2512347663
2428465791
2428359277
2431960813
2423574253
2440350717
2434104269
2471979981
2538864077
2471747039
2471937407
2538849343
2538709055
2505154621
2513543453
2498999581
2496896316
2488393532
2484206108
2500033053
2499943997
2504132205
2512847469
2491745261
2424636149
2424779413
2424645525
2496932789
2488547749
3558095269
3558095031
3591780487
3323337862
3323854982
3329818702
1181249598
1181278254
3337134438
3349718886
3316166519
3316246359
3450585975
3450487655
3303698727
2229957414
2230193926
2229680902
2229545270
2221173030
2217007462
2233895366
2255916423
2260636549
2260644741
2260501412
2196537828
2183954724
2183954724
2184029460
2188307717
2171497729
2154720563
2154188067
2154188067
2155218199
2152801543
2160092423
3284172245
3267419557
3267427748
3259030932
3259092372
3254898064
3255014832
3254887328
3506680481
3490886275
3492983490
3491930626
3492001538
3496062242
3571492898
3584075810
4125341731
4158900273
4151364641
4151629169
4118238656
3581359505
3581355425
3581289907
1433810323
1433798035
1433731475
1441792499
1353785649
1352917809
1352770320
1436591872
1474342656
1180875521
1176668417
1445366019
3610609971
3610557730
4113870115
3044386595
3048641059
3082207761
3199648321
3203875521
3189510801
3189514913
3191612321
3086758311
3048997103
3032219903
3032229070
2495358030
2497506382
2489183478
3558198502
3558313174
3575023814
3742796230
3730218950
3730222790
3738629830
3595948743
4149597175
4149506469
4145308068
4111802788
3579261348
3713476020
3721670544
3721670641
3721883505
3570915091
3572859667
3571749655
2498016022
2514989574
2514653702
2514665991
2506277399
2641379951
3159368301
3159369577
3159373161
4241491049
4109583417
4126297097
4050799625
1932675081
1932683275
1915840827
842295337
586615928
581304408
586547400
578228424
571945192
570761704
587473388
591659501
566497261
566513247
600145439
600178191
600178207
600112926
566558494
558144798
558226782
558356862
558356830
658929950
927086878
2000890686
1598237502
1602628158
1603219062
1569271442
1552543635
1552463267
1556649121
3691544721
3709378688
1595580800
1597682048
1462416320
355124032
355274532
337914660
874785644
874785644
887495021
888540618
349439054
340787214
338886670
473096254
476228910
480358190
1605413414
2058460678
2056487429
2056684292
2060812564
4196180004
4196180004
4195200036
3121395749
3205425189
3154803063
2886343623
2765753990
2761556615
2696413861
2696417964
2696426156
2965119660
2960924828
4044632252
4044697769
4077266057
4077005963
1929537994
1942117338
1937927130
2005035850
3619909450
3586488074
3586511114
3586969882
3582849338
3584028970
3617563690
3617434671
3755715877
3713764625
3708390721
3691610961
3691561811
3692609842
3627696434
3648680194
3681168642
3672771842
3668642066
3668642162
3668512243
3668467173
3685250469
3722978748
3694667688
3711584168
3711659960
3696848572
3713560508
3721949084
3757625244
3757624828
3749313901
3745436989
3744917263
3709264653
3440828943
3704873503
3565204270
2491455279
2508229999
3045366117
3083176436
3054340804
3054475844
3055466052
3055464964
3055211012
3074032133
3073966119
3043500078
3047689262
3047823406
4121565418
3584694458
3584695707
3588822665
1172842120
1164469896
1164507048
1160508845
1195292079
1194759566
1177981382
1181913351
1180950789
3345080596
3294683428
3294684452
3295077668
3433488180
3435056900
3435126276
3434925605
3455610407
3479709238
3458860598
3458859366
3458924646
3458928742
1315639414
1325076558
1318785230
1318665422
1335507386
1335569323
1241000873
1215835817
1214784153
1214775944
1224262296
1218020008
3365450280
3369902632
3625756200
2604448280
2589899272
2598279688
2594151996
2592908844
2613899887
2299400878
2350842542
2352743854
2355890350
2364344494
2361268374
2243312774
2257985670
2262098119
2255991557
3328422404
3336602148
3336626980
3345018157
3340859439
3307341870
3290826878
3290843278
3309227150
1169872270
1136177599
1404609448
1387832744
1383642280
1982368936
1982497976
1982505164
1982767196
1982701604
1999020325
1999040815
1965494574
807403838
807409470
811745070
1956780846
1957038862
1958087182
1419524814
1436319486
1459421070
1450743694
1450738062
1593344479
1593479677
1589293549
1593483629
1583079471
1595613310
1461399678
1429943774
1413096922
1425682426
1421479914
1421365241
1421406168
3583553480
3713576280
3709386104
3711602552
3711600348
3694838493
3692704413
3692966583
3692966567
3696562855
3704886499
3702798434
3635677218
3635898371
1234692097
1251322881
1318559744
1316401152
1312718848
1312718912
1311408321
1579861491
1580920738
1601826722
1558736854
3697872838
3429435342
3563673598
3706316782
3702124142
4239953515
4239957864
4256739192
4293438776
3743977496
3744169992
4280991816
4248449097
4281999707
2000298859
1996101227
1991968617
1991771464
2008560968
1979196744
1413162440
1413103305
1417285305
349900459
345507498
345768602
345772426
501035211
223764570
223748122
253111322
1242589246
169077006
1246947598
1251116814
1267958286
1266975274
1233429096
1283498728
1287698344
1275432872
1275432876
1292216748
1594289548
1577510285
1581700557
1591657949
1457276133
1459381476
1450992868
2000449692
875983244
876012428
879932108
2094170749
2094040617
2085661227
2098244395
1980803387
3593648411
3597056825
3601239576
2460926472
2461909516
2461618764
2462020460
2449301996
2423005605
2418868655
3496870286
3505003918
3504998814
1357383854
1350056110
1345857706
1346120906
1346184650
20931531
8385145
274719353
269791869
273973817
272926265
1367575336
1385404716
1922148412
1926408204
4132611084
4128477196
4128342044
4128407661
4147548399
3023500270
3023490734
3161967270
2893831846
2908516015
2916362175
2949916575
3216455647
3182837726
3187097598
3178577758
3174317854
2637444894
2641703230
2645893486
2645627246
2645578239
2643518853
2647713669
2646648709
2638460805
2504431509
2501283765
2501299701
4111858165
4114442709
4114491733
1999518020
2003699972
1919880453
846009365
846016565
929902901
887959845
888943398
883413782
883208990
883204958
1017414078
1047379902
1055768246
2129509047
2121120439
2122169079
4265524167
3726556647
3743346151
3696121175
3697177922
3705538498
3705538514
3707570162
3707520483
3707010531
3721690355
3717594259
3717725591
3755474391
3746944471
3742430326
3725647974
3725647910
3729973286
3750949159
2543046965
2513557301
2496781844
2488785428
2490812996
2490813124
3498040020
3514585028
3531363653
3531423831
3531538470
3531542566
3531546662
3548323894
3548324182
1364992510
1359754174
1884029850
1892435850
1905250235
1905245096
1905044392
1900850104
4045187464
4047285577
4046169353
4046102795
4046106910
4050301246
4050317607
4100616485
3022655781
3022657317
3027901988
2499677792
2646543969
2645493313
2645505859
2645321475
3723027731
3714699297
3716136977
3745502273
3728733380
3727654084
3727571397
3732802519
3749645990
3757324006
3757322982
3587449718
3587453398
1439965654
1170498966
1153953206
1146550679
3294022023
3294022535
3310866310
3346372550
3346305846
3613688614
3613696294
3622609190
3589251382
4126060855
4126052405
4127097140
4101882164
3155980628
2619090780
2619293564
2485009196
2505448237
3051162413
3032223511
2495379271
2495374278
2495411142
2493301686
2497495462
2537411047
2520700391
2520667399
2523821319
3597493509
3598509093
3598509101
3615253564
3579599884
3579432028
3746221548
3721068524
3721061980
3705198087
3705161494
3705354038
3698992946
3698992434
3698988338
1568345138
1585122578
1585126659
511325952
511391248
372978224
305869328
304616048
325591648
23610084
275626493
7191039
11401727
11401726
28146175
61701565
60716429
63862157
55371692
55363500
25991596
26065341
59619775
42973678
47167534
35634222
36678686
36545550
36545550
305046590
305044543
306088991
303007773
370120924
101629068
105574540
105571204
122315396
80425628
80294568
76030696
76097128
77277752
12261945
1085999385
11225295
11065486
11057294
27823262
44860590
49189038
36606126
36614294
36614278
36630726
37412902
37281831
37283108
310097716
318412300
1408930308
1425650196
1419289116
1421451804
1555735052
1555743240
1492845082
3627813418
3627821610
3627821098
3644327978
4210755594
4205447177
4205507656
4205359240
3736637832
4273513128
4223181481
4219052713
4281963179
3208217258
3208233626
3208323786
3173656074
3022661946
2489985066
2439579690
2481522714
2460563466
3265865738
3282771978
3232370702
3233349685
3233284128
3226992672
3222880544
3222011680
1074391569
1074457347
1108007170
1112197378
43698178
45864979
43899169
42760480
46692640
1107851552
1108106080
1124882804
1091328341
1124915526
1124981062
1129182550
1137570262
1133507062
1083142646
1083143167
1083143165
1083127660
1154366316
1141848940
1276066669
1275804250
1258961738
1242184522
1243231050
1255887690
1253691882
1253634410
1251533166
1251533295
1251540396
1320782244
1315801524
1311082900
237078932
169064628
168016020
168011916
168011980
436451356
437426205
1047968012
1013361156
1013877252
1022269956
2097065668
1818013348
1749860004
1749858980
3897342692
3964447268
2891774501
2893871654
2775178022
2792081446
2800405542
2800405510
3065761094
3063443398
3063442407
4271454695
3604547814
3598254118
3594190886
1445593150
1445597242
1579819018
225059850
216934666
145689098
145230410
1219041994
1219050186
1219051210
1218998986
1219031802
1235805162
1252582314
1252565928
1319673260
1323927972
1311345044
1311344788
171694228
169605268
169601156
169568324
440084484
439232799
409872655
409881103
417778191
413567503
413444655
416590447
448830382
977311918
977311918
973183102
973183038
973314078
503494686
387103758
1410497550
1412565006
1546061854
1550715174
1487805030
3635362406
3635231334
3634903669
2561210948
2566437444
2551757380
2551757396
2550708852
2601032276
3125390916
3125388020
4194956004
3121173156
3189310373
3191406767
4130013358
4108979354
4239014026
4171905226
4171950154
1504372745
1521072152
1521024024
2053689352
2049704200
2017333784
2017341992
2021536360
2027693679
2021927470
2021927206
2026121238
1489250310
1522890758
1522923526
1250203719
1250728007
1250736215
3398232438
3393809398
3456769702
3293188742
3298427534
3231318414
3233349806
3232284846
3233329327
3229138092
3224938692
3224938756
3225070340
1077586436
1077586628
37370500
308950660
304743300
1378484645
1379537063
1447633062
1447571814
1593312006
1609061894
1571335710
1571334718
2041162287
2041166636
2074716460
2058070316
2050722604
2047576668
2047576780
2047470284
973679567
973809902
974010606
974001262
982384750
513146958
396230726
10039366
14168262
1651846
1776054
8002214
12266150
11217558
11217542
11087494
1101533830
1118306998
1118372327
3266261283
3271319843
3254542625
3233571105
3231510821
3231502629
3248410893
3248394508
3248391436
3235743020
3227292780
3223114860
1144804476
1144919117
1278090315
1294875594
1311652602
1311648506
1311648458
3391885002
3399762778
3399799610
3400855850
3398754602
3399262506
3399262697
3403449772
1249675684
1244498052
1244498052
171415684
168208516
168208516
168208452
436709404
957787404
946776588
955165196
1018071756
749308572
754494124
1816702636
1812512428
1812512428
3959987884
3831020076
3833375276
2708335148
2742024749
2725169965
2733526831
2733264702
2998603742
4070063598
4069010670
4069009646
3537569894
1381633046
1379533830
1111097350
37363714
104472578
75114242
79313410
78252738
212667010
1286408834
1286544066
1219394114
3366909442
3384586770
3399263010
1318887713
1318888932
1318885540
1323075748
1312655524
1312131236
1312213152
236386432
235302336
235285761
235220227
239418642
257366274
81660674
77466179
77220548
76118708
210561700
214739620
105687468
105692396
105688109
105692205
38124589
1112971311
1112967198
1140771086
1090406670
3233679622
3298756870
3432979254
3432987234
3432856290
2359048930
2295651041
2281999072
2349308480
2349242944
2349317696
2353313472
2391057120
2391057072
2391192240
2249114272
2249999009
2184970663
2250770607
3576301738
3697948874
3702138890
1504323594
1537816586
1252535338
1517035562
455868474
405668106
405680650
1478369802
1480865326
1216621158
1216621158
1221356134
1221392998
1267596150
1250811766
1250816358
1250537702
1250537709
1317638312
1180287128
1111081096
1110066312
1076508808
1076509576
2767496
2759305
11090570
11020938
1085812378
1084762026
1084973546
1135501662
1118724366
1185870622
1118810927
1118090020
1118609188
1122802468
1110293492
1177533108
1194311316
1195345548
1327260316
1326195391
1258824430
1264071470
1274557486
1588087854
1588119614
2141829134
2125178891
1521068043
1525263481
1512801963
1511753387
1510704783
1510597326
1510547982
503984934
370815010
346697763
279576625
11141121
11141125
11141445
7012997
1712773
4929159
13127359
8966061
25988525
25992653
1099871689
1100916171
1103078751
1135457647
1106097455
1097700399
1076728895
1077785623
1077784597
1077858613
1077863269
1075765985
1132126865
1115411073
1115375491
36390290
36241586
41496738
1121460386
1134043622
1083777895
1083905589
1085819436
1090058796
1157163820
1206429996
1319746572
1319809037
1324007437
1244315672
1244381224
1245410600
1243114792
1255696232
1267229561
1233707977
1216996299
3431588857
3423323113
3288977385
3289107192
1078721224
1351260873
1352567497
1407110859
1379713786
1379713770
1377599978
1376555434
1376563370
1380504750
306764942
307821710
305880254
1382710454
1122643078
1206529158
1152001158
3299430870
3303666542
3702108718
3702108734
2628620828
2628560412
2628562492
2565647916
2553059880
2554104360
2553728568
2551639560
2580540700
2609703981
2609693807
2609693798
2573124679
2552124487
2621068613
2486847221
2499433139
2428113539
2427982466
2431129234
2439515810
2468879778
2187861154
2196309154
2192179330
3266187330
3270385670
3257720839
3240927271
3228347429
3504843044
1358334484
1356237316
4032207365
4044794373
4062163525
4062020165
4062151287
4061840355
4061819874
4064879331
3779601059
3758629554
4031321762
4039642530
4035448035
4035463267
4085839953
3533433025
1383786693
1379592388
1378609284
1382673572
1391160484
1386882213
1391071391
1382744206
1399522782
1407845694
1441668670
351084086
350764598
342371903
472411711
1010556733
1008439069
739819293
742957628
751346660
747151788
747151548
742957240
1678291112
1678351528
1678416808
1611307688
3762981608
3767192184
3768240648
2699591176
2708237832
2737575720
2720863784
2725119528
3002991144
3000894025
2998670171
2461802730
2460754154
2527604974
2259295478
2259295430
2259237958
2254969862
2267763735
2351620887
2351604237
2355798540
2364187148
2359862852
2297997044
2555950757
2551744175
2551023278
3624847102
3624277710
3641058894
3674615054
1527196702
1531714622
1506548798
1485317150
478749902
478885006
210439310
76103054
97070487
105528711
34231686
34226566
34173334
34201910
39366946
49853218
1118603042
1135382306
1135451938
1119852850
1117686835
1116703792
1120764976
1111851040
1108197472
3255750880
3255751648
3272537760
3226103440
3225971392
3226032832
3293191872
3301586624
3301581632
3231392068
3233292788
3233363364
3283957156
3267108269
3266056110
3287025326
3287025342
3245081274
1093407386
1076655002
1077769114
1077895642
1077928394
1082122570
1086239050
1102034250
1101894939
1106099515
3278748985
3262102813
3257906461
3526332701
1383043101
1987031068
1987031068
3866079260
3995974700
3997018156
2923341868
2854152220
2921231420
2921202668
2921202351
2927493806
2930180782
4020242094
3986689710
3835706798
4105189518
4109379726
1416767685
1348544580
274737164
824190988
824195084
824384780
824340236
624094748
628211229
630230542
667978254
667716366
801737690
