1969017274
1971114474
1979642154
1978589486
1974395183
1978556700
1466839308
1462637324
1463419148
1461207336
1968758056
1976360233
1955367226
1955371274
1976417610
1968156618
4145002379
4145985177
4133398168
4133401240
4133409720
4133474745
4133310889
4141691307
4143395242
4151652842
4118098410
4101318010
4108657947
4108664091
4238703899
4238671113
4242849545
4242914825
4251229705
4251227659
1835329082
1864688490
1865708010
4011147498
4011213050
1863766426
1733751194
1708388798
1703981310
1821409502
1821409359
1825742933
1829954596
2131911732
2115138868
2115114788
2115114533
2127693335
2123499015
2123566598
2106661590
2090084774
2023041462
2022972806
2022983054
2094317966
2111078822
2144510375
2136121831
2135991141
2102437649
2098245140
4245731860
4245731892
3876764196
3880958500
3889352484
3079848244
3082273109
3086270965
3044295655
3038003943
4111863462
4116061094
4124453286
4120144038
4153699510
4153832582
4292276358
4283883654
4248236486
2083968310
2082594598
2082500391
2086677287
2086678327
2087728407
2087784791
2018705879
2018644438
2035429718
4224898358
4203863350
4203800854
3669027094
3666913542
3667179782
3667311893
3734409508
4275487012
4133339636
1981595812
1981792416
1981710496
1897845936
1881068673
1881064577
1882686849
1614188132
1625664036
3769412132
3853298229
3886868997
3891068695
3845016887
3829269991
3963491750
3961402790
3967682470
3971418034
3969206162
3969185730
3985960771
4292144899
2136272657
2115268401
1981234481
1983255825
1987445779
1987445815
2012615735
1979057206
1958088023
1958153687
1419018199
345302989
365999821
391153629
376473461
389059959
326300022
290644259
273834339
274097523
274087875
290865093
291377093
22941125
56559045
56373623
98312503
81535278
81540462
81018222
1154775406
1154534362
1153747658
1171103450
1200595679
3347813068
3347747532
3315119084
3319309292
3430458348
3430541300
3296393157
2230998983
2231256406
2230666534
2154840102
2153803830
2179031046
2212716559
2258793485
2262979868
2263026972
2271284508
3307277596
3290504508
3294958908
3303503156
3299300116
3299328772
3299181333
3320615783
3320681319
3312358386
3308164034
3308245954
3308017650
3308010982
3308207590
3312336374
3253614022
3249475975
3282899334
3333181830
3337384886
3337483174
3262051814
3262035447
3278873941
3311777093
3311908100
3295061252
3311842588
3320296764
3353711996
2280429437
2263668719
2255279854
2255280110
2255484910
2255417822
2272129486
2272055622
2238567734
2221866039
2229726261
2229726260
2229663028
2246361364
2397880596
2397929840
2398065120
2255335905
2540475875
2506661346
2489884066
2490023314
3039477122
3039542658
3072966034
3056248194
3056264386
3056230610
3056144611
2989228449
2993501607
3001497255
3014074039
3015122647
3014949575
3014945478
2482302662
2473918422
2469709142
2469872726
2468770887
2439392261
2439408656
2447799328
2477094176
2478076208
2444522240
2431930884
2163693077
2155236901
2154105447
2154564583
2162965991
2164014263
2180846727
2212364679
2211841415
2195158935
2197088167
2196041639
2187638759
2187691358
2188281094
2456728838
2473504006
2473569574
2469248294
2469233975
2469303303
2972623885
2972639245
2955854877
2955854893
2960117549
2969427501
3036478063
3036473983
3053252222
3086802686
3070018302
3070051230
3061658526
3057459614
2541691310
2508074158
2499688694
2495494343
2495424847
2495359263
2243702559
2243507997
2243506973
2243457821
2226680829
2230908831
2228801463
2245562278
2237448102
2271002534
2270470038
2234617734
2368982471
2368924119
2637359959
2637359623
2640506375
2682443267
2682503698
2682372898
2673905959
2674959463
2670783511
2668685317
2668750853
2635266052
2639419444
2641512740
2649900836
2545369909
2545410581
2545410805
2526340007
2547308455
2541013927
2536819127
2536950199
2536958353
2537483649
2537416128
2536499008
2536404224
2267950336
2406361344
2406430993
2414676001
2414680353
2410626337
2376734513
2360018737
2359821861
2359821861
2296909365
2296938101
2296965847
2292756471
2376639975
2414383590
2415428070
2239332790
2220786078
2220270238
2153162398
2434251418
2534906586
2518129627
2518071771
2518067403
3054938313
2987849161
3008774617
2975285691
2966892971
4040630703
4056359342
4056363438
4056232878
4047840174
4047970750
4032180426
1347755083
1349781515
1349789709
1349806460
284556028
301190860
1372816069
1368560325
1439867621
1473356645
1464903457
1444128529
1446158081
1446151937
1446496001
1446335777
1450521955
1987395043
1968573922
1960192386
1962285442
1425934722
3572964738
3572776338
3295948194
3293851618
3293587314
3300931378
3297802018
2224088866
2242951010
2275655634
2275581891
2262994627
2250280691
2251591283
2250698259
2250665491
2267426323
2271684115
2246846243
2242651169
2242642981
2242645092
2243234004
2243364932
2247456836
2268592389
2402479365
2368905991
2371007263
2379321646
2375328046
2642714862
2643764462
2639301823
2635107767
2620624789
2618459797
2635265669
2634475205
2668029527
2680546871
2646996790
2646928694
2623399991
2489243719
3028192455
3028190597
3044987285
3078476725
3061695413
3061137829
3061137829
3057073319
4130810039
4134873327
4134807791
4133952767
4142269903
3600958287
3601027855
3600868125
3617645343
3705790743
3698455863
3692156198
2618383654
2622717750
2631087670
2647995942
2643928630
2677478934
2677360470
2681226727
2681228517
2572242164
2639517124
3428046276
3428054852
3696354132
3691046260
3624166880
1476750816
1476812273
1493589233
1497857233
1497851329
1532388803
1532412867
3755131603
3755067107
3737179875
3686854371
3686854387
3653300178
3636647266
3629630498
3629499426
3711300662
3711329302
3742786823
3662837063
3671160659
3682809461
3649246837
3649113956
1505757988
1480595764
1493182741
1494367239
1527936071
1527964102
1532146118
1539408854
2076226470
2076222118
2076223206
2076229622
2067971415
2034431285
4177679405
4244853868
4244788332
4248978924
4257369597
3716251615
3716181967
3720376270
3720377822
3720565246
3720500190
3721544542
3755099991
3757262693
3757067621
3748683124
3744492996
3742459332
3709019588
1565668757
1565660597
1574116775
1565601270
1565535574
1565535510
1565553974
1574170902
1569902870
1555288887
1557173043
1557182323
3695224787
3712071635
3712218615
3745707510
3745707510
3738326263
3738391799
3738269159
3738269173
3463698261
3463630661
3748843333
3748896517
3747716383
3714170143
3714300958
3715281950
3715281182
4252217726
4249985919
4249925479
4248876901
3175137125
2772483428
2772540772
2806224372
2802045892
2785268420
2785112821
2802995941
2802975461
2817920871
2784300311
3048486919
4105447511
4109641943
4101450967
3564510339
3564504195
3698722691
3721791219
3750851315
2660295249
2660557329
2662639105
2662704913
2666829619
2675213603
2641661223
2637679927
2635582838
2635419110
2639596966
2639671719
3713405335
3713401285
3715502533
3715314125
3713213260
3713018684
3444583208
3444583208
3444583288
3721615816
3719810504
3484926921
3484779466
3451224570
3719598570
2650055022
2637472046
2620698942
2637604102
2635508999
3642140935
4183223047
4215732997
4215692039
4198911750
4195681558
4195434798
4266872943
4275130605
4291940565
4257407108
4240631172
4232111508
3695243180
3711987628
3745611693
3754049197
3755347711
3721793407
3587510142
3564377886
3564385550
3572855070
3585601854
3585471342
3623154542
3621053311
3612664287
3612860749
3612791113
3579200603
3575055419
3560246331
3560250667
1412775723
1953838907
1962153499
1425294859
1425036043
1425068315
1416753433
1548935449
1549198601
1565979977
1566035321
1599458799
1599587583
1582755983
1582751886
1590878606
1606545855
1572922287
1572923309
1573252781
1573383933
1564991229
1560666109
3742741885
4279742781
2139062589
2128445759
2124197951
2145165367
2136252471
4144357479
4110938343
4111881447
4111861174
1968573846
1979060118
1974800262
3618914198
3623102198
3623102182
3623319142
3619112726
3587458838
3570722582
3570722566
2513892886
2241263126
2409035383
2408707943
2412838243
2372947235
2368750882
2352206610
2624840466
2622743062
2647908887
2648166997
2648033236
3721711092
3562064356
3574651060
3574724756
3575053444
3608597892
3608596868
3596022149
3596018629
3606508405
3606573927
3602247975
3602182439
3606376751
3612668991
3612625951
3574942815
3562437981
3562434047
3587604479
3587655103
3621078431
3621025247
3614733775
3614799303
3715524550
3715524438
3699300134
2625619494
2633891382
2629680694
3183259255
3214714485
3197937381
3201607396
3189019236
3189015140
2920777268
2920732212
2937513509
2903893541
2902414903
2902332999
2893954759
2891857607
2891713447
3965454759
3964419255
3989120151
4158005463
4124455111
4120252487
4120313926
3583777878
3583793254
3588212838
3588143222
4292783446
4275479878
3201732934
3220603655
3220341269
3209737765
3205539621
3205541669
3205561645
3188907375
3188870255
3203532014
3069641919
3065450647
3065192599
3220383159
3176208295
2622556070
2622701526
2624793414
2633181446
2633050374
2359373078
2359394098
2376127251
2409661185
2409660736
2397090288
2389746144
2385751520
2400360784
2668796736
2668804865
2519854901
2524051237
2532438821
2528236332
2549367660
2507425757
2490654685
2485026301
2489212413
2489212415
2505924575
2514253790
2539419646
2539419614
2539413966
2539418062
2505916762
2513913194
2513925482
2515890027
2515922783
2515922253
2507533645
2507525325
2503460053
2503460053
2503405781
2501304693
2505483607
2505488215
2505479761
2513882625
2549603861
2532701748
2532636516
2532631524
2524271348
2541045716
2507491325
2507494895
2506386926
2497998062
2498002006
2514963462
2514932742
2515002390
2506482710
2506482743
2640770325
2640758021
2640758596
2625095253
2624971365
2637456229
2637521191
2671187255
2671187223
2642359575
2650746167
2646568823
2646564727
2646200279
2646132631
2683884183
2675495575
2671465111
2637845206
2621388534
2491166182
2491165798
2491168870
2516548630
3590224903
3623810049
3590254592
3579703312
3307073552
3307204672
3575570496
3609130176
3594439888
3598634448
3607089136
3602878176
3602759412
4139562964
4160530373
4084508639
4051036078
4046845358
4030027182
4027913638
4027921830
4032112055
4040503733
4040635316
4036311028
4038358772
4055197392
1374154305
1407645185
1382531587
1382400818
1399124774
3513049382
3492143398
3496330278
3497511959
3497510919
3520583685
3537213717
3604479861
3604406861
3596018255
3596042831
3595911535
3595956334
3615351918
3581865054
3565092046
3698775502
3698776030
3698848510
3707106046
3707007710
3696505310
3696502014
3692373230
3697092094
3714004478
3755952122
3753887482
4290561626
4273776154
3736905243
3741099545
3757876025
3749503272
3743179048
3709669672
3692953976
3692430712
3696629032
1557531944
1574178076
1607744780
1590981901
1582814989
1582744333
1582727693
1601602333
477418285
477418349
1544869229
1545068013
1545530877
1545596311
1566502278
1600046470
1591656838
1608511894
1607328182
1603068326
1569513910
1569680886
1607368182
3755886950
3739078438
3741112119
3741119287
3740856639
3732771103
3732844559
3749621789
3713900669
3708597357
3708615725
3712874537
3712997689
3713948985
3722139417
3724101129
3724100169
3724235481
3724243688
3707630568
3707564524
3696555228
3696620748
3694579785
3694547019
1563914590
1561683566
1599432298
1599563370
1607980618
1607845450
1473545803
2002556745
1467981129
1467981144
1467872360
1568466029
1568493693
1433276639
1411788998
1411780694
1415971174
1417086306
1425487650
1421305602
1421304323
1167581699
1171640833
1305825875
3455407730
3481108194
3477035746
3480702898
3463858066
3468100038
3467661766
3400560886
3400540397
3668976748
1515203692
1527789608
1259342968
1526863192
1526866440
1493328392
406905353
415273501
415273517
415278701
415280765
1480698847
1480768399
1493359502
1493356430
1531070350
1514341310
1522602414
1522545070
1602232494
1300242606
1287664045
1283466668
1283534236
1153531388
1153521004
67224852
68284420
3399684
2252804
2551812
2539525
19318053
52813605
58707733
41864708
41928196
41734693
41804591
66872751
66876591
50100415
50190523
1119877547
1119804831
1119769487
1119736719
1118630847
3261903343
3273957678
3244598062
2170595134
2212542230
2481099294
2527236638
2527498783
2662638143
2679416365
2647960109
2635434861
3156068845
3021981935
3021917403
3040756939
4045283403
4047380683
4081000591
4080869791
4085195693
4089386671
4086646447
4069836479
4068792206
4064585678
3524560142
3524695310
4067599694
4084376927
4059231613
4042453997
4040414189
4098937837
4097893869
4093705725
4095015037
4095064189
4111972381
4147555597
4134974725
4142854405
4142264597
4134826293
4134809895
4130672935
4134934310
4143322662
4143318566
4143187494
3604231990
3721750278
3697209094
3697204550
3695955270
3704212934
1557124566
1552840039
1557603685
1481910052
1477714724
1476667172
1476420980
1476455780
1505798500
1535293904
1518516416
1522965697
1578533953
1580564563
1580568691
2117447783
2050466087
2052580646
2035674423
4241869175
4241874407
4241872111
4241846495
4228976783
4228977055
4229239727
4241827501
4237635245
3699719837
2509586125
2509516493
2513715167
2505313758
2237013454
2239129550
2247518174
2276914654
2209859014
2214053190
2197144918
2255794471
2272567589
2541200181
2516054804
2507526964
2490684196
2486457636
2484423788
2484280701
2484214239
2488409055
2488741854
2512858846
2512741982
2542036830
2543612206
2275201326
2277295150
2281292910
2548823295
2540287485
2524558748
2524951964
2524960156
2520699292
2534855060
2534864276
2501371380
2501240821
2484465493
4097306421
4118259493
4126652197
4126578436
4126574340
4118660613
4117550613
4146386725
2134209831
2134275367
2134328374
2117555206
2119334982
2119367879
2127756483
2127742145
2119419073
2136068224
1028743344
1951490464
1951621792
1951601392
1961951985
1961956069
1890789111
1890594518
1892694758
1892682726
1900034510
1934765518
1934762958
861098831
871383423
871678063
867480687
1943317743
1674881279
1649711311
1649905103
1716946894
1716945498
1716949562
3879068202
3845972522
3829196334
3833132591
3835332389
2761656100
2895758132
2895700736
3159941888
3155747632
3155849504
3176809760
3176795408
3218999296
3218999312
2648451104
2648451105
2644450307
2510164034
3567128898
3701408210
3437036002
3436970402
3697041570
3562857650
3577734274
3611204738
1446939778
1446415490
1446419587
1450415251
1450299553
1448206561
1448141029
1448206695
2004082991
2012477230
2012470814
2012470798
1945361934
1945231167
2012280189
1978721368
1968231640
1968555256
1964496104
1964434925
4116111869
4116042703
4115940303
4115935981
4116128493
4099289644
4107678268
4237636156
4239668796
4237568573
3700714271
3755239742
3730106878
1446501774
1446397326
1446396302
1450623134
1985466542
1985274031
1985274031
1985274045
1998037215
2000073083
1970438703
1977665071
1960894015
1960868367
1952542287
1966239487
1966241775
4117905901
4126360028
4126396892
4122210636
1957951244
1960893965
1952508447
2082482750
2082548254
2082618638
2103840046
2078737454
1537671214
1521426446
1521295366
1522278663
1526260007
1515758374
3663242023
4199063831
2060170589
2060165085
2051640028
2051639772
2064333148
2030708764
940193852
671745068
672792876
685425452
767460141
784119309
715951365
1789691975
1781381238
1781381366
1764604150
1814904766
1814704830
1814704814
3970577070
3970699946
4221842089
4205065400
4206115976
3662998600
3658853384
3725763592
1561502472
1544741385
1548894731
1557266955
1556283945
1547707945
1547710249
1547971944
1414807000
1467237576
1467762120
1408024968
1408025496
1370215128
1370116696
1353347608
1353343785
1357472555
1357406506
1365824810
1902953754
1898763594
1898747338
4046296986
4050491290
4084045722
4084052634
4083790490
1902883482
1366028986
1374386090
1374305706
1399467178
1382688954
1382952106
1383015610
40710286
40251598
40243398
40243334
40267922
57627058
23874978
15485427
7100915
7174642
7170354
23952162
65829666
66878242
50101027
50101539
50134323
50263299
41874690
58643714
25068994
92179842
75468690
82812818
1156421523
1424856720
1424462576
1424331312
4108695072
4100236832
4096044576
2771429924
2771626548
2805185060
2805058148
2805254892
2805223340
2809415612
2784297884
2767590300
2763403709
2763465191
2779001190
2917414182
2950968614
3219930422
3219926070
3199149078
3216913414
3216970766
3220993374
3220993374
3177049438
3177180495
3176065101
3175524428
3041310812
3041368412
3041238876
3075323484
3008280156
3008283228
3003499116
3003433580
2739196524
2740220772
2742834661
2751284711
2716681718
2700039606
2968507830
2960121750
2960129942
2959998422
2960129494
2976840918
2984705110
3018259527
3018320967
3018320149
3009771829
3076872492
3072810812
3076921117
3043373853
3051828063
3047956990
3047956910
3081502890
3052142762
3051618490
3043300570
4112923738
4096142410
1948658762
1965436106
1998859465
912274825
912265624
912277912
912310745
920699225
937480507
903995691
887349546
887316762
887189786
878706971
878772539
895877499
392570363
393356731
384853403
383829403
316720538
48334266
65181082
65187290
31632730
31567674
31567674
57141054
52949310
36061462
36569410
36569282
107880595
133062833
128939184
133037264
132488272
1197837584
1164283152
1164291888
1164225072
1172695584
1168632368
1168596499
1202654770
1202523938
1340607522
1328032802
1328118834
1328217090
254450754
254446786
233540994
233553297
1575595409
1558822320
2087295408
2083363760
3962026928
3827808992
3827808992
3828460256
3845188257
3845189283
3861931683
2791331495
2791326375
2799814591
2816531935
2816538911
2766207247
2766268687
2690902287
2686643487
3760385325
3781381421
3814804973
3799058620
3799201980
2725456060
2733783228
2733775028
2729577876
2711818196
2694985216
2699175424
2699243008
2699111936
2699306528
2695128608
2963554592
2963620209
3018737089
3001965953
2993576321
2993674625
3001874609
3001874593
3001350371
3001343351
2707552023
2690904607
2690904639
2690770471
2690704935
2690674211
2690674275
2690670563
2690729891
2700428722
2968851858
2968992914
2985782418
3010952402
2993052754
2993058818
3002004482
3002004482
3014587414
3014653207
3018714397
3052202556
3043809852
3039616568
3040630392
3040637561
3212587642
3220976186
3220968234
3220963626
3187409962
3186433082
3102550042
3102681098
3102702602
3102727178
3103775818
3120485451
3151933513
3151668057
3193692888
4267270808
4263064216
4131075768
4147849896
4147652776
1937250472
1929119912
1654916232
1923088520
1927311496
857924040
321036904
1361224232
1361224232
1361285672
1902156328
4058028584
4053908280
4054038792
4087527689
4087454538
4087385786
4083188394
4045456042
4045652650
2703381162
2686591658
2686591406
3772851366
3768603879
3768636626
3772904770
3764626178
3781338882
3781404434
3814833442
3865163810
3873609778
3865222146
3877803267
3877819143
3845387061
3962827309
3967009581
3966845225
3966780729
3983564089
2909858105
2951801177
2951801305
2943376777
2943370635
2775859595
2783269370
2783338986
2779654123
2779656107
2712300473
2712365724
2750942860
3010987660
3005756300
4079493588
4046139493
4050530339
4041670694
1889865750
1889542158
1893736462
1365453834
1400244234
1383483403
1392429064
1392299272
1996265016
1995211320
2011988600
1970049656
2104341225
2104341163
2137896875
2121120938
1852684458
1861074106
4008680602
3999773898
3995512906
3995512858
3862343722
3845578794
3761660011
3761643951
3761648303
3762228910
3832285870
3840674478
1705773998
1705838990
1974343822
1973822606
1420112334
1419780478
1419797358
1419797294
1440801070
1608573230
1583412590
1584444670
1592829150
3740311774
3740446923
3732066507
3748843593
3430077721
3430088233
3428998697
2355580473
2363770393
3438043673
3438043672
3438024248
3433566136
3367504824
3386452905
3378326441
3374128555
3442868635
3426107531
1545814219
1549922761
1558241640
1558243176
1575022184
1596059256
1580463944
1578287560
1584578649
1592901753
1457582187
1474421033
1466151737
1428330008
1428327944
1461882376
1466207752
1600435771
2145691194
2145752858
1969668890
1965474074
1965441402
1966346410
1953760426
1962149305
1912016280
1911958936
1901538696
857157000
861349257
844173466
854605994
854671530
854810794
853762282
845406458
841082106
841022714
841272810
845448682
870678906
837202187
1894162699
1894682889
1348968248
1348839976
1349298728
3505240616
3505372681
3501053449
3551381067
3538863291
3538867370
3530454186
3531568286
3527221663
3513660063
3496366777
4041700009
4041532140
4041532012
4041532204
4100236092
4100236572
4033197884
4029062972
4045856525
4045821705
4146485001
4133617931
4133683258
4142203946
4142335034
4151710731
4118180875
4126668057
4243903865
4242855289
4238645113
4242839289
4259682009
4284986075
4269273818
4269274106
4143436266
4143436202
4160116138
4151799210
4113901962
4113967498
4113967243
1970690203
1979139259
2008039579
2006995163
2007101947
1705107823
1709236591
1709236711
1700848102
1696637410
1696707046
1865584886
1865584710
1868738830
1835253006
1835120927
3978345275
3978345273
3978533689
3982663448
3982676760
3982672664
3966976824
3964932584
3981710760
3990297001
3885373615
3868330174
3872529550
4132840590
4132839822
4149674910
4124377774
1974732463
1974740652
1973431996
1440753356
1465918412
1461793228
1461801436
1461809404
1466065149
1466101855
1466093582
1474482206
1474400282
1440788762
1440986907
1432526619
1432477243
1348533803
1365306923
1365507611
1373882331
1373979035
1366639001
1366704537
1366708409
1367232953
1400858041
1408199673
1391406011
317668250
309148058
309081274
309072058
325845178
275710186
275738858
275013999
275014461
275018261
283398709
300249911
333870430
317094238
308689246
308754910
321141246
325327358
325338586
325407178
333930842
333799722
65331498
65328426
1135381818
1101765914
1101700362
3249192718
3232411405
3232476748
3521752796
3521683196
3547958972
3527052956
3527057052
3527343548
3526356204
3525836013
3542502638
2472987902
2976306654
2959533590
2959451670
2959390231
2690954805
2699345460
2695151156
2762253876
2783224340
2770657844
2938458660
2938569261
2939093546
2787970922
2791639530
2795833530
2812623002
3048028298
3032182922
3032146059
3032081032
3036209864
2486759992
2485712424
2502516264
2536143144
2473212216
2473204682
3614055886
3613917582
3613917358
3588751530
3584557290
3584749642
3584745480
3521815560
3580604184
3576212024
4113083928
4113079832
4247291448
4117283369
4117251626
4117497450
4251723114
4234702954
4243079402
4259954906
4255830155
4155175112
4143637960
1459220392
1450961833
1379821995
1379862954
1379142810
1376780426
307376282
317857946
318116062
333840590
65994950
65873094
57156690
23666018
24840994
16386610
16452114
15284738
1151937042
1152084498
1286270466
1303049986
1303021314
3416819059
3416831393
3412635040
2301148576
2284437424
2284501648
2355801744
2365238928
2499455664
2499328672
2499328672
2423827104
2977495712
2972376736
2972635056
3006187408
3006191552
3005669120
3005742848
2741301040
2749687328
2749691424
2749666853
2749666854
2716108582
2774828526
2774568446
2770439422
2770590846
2904751134
2904745998
2904713230
2904696846
2909154686
2951101950
2947418014
2931689358
2931365262
3199745454
3220970926
3211528638
3177658830
3160812870
2632854854
2494522694
2494354550
2494348518
2495392993
2498538705
2485765312
2418787536
2435499488
2435512032
3538611936
3538610896
3538484160
3525892544
3526068288
4062874672
4062876704
4067136548
3798512692
3798774804
3777862932
3761147156
2687405588
2691620372
2686877221
2686926445
2686720751
2690914982
2699303846
2695105958
2695120050
2696200338
2696188098
2767234118
2804983046
2788404486
2787290374
2787306758
2921493782
2921469222
2942763046
2917401638
2913207343
2896510253
2897112861
2898163212
2914939404
2915005004
2784776840
2776105641
2805472939
2906139050
3979884714
4013623466
4025092250
4020903050
2142052554
2141986890
2145656842
1575379242
1440932138
1440915775
2111938903
2108732901
2106638244
2106636964
2102442676
2098454164
2100450964
2100433620
2100441972
2104627244
1836059692
1843398701
761276425
794830857
794912779
795046923
804516042
668061834
667992250
935368106
935376298
927184314
861074826
827512266
829619658
863172954
870570346
853563754
853629306
316885066
316920906
317182026
317182075
317050925
308662316
305108012
305042708
305044740
321838404
275677125
275656645
284110740
285157028
285161124
285030053
283909869
283909871
283925230
300207870
333747790
316977998
316977934
316977466
1390784554
1407693866
1407694891
1399302203
1382459449
1382459672
3529938952
3530458120
3530408136
3530342904
3531592616
3556668076
3497924271
3497395926
3496349398
2422677078
2489810742
2498098486
2493838390
3047466037
3047990580
3047990804
3182011908
2640942596
2670233324
2670251757
2670218990
2536062958
3077250278
3085631606
2510946390
2494173190
2494177293
2494243084
2498322700
2498327832
2506869048
2540423464
2536081720
2989198088
2989071176
3005782728
3072890504
3039400632
3022582457
3022582443
3022848682
3022914222
3043431402
3076591978
3076730938
3068339210
3068210202
3064211482
4137953306
4137969674
4156385482
4160571530
2004438411
1999226009
4146835624
4146765992
4063142072
1920315528
1920041432
1918022248
1926409768
1920051753
1920002622
1914776350
1914840190
1914831086
1915093222
1928200438
1387135170
1403659330
296430850
15415810
1089157650
1156258322
1151941138
1286158898
1286158898
3433773602
3433774642
3417931538
3401115090
3400050097
3404248480
2322109856
2318114192
2368376704
2351599232
2355805824
2355799744
2221651568
2489890400
2489890336
2489890660
2959719908
2959841764
2959837660
2976553932
3005913804
2720774876
2720575228
2720850540
2808922665
2808922730
2775339626
2775409514
2758550894
2758285438
3169323126
3169654870
3182303254
3186505734
3220057094
2683186182
2662212935
2663327221
2663191989
2679641495
2679643542
2373721510
2369523110
2351369638
2351304150
2351315990
3446940678
3450088454
3484183558
3484280839
3483957253
3488143460
3475541472
3442181584
3425338048
3292181184
3564806736
3589910128
3552094832
1392028272
1378388948
1378601364
1378507908
1378496693
1379537063
1379598502
1398736054
1358759362
1358247619
1088775683
1088676354
1088610834
1424208434
1424077362
3705775666
3718295062
4289768246
4210146102
3933707030
3929447183
3929966925
3946679805
3945563304
3945042089
2838790635
2872242666
2872239082
2872206762
2918284718
2914011566
2914061734
2897281431
2901881741
2784371597
2784371132
2817332392
3874228392
3874232504
3874437276
4138609564
4088277636
4054779588
1907102412
1894527692
1365537484
1365665740
1399220036
1399244229
1936113863
1944158255
1910542383
4041244713
3772814904
3764431384
3765479992
3761281592
2685508120
2702293528
2769329784
2756739688
2765144680
2767405928
2758939373
2775720701
2775720878
2775594406
2809137318
2816477366
3890284726
4158855318
4158798990
4158792910
2145542222
2146557966
2146492702
2146493738
1592912938
1584487482
1582565434
3659335722
3665434682
3690605594
3416928026
3383440922
3383231002
3383230986
2309489162
2313713183
2313807135
2313743677
2347302188
2347290412
2330494844
2330691452
2330627572
2398854628
2398738660
2388191461
2405165157
2405068085
2237299973
2245680389
2245779220
2245590820
2161949540
2161941092
2153614036
2153745108
2152176372
2152709876
2420948692
2416746228
2434567844
3004993188
3007090343
3006111654
3010443174
3010459382
3006265046
2972712662
2955869942
2687462391
2691643831
2700032183
2695706806
2964143286
2981043606
3018792342
2993036694
2988588182
2992844950
4066582678
4066582742
1944264718
1910579210
1893801994
1885544458
811676954
811600939
811604009
811674633
828599304
870355976
870614024
1944356120
1743031608
1726463544
1743171096
3890652696
3882258968
3844440632
3978347048
3978383976
3978506857
3965854571
3840090218
3836949738
3836950714
3857791130
1709193354
1977620618
1935693962
1935793290
1382142090
1382256778
1382191242
1382191578
1390584617
1390518828
1390469668
1122233888
1122139664
1114005248
1113984256
1114508304
1115425825
1115442211
1132354642
1131314370
1097784514
1097779586
1097845122
1089461138
1089330162
1089339106
1088974434
1088974370
1089039922
1080782418
1080786882
1080785858
1080809874
1080793267
1080802451
3505099921
3505357248
3521610576
4058026528
4049642016
4045447716
4045448748
3072372268
2804148780
2804087596
2808269096
2816526632
2812594520
2779104712
2917585864
3177632457
3177607931
3177542383
3177476974
3185865070
3185856814
3182260542
3182293278
3182293278
3186225502
3177771358
3211321850
3207131642
3207157210
3190447579
3190454473
3211458760
3077236936
2817128904
2783509976
2783499928
2700858008
2692465336
2692731560
2692608680
2688348845
2691487663
2691548598
2691419606
2708069879
2708077879
2708204855
2741694229
2741956357
2741960453
2750404373
2750240629
2750175205
2750175151
2741794735
2741794223
2741786031
2708229567
2716615870
2750230750
3010404446
3010338846
2985189406
2985254942
2968350746
2967827482
2967919642
2976308234
3076979722
3060202506
4129772553
4130669577
4130672904
4147319097
2100498729
1818432297
1818297147
1826820891
1827747099
1823483193
1840280857
1840280840
1844499720
1878116104
1869709880
1865667128
1865937432
1735782936
1702220344
1701106280
1684297320
