1718010125
1717748175
1714569391
1846542510
1846550702
1845502126
2118268302
1975655375
1959926349
1957829132
367344140
333721164
1390682828
1387004621
1403863807
296665854
346997754
883945786
879541530
875411482
808237082
825010234
841264170
572843130
573038794
589709450
556679355
812532648
820926120
816840232
833415736
1907141144
1944890905
1676650059
1676522186
1642889882
1684964014
1684976302
1680777902
3828265599
3828323135
3828142381
3828150573
3878446381
3861651757
3865981229
3874357548
4005495084
1857557976
1855530377
1872375177
1838811529
1824148363
1958366091
1962663310
1954141646
1949888718
1949884798
1698226479
1734926639
1726603565
1726674269
1735065037
1702551437
1700694661
1700629159
1707380399
1703188142
3884229102
3889471534
3881082926
3879202879
3878150159
4012302351
3978748205
3991324205
3988246059
3971305019
3971758874
3908839690
3896256794
3895278650
3895409946
3895926030
3898541902
3902617598
3918341806
4288488109
4271846068
4271129220
4273259140
1580499588
1595254452
1595190948
2131798508
2131798252
1997716591
1997716510
4113730574
4113746958
4247932222
4252113198
4294126398
4277546758
3669376790
4203812646
4203746086
4203832182
4220646397
4224746492
2068873396
2063631540
2046862468
2046862468
973137028
990000276
1023550892
1006773933
751963839
747768462
747719310
1032907406
1066462654
919643646
919707726
919777295
907530271
355749949
339025981
338572317
338566973
350882340
346688053
346754583
498615879
532210246
519611142
511606798
507413518
976653326
976657439
974634029
974431276
704962600
704962664
704962792
721777080
688322216
700898984
696684200
696618648
734330760
1799677128
2063918152
2097577048
4250275176
4241886953
4109829801
4106031801
4105966250
4105974442
4105769642
4105712298
3568046762
1416364906
1345070346
1345184778
807857163
807856138
539473930
539002890
555845643
577930264
586580312
586580424
1919189576
1899790920
1881117224
1611574824
1611639404
3763321837
3784219062
3818827910
3873353862
2793324678
3861791158
3861778854
3861265830
3861195174
1675897254
1639197103
1638934968
1706112408
1706045848
1708130712
1699791240
1695580553
1699783631
634431246
619744030
610376478
1684117822
1831057726
1830992958
1830988862
1763877935
1764918317
1762825516
1746044204
1750320492
1749075452
1816188360
1828775368
1862526344
1845684153
1846959787
1851149994
1859604138
4025863914
4021604123
4024756489
4016335113
2943839497
2952144185
2952205097
2952201067
3990094490
3839103626
3839173546
3835044778
3834970539
3837001849
1956905993
1956915208
1969547272
371501064
506767368
507480072
507414537
507413643
506118283
506134683
506073274
472789162
409871019
413541031
146223779
145767987
145783315
144747059
144747059
224508179
241340419
241602561
103190529
104759297
104497348
305808532
288057516
272198568
276519592
280567464
280503016
278401609
278397451
278729258
277750570
294530090
328103978
1389295627
1377744905
1379768392
3593244104
3593242360
3593245432
3593245368
3605631657
3753546411
2679829162
2579133098
2579116714
2583242158
2574789870
3643288814
3677957374
3678018762
2067414218
2071604426
1064844507
1039695176
1031332360
1026081304
875295320
338354888
355099528
288059560
292044968
279463080
279725208
15686856
82713608
78535944
78015241
10906171
61238810
48637450
40108810
103023418
103023162
372642362
374739498
391390058
499393897
474269897
482658555
214927802
214862218
231119754
232163274
211256138
211259674
217493550
207003687
202809381
471113761
470787104
1024375808
923703296
907970624
910068048
578719201
576685537
571256995
571269287
571269287
1645109422
1728983214
1682847662
1687031486
1822366351
2090805903
4238162638
4238092878
4237568590
3721670190
3623161710
1475810686
2012680702
2008936894
2006819253
1989980404
1988923612
2001510428
1997307964
1964620828
1964619804
1950013468
4097755951
4097722926
4121824862
4121821838
4121494158
4155060878
3618124463
3618120108
3622314156
3593220252
4130267272
4130775176
1983294680
1713612856
1650505784
1667283211
1650632970
572699658
1646444554
1646329882
1646329915
589697065
556146984
552470248
548276920
548276872
816790153
816593546
816621242
820814298
829194250
825069594
825205818
808365098
825142331
1898882315
1634632971
1643021146
1643086683
1659867771
3807023663
3799691823
3793265183
3793265198
3793273391
1644839466
1645875498
1662652714
1702760490
1684935754
1684945994
1689205835
1689009275
615255289
615253193
2091668680
2091684936
2091684872
1554824473
1609477995
1580117995
3727336378
3727204746
3731456394
4142584234
4142559658
4142543275
4050265519
4033423791
1886005645
1349138828
1350501772
276574653
334766509
301278109
15012669
14962997
14982439
275032371
275618065
284145937
284146433
284072448
376344064
372164096
372114113
371589811
908202914
912470178
649076898
647241890
579085446
595601542
583067783
570550421
855846293
822227359
268579775
281150446
8602406
8406838
9498374
30447878
66108678
49655558
44476174
44992206
45778574
62574476
60484492
33057196
70838700
70822316
70827044
2991124
1345101872
1349300272
1349361712
1399238656
1378259200
3525739264
3593389632
3593408144
3727563427
2658024098
2649501410
2628527974
2495357286
2495099214
2226725326
3300401566
3233295790
3229092013
1077430413
1077667980
1111156876
37416076
305832076
306090380
304972796
304382761
845193515
861973803
828430634
828459386
811993978
813043658
821444235
821176203
821174699
301146541
300941805
300961869
333480205
56725773
56729893
56664357
18915365
18985021
2261007
2540559
3066894
14600462
9063198
8935790
76080510
80245070
72896846
209318238
234529368
447390328
447391336
980135784
1043110216
774670424
774674536
774675560
640069736
641130617
641081545
640950473
640025065
623248105
619065963
614932075
548346489
548264521
1621924553
1621928649
1626115016
1898876552
1932432024
1915663096
1915663096
1932423768
4113445599
4113445870
4125961390
4121700518
3047962790
3081586822
4138619014
3601731718
3605926790
1458443214
1466708847
1467228457
1416896808
1417034776
1425479704
1426003992
1416444185
1416427850
1147972042
1198296458
1190036362
3333329306
3333337594
3333349866
2259444074
2259427370
2260611370
2248021294
2248029999
2248048405
2260723477
2193401621
2193392916
3270282276
3261893668
3257714788
1110005876
1110317140
1110317124
3029836
271465036
275651276
278788813
328006399
311212782
315406830
38574302
34535566
51281039
5128067
13516435
9320113
8730289
8401584
8401568
12596192
8992
228608
33717505
33713409
37770547
46137635
46137638
46399798
63309070
13502798
14571982
83810702
82828218
82106266
82088858
216060843
266392491
267449259
231760299
230777259
79914411
79947195
79873418
79875466
79859082
96577946
131115947
38842281
40937432
40088520
35820488
1377993544
1378059113
1377861930
1395695978
1362141546
1349620046
1087881546
3235267850
3231058202
3252042042
2180131130
2213701898
2275605258
2258800411
2258666265
2191569177
2191564857
2191564840
2187624488
2183446572
2184036588
3257812156
3224000140
3492435596
3501121156
3502104205
3498901151
3498355374
3502549926
3510958502
3540445374
3540412638
3506841670
3510773766
3494001942
2161450294
2161454902
2157258294
2173974070
2207519526
2206467886
2190213438
2190213399
2194407701
3242983805
3226407288
3226342264
3226350168
3226353272
3226286712
3222026840
3223067209
3290315595
3309205323
3488510795
3484406603
1236128089
1219359080
3366777320
3370972648
3358391784
3358588408
3357998536
3374776200
1228334985
1266021323
1240785882
1234297850
1234264954
1217622378
3365105962
3369334058
3377591658
3405884923
3406015881
3461518729
3469968776
3465642904
3465581496
2391843240
2396037544
2383458733
2383513007
2383648174
2400429550
2618483190
2618478966
2631057782
2626864438
2645673267
2549151505
2523981329
2524045905
2519986881
2524082816
2457211524
2482440100
3522431396
3547601060
3530832101
3530898485
3262522374
3258327046
1110777926
1128075478
1077817494
1079382406
1083574150
1149718150
1149488789
1150409460
1152449332
1289808164
1293986084
1294052660
1294116628
3441603093
3458368023
3392307826
3390296786
3402688210
1249933026
1249914850
1250176354
1250176099
1586773221
1609897124
1580679316
1580646532
1578614916
503685260
520396940
486597852
469891388
471333180
339147580
342293308
283560460
300338700
312922636
381141518
922141198
855020094
840217390
571782446
571772206
554535946
542018827
592360781
572437981
572306607
573871279
573883567
1645593765
1644616868
1614965936
1614948736
1623341696
1888639680
1888567840
1924141601
1923359250
1986273794
1982079798
1462710318
1416496170
1961756682
1957300235
346691595
347957323
347401419
347382219
368083402
393249754
386958330
889294698
889432362
927115562
918989067
920036367
911589405
845004861
302989357
302911533
302919725
386535449
336200779
475667291
486218458
482024186
1554873002
1286400651
1286401675
1285849739
1319994011
1320129243
1589555961
1587454569
1587323437
1586799917
3730160685
3725886508
3590619228
3590631620
1443160260
1460028868
1430408948
1439091429
2005322343
1988610678
1993670198
1985257814
2119545046
2132250838
2081665166
2083771791
2083868559
2084376255
4231995054
4239929326
4239926638
3166186798
3165132046
3165135886
3165250830
2678830862
2679878159
2663027276
2667086540
2654520028
2669204376
2535085240
2501803176
3025565864
3033946296
3045489048
4118932105
4156616395
4283495130
4279300666
4281385530
4248126266
4248698922
4252639274
2136482922
2136489210
2136554650
2145073306
2147101082
1572551355
1571441291
1554775695
1558767309
3429425668
3425497396
3425497380
3429757216
3437744416
3454460704
3739415296
3470971392
3472015872
3471950387
3478143526
3478135342
3440382762
3440578842
3440522507
3478273032
3444983816
3453470728
3486816280
1590995032
1590999241
2129955979
2130477242
2130612458
2118037994
1983816170
1950261742
1950245326
1949966734
1882854799
1882917285
1886919596
1891117996
1941449389
1924807309
313212551
313029382
313295158
317501478
309108774
824483874
807837746
807843075
539401987
555126017
588090593
571260065
571241633
571211921
571343025
571347105
559292839
615973486
614798974
615464458
884812298
884763214
882698574
1021086158
2098044366
2102961102
2102960890
2147328746
2143203946
2124321322
2123663150
4275365182
4267025486
4262851678
4278318190
4278252782
4244755942
4249278439
4257666775
4291217093
4022634181
4014245877
4015372277
4015435093
4023560964
3990006532
3914378036
3897600804
3893428004
3893445924
3893498132
3895926820
1748836388
1748566052
1752891621
1807355285
1857698695
783887046
783821518
781724238
780954382
646229770
1732289802
1728095498
1728087321
1665240381
1673629245
1673760301
1661439535
3792160302
3809347118
3809361454
3809357422
3775867758
3789031534
3785885790
3770162270
3783800014
3783798924
1904795784
1921560712
1377345688
1379508360
1377542296
839560616
856353704
537561832
550144761
546212569
1622584265
1622583753
1625597128
1633714312
1664123048
1645334952
1645372328
1662132904
3811713704
3807585962
3803391658
3802271402
3818933754
3818966362
3823155466
4049832203
4050037005
3777211916
3777150524
3810972477
3794195223
2724610870
2724611046
2726236846
2725708462
2736064142
2685738894
2690480537
2698901752
2696730680
2695649544
2968009992
2959614728
3009946424
2456367401
2481459246
2478309422
2476216558
2475238574
2441807006
2441741454
2173355142
2173416582
2421732575
2486732044
3576470796
4146899212
4130319116
4130254356
3861823252
3862856980
3996942356
3995385980
4012331244
3978703020
3966116004
3975549863
3971420838
3968873126
3967824550
3972277926
4106692342
4119227718
4287097926
2123689158
4141148358
4131285190
3594390662
3594388670
3593340847
2012152495
1956905641
1956917976
1957979864
4105496184
4101287464
4147948584
4147946536
3879710797
3879633743
3845825039
1698275886
1681650286
1681651246
1681514286
1618495790
1626949678
3790539783
3790486597
4084081860
4084077764
4067296388
4068345236
4076156836
4071892708
4072424052
4071543300
4071547415
4088177454
4037845294
2959905834
2955774010
3022952570
3022952810
3022953210
4113554058
3866939019
3798844042
2725204618
2792182702
2800509102
2800509102
2800509167
2767090895
3034983503
3034985551
4108592431
4108591406
4108333354
3035631914
3044281626
2538944779
2538957081
2539645244
3621710092
3586055428
3569074436
3569058756
3571172231
3562656166
3560501670
3560960162
3577659570
4114011266
4118207622
4126539207
4124371300
4115966828
4149522028
4145528408
4128759369
4130719177
3862218186
3865433322
3869697130
2797052970
2795799578
2795865098
2800193546
2787501851
2737104441
3761759785
3761690153
3762210345
3762210345
3764178493
2690174559
2747830142
2731051134
2731128926
2731128926
3796482119
3809327109
3842947445
3826187621
3827234148
2772361701
4017901821
4000059645
4000059581
4000256191
3882750399
1693324222
1626218138
1622030986
3768990346
3768662410
3768596618
4087430282
4070776970
1924198538
1924178058
1924178410
1923130730
4053904682
3814963498
3793979691
3793979401
3793913865
3861292040
3861291032
3861295416
3844510520
3962487336
3962491436
3962454757
3962307495
3983283622
3983285670
3857456550
3853327806
3836157887
3837138575
3837148813
3837210317
3853789709
4139002669
4139022639
3870619679
3869635598
3873869838
3865477214
3861287134
1965461662
1948701838
1948404942
1948470486
1948322851
1948263715
1960845601
4154466848
4154467888
4154535440
3517065728
1369840192
1357253312
1080889072
1348744929
1357128163
1358196899
1357214899
1910897811
1936174227
1919330451
1916180609
1918864769
1644986576
1646039332
1646039332
1648140844
3811500588
3777947173
3782146597
3790527023
3857173054
3891579678
1716833038
1716963598
1712774158
1847059518
1846861870
1846825070
1846821038
1866350735
1816023183
1819152815
753735335
1822768831
1822768799
1822891678
1823751934
1825843166
2081695054
2081696782
4229053711
4235352889
4239542824
4239510072
4237344264
4254115336
4270891528
4265910812
4265980476
4265980269
3192385646
3192246318
3189031982
3172748326
3021916934
3028220422
3841911303
3839413795
3772307235
3763879939
4032442369
4032438272
4099551252
4112199732
4112069932
3541641836
3536403068
3532131071
3532131070
3532151694
3532183950
3600323983
2251993741
2267718285
2218435205
2218451591
2365223554
2359248802
2361149602
2361157858
2415159522
2387961922
3461770242
3462292482
1247727619
1247723777
1247600945
3374179683
3628064115
1480497602
1480493506
1480494018
2023722482
2107422178
2139922641
4270628944
4262244384
4263309408
4145889376
4114513252
4118731492
4122921701
4156541637
4093496005
4081053639
4064212807
4064203543
4068430375
4071363119
4155257662
4155256622
4125895022
4110162414
4101839278
4101717902
4101665678
1952007054
1884832669
1892184493
1900550052
826806180
554183588
555428836
588918772
593115124
567940593
563873009
547114451
551308739
542657475
540895939
540502769
624326449
668094753
651297057
649134357
653271311
653288731
653551931
668219691
667166762
667170874
667883610
667819466
600703435
600768971
600654315
600691179
869057451
835491771
826578843
826578315
826652063
289781183
289908159
289842615
289845687
289845687
1371971991
1372037527
1439020487
1464243655
1464253895
1464266055
1465806103
1465787679
1465783613
1467745581
1467754285
3623845689
3623747387
4158504799
4158439247
4158431182
4150036174
4116546270
4116566782
4116402943
4116321007
4116325359
4118356909
4118353325
4118371515
4126800059
4116298142
3780950926
3780946574
3776745102
1629390558
1731634159
3861356653
3861045292
3861012484
3860987909
3860988981
3861054757
4158664229
4120919597
4104392509
4238612236
4238615820
3703316813
3701437919
3718178222
3717922222
3566832062
3562572254
3575352718
1430235015
1564321733
1564271957
1597826356
1564472628
1564408868
1971240228
4160655152
4156458752
4139431424
4143551168
4133000885
4128816805
4128816807
4144682662
4094318230
4028236422
4030333654
4033610278
4042008358
4037291042
4037290018
4104402978
3584433202
1441139778
1442186306
1173759042
1307915634
1291265394
1291730258
1291722002
1291521298
217652018
150477603
166211361
182988080
174658832
174805264
175100240
243257840
517837281
517244321
516205985
532986033
390445233
356890801
352697521
335992017
337008449
269882881
4066819
2886179
23874083
334289699
329816115
313037873
1386778624
1386906624
1927973888
1920904448
1916700992
1916636144
1665121008
3762274017
3829250017
3829195235
3833344227
3833336038
3833335958
3833337014
3831309734
3839823782
3986493094
3986495158
4255069894
4254950983
3181143623
2682054149
3747407621
3747538813
3747501949
3747481439
3749381583
3749256670
3757645310
3757596158
3757604335
3757630655
3749306527
3749687503
3212804303
3212804431
3078600478
3078598270
4148145774
4148160110
3078214398
3078177519
3052946415
2784514541
3086512364
3078116444
3073926156
3074124812
3055185165
3072226621
4292743981
4290646821
4257092357
4257153805
3703063309
3696776557
3698940397
3694848441
3694840203
3577400203
3576683407
3610039951
4067218063
1919730591
1928315311
1945067695
1945919663
1904075175
1904140679
1899909767
1948140230
1948075718
1948012006
1962702950
1958570086
1958619142
1974352966
1438462023
1471963637
1471963876
1476354788
1476358884
1467344612
1467344624
3581386689
3581392833
3581392707
3581318977
3547760385
3547846449
3547723297
3556111909
2481321573
2481444453
2477252213
2477120116
2481258276
2481231140
2472837429
2472915229
3009786143
2993484558
2993484046
4092585006
3580586030
3564652582
4097329238
4114249734
4114278402
4146783491
4134183744
4277842496
2126230224
2147463824
2105463424
2084455105
2083455687
2083325670
2087460206
1827417134
3970443310
2092644366
2092644366
2113415182
2002266574
375074702
370816958
373953471
382276031
378343605
378474647
362697111
1438565335
1202619158
1122537262
1122544430
1122543918
1181464858
1181415710
1181416719
1174033671
1308246293
1291501876
1289339364
1545118180
3694698932
3560877956
3560872580
3565062788
3571288756
3565992676
3569659492
4114916908
4148486700
3075437357
3075293479
3613196327
3579576359
3564961895
3565028547
3565040835
3565038977
3571416993
3567209363
3584019331
1457376195
1459407811
1458853202
1450537298
1450471522
1446260962
1446256802
1412833666
1278616962
1282804610
217451394
213191666
212077538
212086611
212084481
262341392
249627168
175231776
441488164
1511044388
1514190116
2051056932
2059448100
4223708716
4215512700
4198670044
3120996060
3121004252
3122575084
3143562988
3179206380
3178121068
3169731964
3119449404
3120305453
3152815918
3136038190
3136040238
3127643182
2607615014
2574126102
2557377542
2565235782
2566284358
2564284482
2564284738
2554754499
3360114163
3359900899
3376686243
3376751782
3385210038
3385201798
3369469318
1221922199
1221860597
1288973556
1280584772
1282931717
1329042437
1310953477
1310953735
1310953735
3470823734
3467682087
3465848167
3464799717
3465008549
3477500845
3289252589
3289256653
3290309199
3294568991
3301712687
3301713199
1150037101
1155349624
1197347912
1111377097
1110361545
1110414841
1110222315
1131193834
1408024058
1403360762
1403492313
3605436361
3598156760
3593777656
3593773432
3594445176
3594416172
3611177004
3581813036
3573494124
3573354860
3573366760
3567070201
3583372171
3617045386
2526395274
2528152458
2532345850
2522907514
2518782235
2518855995
2536759593
2507235629
2490376495
2498961702
2499155238
2625046822
3160754470
3161377559
3161360901
3211696837
3060707012
4134384260
4134371972
4130964373
4130926758
4130889894
4128776358
4114481318
4097716310
4101907462
4236127502
4110232094
4105763358
3032009246
3046738446
3197864463
3196632591
3196625437
3130565421
3126362159
3122167850
2855907374
2872763438
2839215150
2892680486
2901037047
2897166996
2901160580
2759598732
3828626076
3826520732
3826397884
3826396604
3973064813
3970959407
3970172959
3970361359
4020676623
4003901199
4000285199
4000154143
3997008509
3994325741
3994333933
3994346149
3993313957
3993318325
3859099823
3881049262
3885254830
3851864250
3851847882
3837175818
3837241866
3835996683
3831805449
3844387352
2804716072
2787938856
2788016940
2788147500
2923414828
2935310629
2935322935
2813669142
2780179990
2696291926
2696296182
3774089174
3765701782
3760982198
3760986294
1617836215
1627273398
1637235846
595999878
595928454
864301958
864039830
864040886
864108431
327232399
327166877
331361197
323169199
323104159
324167055
827568287
829456539
544245243
544259435
1617988399
1634835005
1634834973
3877879309
3861034509
3995248141
3995329069
4012074533
3978442277
3966111207
2914453671
4019521715
4002745523
4002897075
4002929811
3998723207
3994397893
3994462208
3994462464
3979786752
3961948672
3961948692
2888222260
2888107557
2825655846
2825133606
2825129766
2824866918
2833257702
3098546406
3113234686
3145736398
2608868558
2608867534
2374264974
2370062735
2350894479
2350548141
2623189164
2630525340
2496180620
2496182152
2500373132
2501880540
3038685932
3040783212
2805377836
2809564429
2815930637
2815795997
2786374189
2786439725
2786890277
2786891301
2786907685
3876341287
3876390630
3848091046
3848019118
3833334974
1684347070
1625700543
1622554815
563493023
562440395
562358283
596944907
596682763
1653639435
1657835050
1645317674
3793063486
3808921118
3775387166
2701553391
2752917421
2757110692
2763458980
2762279348
2914376596
2912222084
2912201668
2916396805
2903813927
2905911078
2905922838
2938568470
2938535718
2858815013
2868251191
2878741062
2877565446
2844011286
2844002598
3117680694
3101104150
2576759814
2592547846
2592449542
3129256982
3129257029
3129252036
2857666756
2855635156
2939653332
3826687124
3826695556
3826707852
1612082092
1611930540
1611938733
1651771823
1660225982
1654918335
1671695517
1638210700
1638823308
1638851276
1638908476
1672462908
1672073757
1709987342
3828100894
3828099386
3828235066
1680751150
1693321774
1689063406
1690045903
1975270600
1973169356
2010916044
1998447996
1981715308
1914082300
1913951181
1913688782
1917878910
1896908398
4026568294
4026645046
4030917411
4040321312
4040304672
4038461744
4055244032
4072027904
4072068608
4075193089
3806692647
3798238246
3794050086
3795102014
3795102218
3812080138
3809970698
3808857631
3875964462
2802767726
2936938862
2937992686
2877165038
2859342318
2867542270
2863208702
2863209694
3198883038
3198824655
2662932684
2662883532
2667111628
2402932940
3560868300
3565062988
3556674124
3539962876
3531389420
2990058668
2990055612
2736698252
3760099980
3772679820
2694743775
2696253030
2699337254
2686758438
2686774822
2687266806
2737712558
2720938414
2725121470
3870163102
3871281310
3871088798
3887931547
3853389899
1957572617
1961700361
1961634057
1953299225
1961867835
1823390219
1840093706
1840025098
3988554506
3925258555
3912671273
3979780137
2906038312
2939478060
2922864932
2788566628
2801143524
2794916516
2794719908
2794719925
2782141383
2757046086
2752914694
2752910102
2752774934
2752788254
2773761854
2915305790
2944862270
2911250479
3179702317
3179792645
3213159173
2667867653
2651092549
2516940279
2517069990
2525384870
3062255766
3062243462
3066372270
2534689966
2486487291
2486618203
2490816523
4101425163
4099730699
4099712522
4095451675
4099580635
4103792361
4103788204
4107847340
3027822268
3039356892
3039410140
2772090716
2772080924
2776533309
2784336189
2782174013
3847527965
3843544589
3843437133
3776324239
1630610095
1630548911
1630535855
1643119791
1636892829
1702961305
612442249
613426248
546318348
816850957
274746125
270653983
270785294
367181086
397578462
1989312711
1988272263
1988207797
4135626213
4131696996
4131689252
4060386109
4062098189
4062077711
4080935727
4047242607
4029484398
4033744238
4038002011
4037875019
1890391819
1357717259
1357848330
1374579550
1139796478
1206906078
1189934222
1181532302
1181536407
1199567239
1199493543
1199501735
1199563235
1207944641
1207420225
1207424371
1207432563
1172796787
1432714577
1432698353
1432821233
1568088049
1568088051
1601378259
1609634771
1609622514
1609605474
1605411170
1609605410
1609605426
1607578902
1473353014
2012462135
1987230773
2003999765
2000083989
2000079924
1966497068
2098597692
2098597501
2085953149
2094349935
2111583855
2107389823
2107396959
4288467911
3750531527
3733823927
3738018213
3737953701
3729567653
3724913589
4261853941
4261845716
3205925380
3178663684
3161425684
3027076916
3027104564
3027104564
3022860917
4096533223
4097320866
4101778850
4127001762
4122807474
4122811570
4155913346
1471558850
1475748930
1433756739
1165290803
1165290803
1165356369
1308065105
1307999681
1307975105
1333135297
1333200881
1333089249
1341223907
1307636705
1307632625
1307633649
1297133553
1280356211
1297203059
1293074227
1299354899
1567806722
1467401474
1466352898
1474745618
1474811251
1475728755
3606443491
3606371809
3614752225
3614747124
3612715508
4124421076
4126654164
4110392948
3858728500
3892150836
3874271541
3865882662
3861680166
3861168166
3861299238
3978694694
3961659510
3966903638
1827814726
3971161470
3971221758
3992197582
4009176014
4278070014
4273933999
4271705757
4204543628
4204536460
4206650316
4227187181
4185379181
4168273965
2016591935
2016645183
2016473149
1748034584
672164872
672148488
672283656
722603288
705826360
710280808
718742072
714351113
781464073
783553035
783548987
787235371
669795115
661472059
762135371
1030574539
946730395
955094203
955094203
686658747
686134425
686264713
686272971
686207307
736534810
707192122
708209722
708192314
706030698
710223082
718606506
720699530
720699786
710214554
717562539
717498027
713041579
713045658
729813642
1003491978
502285274
501236010
266421546
1335971130
1335971610
1335979834
1335979322
1202023706
1202549978
1135170713
1135199416
1139376296
1122599336
1114214824
1126801832
1076474280
1345032472
1345035576
1344973096
808429864
812619832
829331467
841915659
841911051
910084874
907988778
908029226
907813930
912076858
855507018
317587598
300548230
275452050
275579027
271385491
275722931
284110499
279849651
279853699
279788163
28064403
44838835
44852403
49148055
1140314195
1098354739
1080398115
1088730402
1088728355
1105504547
1139194131
1114020609
1382977088
1382977152
1379894928
306164624
306160048
306159793
841979105
841845859
841545763
845735971
845932593
594204689
560711761
560715858
560855282
556759286
812325350
1886067174
1894451686
1894324726
1357462482
3500747458
3500747475
3500883552
3299677792
2225869344
2225349168
2225398273
2275713537
2258871043
3336742678
3325135158
3325266231
3308423445
3291990292
3291834624
3291950912
3291895616
3293987521
3297166275
3348091762
3331305762
3600789554
3334307858
3337195574
3731399718
1596501029
1546184812
1547291084
1547357068
1480515212
2017453788
2018894588
2044060413
2044191319
2044191302
2101731926
1560606038
1560573042
1594168354
1599020067
1464735795
1464797201
1188900112
1121922864
43660848
1117393456
1116406272
1116471809
42729987
59574099
63922034
30235506
30211938
30195555
30195699
30261201
5095409
900081
1031121
17807745
21871057
55163859
34324466
34322162
50968226
50914978
1091104418
1078513570
1352194450
1167644802
1167686787
1201552514
1207838146
3338544578
3468567362
3468628818
3485225250
3483169062
3449352238
3302532206
3428363371
3428362712
2623048136
2641923016
2671361624
2671485720
3594171144
3592065288
3613036824
3613053049
3612033258
3544780010
3523811498
4060821674
4128925882
4128962954
1985675146
1996195530
1991869259
1740157209
2011734073
4146634809
4281988137
4248310827
4231607339
4229562666
2014970666
4175110894
4170785455
2023301804
3633918648
3633853080
3700965000
1293470344
1310231176
1312729736
1310632840
1314892233
1591060958
1591051390
1448513582
1444319278
1446416422
1445368118
1462157570
1428611330
3559310083
3573007201
3565479904
3565463460
3028593572
3032783836
4106522444
4102326044
4104028973
4104037163
3036471595
3028049978
3023846442
3023902762
3023968299
4114504171
4143848091
4138602123
4138467978
4138484362
3601679274
2532209134
2524848622
2503879958
2484542214
2220300806
2227513878
2228497974
2223255094
2223253302
2223248430
2223246382
2223246375
2224294007
2176583751
2246859079
2238568919
2171599303
2171582935
2171583927
2171583909
2171581877
2171580852
2154803604
2154803588
2154279308
2154279864
2154214824
2151066088
3241585145
3241601227
3275139210
1127721354
1127673226
1127675786
1128186762
52204474
54309294
58499311
57499765
1097752661
1080975687
1148086082
3303993106
3305020194
3303836450
3707546162
3752835843
3601772291
3601499393
3601694768
3735916592
3731673120
3726901473
3727949989
3727818927
1578250667
1544696570
1555173898
481443339
480459273
211827208
211872312
203467336
204516040
204508809
473010057
488738713
527538107
1584706491
1579525119
1445962239
1445917175
1445867879
1430135139
1345986915
1350184417
1358563713
1354440080
1354438032
1371214736
1388139136
1388102277
3533210119
3533211190
3533216302
3533216298
3533220394
3537415786
3531130570
3529040794
4061687979
4063821995
3527279849
1379271896
1396061256
1362502728
1344677067
1348888010
1357307790
1354157726
1352436398
1402768366
1385991534
1390191646
1384030221
1384112180
306012196
306143268
322588900
322585524
861815444
828294788
811503237
819894983
819309095
1888791078
1890892590
1886710078
1882481982
1899307294
1932931406
2000556526
2009007086
2008548078
2008549101
2008551116
2008558284
1601710796
1597533132
1564203996
1562188764
1426394589
1430721885
1430401311
1431445823
1431446319
298862399
294708765
294698556
1368563517
1389534253
1375771693
3523251325
3523513549
3523576975
1376223367
1393004695
3502690751
3498464191
3565564857
3565565929
3566480171
3570674475
3344251678
3323934990
3326032142
3325899022
3325563150
3327656206
3294232606
3302629406
2224699654
2224687366
2157644583
2159557223
2176347879
2193142453
2192085637
2192081325
2192081069
2188148909
2452391085
2470294717
2436739261
2420028364
2956894792
2956911112
2956870184
4034799144
4034800168
3766295400
3781957848
1936201944
1936211081
1915363467
841617546
858390666
862585514
833500842
834415274
833891002
833637003
871467913
846378953
576889289
576954747
576758058
576758570
576759082
1646312490
1646377002
1647549486
1647546430
1714655295
3794980911
3815927853
3782612205
3764784557
1617824413
1626213005
1627339421
1623009948
1620847260
4040959628
4057752268
4059881740
4092370956
4092108828
1911090228
1906886709
4054440247
4054473510
3517585190
3522822950
3512214422
3508019614
3506970782
3511428238
1372335501
1368152716
1368279720
1397635816
1376724489
1444282889
1110778377
1362370875
1345597498
273953918
282343646
75507870
75704718
75655566
1179018638
1175896462
1111277710
1109954638
1382584618
1386787114
2007541545
1957407240
1957341960
1978378520
3743987944
3745011883
3610772618
3609067658
3575513514
3588096682
3583910634
3583910633
1438394076
1438396044
1168910988
1206680508
1194183084
1193773548
1193511388
3341921549
3341921549
3341917453
3341916957
3346246207
3585321535
3719539263
3736255023
3333601583
3331438703
3268462767
3257927855
3258125463
3257013431
1109537191
1344414359
1348608653
280110733
279981709
9443981
15780525
6343661
270592365
287368541
320987405
321057039
291681051
274965291
325100331
308325163
35695419
35703563
35801355
35802379
36849099
64114059
9588107
9595275
11675979
14765851
14739259
283173163
283173163
299954474
301257514
1398064939
1397001775
1363515967
3510999615
3511130687
3515189807
3515202351
3531979903
3531980031
2189802671
2189742255
2248409263
2251423919
2250379439
2250388139
3290571451
3303154315
3298963081
1151412873
1285569177
1285611435
1277199849
1277199369
1310831625
505523209
1042327577
908109865
639871019
640855098
775070922
775127178
775078026
1696743594
1679954090
1684149162
1688408746
1688221358
1956654846
1956654606
4104138246
4104138294
4104398375
3567530789
3573303061
3562852108
3290229516
3305957900
3339508252
3322923580
2249116220
2261698332
2525921565
2525335839
2543685694
2241638638
2224858286
2218558638
2217592222
2218710430
2216589191
3290310535
3561435013
3565432709
1418010005
1082596789
1079453061
1094066565
1127629189
1110851973
1110884749
1383502733
333823965
1407498605
1944103211
1918937131
1914742843
1914739739
1914929929
4062609947
3794174587
3810959979
3777426026
3760649838
3773744430
3769386030
3769368622
3773571102
3761053710
4029620254
1882076463
1894127141
1890911844
1888749252
1888761476
1891903108
1346659732
1363465652
1363596692
1405541764
1389808005
3535194565
3269777439
3269785647
3261342767
3257147439
3244568638
3236368702
3232105062
1085145830
1085085411
1085016803
1081363187
1076136771
1076010241
1076014081
1076012289
1428268289
1445046065
1982047761
1981978129
1981973265
1982300977
1983349025
1983361057
3994379302
3993314598
3993445678
3993445674
4266067306
4291036650
4238149018
4238218634
3701088138
3701083786
3699953306
3699945135
2361960429
2412291452
2387322172
2655696180
2656746804
2652552500
2518588724
2522778996
2530116708
2458894565
2462601381
2472022181
2467827877
2434338989
2419725229
2960801453
2963946117
2965269125
4038879879
3506207415
3493595831
3510374022
3509461638
3543016070
3513656294
4058788326
1890324582
1891397751
1895621639
1895753733
1358882820
1349376020
1898764340
1932314996
1915127116
1915130636
1647739661
1660911934
1656524846
1660724270
1668869166
1631116350
1612317710
1612319774
1616776494
1625173612
1906060008
4087102184
4086042344
3552841416
3544459208
3544467400
3263530988
3264198380
3264128685
3263604390
3264587686
3262440870
3325313446
3291889810
3291881922
1412571462
1416765710
1416634686
1412437802
1410355002
1461111562
1456909066
1453173321
1469885128
1438428808
1425587848
1412990648
3559622328
3576338040
3609899817
3605700905
3601707309
3601379629
4139290941
4135093277
4129002597
4112166373
4095405527
4099604422
4099823558
4108089334
4099696102
4116473070
4148458734
3880010990
3888398542
3787669966
3783414174
3783484831
1904224664
1908419004
1900100028
1896028636
1897007580
4044491128
4084348248
3547406600
3547346184
3545240860
3260026668
2190543404
2190555709
2207328829
2207328813
2239834669
2239769389
2357201197
2361444637
2361428317
2228260829
2219870111
2239005631
2239070894
2238026406
2238691246
2272116670
2536479646
2536479134
2536487326
2536421830
3073288519
3073288453
2809113861
2808986909
2808985885
2775564061
2810158908
2789185076
2923287092
2923254324
2923254564
2856071460
2856058924
2884370540
2829910237
2829999502
2830031246
2830039998
2829892270
2834086574
2822548126
2870259342
2852561615
2852577997
2852643565
2920670188
2924869612
2952777189
2948581751
2813970806
2812860790
2817124662
2775312662
2771054342
2772100871
2805687063
2771928037
2775318957
2775318957
2774795709
2766474429
2950895773
2929866941
2929932540
2930980876
2930977804
2930794508
2930794508
2935156796
2901594376
2901590537
2901852682
2893399642
2893347562
2889149162
2889133034
2889136618
2889141706
2889139659
2889335757
2755064797
2759254757
2767643365
2767643635
2784445393
2784313841
2774810977
3076867361
3076990225
3043370755
3043438402
3043442642
3185904050
3185838498
3198421154
3198426290
3198293122
3198316674
4276319363
3596674273
3597724768
3610306848
1462921984
1998727936
1461858048
387982577
387981475
400953506
396755074
363200642
346948034
346900082
346353187
346353187
346352167
484764197
493332997
1064741381
1058454357
1062574455
1044888951
1053201429
784760853
776441877
773107764
773103652
773104676
772123684
772208932
772163365
1850081815
1851654998
2103247350
2086207990
2088571382
2088646598
2029914822
2024213189
2024741621
2025798260
2025597508
2046569028
2071733828
4202152548
3942023781
3937895269
3935601509
3930370919
3930366806
3926172230
3926172166
3926225430
3926332198
3926274342
3938849838
3936224302
3952938111
2025789644
2025728196
2029992132
1480575940
1479970516
1477885684
1476898532
1497673445
1522837463
1522853830
1522980822
1522890150
1522889126
3687248294
3636908199
3636904357
3628368261
3628377989
3628377988
3628445652
3712466900
3712417173
3741734293
3607496181
3609069047
1432289751
1434255863
1417490942
1425879358
1421685054
1421160767
1418998079
1435784463
1473637643
106334479
106793311
375163055
375163051
375243931
375263369
375263625
377361033
383660729
400433833
366224045
366240429
349234169
877826377
877826333
877891645
875596847
875604015
874555423
891533327
925038607
2002973967
2011321935
2008155871
2005997231
2005937839
2010131115
1968450459
357899675
894701979
894501275
894632411
879890779
342962491
341851947
350235450
887151418
887200058
1038334234
1038529802
1039642890
1039499530
2111144827
1574282091
1564844335
1430760813
1461185005
1461157309
1465791900
1457402268
1390281112
1409094072
1409094072
1375539513
292888347
291781403
275000090
275016458
270850826
271011594
338101194
86393290
99008986
128369018
1203163434
1200939306
3348423978
3348465419
3348595481
2274726457
2274653736
2408842796
2375353900
2358644516
2358652192
2224434464
2226399264
2230601840
2221197776
2221267408
2238110032
2255944448
2255941376
2255938305
2264293905
2264167201
2255766311
2204913511
2154613103
2154690943
2154822015
2238699999
2255477199
2255418831
2255401423
2255466959
2255271407
2255265263
2272238063
2238617935
2221844815
2230234575
2498539006
2498532846
2506920366
2506994110
2502861246
2502816190
2502693294
2502820782
2502824943
2502833001
2511218553
2512072520
2511939912
2243438920
2226923977
2365377017
2356971995
2357112778
2356585162
2373431898
2641736570
2675224938
2658181482
2675024175
2639488303
2618502429
2618374429
2486635821
2423655724
2427856685
2444633055
2176267150
2208569230
2204897166
2200702382
3241942190
3242081422
3244172430
1100886158
1086206095
1086087597
1107075501
1131192809
1127130569
1395562761
1378191625
1378134329
1914743081
1914743865
1914875915
1377996811
3525459977
3542229033
3491900460
2418420012
2432047916
2428373548
2174553612
2208039436
2208043532
2210165324
2210173679
2213315498
2171371946
2238559658
2502801850
2502801914
2503654106
2486876746
2484791882
2484939279
2484878861
2486963500
2486043692
2238578724
2276331524
2259558401
2259562755
2259616514
2259419746
2259436258
2263664290
2204943782
2205005206
2188358806
2188358806
2255486103
2256534663
2252201159
2252332255
2266917903
2216585486
2220763919
2229168655
2231257661
2231126572
2231126572
2239520540
2407294732
2399036172
2415845948
2415895084
2382135909
2247919333
2238482343
2272042423
2272042166
2238561458
2221783218
2217056434
2217105618
2217097218
2217093123
2352359731
2352360225
2260085265
2259041793
2259092992
2259420672
2192311904
2259423200
2263385568
2271774180
2238289076
2271982743
2271984790
2267785398
2537400486
2537392302
2534770878
2501351574
2501286022
2501278151
2534812615
2534812391
2530557671
3063160550
3063273414
3063403334
2545930502
2549932311
2506940727
2490155325
2502837053
2536389435
2520197403
2268412170
2369141018
2356554042
2294156122
2562524107
2360132555
2360116121
2376905641
2330767785
2322370989
2319226277
2319439271
2319373751
2602459614
2568888670
2556044638
2556108127
2555906397
2623080908
2354674120
2354604424
2370333580
2378917772
2409255820
2275017629
2243560429
2176320495
2175539047
2179731239
2204896055
2188320535
2188259079
2196645655
2196710679
2213297447
2213305638
2171357494
2150418742
2168445238
2166282518
2165233927
2169493831
2169264455
2177653063
2173532503
2173663591
2177857895
2177849701
2177857909
2177857877
2178775892
2178808564
2178800372
2170403540
2203892468
2256321381
2256312677
2256378151
2255460663
2255468855
2255468887
2251143254
2653919318
2653853910
2486081750
2490284166
2490285190
2486066358
2620136614
2619620518
2619619751
2485533095
2498116261
2494446229
2511153821
2277255821
2193369741
2191272589
2187070351
2181417407
2181361055
2249564559
2272698831
2280038411
2279710747
3319835690
3311769642
3559557418
3693775386
3693775370
3693850122
3693653519
4230528527
4231587613
4229659684
4233763876
3701087268
2627345429
2644130817
2412653824
2395610880
2391346704
2391281201
2391281184
2391293476
2408066596
2409377573
2312900373
2340179221
2306694519
2306727279
2306726271
2306734463
2314598751
2306210143
2339756511
2339889119
2339895135
2339894143
2339763071
2339754879
2407387519
2406341983
2406480223
2372795259
2372787067
2221886298
2221824842
2221824334
2221833550
2246980702
2179806334
2213295214
2196509806
2188121214
2188213342
2188344391
2189262149
2189294916
2197608788
2197609460
2189269924
2189278116
2187312036
2187312052
2204089236
2204089237
2170551205
2170551205
2170419621
2155698613
2155837909
2155768132
2163108612
2163075892
2163010340
2171362085
2204946229
2188215607
2205127990
2213523774
2213388670
2205004158
3509421562
3509552634
3509558362
3510606938
3508529418
3507448074
3490588939
3490585353
3503954728
3499760168
2442804745
2174236169
2206741261
2206733087
2190414127
2190217263
2208060525
2208095341
2214369629
2197593437
2189269341
2189277533
2187180381
2187180159
2182985838
2185082990
2185197694
2252224606
2235447374
2218670158
2226002246
2226068342
2225879654
2225879654
2225879654
2158770807
2162965111
2230074231
2230090615
2246892023
2272124919
2272106486
2272113598
2272113598
2172498878
2155590078
2155590043
2155591065
2218523032
2218785160
2218781064
2352900552
2369677576
3476974344
3472810760
3333874441
3332543247
3332473646
3336601902
3459285358
3457188078
3456340174
1308795982
1308795914
1313008650
3485628426
3347470362
3347515435
2244741179
2228038683
2229215499
3298767625
3298755097
3298624249
3298624169
3300143787
3304340139
3290713003
3290745003
3290929291
3290610825
3241321480
3274876168
3262293272
3270944568
3266750264
3266748952
3266744857
2193457899
2459730858
2463925162
2454487978
2450305450
2467275178
2467231114
2467231114
2467229066
2467720442
2471914606
2482400318
2482332942
2482888974
2449465678
2449470415
2516572125
2516573933
2508192495
2642279023
3179141919
3178618638
3178558734
3186680126
3119640878
4176737063
4168116005
4161810213
3893370720
3909295072
3909237728
1799503184
1807883585
1807752513
1807760723
1807755762
1799387638
1765833174
1774222790
1774280134
2042723806
2038529502
2042837503
2042837487
1539512815
1505974775
1505851783
1480685955
1480818114
1480744386
1212317122
1220769234
1237479794
1266835794
1255301379
1255305475
1272168707
1238418725
1221654820
1221618028
1280469452
1280473548
252840844
238161804
238027148
235930024
235930089
503324906
524312810
490792186
490798494
364947870
126074270
126007182
109228941
1182962636
1204982536
1196659512
1194362664
1428201256
1361095224
1400044041
1400306185
1383483915
1381437387
1381253019
1406404011
1365050809
1347305625
1347350665
1347346683
1348313211
1367121978
1367126074
1399619626
1400668458
1367196970
1365200682
1356487210
1419442793
3566922344
3566923484
3566773188
3705184836
3562832388
3564995124
2490275412
2507057877
2519640791
3057556182
3057028758
3056977558
3191096062
3191100030
2925797674
4007928874
4003734570
4004252715
3991471131
3832157387
3829015691
1949971593
1952077225
1691938729
3835227817
3852007065
3889755785
4150060745
4118603337
4117227037
4117233197
4125380399
4158655807
4091745311
4091704446
4076037358
4076033263
4073936079
4082334926
4082330958
3555945790
1408466223
1374883135
1358366015
1349846327
1344608053
1344608053
1344345941
1345329095
1343256535
290473463
1406291395
1203923395
1203923394
1170434386
1150319906
1284522274
1286882082
1303855890
1337352962
1321132802
3401512722
3401440547
3398998305
3411589216
3407404148
3407398084
3474511052
3457869260
3466241997
3734681277
3734736559
2660802223
2656608174
2534967023
2535032527
2535106127
3609110031
4148096541
4085206821
4093578277
4093455396
4084993060
4080993301
4044755973
3507893253
1372989045
1350966885
1350831709
1350831693
1367608957
1099726701
3280764282
3280854362
3280853370
2211420650
2203040750
2169479166
2160826015
2425075356
2425074316
2426122892
2425926284
2430116540
2956505768
2972685032
3006185451
3006183658
3005667578
2703644890
2703653002
2774935690
2783847562
2784755851
3052208265
4159570153
4142800940
4142800940
4138149165
4138020639
2141466382
1570794766
1558240302
1563543598
1595095046
235939846
234892359
235285879
235287282
247857858
260964994
227418754
211687106
211111794
1286897442
1284794146
1284792867
1284793191
1304458087
1304478701
1304486317
1304486312
1296364729
1548190921
1543933129
2080804297
2080811467
2081860427
755345995
793029193
717535816
709211912
705138696
705986584
1781809193
1781870633
1781669931
1785868398
1806831350
1771441798
2022051462
2021998214
2021994183
1485123143
1490296357
1490302765
1490298669
1490300221
1505836317
432027933
423639357
457193791
453074207
453137742
457332046
457397630
465597934
465599982
465633199
465690559
465690045
465690045
432102845
423722492
423717245
407076156
407076156
407076148
407106868
407106837
423736597
423662935
423664982
423730014
423730014
423877470
432200222
465754639
465755999
465763709
440661503
1514395103
1514378719
1514247679
1514190846
1522577406
1539370750
1539440638
1531181055
1531114415
1573057469
1573310876
1556469148
1556413932
1548089836
1548212572
1946671372
1426578700
1426519309
1460056909
1426232015
1430307502
1438696111
1438697383
1421921703
1438833895
1573055733
1573317717
1569121541
1570166017
1574355203
1565839650
1561649442
1561813286
1561751814
1494632198
1499350790
1541148198
1607216743
1607233364
1606741460
2144122084
2144181348
2010025220
1732679940
1732688132
1732679941
588680213
588742709
1662287909
1662824485
1661771821
1661763629
1661961263
1632622719
1632557439
1632566263
1632566007
1632598775
1633516279
1633516535
1633500151
1633500151
1643985911
570374999
564083543
562903383
567032143
567031887
567031885
563034493
562969444
562969172
562829892
562829892
831273536
1368144448
1099709008
1099774528
1099708992
1099774529
1099914195
1099946466
1099815394
1104017890
1095629282
1091566034
1125054914
1125119298
51245394
51179890
848743
848743
832343
5026631
281911118
818789246
541965166
537770878
537835854
571390286
571390286
572502094
574402654
574402686
574533999
572453231
572485999
1674318311
550247927
550246599
550254787
550320579
550386035
567163251
600783683
600652611
579811955
579680883
579607123
579607105
579615297
579615301
579607109
848042565
328022611
26163827
25967171
9189953
9198401
9272145
9272145
9337681
9337665
1099889089
1099889089
1133500881
1133369825
1137498592
1124923872
1124661729
17365201
17332419
55261506
63584530
38419250
34220834
34286098
34142722
302553906
843877218
592223078
592222566
588093814
554547550
554547551
554539100
554547292
1628289116
1628420220
1628353900
1661907564
1674490476
1670296172
1670247034
1636662874
1628256618
1628190954
1628256490
1631484138
1634662618
1639906762
562999690
562869194
592245707
553923051
537145455
537276463
537276719
549858607
545663791
545593887
546052687
814488143
311167823
42865999
42873167
42881357
47018349
38564205
21786989
807277
5003623
5003639
5036407
5110259
5241299
5175747
21951939
38728131
41865667
40808915
49197427
50246003
316519777
575454561
575454561
575453537
575454309
588026981
588025957
554537085
537759868
1611576424
1611594088
1611561580
1615731308
1624185452
1615673948
1615673933
1632124493
1674065884
3800576236
3800633580
3800772820
4069011652
4069061829
3548970951
3582515926
3582663398
3448715878
2379168614
2374973542
2340829286
2341878854
2348170310
2333359174
2332302407
2332306694
2344937734
2340727046
2340796710
2340862310
2340850022
2412218726
2206042598
2204928998
2204941047
2200738503
2167216837
2167356117
2435726308
3509467620
3522050276
3522051308
1903967436
1897667788
286022860
286242252
823113676
588101464
592231752
575453256
571324488
571455512
571455512
588232760
1628354873
1628356411
1611567674
1611649658
1628328554
1628320366
1628320622
1667045230
1635588094
1643058175
548344287
548344015
548286671
547238095
546143439
546093255
546093287
546085879
550418823
608614791
773236103
708223367
707146135
706875827
706875810
706876386
1788883746
1788876578
1788886806
2058365710
2056301318
2055252230
2055313430
1787009057
3934500896
3934632032
3993352352
3977152672
3961441204
3963226756
1814694528
1814968977
740571809
752884640
748689824
748689840
765541824
799026625
531639555
246427395
265383682
261212946
227793202
95648050
95643938
95643938
26376499
12736787
149779
215315
280882
280850
870658
21941698
63888770
59694466
47177139
46987681
46987680
105183648
104921504
104905120
100711776
369212720
386971440
389064485
892380967
878814518
879861054
877910302
876869918
877128031
826784253
860264925
315001293
1388809551
1120241422
1116055070
3263473198
3263491630
2206490150
2206534182
2206534182
2173646886
2173691942
2173675559
2174729287
2176680133
2179825793
2179830181
2154148781
2422322092
2418130872
3492920200
4029922248
4044553160
3776113512
1661136168
1661166856
1665418507
600097802
600069162
558636138
554440814
554655070
558292286
600741167
1670288687
1670361357
1670160645
1674355973
588026149
588022629
537674599
537789159
537801455
537801711
550387695
546126319
546060763
546060747
595933647
579213774
847705550
847622606
310686190
314876142
314876142
306483438
306631766
319690822
931926
997410
1078344482
1086732818
1083063810
1082995202
1099702786
1099723522
1099796754
1083146530
1083016035
1087150051
1095538659
1129223105
1112454081
1112455040
1380892608
1377811408
1914550752
1914550368
1645066336
1661774944
1661772912
1661771988
588027125
587521261
553933295
553990639
554068463
1640397677
1670306604
1670307612
1670243588
3821856005
3821860119
3888958758
3884797734
3888910166
3880523478
3863884518
3888521966
4253426414
3162838959
2626947469
2630093197
2353277389
2349083461
2353392389
2240260871
2256971527
2256965959
2458878293
2458812645
2463073765
2471332837
2433518307
2416368227
2416319026
2416327218
2434154018
2438276386
2475958306
2476478563
3549167809
3549184128
3536621696
1376751744
1376170128
1912844432
1912839316
1661122756
1728231500
654485532
654485532
788703261
788704541
788779289
622018877
605225773
605225263
609292591
616576295
616574262
616574742
612574742
813838854
276955654
276955654
277104134
277646950
277645922
277646306
277780867
1368309635
1397667459
1444917909
1447031445
1445336757
1445076901
1914846625
1927494759
1924215847
1922048022
1922064646
1921032454
1921032999
1921028391
1669631333
1636088037
1624226016
1615759456
1611581728
1628326160
1628315456
588129984
588195488
588005029
595857317
595855269
1635784071
1635783047
1908421006
1363162574
3510774574
3246533422
3246533406
2173905678
2207475982
2190735422
2190593066
2190509114
2190770234
2186576954
2182925359
2182990959
2181978239
2202958687
2211347071
2212429439
2262826623
2262630359
2390539671
2405219477
2371329173
2354486677
2354493332
2354295476
2354164404
2488316660
2484122364
3021057660
3021187628
4094929708
3842091833
3875645707
3858999562
3791830282
3791881562
3791749498
3792011754
3796074922
3821253038
3821249711
3787699391
3837957517
3837965708
3846350220
3842158060
3842091496
4009879912
4011063592
4011063592
4017184056
4016133400
3999339289
4016255833
3949147001
3915581421
1759710693
1755385333
1756699733
1756702727
1756769287
699804935
731786503
715072775
986457863
1003235095
1003235191
965488311
948715191
948715159
952909463
969697175
424490887
407319447
415708083
415593442
213938978
213971238
215003426
479247666
479304466
479369987
1553172739
2105903955
1993248706
2114880130
4262371971
4263424723
3994989283
3994853991
4011631205
3842829860
3826576172
3826571308
3788884012
3803531324
3807791116
1651919885
1647710221
1648234559
1650331950
1675498286
1640829806
1636573806
1673798270
1673794254
1665401543
1665401559
1665472231
1665411815
1640246231
1636051030
1669605494
1670187062
1921910790
1921651718
1925849095
1917477127
1929961765
856224549
822657893
822658036
269009876
269074932
269210036
273610128
282000784
1351531905
1351530899
1351530882
1351003010
3318131586
3322342274
3323879362
3460173634
3463386994
2393846562
2393711394
2393645410
2394694131
2377921489
2363229072
3424392112
3423548340
3422958068
3424003572
1209412932
1209412612
1215773708
1215568908
158612812
192212317
192150989
191008207
174294479
450986975
450921471
443851263
439722351
974496111
2064949351
2030346599
2013638119
2013773286
2030565858
2064021986
4198915538
4266001858
4265738690
4275192274
4271031266
4273193954
4270911971
4287668449
4287669460
4283479116
4261465100
4262710332
3994211624
3996579112
1853273384
1856930104
1860732168
1869135112
1815652616
1815784392
1813699225
1815759529
1681853099
1681133227
1614025402
1616917406
1625301486
1621307758
547488038
548541698
598877443
579871491
848307137
910225809
910197153
906003873
922781089
889243045
872467959
872602933
1011265333
1020702481
752267009
752200193
676637249
675588805
688234133
704814983
704808007
704807954
771850290
772841510
772857894
640835622
640816175
642910255
584190237
584190477
596843021
563558941
545732109
545600013
545534477
546062973
546079343
546080495
596414103
583833991
575510663
571316375
570792119
637909159
637779367
1694674855
1677897639
1682091879
3829574966
3963678006
3960499510
3960483702
3960613606
3981581026
3989965474
3985967795
3987803025
3970973072
3970973072
3970968976
3975167424
1819291584
1833986753
1829792387
1863379922
1867644402
1867767010
802406642
804384978
804380883
795992277
796127605
796119421
794025273
795998523
795965755
795965466
727791626
694367242
703803403
703729721
703725865
737542457
1005982472
1004414728
995976969
961048345
944303899
944299867
944361403
952819611
952885131
952749961
1019987853
474895260
491659933
524690069
374747991
376574774
400625958
396386598
363916582
347121974
898664807
932219303
914852749
920029069
1719054989
1714926223
1712698095
1729143343
1694540327
1678814759
1679292965
1611856421
1668434725
1651656981
1649823045
1648690309
1648623797
1648627887
1648637102
1673671846
1673688230
1736599014
1736566582
1736500998
1736500999
3888178967
3888180774
3888634406
3813067302
2739391078
2999765526
2995575062
3012421686
3012488246
3012457494
2442023942
2447310870
2438725686
2417754151
2422015079
2496530339
2492335777
3566149264
3565697664
3569891712
1275869312
1275403392
1292252544
1293034112
219292352
231875136
229646867
212919827
1286646275
1291033091
1576245783
1542502967
2062592853
2056366021
2056618437
1791197605
1778483429
1778417895
1778483303
1795402790
1795337254
1796450358
1796319262
1796323678
1862515070
1862459390
1845645310
1849890686
1849898798
1725111598
1742019886
3889503534
3839696190
3835500310
3835418135
3834367509
3767114244
3767044612
3783838468
2739456324
3054123028
3054119988
3188335653
3189383205
3204059495
3149529703
4189913703
2577139447
2576883399
2311600847
2299009615
2332653903
2332715342
2315938126
2328521550
2324293470
2324296574
2324222318
2324206062
2324202990
2329445870
2337836533
2306575252
2285542020
2285566596
3359308420
3359240068
3373919632
1293643188
1566305684
1549527444
1549531540
1545264048
470474368
470732416
470664832
1006953108
1006953205
1006953255
943976743
953331751
953585703
949387575
2027390223
2027269902
2017766158
2030414606
2064029982
2047252510
2114340894
2114260062
1984169182
1993807102
1989554413
848703972
848692196
848757712
843396032
286221120
269349632
269283632
806139169
806156065
806149923
822987315
860867123
844057201
852319089
918911857
918838259
398811091
398882691
365361027
499574658
491251602
524593058
1598334946
2118430690
2143665522
2009577746
1975957507
1959180289
1950783488
1611040768
537316368
537283696
537796064
555685281
559744417
562823587
562839938
549732738
541115266
541233842
549631670
1619174999
1620291075
1683025409
1680893445
1680941589
1681011253
1881277221
1885536549
820055093
816908309
817043477
817240069
330696711
313985031
314311943
45875463
43782487
38556007
34369895
34398567
34402663
319610723
290298739
290298867
5093875
5093875
5093875
5224915
5159811
5159555
965251
17734275
319789971
319798195
910342547
641902723
650295299
650221619
642816035
638625827
638625827
638625827
637712423
788695143
637720743
637688999
637928871
575538599
600768919
563021699
545589891
549788291
618084995
609364611
619850371
884157073
883959473
882909585
899740099
664838339
631284035
635478323
610383650
606191154
606191158
1679932950
1696841239
1696773663
1696765503
3844245035
3877881643
3881880873
3881880873
3882994969
3882999065
4000568601
4000534873
4000387417
4000396153
1869820777
1836265961
1819349481
1693455597
1689328893
547559677
547821661
547756045
816199693
816195597
296155149
312785951
313299007
845971519
573407359
572363111
571257191
571257191
571249135
588029423
554678511
554629359
554629359
558823919
558791151
558856575
554531167
554563935
558889327
567196015
563002223
562936143
562870350
558667854
554489934
554440782
554571886
554580070
1900952166
1905146466
1368341106
3498850882
3230415426
3230415426
3234609730
2148284994
2148408130
2177776450
2207152962
2207152962
2190244194
2190244195
2195224929
2212026721
2214386001
2181036353
2181036401
2155723105
2155657697
2151463392
3225270736
3221993920
1074706880
1074706624
1343207616
1880078448
554547312
571390016
571390016
571390016
571390048
571258977
571250785
571250787
571258983
588101735
588183911
554629991
554629735
558791271
568163175
568097143
567048279
567048263
567113799
558774391
558774389
558840181
558709076
558709588
558840432
550451808
546257520
546126416
814496321
277625409
277625411
1099905602
1099905602
1099790914
1133378386
1133508946
1133164866
1137375298
1124792402
1124710514
1124644962
1107868130
1107884514
1108146658
1112340898
1137228706
1401535398
1401535142
1401535190
4085889751
4056529783
4048206629
4048202021
4048267540
3775506452
3775768852
1628281140
1628342564
1628342564
1661897516
1661700988
1661573708
1627953732
1627953989
1628158839
1628093414
1632287718
1640692710
3851156438
3855153862
3846732486
3842534086
3976801254
3976866278
3989449190
3985258854
3986258006
3986221383
3985172805
3989367108
3981028164
4014652004
4014644068
4014578548
4010318164
4010317909
3876182133
3842693221
3842693477
3846887781
3846888292
3855276916
3855342420
3846765396
3880319300
3842570580
