1358699583
1356598287
1372392455
1380910421
1380959733
1376228277
1376227989
1376228245
1912640421
1916834727
1925226935
1656989079
1648536718
1644346591
3791886463
3808593965
3875711021
3842156845
3826690861
3830892348
3763847709
3759489821
3760026477
3760005991
3776787431
3780969447
3813474942
3821355550
3787740682
3787783690
3771001355
3770739227
3762350619
3762346507
3779091979
3775143435
3775143515
3779332987
3779336554
3812965483
3821485163
3801035899
2995728474
2995728474
2458853450
2190221386
2206991438
2206994302
2173491822
2173483886
2173548902
2177743206
2177743222
2169485398
2170534103
2172631239
2171582685
2473441436
2473441468
3010443452
3006183596
2737813692
3811162300
3812276460
3778738412
1631217900
1664755948
1664756093
561724255
561711647
567876125
634994237
630793790
767238718
1840976414
2108437070
2108482254
1571325582
1571405246
3718888378
3718888378
2678700731
2645211784
2650455688
2642063032
2637864616
2637889257
2620094447
2620085742
2624262374
2632601830
3169472758
2632609863
2632545351
2674514949
2586467589
2586474765
2586455311
2586520846
2590518574
2682793262
2682787114
2645104426
2645120826
2511984410
2511991563
2515054937
2548625784
2540228968
2267596264
3342554604
3342497260
3340376036
3305834465
3293120225
3297465041
3297432513
3431654208
3436897089
3447383877
3476749639
3476748743
3464198646
3464002030
3480762862
2415410538
2381853994
2381910330
2376815418
2376725306
2645078843
2649274169
2649273976
2640875224
3160968924
3162093308
3158030060
3157890028
3038478820
3038433508
3071946853
3074044021
4147786805
4151979301
4092214572
4088011548
1940593420
1941519116
1943550216
1935179033
1934122491
1934149018
1934147994
843628986
306958782
1380643238
1380574630
1397519778
1472486818
1204182930
1187409730
1188196098
1190554882
1323656466
1323623730
1319494706
1336340498
1303285762
1290698753
3429597200
3430514740
3426454644
3426466132
3694901588
3709578196
3709856500
3743276789
3730622199
3730588670
3739046894
3757928942
3724374894
2640271230
2564445726
2564421182
2564351806
2560156991
2560163167
2564349437
2581133293
2606295020
2589684716
2589606396
2589540604
2589474925
2589533293
3663408191
3646630927
3625659655
3629788433
1490697488
1486509312
1557872896
1549320976
1545114208
1429910480
1446688128
1445627011
1445692546
1445823634
1445958802
1445918130
1458497510
2012210790
1958542895
1962733103
4126993967
4152160045
4143949629
4141855053
4141732173
4267561053
4284469309
4280242285
4248794221
4232013167
4232013694
4236116574
4244505166
4242360014
4242302686
4124897278
4158451055
4141743597
4141677981
1994192268
1994182812
1987920028
2000568476
1967010236
1950228908
1949705133
1961230975
4104603167
4104441374
4104449598
4242860591
4242844479
4293310733
4209430285
2063582477
2061320460
2052923901
2048598247
2048475302
1796849830
1769705894
1771740582
1771604935
1754835463
1750641153
1763355136
1799011840
1866121728
1848590641
1848377377
774112291
778308643
1860634674
1877350610
1823881346
1823877762
1823877763
4239866499
3702921859
3567520387
2225347089
2225343011
2242198071
2242263335
2225223975
2225088551
2225080375
2163476599
2155104471
2171984085
2170018245
2169960901
2244929989
2244995541
2228091361
2229066211
2220661223
2357041655
2373950934
2373893586
2373894098
2373894098
2373959634
2356654034
2356521682
2352327251
2299898451
2333600339
2315680339
2315659793
2315659825
2597268277
2597071157
3666622773
3687594021
3679000613
1527454773
1527323671
454638615
454573063
524036167
1060898887
627964279
627964279
627964279
627964279
627964279
627964279
627964279
627964279
627964279
627964279
627964279
627964279
627964279
627964279
627964279
627964279
627964279
627964279
627964279
627964279
627964279
627964279
627964279
627964279
627964279
627964279
627964279
627964279
627964279
627964279
627964279
627964279
627964279
627964279
627964279
627964279
627964279
627964279
627964279
627964279
627964279
627964279
627964279
627964279
627964279
627964279
627964279
627964279
627964279
627964279
627964279
627964279
627964279
627964279
627964279
627964279
627964279
627964279
627964279
627964279
627964279
627964279
627964279
627964279
627964279
627964279
627964279
627964279
627964279
627964279
627964279
627964279
627964279
627964279
627964279
627964279
627964279
627964279
627964279
627964279
627964279
627964279
627964279
627964279
627964279
627964279
627964279
627964279
627964279
627964279
627964279
627964279
627964279
627964279
627964279
627964279
627964279
627964279
627964279
627964279
627964279
627964279
627964279
627964279
627964279
627964279
627964279
627964279
627964279
627964279
627947895
762164599
1030599159
963490230
997044670
997044670
997044666
997046202
959298490
2037234618
2020457402
2028845754
2108357514
4193943434
4191773098
3654820794
3680056202
3679986586
3679986682
3688375146
3654824235
3638112555
1490751529
1490747417
1482506504
1482481928
1481417992
1481420152
1481615832
2014222472
2014218376
2030996617
1780384905
1781891273
1781891273
1782022393
1798742505
1796399592
1796433832
3927142312
3927056297
3931246521
4006807451
4006675147
4002419419
4002423451
4002423467
2928763563
2928898729
2811712185
3084178057
3075794649
3075270393
3084707369
3067893289
3070053931
2532249403
2465017146
2465016874
2465012778
2456751146
2188250122
3258854410
3324650506
3261740046
3286893582
3249161230
3250275358
3233402238
3235446638
2153561902
2220735262
2229255950
2229256015
2228076415
2228004717
2228003309
2244780268
2261557484
2521609452
2517406956
2668547516
2668548044
2668519116
2640189133
2641958633
2574792553
2574791976
2558096440
2566480904
2566612232
2560353544
2564421400
2564347497
2555936491
3629678314
3646512874
3680067306
3680009562
3663230026
3659093002
1511706698
1511710794
1511710939
1510667449
1514862008
3729424024
3712712329
3695910537
3695779483
3704559290
3570341562
3566015210
3567022442
3566526506
3583291434
3532948522
3532950607
3537144013
3524757708
1461098652
1427568828
1410792596
1410526596
1947393476
877819344
877749712
879814096
896591312
930346353
919787376
919783184
385042192
384853808
376447520
1450189344
1450381844
1464992268
1439826456
1553085240
1553143080
1552944440
1553217800
1553231624
1553462792
1557448201
1416938009
1965834795
1982812778
1982682730
1986818922
2011976554
1953256410
1953289162
1949095883
1882045912
1882044584
1886238888
1894627512
1940651912
1923773064
1453994634
1453994634
1458205610
4134072490
4129857706
3060310122
3068832778
3082528776
3082332684
3052972556
2486741564
3023809084
3023760908
3026869804
2968014317
2963802287
2963802279
2443794615
2427156885
2422947461
2418687621
2435465095
2469017766
2481465510
2460493990
3534235798
3538499734
3542685854
1344996494
1344929950
338296910
875504654
875310094
887384078
476359950
476951838
527413519
527344397
451846920
448701192
462193256
462197480
428389992
432666152
424293896
474625547
470423306
336397338
337380394
337380394
272368650
372048906
510526794
443424587
451813339
451756010
183268842
418148858
409760218
409465050
409399546
149942763
149811689
196735977
176878424
181055048
181119592
1271442408
1216919960
1285065096
1555597704
1455132312
3534393016
3534657464
4075458792
4129919033
4129927210
1982439466
1982570538
1714348074
1982754842
2116943898
2121073710
2116818030
2116826222
2116697439
1056583245
1052387916
918239820
397097549
329849485
1407732125
1361594541
1344924836
1346039684
276733572
284135060
279808645
279812678
870881814
845723686
841525286
841542694
841671686
841671686
925549637
875185285
875238837
1550532278
1558919862
1426012838
1421810358
1420761750
1353521814
1353465510
1353459110
1353457829
1416372372
1412227220
1412210836
1949082996
1949083956
1881975348
1881717300
1885964852
1902873108
1919670788
1919581892
1927947924
4071170215
4071100582
4072161446
4084973734
4046356686
4029580047
4029525512
4033407496
1894296072
1890167337
1961552427
4159634218
4134421770
4134387722
1987571790
1995944174
1993719982
1985273022
1980033158
923166854
890659975
873910661
873907092
1952367604
1694356276
1693232932
1961668388
1961668148
1961790996
1953415680
1949184512
1412313600
1416565303
1426002726
1419582566
1419578598
1419578578
1421804738
1157624902
1077773318
1379697975
1378720052
1378789444
1378789572
1915587972
1915520660
1982436020
1982567084
1735062190
1701503662
1869435374
1852593198
1852576806
1848382486
774792198
774794254
711912478
721354014
704565071
685723022
744294542
740104350
740108718
608513966
616900271
612709039
545723069
547295885
547173001
549203609
821832377
595339769
591149273
556533833
539889417
820905481
816738843
883708475
883221051
899985978
912561434
912702522
913681450
911517742
911522846
911653902
907453454
842437647
842433551
840355039
857197821
861358509
826740141
809961407
811016863
811033343
836072191
836073086
871657278
850717998
850721854
854967359
846614541
858935308
269627660
274084376
274084408
282531384
284499544
351550088
352066219
1421609642
1420560810
1454247306
1458460042
1458525066
1458361290
1454175210
1437377002
1420599786
1560125673
1574806744
1599909320
1511964429
1511955981
1514069519
1513000510
1517129518
2062324782
2062328877
2054988840
4217282632
4182672524
4182672524
4182607788
4178355884
3154945708
2886591148
2752443116
2757645036
2698970856
2696679080
2700872329
2700884619
2700880826
2700872106
3783002282
3816639642
3794464970
3865829450
3865616394
3865616442
1713943598
1714072607
1714088973
1848306764
1852468940
1793724140
1806305004
2024474367
2028483294
2028479294
2028474410
2028471338
2028473402
2028529674
2028514058
2024319499
2028514907
4168648379
4182278811
4199133881
3200889513
3201151656
3201299432
3210638632
3177075752
3027962920
3035499560
3035499833
3182038299
2661965066
2666087434
2598912026
2590507050
2586312746
2603090042
2557087962
2558145498
3640272458
3640274507
3640142411
3640158937
3631807960
3648570776
4269506696
4269441160
3195711896
3195642520
3061359272
3077092008
2955445992
2955595432
2955598507
2955864750
2959894958
2968276142
3031286975
3064909959
3069112775
3060720391
4264456727
4264321574
4263780646
4263781422
4218698798
2079591470
2044005402
2017864714
2017864718
1489923406
1489917519
1485689423
1485632095
1506603903
1498214909
1493979581
1493726636
1560898984
2135620264
2127231672
2123030152
2122962569
1992872347
1465438379
1429786731
1411956779
1412120619
1412048682
1416505914
1420700186
1420704266
1554979402
1576816522
1593591194
1591591050
1591660938
1593766362
1593827818
1324933610
1324933354
1316511978
1316511978
1243099194
1266233354
1214920458
1223327242
1219156506
1487653433
1487444792
1541975352
1517855800
1511555288
3659169932
4196040844
4196053948
4195918508
4278756012
4228641452
4229624508
3025859256
3030009512
2963032808
2965129897
3036425146
3028036506
3078388666
4131147258
4131340362
4134420490
4134162442
4142522426
4142522410
4142654568
4269468888
4265273548
4263112076
4212876940
4216993500
2046431996
2025456237
2024276526
4172035886
2028747818
2020083754
2016020506
2016024842
2020239886
1751707150
1760077325
1752740393
1746436843
1766359722
1783477162
2060296874
4198871706
4198888139
4215764681
4182195576
4173731880
3167094824
3168143400
3170765832
3182117896
3752706315
3668820746
3673027386
2590831402
2587674218
2654787498
3206346154
4280149402
4126962826
4122494090
3585803403
3522835641
3522833577
3547999400
3547997368
3547010200
3547148680
1399612313
1400365753
1400365737
1365766905
1365635676
1365619228
1399304732
1399173948
1407571512
1407568664
1399835416
1919908120
1932486777
1966028923
892214362
896401418
1013776394
1013186618
740765738
673521962
673457982
678239807
687684159
702032447
700987967
700980127
734542751
734543259
793271707
793331135
760960959
634083263
667645887
600403901
597553085
602274749
602205053
593804089
593857849
594511129
594252057
594252059
594120986
594121018
577475898
573283610
573540666
574589306
572493050
1917748474
1917767802
1914597402
1914577930
1899899914
1882073914
1894652458
1907182122
1940703803
1923908873
1991016456
1991016472
1445756969
3727540265
3710832699
1412313419
1949183706
1961560746
1957235371
1890130601
1890335416
1891379848
4110184072
4101829512
4101427608
4099334568
2086003689
2085937705
2104780329
2104759855
2104757822
2038302270
955917615
955917359
955855917
953685005
945302601
990407881
973930377
978172827
978172315
977649051
977583323
977572986
994476122
961450314
969843018
952891258
952659818
952662634
411597371
411761209
998963753
986357545
978879785
974684184
973647880
973643785
973643867
973779147
973779082
957255822
1008635038
1010813358
611273647
619543213
615348924
901610140
868054716
872179612
863856068
863987140
862967284
837666791
833607654
1940903414
1944961526
1903022198
1966071830
1949295630
1949267214
1953324318
1961713450
4104732458
4104730154
4238878315
4243074777
4243074696
4239018648
4240165560
4256751288
4276678280
4268287688
4134069112
4129874216
4130038057
1982477371
1899633678
1882864670
1882930222
813186158
813184238
822023318
821958023
821888901
819725969
819725969
814485393
818773393
819821969
828173781
561901396
560377396
635874876
631615036
635746876
769964601
790936121
774220347
708160043
706521642
705477674
705467434
705270827
705400875
1779093625
1796927708
1748652236
1815740552
3967422360
3967486632
4107864744
4103682728
4036569752
4038601371
3501730490
3501731518
3501719982
3233284270
3283615934
3279503550
3274293470
1126739982
1126735887
1361618185
287943944
825138952
829333000
1898876424
1898880520
1898953224
1932298808
4130114280
3862728617
3861743033
3861811593
3867062681
3883835901
2910757615
2893996654
2893997606
2889743910
3980156454
3996933430
3934010390
3934008374
3931975718
3940356142
1793011759
1792942141
1792679961
2077896969
2027557128
2027642696
2027674312
4175035096
4175035064
4170840760
4170774153
3170423433
3162030731
3157803691
3158049515
3162248811
3036429933
3036426029
3032230948
2964087892
2964144261
2997796997
2528035207
2532230022
2523808662
2519486886
2519478438
3593216238
4146864170
4109316106
3702406154
3702401034
3702401034
3706530074
3647748378
3648802058
3688680907
3684205977
3684270488
4221276568
4204503480
4200375720
4196181480
3926697960
3926894136
3926894140
3926827564
3926832684
3926849068
3944666661
3944468277
3950562357
3917006885
3914954869
1775990871
1774861511
1808415958
1800027382
1850619094
1850619094
2119120310
2127500966
2122778278
2005208758
1971673734
1434843782
1417984710
1434749510
1430751750
1461100310
1444390262
3593975014
3610768614
3577167030
3560381574
3693545862
3697740214
3701935078
3702595174
3702533942
3365938950
3365938966
3366010662
3365932853
3365931796
1215302612
1209027476
1225849236
151234948
151169412
251832708
251767220
234924452
503361444
503426996
386055556
387104132
926072260
925089141
925087781
925087777
908310579
908310578
908236818
908236818
908236818
908237842
908250130
908215298
924976339
1059194273
1064502945
1039470240
1035296480
1035304464
1073053184
1056239360
930409745
930376737
1064709137
1060522243
1010256131
741853971
746053155
754401831
616415783
615355095
615363271
619688835
606918051
1680636323
1680624034
1680275874
1692858786
3970361810
4020435394
4003655618
4003577794
4003569554
4008818338
2932908707
2924520160
2924520420
2920325988
2920341856
2920411488
2922602864
2939298133
2909938006
2893167990
2891058038
2891057982
2895579967
3183216943
3216775469
3200019724
3199755532
3740803332
3728216112
3726192672
3726258273
3709472997
1545209015
1551763847
1560152966
1236159110
1269811846
1252887494
1252824918
3672941430
3655902063
3706364671
4240089855
4240151207
4244145831
4235767719
4231588775
3979934119
3980089783
3980294567
3963517367
3832970647
3857837553
3857765857
3890271344
4158713920
4150309888
4116952064
4100119569
4100127763
4100118546
4100114482
4100152610
4100160818
3076660994
3059896066
3068382721
3064188512
3063996000
2796596772
2813373973
2784017925
2775823935
2771514926
2805003822
2788193070
2922476398
2922598766
2922857838
2935475566
2948581887
2912942284
2896013388
2900207692
2890775820
2887775517
2887677758
2904503854
2837392942
2839363374
2839354670
2851865902
3921477726
4189991118
4173213900
4173074572
4173128076
3632039308
3627846044
4162231284
4161186628
3892816644
3959925508
3976641285
4010188551
3994453815
3994452518
3994518054
2920804966
2920797158
2924855790
2933179822
2933706158
2933676206
2950527423
2891939227
2891347339
2891325839
3965002189
3964936701
3832820073
3849654569
3857056041
3886157113
3886418203
4004854027
1857300746
2123639050
2123704650
2123636042
1585725898
1589952971
1590149625
1589834220
1598218724
1564664288
1547756512
1547756433
1547953027
1547842435
1413611910
1413677494
1422136743
1422208421
1150631341
1083969501
14434052
16525060
7086860
7303948
6799628
124162312
115781896
115774728
115772697
115838043
115641594
107781290
1445772458
1445762218
1445302442
1449571242
1457693354
1440916219
1419948745
1425191625
1425188505
3564627881
3564496297
3581232555
3612688831
3612823743
3581370799
3564331503
3563152767
3571471639
3567318325
3584155957
3617841461
3601068341
3605131573
2522992957
2653148477
2669862719
2503211887
2507275247
4101093823
4101028239
4098989965
4115841676
4115808908
4115804860
4098957989
4231014055
4229971686
4229962022
4246743094
3747620870
3739368454
3668063254
3668054022
1520436486
3399509254
1253369638
1270660902
1224318247
1545243813
1545243829
1545308292
2084087940
2100865156
2133375124
2116786583
1580914614
3727349286
4146775590
4113360406
3836536374
3836449574
3836383535
3836449068
3970469900
4234707980
4247291084
4248362140
4282018236
4282002348
4282264492
4143844005
3870560167
4138999687
4136904583
4136969607
3612828037
3575079813
3577182085
3560392405
3496304229
3504631589
3500158245
3516935461
3516939573
3550551061
3550559511
1407270182
1461786919
1428163879
1428360999
874646790
874712326
874786054
895757061
636225799
627964279
627964279
627964279
627964279
627964279
627964279
627964279
627964279
627964279
627964279
627964279
627964279
627964279
627964279
627964279
560839031
560839031
560840118
560840118
560840118
560840126
594393534
594393534
594393278
862304446
862304511
829797887
827765196
826717020
826581868
1900314920
1900315192
1363513912
298294840
298236472
327596568
1401350427
1401350186
1170536554
1193020666
1329529038
254677134
254685326
255472326
133833286
129638919
96015876
79190644
12118628
16362108
8100556
7965389
1350078157
1396212735
1379697007
1379766639
1379840110
1381933158
1381785830
290205862
806161558
805964214
805968294
818559911
832449173
866003589
312287876
312226436
308024228
308077548
307552749
332703084
299145516
1372883772
1372621372
1104395828
1106486804
1085384212
1083434612
1083305637
1082223270
3296819622
3296811174
3309783206
3272001698
3525217410
3527050438
1378521158
1382589446
1923654759
1923659878
1923922150
1915680999
1915628007
1932405735
808332247
539901639
539891269
552404565
548161381
548198260
1638711132
1940691788
1923914444
1928108749
4066679391
4083587703
4059471398
4059471398
4058427174
2967792934
4041239862
4041424246
4033223030
4033219959
4030139749
1903442277
1903503652
1635068212
1944333317
871120133
300682501
292293893
293390596
291281172
298617204
294488244
328042676
328178837
328176823
328179878
1397727398
1930404014
1896829422
823008714
823012298
554576715
567159611
562572091
562624778
566792458
566989066
558539018
558539562
566791530
600344815
591956189
856410253
1930042509
1661609357
1661608877
1640637093
562636453
562568869
562577287
562574479
558646407
554452207
554635503
554570831
554572555
555620923
563493417
563554873
563358219
563362314
595873290
864335626
869114890
600605738
591954986
2009697326
1971952942
1972092654
1972023022
4287278767
4014517935
3994593949
2853743261
2860169901
2934618797
2934618860
2926152428
2922089412
2787831108
2788093012
2789151844
2722039012
2738228404
3774229660
3770034652
3770026911
1622477454
1622420366
1618225582
1882985646
1614676158
545145038
553443534
549233742
553425166
569149454
569153566
593868863
573028383
572980301
572925133
589440253
556934573
561393325
548540141
548473581
547625679
564407886
564403726
598494734
602725150
602790239
602790231
862820823
830447095
830447094
830444926
830312766
293441854
292401982
300672826
296480314
296348219
363461369
363518889
369002920
358590904
387820685
2132246733
1983348749
1981976581
1713611797
1713613857
1646439456
1647484176
1630703120
1612107280
1612058160
3759540771
3761703522
3761511270
3764656422
3786148902
3786146870
3820557326
3818398991
1669885453
1669876236
1938295420
1942567852
1900685485
1896491175
1896488102
1896484022
1359613062
1363954830
1371835790
1368165070
1368242711
1435352605
1436139036
1436134940
1469688380
1457126124
1444633508
1443503012
1443498404
1443499429
1443496071
839721094
839327950
272769038
282251278
284345358
284215310
275818526
806397998
806402094
805328954
859982859
583188745
584483337
584491565
584557165
1648665325
1665439462
1632407254
3758918354
3758983922
3759136290
3759093282
4043776546
4090896929
4072022048
2996966432
2996963392
2461079744
3536853200
3527731344
3527846020
1397139591
1363604870
1348452742
1344127398
1880977830
807149734
807150758
538717350
538727575
559793348
562005332
1676645940
1672330772
1655482884
1659681284
1659673172
1650760436
1650842327
1646660278
3811974054
3778165990
3764532326
3772986406
3769050374
3769050630
4037815822
4037815822
4037544542
4037544686
4058585582
4050200814
4046133358
1902778446
1944729679
1944796236
862657548
858332540
858332540
858331612
589969916
560683516
570018269
570215759
830262606
293444894
275757362
284142386
284012338
275623698
284794642
280727346
280661346
1941609824
1924835648
1927981376
4062874368
4062873856
4062947360
4063799328
2736581920
2702998816
3759932966
3772647014
3787331302
3787064998
3819440038
2728924566
3001557126
4066911367
4064017549
4061915277
1914218701
1897441549
1629071623
1627032326
1622837507
1639615507
1644081185
3850154016
3877433376
3877400576
3877504064
3877507025
3879616227
3988524770
3988524770
3854311142
3854057070
3851955726
4124585486
4110969102
3574098186
3574298890
2500467466
3578466058
3612017482
3586863578
3565937146
3565789417
3565785256
4102589628
4120414396
4124608700
4130965660
4131039372
4131302540
4131316876
4148094412
4147536876
4118168172
4122411628
4055106284
4055114380
4055114383
3048482222
3050572974
3033799854
3035973822
2499177630
2498948558
3043210511
4150305039
4150321423
4133544255
4133544239
3613618478
3579974958
3563195694
3560048926
3557955846
1142110470
1154562354
1150291250
1083442947
1083507457
1085670144
16126720
24573696
87467776
90604801
124224849
124617171
124621203
1198371251
1194308018
1194309042
1193778610
1311218099
1315420579
3598170593
3598036321
3740575073
3740590353
3732268097
3731348817
3727121779
3592903651
3598146530
3606535650
3600102643
3602915539
3602915539
3594526931
2235707859
2228377171
2224180785
2226375216
2499070512
2498009616
2489626128
2432675408
2432675456
2432667264
2430586545
3495693987
4045149858
4078188454
4078182566
4078182574
4077924590
4059051070
4054920206
1890774022
1354147078
1354532614
1354532614
1354532102
3500133651
3504266513
3571378480
3579242784
2538983264
2522339152
2522015552
2522018304
2522010112
2529415733
2529227301
2546001445
2512453165
2495740717
2512845612
2509753132
2509621884
2543081164
2538877645
2535195279
2266760110
2501644454
2491221158
2495482038
2495543426
2495539330
2495391874
2549919318
2520552983
2520220183
2519176727
3055855143
3056381735
3056576807
3056519206
3073263670
2503871490
2489191490
2488140994
2488205810
2496410082
2510037986
2443122659
2443054999
2445115333
2442979781
2447219140
2178845124
2170469828
2438767957
2535245095
2534719790
2534925614
2518084974
2522245358
2547415430
2631817606
2631883654
2631818902
2631553667
2633712321
2624066067
2619876131
2636652835
2641044515
2510955571
2544510209
2276080897
2275936528
2281179428
2205944164
2201749540
2201754636
3273595917
3273536783
3238946574
3238979422
3251435222
3247214230
2173208246
2173208231
2240386981
2278138789
2237374901
2237313412
2237314516
2239411680
2222636512
2222914976
2235562388
2235459972
2235443588
2268994501
2252218323
2256482163
2256348978
2264672050
2193372466
2192323858
2209166610
2158900994
2159941378
2159985939
2159838496
3235419232
3227032672
3508112576
3508243840
3541802384
3540751504
3540882576
3540882579
3490542774
1343044770
1344157794
1344157986
1354115874
1353984546
1084505650
1084499457
1084503552
1088754176
24512000
87438848
86390272
86443777
91031315
91047251
91092307
24114673
32488945
32480753
32349649
32349523
57515378
53329266
36551794
1110424786
1123007698
1118805202
1119854066
1116585442
1389149603
1389145505
1380760736
1380760992
1913453984
1930231264
1930197472
1930247136
1930247140
1934437876
1934175604
860568948
860568916
868826964
868751924
868751925
868751893
835197445
835197701
826824981
826825077
826890615
826873975
860428599
868817174
868948246
332101942
332135222
332382006
298694518
835491798
831296406
1905038231
1367971221
1372298644
1363916980
1393277108
1930410420
1930361268
1930324900
1934502501
1942367797
1942431511
1909794583
1884632375
1880437814
805641270
805588246
537152790
558649206
558649335
558653431
558702591
558841341
567228925
558709213
558660061
558684637
558734815
567186909
567194077
1640998223
1640808414
1632406206
1632406190
1628281518
1661991614
3775542942
3758760582
4031390630
4036571299
4038590563
2963831827
2963859459
4087932935
4075464709
4075460615
1919600647
1915373591
1916472341
1914250293
1661543532
1611219436
1615447020
1640727468
1669960596
1653117317
1917616262
1930216582
1359760534
1343101042
1343109154
1356736802
1086204706
1084567090
1084569091
1084699137
1151795712
1164428800
1164414464
1193787200
1197972929
124095953
124617873
1198362769
1198497969
1193779361
1596433569
1596439713
3743915427
3727138787
3727015923
4263897043
4268091379
4268062179
4277491171
4277499361
4277429601
4226840416
4258289440
4174444084
4182828548
4182893316
4183025413
4249081669
4248948595
4249090851
4249090595
4249344611
4283944915
4267046339
4262814849
4262949009
2115387537
2119582865
2127709331
2127709623
2142338999
2146463718
2129686502
2121297254
2121397558
2117202966
1869738038
1836315670
1836225798
1819447046
1827900982
1827772966
1827715878
3975199015
3964775733
3964906772
3960980788
3979724128
3977573728
3977307104
3977471728
3977402096
3964800753
3975350961
3841002227
3841015763
2767273283
2767258691
2767197185
3169854513
3182437409
3182656801
3214040945
3197263683
3201785795
3193292739
4267034611
4283814754
4166341410
4166481682
4162285315
4162137875
4162072099
2015182387
2048810515
2053035347
2061223235
2061026371
2061036563
2061020211
2061216801
4269450321
4269707585
4269179843
4246176451
4095062691
4099270306
4233493154
4233186226
4243675555
4109400483
4109379747
4126223507
4159779987
4142936306
4143002082
4143145458
4143146450
4143178835
4134665299
4151442773
4151376212
4117866772
4252085012
3983645476
3983642404
3983640372
3979523845
3983717127
3983708982
3983786786
3983602466
3910198578
3893423415
3896769589
3896690996
3980611380
2906734132
2906727956
2902603348
2907838036
3847425749
3851423207
2777680102
2811496614
3080091782
4153863366
4153865414
4158100726
4128743666
4127498402
4127515811
4144293041
1996807601
1963379105
1694685601
1828907393
3977436609
3983791427
1710282019
1709237027
1709204003
1700864561
1700934145
1696727553
1684144657
1692664421
1693722221
1620060781
1620060953
1619032329
1635899659
1669568522
1656859658
1656795146
1649442890
1645314138
1645318378
1644265579
1661190511
1627542383
1610757094
1615013606
1615278070
1623604198
1619397542
1619413398
1636817350
1674443078
1649185798
1646104582
1646240054
1730126119
1700700455
1633649711
1640793197
1665713388
1648936156
1644876236
1644848124
1661870828
1662854892
1633500908
1640315629
3771144943
1636110078
1635784654
1937798598
1938157766
1942471878
1925633238
1917316215
1917320215
1917287445
1933999153
1934783793
1901212945
1892824339
1892898675
818960355
809531363
541095907
553670611
553836483
591589059
566345587
566271843
599821607
1673563479
1665183061
1661185269
1644359140
1644428796
1644381884
1661148860
1631723261
1623400061
1623277118
1619013166
1620061486
1624257582
1641022478
566297614
566328334
566357022
566360127
566332782
566726014
558204374
554022358
554022390
558349798
1632026102
1640406471
1640402373
1640406357
1632019829
1665573365
1665524213
1665458685
1661256189
1661288937
1627801065
1631992681
1631988345
1633102361
1641359947
1641359947
1637105227
1641289418
1640235978
1908752890
1942376942
1942381038
1908695535
1908675031
272892359
273093957
273054997
273055029
281471281
282520849
301378819
402042115
385254403
376865859
372737235
1444921523
1444929719
1980195239
1984393639
1992758191
2009535231
1960120891
1960080937
1691643433
1683254824
1683286568
1632956184
591724360
591779784
591906249
1665647067
1648808187
1917243627
1917306090
1917158634
1925486042
1942263774
4089951966
4056332238
4039550798
4039550238
4040598583
2983638069
2975257653
3008877621
2987750693
2987749733
3004642277
4084545525
4059510501
3786868455
3770107607
3772077007
3763630415
3780505615
3778540555
3776314427
3776243755
3780438827
1632959065
1632390857
1665954507
1665938138
1665929978
1665991146
1673855210
1673998442
1669735434
1636187147
1904441355
1908668425
1908668425
1900279817
1900280905
1895953481
1895944667
1896203259
1900397294
1892008686
4039627502
4056343287
4052214741
3565528405
3565466932
3045432628
3049692180
3075914756
3071716612
3054939412
3059127604
3084353829
3084239207
2773799270
2769580518
2769577190
2769696230
2770212262
3881699254
3892184966
3802072710
3801945815
3806095359
3821823869
3821856541
3781158173
3781154077
3780482332
3780412701
3779364141
3813004653
3813000447
3880109278
3880211614
4148589758
3875959974
4015414758
2950093814
2931219030
2931276294
2931142150
2952048134
2910103062
2889134654
2889191999
2887094895
2887054317
2887054316
2885964268
2903786924
2908050860
2910260652
2918653117
2914458845
2914991325
2914921677
2919115981
2952735951
2952740063
2952740319
2952740318
4009181150
4025956318
4025947870
4023474138
3989862234
3964691803
3964728699
