4151013438
4150947950
4293554542
3219845487
3187394431
3187265359
3187207759
4252560975
4250791519
3177176703
3177174654
3179103230
4286398974
4160295039
4160427117
3883472237
3883613948
3879348940
3845794508
3844832860
3781754477
3857224553
3857220202
3848831498
3844915722
3979204122
3979214378
2905176618
2842262314
2850756650
2846574654
2846579741
2846553148
2880102460
2880102668
2884232008
3119047240
3110728424
3110672105
3110803178
3110799338
3089695210
3160998010
3169390602
3169391626
4238937161
4104723656
4109053128
1965698184
1462379656
371851400
909705352
911802552
919433385
936207529
936207529
935715289
927847241
895349259
895447579
895447610
878654250
878519594
880618538
880618554
1023215627
1040124171
1073678603
1056906522
920589371
920588347
912076843
907911227
1042259995
1042128936
1060938216
1064075689
1013824949
1013824177
1013824177
744864433
1013037746
1013054130
1013054131
2113043107
2138208931
2138189443
2138058691
523254131
493889571
484472866
484505634
484636674
207813634
207813635
208862211
208837891
208849987
208848962
224544834
220284994
253983058
190994994
199379506
178458162
178271762
446702098
447766818
451960866
449864739
449901603
448904211
1522646099
1530968567
2067839415
2068167063
2051520919
1791995317
1791997077
1783477396
1779216516
1862643956
1863758948
1829942564
1697832229
1697799463
1697842486
1697842998
1697846070
1634931254
1639126582
1639122470
1905722934
1905530695
1905001413
1368129924
1351422340
1355686300
1078801820
1074544060
1074534828
1074616724
67557829
68614471
74902790
216262402
233022210
233025810
266440979
266572081
1600303409
1583526689
1583526689
1584562721
1584628273
1532024337
1493231124
2013327140
2013310244
2013305124
1757776172
1753582908
1838124812
1871680845
1851756622
1849524446
3929899246
3928871086
3928903854
3928888750
3928897470
1785083582
1789204159
1789137597
1790718911
1790718367
2075993487
2074027471
2077828559
1540959567
1498950991
1498948879
1532508031
1601795965
1610339325
1576718847
1576653287
1559803303
1551414694
1549317618
1545319890
1411036482
1414444306
1415558162
3562439699
3621159955
3606479121
3607019792
3597586704
3597620016
3597472548
3597472548
3622581036
3589023016
3568057704
3569162617
3569162715
3573307850
3572293018
3563894170
3559698842
3576664522
3609625038
3592864206
3593925470
3598116390
3528812070
3528729186
1448354402
1450517350
3614847990
1173750214
1172702662
1155930438
1157044483
1156913458
1148467490
1165765410
1207723314
1207955714
1207877890
1342095682
1333711315
1300148691
1291817425
1291551089
1291432288
1283057008
1283063120
1283053936
1299839844
1300065125
1300065239
1333545926
1333528534
1316750310
1316824038
1325294546
1325330898
1325330899
1325314515
1191096657
1207932240
1198366160
1198374384
1160621488
1160625552
1429190032
3577599921
3560306599
3560437670
3564634086
3589659942
3585400102
3617907766
3605816342
3598541846
3598536994
3613151586
3613348322
3587847059
3571062659
3571123841
3570949809
3570954161
3573116371
3564891475
3564762419
3564958755
3581736225
1400763665
1115682561
1182717696
1178486528
1178486528
1176453472
1197294049
1197429217
1172205955
1172206979
3321838978
3321716098
3455942578
3439099874
3439128546
3707563894
3705464662
3703355223
3720132453
3718051301
2648495589
2640102885
2635941365
2636019173
2636015077
2673762677
3755897173
3619648340
3619551060
3623679828
3621306196
3575164788
3709451620
3708656997
4245527863
4245667079
4279221510
4283364614
4283323154
3712893490
3654156834
3637379618
3628868130
3628868898
3638045731
3638048867
3634059377
3634003009
3365596353
3369841859
1209767107
1208726642
3440030834
1293604210
3474642770
3462022866
3468314355
3468379891
3740847859
3740856307
3732467187
3726241266
3730550130
3738940787
3750334833
3754463345
3712541040
3692585296
3692721520
3692711520
3696909024
3705634528
3701374657
3722344065
3716109185
3447280513
3447443889
3749664161
3715974563
3716111795
3715726802
3589926354
3589926130
3588816103
3622366583
3622694213
3614440773
3598573429
2541549157
2541539941
2541568565
2508157463
2547868439
2547802918
2543613223
2543637799
2547830119
2538982743
2500316615
2500251079
2504441287
2638671303
2639783239
3713856855
3713811815
3713881893
3705562661
3705562660
3705501456
3697022736
3562280720
3558176560
3558224720
1409422272
1463947712
1447235972
1447104660
1455493284
1451561197
1451492715
1921797435
1926023451
1397549851
1397533451
1365045002
1365044746
1365009946
1365136186
1367212522
1348338154
1348404394
1355297966
1372091630
1367889110
1368117318
1137357062
1397399814
1380622646
3523913586
3528046578
4073234402
4090006951
4157119909
4123764901
4115572900
4245617828
2097560756
2097556660
2097294756
1828859813
1833051815
1770223267
1770256002
3917588162
3917521602
3988824642
4279281154
4279350790
4245945878
4245823014
4231151398
4235336994
4238804258
4255581490
4256956438
3753645126
3751310535
3755736199
3755640967
3747515525
3713434756
4250374276
4245729748
4247818604
4245730092
4279296553
4145049129
4148177449
4114692907
4114749739
4106422591
4039445518
3499360270
3499950366
3500020030
3515818278
3519832886
3553416019
3276325827
3259728323
3255800275
3255669235
3524048371
3545013715
3545074131
3578760179
4123966449
4106660757
4249268101
3175523783
3204903367
3206009302
4262658278
4279309478
4279248038
4258276774
4236322213
4237502452
4237505220
4237521604
3721482820
3746591300
3742393140
3725615412
3725799452
3725726748
3746958361
3755345947
3717597450
3719707418
3719659066
3703359210
3724329706
3722216379
3713831353
1562223032
2082382072
2082387192
1947972664
1950063644
1430240287
1430256702
1430152230
1430136102
1430127894
1434321474
1560154706
1555969762
1555965682
1287595714
1220114114
1241109442
3422147010
3405353202
3405353202
3401167331
3669603681
3673730400
3673729376
4218988880
4181305808
4164659669
4181695925
4248798629
3980363173
2906113445
2906118053
2907830180
2907826084
2899370484
2899370292
2918248756
2909893396
2770416412
2770678316
2774873645
2783256365
2784299311
2784757887
4156295374
4156505166
4156437582
3619554574
3585999182
3583844694
3587973462
3570151702
3561767222
3570094454
3586847046
3621447110
3755664839
3738797527
3729298919
3729303023
3729303535
3737759615
3737826587
3730568507
3730436137
3728298025
3728371768
4265488408
2101219336
2084507928
1551767064
1551765113
1551846011
1560038107
1557986010
1557986010
1557975002
1555944926
1555820766
3451646039
3455832181
3480907873
3476709473
3745145297
3743048129
3579466673
1440433073
1440433025
1440438144
1566168964
1601830900
1599925996
3596413544
3596413801
3595889657
2002055130
2002058714
1970292058
1953644890
1962017082
1962291498
1976968046
2010457085
1464149908
1447303060
1443104164
1459881124
356516004
356532389
365154487
365146439
398696710
399615750
1607577350
1599187222
1599318326
1565702166
1565702150
1548916738
3703741506
3569779922
4106715634
4107239843
4119822817
4157506000
4266103872
4262835264
4262784112
4264684896
4262673764
4195422053
4199554918
4224724966
4191236086
4170330051
4170334147
3633452737
3633518273
3700503248
3700450001
3703595729
3711984371
3708908018
3742520498
3748808882
3757197458
3757197698
1341610434
1341480898
1333032515
1332748851
1332749091
1341153571
1307603235
1299283234
1282501890
1282599170
1299377410
1297532162
1297532162
1197326707
1197261153
1172166001
1172194641
1163810129
1163883857
1163752801
1163715937
1171055969
1170601331
1204213187
1339477443
1341575107
1333125106
1333124851
1333125106
1333254130
1299576306
1282728434
3430215890
3430404547
3428242899
3436632051
1305863907
3486543585
3469766641
3469752179
3469817203
3469817121
1322333473
1338070305
1297446193
1297609985
1280767233
1280754945
1283440979
1300009315
1165537635
1199425009
1199556049
1199460291
1295941587
1300200947
1297903075
1306289634
1339843826
1339965634
1319027138
1325322578
1324217187
3471701603
3463298643
3481255763
3447563729
3426526705
3426014449
3426075857
3447178705
3447125473
3453445601
3486609251
3486607187
3486594834
3478458675
3478458657
3478417697
3478480225
3445093713
3447639361
3313422275
3313403843
3313338322
3321739234
3304892386
3437077858
3699357010
3699373506
3695048146
3699226083
3713918946
3713328610
3755341266
3730298306
3730265538
3730249171
3732223457
3732223969
3738517472
3755286368
3721674592
3654581553
3637798145
3638027523
3629576450
3629568258
3630088962
3642708562
3680495219
3688883937
3684554720
3667711456
3667719328
3663522992
3658280144
3659431109
3659414723
3407224258
3407224658
3386770994
3382511154
3382183730
3382198066
3415748402
3417845042
3405328146
3404404482
3400210178
3400078082
3400086274
3400209746
3421064563
3488206195
3446262131
3312163155
3446381939
3446250993
3446388177
3429610896
2288762256
2288762768
2297150096
3370760880
3362388656
3362339488
3362339552
3362273568
3361219680
3369623652
3378044964
3675889775
3675816415
3675817359
3677924238
1517857455
1522043567
1588181685
3735730836
4277845892
4269450692
3195777524
3124277732
3124278244
3107497952
3091130176
3091078913
3089501443
4163177762
4175699234
4171506978
4171507554
4189401074
3669962626
3673558402
3665218690
3732376707
3727994035
3727994018
3725896834
3746606274
3754997074
3755004194
3748737314
3714523431
4230877477
4234806060
4243212076
4239051580
3970468636
3991451932
2909321484
4213746444
4196969993
4196983307
4197057034
4264166014
4285137646
4255777510
4255646182
4239130790
4239130791
4239144079
3716033677
1595828364
1578035340
1443277212
1455925933
1451724461
377979613
382190157
88957444
69018420
68494113
68493601
70656289
72757539
81133843
10289155
10421251
60687427
48121025
117032145
1189844471
1185658855
1186705391
1318628991
1318628895
1338551919
1334357743
1334355949
1334346141
1321910413
1310589117
1312694437
1312170145
1261838467
1261835650
1230129042
1271985826
194045666
261136962
244756994
1320583682
1321043507
1340662371
1298720610
3426282978
3426281698
3430598898
3432761410
3434641410
3455657986
3455724545
3488484656
2275738912
2276931360
2276709984
2666562272
2651883168
2650834608
2663427989
2659232231
3196365286
3062205158
3071184614
3072246486
3174703766
3173655190
3156882094
3161195695
3169061103
3164866687
2632329231
2632869903
3756943366
3736987654
3736904710
3736907814
2667548718
2656993382
2669576278
2623439174
2497614343
2497614357
3034382061
3021761197
3023858349
3023862440
3043842472
3065858216
2998865032
3000902028
4064240588
4063031580
4063023140
4066943009
4092111906
4058638370
4109031458
4096444434
4096457986
4248462978
3709477506
3743285890
3745383058
3757376162
4256956838
4240190702
3166447726
2629625931
2629625929
2624499017
2217705995
2235023883
2537472779
2524337451
2465688875
2465589289
3003115560
3019889144
2986313688
2985919112
4049109640
4044927624
4027118248
4027118313
4027368046
1880084270
1616824366
1621026862
1639966750
1673308238
1656736974
1916715150
842399885
859181197
925245605
891691685
938939045
934545127
934549063
2008311303
2008344071
1442113301
1417126949
3560891700
3565081356
3699294732
3756966412
3756901913
3740073515
2667375147
2667374826
2677844138
3030359226
3030287498
3036578186
3023934139
3023942569
3038623657
3191186921
3191205741
4263804685
4263798287
4263798286
3866097454
3874411822
2800403502
2796192894
2779418055
2766843525
2758459012
2755237508
3963197068
3829192684
3829146989
3844351279
3848733990
3831895350
4041610514
4037414166
4037282838
4037807190
4038012102
4054740103
4088325253
1392428428
1383695004
1916310188
1916331688
1930962664
1897662185
826019563
809319914
1886069866
1894392938
1890202730
833294538
866668746
396935242
397001994
535358778
535324969
501754152
493500728
493489928
493750040
1597993784
1528619800
1583133448
1583125080
1582073512
1586278056
1519172264
1536016041
3717183146
3717116586
3745944490
3607544298
3608399898
3576717322
3563331610
3571788842
3571853358
3572922654
3564554510
3560884686
3560950158
1417401743
1476116877
1453965709
1454227845
1458009013
1445421991
1445324519
3592808231
4129732389
4133848837
4142182916
4137984516
3756302900
3697590836
3697672724
3706586837
3640532902
3633589414
2559845606
3656647790
3681682446
3659666446
3396496398
3405114398
1586801774
1586799850
3733229803
3754197241
4249125337
4245456345
4280266232
4145981864
4129205145
4128750491
4128700059
4061549195
4065477275
4065477611
3002319211
2796609583
2795547695
2812323901
3835996173
3836127244
3831930124
3828319548
3827614188
3828810156
3962704812
1832002221
1850949285
1859201750
1855007302
781200150
1049635862
917509126
934614022
347481095
345383943
14030791
9881269
277185189
277127845
818194085
818200484
809537252
805602852
855999012
840405533
842457613
842932745
841881353
908986603
1978550441
1957517481
1689249944
4104693896
4105741448
4105733064
4118315576
4150960680
4067009068
4067156525
4068090407
4143579430
4135059558
4135063782
4130943222
1999253718
1949185094
1962810702
1958153742
1419005454
344253966
344740362
1439589130
1565418250
1565483818
1556801066
1552583210
2106165866
2122877801
1988663624
1992858824
1985519816
2115547352
2117710072
2134569464
4114232680
4097449768
4101902124
4110222124
4036235580
4036759820
1351357189
1351483926
1351492134
3499913774
3564916270
3577269038
3610872666
3610945867
3594168648
4135234376
4135356360
4134306776
4075586489
4075738026
4092228010
4050330026
4033356206
3496685966
3505009038
3506057646
1358443430
3505925750
3497536007
3223874048
3223910912
3223911168
1080616464
1106174464
1185559040
1185546756
1320878613
1318658406
1318593646
1188571242
1444415722
1359628490
1393199242
1107933578
1174978443
369668745
1444447161
1446609321
1450873003
1455136939
1453039851
3619331113
3585784888
3584732216
3614090296
3609829400
4146635016
4147884825
4152002106
4114255402
4097477226
4097429098
4097361658
4097327754
4097450634
4097450634
4097385386
4126676394
4153937067
4271377579
4271848667
4290602187
4261209162
3698124046
3694044942
3698251278
3698247198
3698095663
2625381935
2625446461
2382311965
2377717551
2411201579
2411203691
2411201770
2415396090
3478664330
3478675595
3486114185
3410801113
1242345960
1241817384
1241882888
1242018056
1242994696
173979672
173975593
168749098
169781306
169794826
1243529482
1243463950
1249567614
1270522709
1236967792
1220182352
1488553424
1492688112
1483258992
1491642419
1487579170
1487583266
1492929570
1479805986
1494484066
1527059698
1527128802
2030970594
999192194
1000013443
2073733761
2075769472
2075691904
2070460832
2049484964
1797827756
1797825772
3979915308
3963277613
3966432045
3966370341
3832088119
2758491703
2758417974
2900888182
2947025734
2879924550
3953735694
3953793086
4188682286
4188567598
4189912095
2075433996
1794147340
1781564428
1779532876
1779610860
1778558124
1778560172
1778494876
1761730445
1744969359
1812086414
1812084366
1816266414
1821642414
2090075822
1957966247
4103348357
3566477509
3565445197
3587089423
3621699343
3604843067
4139551258
4139432458
4273645850
4273712187
4269322299
4198006843
4214784042
3107602475
3091075179
3091079407
3101568999
3097366229
3095858885
3095670469
2576101063
2613849806
2592743110
2392465062
2392346278
2392344486
2396570550
2367197574
2350556039
2350556036
2621088644
2621095364
3693844980
3710626276
3748325884
3731549133
3731495630
3728672462
3728540382
3726443374
3755802670
3636277290
3636011050
3652729913
3736659976
1593354248
1580763592
1580829064
1580896392
1446686856
1446752408
1413206184
1413112248
1412060040
1416236783
1420495406
1420569134
1420585774
1437395230
1466730766
1445694478
1445641222
1580901654
1585094967
1593487685
2121957828
2115543540
4263027172
4128826356
4147836636
4097496813
4106145517
4038414061
4036316877
4036773517
4041000877
4032602541
3831276783
3831280895
3848059086
3843860558
3848190239
3881744701
4015426845
3996467468
4013170700
4013170749
4012122157
4012183855
3991274342
4021682926
4019585678
4002690703
4270614925
4270647692
4291602828
4283214732
4283349644
4115302028
4115301261
4124819951
4118671406
4117590062
4112855086
1965301790
1965498382
1966481438
894828842
886310186
360981819
361574153
395131401
394791625
109595275
42523274
64524170
62556042
96371594
95335306
1169138107
1168941481
1164747240
1429005352
1462562088
3610045740
3576551212
3580872456
1475036680
1470846537
1471752075
1438197679
1436098990
1553605038
3705606554
3428647306
1144853978
1144339834
1428454698
1432642842
1436869898
1437389578
1420722698
1420723721
1424985640
1546432040
1564273192
1597828616
2117527304
2117518344
2119615528
2123809835
2122638394
2123130234
1582068714
1594512362
1594540458
2035990954
2044314043
2025382344
2025383756
1492709132
1484516632
1547369769
3694812459
3711634714
3711504202
1599815626
1608138682
1587156906
1587091386
1318597531
1318588857
1323041208
1323122937
1310577707
1310571562
1312603194
1312664586
1597942794
1576973578
1555991881
1555992024
2090698152
2085921192
2098499752
2098249976
2131775576
2131763240
2131960105
1968389417
1960000297
1955740201
1418865177
1419127307
1553284682
1288962634
1280590666
219988282
253669674
236888362
182103358
1250606350
1250594062
1254670398
1242058862
1242050670
1258824174
1212817898
1217012586
1217016361
1217994296
1217927960
1215838984
1211845385
1211813643
1278924746
1282983818
1150862250
1150863274
1167697321
1167830440
1150922152
1146660280
1159238024
1429832072
1361740280
1395302760
1395565352
1936172844
1936168492
4091778604
4091713068
4091720236
4067471933
4065632829
4131684911
4141122862
4139549734
2997478438
2997609574
3077305574
2536162486
2503658630
2501569927
2507829132
3588976268
4125748940
4159301500
4159395629
4092151597
4050141485
1886150953
1886146873
1881538873
1898316040
1932988744
1997807944
1981030760
2009866601
1972110683
1955351818
1418382090
1419414026
3566905866
3703286298
3719867962
2662904602
2662969611
2667233629
2659058028
3598594540
3615101416
3581547432
3573159848
3573103529
3564648875
3563596203
1345026443
1345055115
1361640841
287870857
321701801
861960104
845161384
853676472
309461177
374476969
376660073
375447593
367325469
82096399
82611974
82754822
82771222
216949814
1299063870
1295921166
1299853646
83494350
79302286
1153093295
1152954029
1090301868
1104979356
1130140040
1377796488
1377678248
3525093096
3525092969
4061433385
4061564475
4067862315
4075200811
3001266219
3017838639
3009531967
2972831807
4044435511
4027921895
4027981735
4048952231
4057349031
4059969943
2511216519
2544766855
2544780998
2544321030
2678379030
2678122038
2678122286
2678127918
2648799534
2581821743
2574388527
2572308319
2572310495
2572179455
2571133951
2604688383
2604721663
2571359357
2302860317
2286091285
2286348293
2286414100
2287467280
2295856657
2290544129
2290548241
2286276193
2298793441
2332478704
2332216512
2319631552
2323825856
2323894769
2324750819
2324751202
2328945510
2320548710
2333098998
2365805470
2365744014
2617451402
3695257483
3695394185
3695319433
3695327625
3577899465
3577903561
1464982985
1467008457
1467007451
1433440763
1414566250
3562111274
3561140526
3695357230
4232227119
4233210663
3209801493
3201472004
3201470980
3193078276
3121775332
3137397476
3103844068
3103844068
3108198117
2881636327
3134539094
3134487574
3134487574
3128236054
3105232898
3104974914
2551327810
2555778498
2564228050
3632730867
3649450691
3751162561
3734329281
3738467745
3730106529
3725912225
3726010497
3725745283
3661759875
3661693394
3678417762
3645907746
3629131558
3637591606
3633392158
3633326623
3633343023
3633347117
3628130109
2600519437
2583810319
2583814431
2588124975
2613294894
2613157166
2579602734
2579537726
2579603231
2579602975
2554451519
2550224447
3624212095
3629004135
3628758245
3628811493
3628616896
3625515136
3627657344
3627722880
4164594304
4166695632
4208631424
4208493504
2063507904
2063499331
2055192674
2049777762
4197196002
1781278050
1747258918
1760956022
1756761670
1754607302
679800518
1774235591
1795211223
1782750645
1782750645
1849855413
1845532117
3993018829
4009947981
3959575309
3825336891
3826582057
3839104809
2763266345
2763278632
2763311416
2763319624
2767489608
2954268168
2971059720
3778466312
3812024877
3799343662
3799261998
3799257134
3799793766
3797893350
3797872886
4065157327
4065076429
1917586637
1917601999
1909348582
1888386294
1888382278
1888417110
1893266774
1893250262
1885189318
1881078982
1881078979
1899985347
859651043
859651815
912008935
920400485
903615059
886911555
886387267
1959059811
1954582819
1954581539
2088930627
2088934339
4269976259
3670190787
3670055651
4198537891
4198620835
3187701731
3191894499
3067150435
4136829027
4136707281
4140835969
4131397761
4060160129
4060246161
1929531569
1896009909
1883292117
1883293447
1883295247
1891879439
1892870927
1358326047
1375104319
3547685917
3528803341
3529458956
3529133836
3537554040
3619274344
3568871020
3032065615
3030090318
4108026574
4235830126
4235763750
4231573542
3979919398
4013604866
4013580289
3844743168
1697260768
1697451168
1667500704
1675954848
598870656
580000384
852633217
869278338
835723922
277943202
279970082
278921254
278947878
278980630
60860418
107128835
102933506
237150210
237142018
238190599
525762933
1560186596
1493084772
2025831028
2025691668
2025359892
2046336572
1877516668
1853399166
3996680430
3995959534
3861741798
3878601894
3845020582
3845012150
3827711622
3982897797
3978699397
3982762901
3986952613
3986948205
4238610473
4239274251
4239338762
3703319306
3371706922
3375909755
3407383497
3407457161
3407718024
1260167816
1272742552
1587511993
1602724778
3750076846
4282687662
4278291686
4278618214
3171321862
3172378886
4111903490
4111883778
4113761874
4080206514
4063429282
4071687074
4138730913
4138730656
2008028288
2108697728
1550920896
1545743616
472783664
476580645
954755383
954772767
1005108509
996912141
992716829
959047725
959137965
674974117
674913189
679107253
955940501
955967168
956294672
955627025
953523729
944814611
1006692979
1006684898
922962578
906107266
910301315
918690947
847453361
847258785
847274144
851505524
834704180
282165820
283214392
1348576792
1348577800
1080142344
1101249048
1117883003
1186433706
3331754410
3333850282
3337990314
3330060458
3324883115
3341738124
3291407244
3291374284
3303949004
3299823343
3299633902
3568052590
3563333742
3559135466
3307408586
1194468554
1093805258
1081218442
1349701021
1425210780
1425190332
1416725932
1412477428
1462809044
1446289428
1445371909
1445376007
1445384226
1982682146
1982673186
2012095270
1974347382
3569252062
3569186510
3569147486
3564953470
4118588798
4118195487
4155940125
2008452380
1991543100
1987361084
1446291764
1446509844
1983272192
2000028432
1950221280
1954419616
1958679457
1957643137
1957578627
1957054338
1969477506
1466038242
4141933922
4142982438
4142982439
4142951695
4149243145
3176164121
3184687912
3163970344
3166097000
3166488280
3166470808
3187454616
3187442316
3179053757
3211051951
4280675758
4280707302
4280690934
4147588306
4113638594
1966219458
1970434258
1978843346
1973600450
2008056007
2142283077
2144382468
2098371077
1966246405
1965214263
1949043247
1965565742
1965568302
2146107438
2141847646
2041250046
2041061486
2024285487
1555574076
1555708492
1419397836
1440402060
1473808012
1448649404
1457037992
1452843688
1471718120
1421586987
1953150506
4029332270
4030236974
3761801246
3776747534
3810297934
3792602318
3792601222
3860762758
3862360278
2787520742
2787385702
2770608998
2758615590
2762867222
2762671654
3836234274
3836270881
3836262512
3857230912
4129858756
4130009284
1982492804
1982731652
1982730148
1986398950
1991510758
918305526
932982406
899425926
479994518
478938806
344721030
76355206
214771590
72148467
98349395
98415873
127778113
266120544
224176417
219982179
221945170
255784386
104755650
103153986
104202498
108511522
129269794
1437901857
1419027488
1955900416
1947511040
1947638272
1947634368
1930858112
1914095232
1916011136
842019761
842281121
1914962149
1650720812
1655577660
1655109644
1655089420
1940302092
1906747660
1881573636
1949075204
2099020405
2131546862
4279104230
3993883238
4014560098
4024050146
3904512194
3903480002
3904532678
4172833197
4166526376
4162333144
4162333144
4179233256
4294593004
4289382508
2141766733
1973985359
1978179655
1965723863
1881845911
1881837719
1898627251
1932199074
1932078247
1933061301
4063767212
4142410413
4138207917
4154986221
4154987021
3584827919
2511102478
2510873134
2498273574
2498274342
2498345063
2515175671
2540342407
2519377031
4131098757
4131029469
4131050493
4131320367
4063229487
4084198959
3782049311
3845095183
1953461514
1953444874
2087650314
2095973402
2087586842
2088643610
973024378
966266346
999835305
998819480
998807240
983084744
437825096
437822748
437821492
456679456
406331424
406327328
943329568
1022026532
1018089012
1973848580
1991215684
1923914436
1928108740
4130126796
3861688732
3995906472
4012765609
2825794475
2825790122
2835161774
3103535778
3102282482
3102217938
3098031442
2561156118
2561156118
2579112967
3417992207
3399149647
3403196621
3394804653
3394804415
3403192974
3405479562
1257903034
3397255594
3459645866
3459449006
1309745326
1309679790
1315972294
1341154759
1335943621
1336009556
1306719060
1289925452
1281536540
1281531420
1281530648
3294870328
3559110968
3575822616
3592591624
3605173512
3533930824
3535045065
4071915946
4067713962
4045219754
4030597038
4030596094
4029288710
1886334982
1894526979
1886153729
1881991169
1881995265
1395624195
1391364610
1387171330
1387971138
1387807446
1389892262
1389896358
1385701807
1939356845
1909987500
1903769804
1899641036
1362770060
825899148
826178701
830402959
830460303
863863743
863277742
862237358
828678890
828700394
325351130
317009498
313469482
313469226
313075753
313079912
317266040
304860168
271238152
271228936
808100104
808100729
812418921
811894639
811894767
807716589
807716476
807794492
811788092
1893920572
1889725740
1889626428
1906604828
1369733901
1404268366
1408378718
1399915886
1395982830
1396114670
1400251606
334900422
330771670
330593527
326419669
322748749
321749260
288207132
808231724
808231725
808236335
812029247
812026941
821464092
838305868
829856204
561429452
1669266060
1669258940
1669232303
1652433582
1652437934
1651446190
1651245550
1650987374
1927820607
1994927389
2007509272
1974021896
1961507592
1420438285
1420438286
1421424958
1421364526
1421397094
1417463014
1461514374
1444864134
1443816839
1380902788
852426420
851791524
843337444
857493484
857231228
859364636
859372813
841528335
841593886
846107710
846183486
845978654
842827870
846973182
869976574
836393423
817511820
817508236
817508028
821636780
813457068
828131244
857493916
823980237
807395535
809427150
808383838
812436334
812436078
820828782
821033582
1907288686
1924034398
1391420750
1459582222
1459081486
1450692926
3623194926
4109678382
4105549357
4105610812
4105414252
4105220844
4101014268
4111516316
4111549388
4110811592
4043711848
4057345320
1905666345
1907624202
1907628362
1911830602
1945898234
872219882
863633626
859443402
859447754
859317754
857221099
861435769
869914585
861524952
324573176
1367117672
1366595896
1098156344
1107135292
1103077180
3551438620
3551437340
3535709055
3602814958
3600332718
3604516782
3590884014
3590900382
1460296590
1427783054
1947872462
1949967469
1949901868
1950048524
1954276620
2011741452
1994956092
1927843124
1927843092
1928039684
1927974212
1946070469
1885253573
1885269719
1885234871
1881093814
4028511926
4027979750
4032038374
4048815342
4092886254
4088687838
1941204175
2008317007
2008440143
1974882141
1442197359
1567041391
1566913518
2099470846
2099503614
2086777342
1826658270
769690462
803506447
786733084
774158396
774876172
1848565764
1714315268
1714036772
1714029540
1684669093
1957299895
1890454214
1890523718
1353460231
3518769719
3552341765
3535626500
3284058372
1103020868
3305034740
3304702949
3303622629
1156274071
1156281735
1147953319
1160537255
1160586439
1160658119
1093556423
1399254006
1407625958
1403498230
1386513095
1390707407
1390445069
3529683261
3530727460
3526664228
3526665253
4078234657
4048866323
4041100771
1892571042
1892557474
1884168850
4032705154
4030595714
4047374211
4079880577
4084160961
3529865568
3538221348
2460248869
2460246541
2477220365
2443600399
2444055086
2427217518
2427223526
2498251174
2506623366
2519338374
2519340422
2519344519
3593088215
3605802215
3618387174
3584823510
1442603383
1442177317
1433833757
1429635356
1463203612
1429580556
1429580556
1966582604
1947646924
1951848908
1893191160
1892959721
1893466602
4057932282
4059455850
4060018026
4092364142
4151084382
4135363914
4143756618
4071918858
4072115498
4072066090
4068371498
4064029738
4079756618
4033755083
1894659801
1891505896
1891176172
1895304940
1882742732
1881710028
825015756
590185548
594511132
602768468
602248276
593862772
556115060
1882690676
1614204020
1614215525
3761695523
3772181026
3784825378
3818249746
4071939590
4076140038
4063524358
4061926998
4061728502
4065988262
4070444454
4072412321
4138995872
3602129028
3606323396
1429610564
1144446980
1144431108
1148620293
1085770270
1084000814
1352444718
3499932526
3554331646
3596283854
3596314330
3596105434
3738908251
1608128315
1608123693
1576535341
1568158767
3694665775
3694747694
3713642506
1574482382
1569231758
1569235855
1570350780
3722034876
4252613308
4286159548
4282039212
4214946220
4282022380
4281997805
4286193021
4286520700
4292679452
4294783772
4294730012
4294205564
4218708092
2035560573
2017737757
1480866063
1489387326
1490429734
1486229806
1557991710
1574768971
1599934923
371019145
370067849
369543561
373598633
1455729065
1455732105
1448522185
1366721289
1348960827
1348903467
1357292075
1357233707
1353047595
1353045546
1357345658
1349976410
1343684634
1345781787
1345655835
1344613435
1885809723
1902542139
1944518411
312989195
317506059
317506059
310199003
308155307
307045803
307045547
852436139
852432011
852247691
843859083
843890857
839839913
856613115
824074251
809492763
812638507
812507947
820901419
553442875
553437755
635292473
902793689
894355849
890563977
1024746907
1043354107
506610154
517128490
512942382
1049682238
1589699646
1556196695
1422048965
1418903173
1419167365
1425293989
1417421485
1433142015
1382482458
1390805034
1390749739
1407461417
1475618857
1433741321
341257224
215220232
228376840
228507913
227459451
210362859
206106090
201885866
201951422
202029191
470459783
470524805
491365012
517903028
517903052
517923341
511062543
509806142
509614890
526444586
1021360170
2090895386
2090895370
2096205002
2027271562
2043126170
2068816282
2051977659
4199469497
4195307945
3658359720
3679331052
3747488360
3713925704
3707123272
3572969416
1421093320
1421088953
1420822715
1353988250
1087663242
1096077450
1125417370
37192154
304525594
304521535
308781359
1919201581
1927583023
1944558895
1937094959
1897183519
1963231502
1946606350
4095106590
4095098398
4250801726
4261283646
4255056766
3214725502
3197956591
3196887292
3196363996
3196364252
3192174268
3188045484
3188126445
3188073070
3120968238
4195685162
4215025706
4176228394
4172153914
2024408074
1487551499
1488469064
1220032712
1215842712
138185112
138189212
135769484
218539404
235315597
507945862
516330118
516330135
374264501
370135712
369678244
373869796
911789092
1048116252
1047194636
1063971853
1030677517
1031716927
1012224111
943984879
943994351
944189295
415644206
411449902
411385406
1490316814
1490347534
1490936334
1507758878
1506775518
1233965502
1267528110
1267527870
1338963135
1338922172
1305349308
1162679740
1142764956
1142821772
69080012
69092108
72729372
343183916
343254573
360099337
393579017
385125915
374705739
1444382426
1444278970
1443128234
1444176298
1431598506
1423393962
1358841002
1354650011
1354719625
297558413
318554588
309248125
305029181
305062941
305128461
321190975
