1358699551
1356663823
1406077959
1380926837
1376769013
1376228245
1376227989
1912837045
1916834725
1916842919
1925226935
1656988831
1648536735
3791829247
3791886383
3875706925
3875711021
3842418989
3830890285
3830892348
3763847709
3760014141
3760022383
3760006119
3776775143
3813475311
3813474942
3787801102
3787740682
3771006475
3771001371
3762350619
3762355739
3762312715
3774878283
1627656923
1661207291
1648624059
1648694443
1657224362
1653029050
1653029050
579221722
562444362
545664074
814097418
814022938
281293611
813969960
814019176
830771944
860324524
860140204
856466076
892633996
895857084
1969599935
1969601022
1969601023
1969666415
4118198639
4151766287
4269688078
4269737163
4269610459
4269741466
2122268090
2079207338
2045722282
2028805802
2028213946
2029269979
955524043
947135449
424943977
424943977
995374457
995439897
995441977
995441983
995440959
995572031
970275101
970276125
961887517
960830748
956570940
956587309
726944045
762595645
627964279
627964279
627964279
627964279
627964279
627964279
627964279
627964279
627964279
627964279
627964279
627964279
627964279
627964279
627964279
627964279
627964279
627964279
627964279
627964279
627964279
627964279
627964279
627964279
627964279
627964279
627964279
627964279
627964279
627964279
627964279
627964279
560855415
560855415
560855479
560855479
560855479
560855479
560855479
560331191
560331191
560314807
828489143
291616182
325300630
325300566
325165366
325161270
862035254
870422838
1944172854
1944303926
1978055447
1952889349
1684453957
1679986373
1814284196
1814058468
1830823396
1864377572
1869688053
1869688021
1859141077
1871723989
1871804405
4019386359
4021465687
4289761795
4289766915
4289768979
4285578771
4281448977
3174234929
3173136675
3156351267
3156609122
3160804594
3170239954
3182887378
3180651478
3180635126
3214189431
3180639061
3186923293
3174341436
3173304892
3156695612
4230363964
4230359900
4247132621
3983672469
3985703063
1837109431
1870721206
1874960534
1858118102
1859166790
1850779142
3998268947
3996171793
4013145653
3979541796
3962731812
4235331700
3161589972
3169987060
3170052596
4260566516
4293989333
4159787861
4155625815
4155568438
4155565110
4126207014
1949329446
1949333538
1412569106
1412569090
336726275
341249281
273945872
71570192
80085520
75891201
76956227
230085314
262509250
1319149250
1323338450
1315019474
1310956243
1327741649
1332849648
1299246432
1280337248
3427803488
3696304480
3696439648
3562099169
3587396067
1471337922
1458756546
1390660418
1382140690
1445022514
1445034290
1445029154
1433429282
1414554978
1413535203
1413514721
1950385569
2009301153
1988268161
4135755905
4135755971
4274168259
4266835411
4264737763
4281596771
4247837543
3157314919
2909863199
2951838991
2951968031
2935190879
4277560670
4275446110
4292293110
4250342902
4233435126
3562348518
3570679778
3570673507
1439970131
1473585921
1188373249
1188507905
123106561
123132160
87476480
91654400
91720977
91526451
125084019
1198891475
1467388307
1463189906
1463255986
1433900979
1962387121
1962258097
1960095716
3839143204
3826560292
3843075372
3775984941
3776083037
3776065743
3776057535
1634795950
1676740010
1672545706
1639122874
1638995850
1907374027
1888494153
1892705037
1884353308
1884534588
1892857148
1892914493
1909562655
4090871054
4082545678
4065776862
4060595694
4060369322
4060373946
4064764666
4089864939
4052186861
4056184541
4056176333
4056209357
4047885791
4056405343
1908855902
1430682654
1430748222
1430613030
1465351463
1465259799
1465324293
1448424193
1448420112
123085584
257314560
89541376
99764480
91474176
91344241
131114211
131113139
1473749138
1450606978
1463189906
1463255954
1432851378
1978119139
1962255331
1962190117
1953803557
4097109287
4095015214
4095170878
4113964350
4118156574
4118222606
4126474846
4155839230
4155978490
4156371674
4120650427
4120650153
3701224616
3571205304
3563019480
4099865816
4099337432
4116032984
4149520328
4141319880
4132864712
4128633561
1981047529
1981030889
1998004329
1969098793
1960707115
3569228859
1421818139
1425291547
1425340682
1433718026
1207272778
1188462926
1452442062
1452454238
1456648302
1456713838
1448321134
1448255551
1444061215
3574779935
3558032446
3558022206
3558025278
3558025518
3503500078
3499310638
3499165246
3499360990
3516138237
3515089596
3516143276
1464868780
1462771628
1997660076
1712504492
1711449780
637772444
641770124
666940037
541098455
536970343
537110567
604203047
605169703
605173799
661796967
649202151
647106503
647169671
645924487
645927607
645931703
662709919
1015035591
1015041735
1019263559
743483911
751872790
684829495
714193206
714258710
1792195846
1846722310
3993014054
3993022246
3993026342
2936208678
2902621478
2886883622
2899446054
2763132198
2763211029
2763120949
2763055380
2763043140
2754921412
2754922180
2754005668
2754017964
3827755949
3856951741
3886095501
1742869645
1730285709
1730294159
622995375
627257069
631319277
648035324
649080204
649078156
646979788
914374852
931168468
897618276
885039973
901817121
901882147
893550850
922913794
922904578
922888210
922826790
1058158886
1070742374
1066539766
1065486022
1048576719
511705775
528540591
528540079
494985709
482390501
474189793
469928865
1006742419
1006676867
1006746498
1044617618
1052941762
2126683458
2118290690
3725638930
3725617458
3727767858
2654091558
2539788582
2493648679
2493648663
3030830853
3031803653
3031743780
3030687012
3034877028
2774829268
2787609077
2788072421
2787557093
2787554991
2787570351
2787537583
2804364223
2770612623
2757770399
2766157982
3768727742
3768989886
3836099006
3835834255
3836814981
3853526660
3855640452
4123056096
4047562720
4030752272
4030752256
4043526657
4044510722
4084363058
4084362546
4091693266
4159834242
4157738114
4156562818
4156566962
2009345442
1984239011
1992426931
1993487507
1995645139
1995448403
1994448951
2002821159
1969267735
1960881415
1960951559
1962120965
1953731349
4096955157
4094857501
4094870813
4113788221
3576900399
2503097135
2455902758
2996980518
2997077270
2997141830
2998194375
2998174175
3019215853
2956362461
2956362445
2956375769
3760516713
3760515369
3760515113
3764714539
3764737291
1613038859
1612972363
1612973515
1613183147
1625696427
1621503151
1638270349
1940325255
1923093125
1927295685
1382228709
1390551393
3538116961
3533726049
3534811507
3534811987
3549463062
2442170150
2425461030
2423499047
2423498791
2438182933
2472008965
2463515917
3537241356
3528864812
3528932397
3531541551
3548253487
4091483503
4082496974
1933878222
1930208142
1913422222
1917616542
1934394287
1930400687
1896772475
1880043289
1879980825
1881028969
1893083625
1975462361
2008811915
1050414474
1050411402
1054605706
987582762
987754794
1006493994
964490026
947692318
943499030
941141814
940091862
956881046
961108150
994719910
986331318
1049238998
1049236741
933115652
899559956
352089620
343694932
339540724
874314420
889506484
889506484
658754453
792907221
792917269
792978471
793895975
802286886
1062251830
961587574
402708946
402708914
134470562
1212373986
1220745762
1283668530
1283668530
3432131330
3484559618
3467786498
3466726402
2393000962
2393228306
2393146722
2393159139
2397345761
2414642848
2372699824
2372900496
2406397568
2401939076
2401939092
2368465588
2369514404
2636900772
3157244132
3178150116
2918104148
2946935812
4005014532
4000623620
3996429316
3996488724
3996487732
3996311589
4013039655
3979477094
3966042350
3969974718
3970110399
3970111132
3970113176
3971038856
1838168712
2144414600
2136025544
2097228232
2097245161
2101477119
1842452175
1842447055
1841398479
1740739279
2135008215
2130814453
2130814179
4278383715
4111601699
4111597603
4117889315
3077640995
3081970211
3065131523
3065381377
2679587329
2679915093
2679927535
2650546927
2637956843
2621181307
2621311067
2621339674
2633427034
3098847322
4172590154
4189365578
4227105354
4202070618
4195778938
4195786858
3927220458
3993018538
4009939118
3993420974
3993388462
4005975983
4001854141
3867619997
3889509260
2775856076
2754442780
3832512044
3773267500
3768872508
3768872472
3768909576
3774109004
3759490252
3776253068
1695747220
1694633381
1698832293
1703026343
1737492118
2005926598
2012427074
2002919682
2145607731
2141249571
2107700513
2108735349
1875946053
1867627077
1863490245
2131926981
2131939829
2100547813
4117807341
4100997356
4098908264
4233126185
4241650985
4103274283
4122144570
4122363674
3585427210
3589538058
3576693002
3560113418
3560312090
3564509563
3571939819
3567577579
4120964571
4070609355
4070801867
4074930443
4063395903
1914806319
1914740781
1899028781
1882681645
1882592047
1880490791
1883703143
1888291775
1888291743
1905089439
1921973135
1923018639
1927210895
1916650383
1916126175
1915220335
1931960621
1885807917
1952918844
1952786716
880031805
880020781
877725053
886243679
478155607
478155478
478180082
478274275
478209747
478193345
415283073
423804289
436377985
436394368
436394432
504552913
1041420771
2119430626
2127614310
2144379174
2094047534
2026943790
2027011374
1758702382
2022878014
4172724511
4256603149
4260807692
3711320076
3711238157
3711238205
4229329261
4241942125
4254510701
4019560063
4004813391
2931072525
2926939405
3191837725
2789056575
2786910318
2803720558
2736653290
2705196714
2709456558
2696677038
2695627711
2695631245
2964074892
2965184908
4038944716
4041011148
4057792076
4091383564
4091458845
4085162015
4080509019
2000015579
1997821115
1998003643
1996890027
2101484201
2105744109
2088771167
2094020103
2094015238
1559323442
481420066
479457571
529781091
507745473
503486593
503502976
503498880
369286528
387077008
387072753
382796321
382730787
378544675
1183851298
1202939666
1169353986
1421008134
1425182166
1425443718
1425509254
1417514382
1416993935
1429578911
1429577919
4113608879
4113608943
3844120878
3890324010
3886064171
3869286971
3869287963
3890263353
3878734889
3845508137
3844524073
3844495401
3881983099
1742882267
1721909450
1727090826
1718644890
1712349630
1712547823
1666344551
1624473189
1620139575
1620180483
1624505603
1616004099
1611809795
1611735042
1628446754
1666265442
1673724643
596051681
897912528
897850048
897854016
364916288
364916304
524363712
524425088
507643776
516032384
264388480
192966065
163604915
163605906
155221458
138507570
139555122
149119282
149119794
149123859
149115665
165926673
200398833
441556913
440442273
440441249
977320355
977320355
1061272818
1062319218
1058055202
2133893170
2117316626
2117243922
1983026195
1981994275
1987204899
4151445027
4126343762
4107470551
4107601655
4124385255
4122246103
4155861447
4160060359
3069698007
3059087062
3076317910
3042763358
3044864894
3053318511
3049120111
3049251181
3049248117
3053241677
3076314461
3038541167
4112340334
4112397678
4095616382
4099288574
4110302686
4106165646
4122951055
4122950021
2008878533
2012549060
1467293204
1450653204
1982277172
908403252
908337444
912531492
853815332
581186613
598481927
632032271
627964279
627964279
627964279
627964279
627964279
627964279
627964279
627964279
627964279
627964279
627964279
627964279
627964279
627964279
627964279
627964279
627947895
896383351
896383478
627948022
611170806
611170806
611171254
745126838
749320630
753514934
1693039798
1710865590
1700443297
1716171936
3863653536
3863719328
3863727540
3859406740
1712025492
1712009108
1981426612
1970944983
1953110990
4108983262
4109066110
3836499966
3836540894
3837571791
3834942045
3839211069
3830818357
3826560533
2889132565
2906123045
2939616293
2810102821
2818457653
2818457605
2816430359
3890028919
3848088959
3848088047
3848223214
3848145150
3881699726
3881715086
3864285583
1660699039
1660731835
1652347305
1669128617
1669096889
1669225881
1677614297
1677617257
1677682747
1668241435
1634683915
1634039049
1634067256
1634202168
1642299928
1641120536
1673561560
1673575848
3821055401
3812730795
3846616746
3846619822
3825648382
3829679870
3829694206
3829690222
3854593390
4022562142
4014105934
4290928710
4274188406
4269855846
4269855846
3217093718
3217220679
3208803653
3171317189
3159782900
3168163812
3164489636
3181119444
4260898757
3724026829
3715707895
3697940327
3694003511
3694003462
1547646214
1547447559
1546923287
477444373
427165959
460458247
452069639
450043143
441479447
441574167
977380149
977314789
2059445157
2051056549
2067837861
2067837861
2034341565
4291016365
4290950831
4290967215
4291227391
4292313087
3218373743
3178503278
3177516158
4234546254
3706084558
3723943374
3723941374
3757570046
3757560286
3732246879
3732190559
3732186485
4269057509
4269141476
4130862580
4147574004
4114010357
4097229169
4101423361
4108763905
4104634881
4104443431
3030707751
3034901030
3044338470
3044526902
3075952406
3075949830
4149547270
3715445014
3715445798
3699194918
3699129378
3697097778
3696956722
3704226641
3700032192
1569608384
1503581824
1502936720
1498737312
1493232288
1593863840
1577265073
1577194386
2114064786
1044582898
1065357798
897589686
897609111
897804701
931297676
935483788
905972156
369101228
369108380
907174284
913555933
920699247
853573935
866165039
1973657887
1973592335
1961076495
1960949535
1952558623
1969667611
1910962747
1677122347
1658767659
1658701867
1650247721
1645802553
1646108681
1646043145
1646035017
1645002985
638337193
638402731
1984823723
1976442779
1959668363
1956522699
1956326107
1958243067
4105759449
4109951945
4126720456
2012758472
1945657704
1910137641
1910121257
1895437099
1895499562
1618480954
1614290234
540556602
538459450
538467338
541608970
566775050
566807818
566875451
558593387
558462331
558593371
592143865
600565225
600505768
567009180
558489501
1615372190
1892196030
1892261534
1904852638
1938423438
1938538142
1938732990
1653519790
3818828973
3820989676
3823414284
3777272844
3777465612
3777404676
3777408516
3777932844
3777990188
3812527663
3812526638
2726289198
2721901886
2789045566
2789151038
2789093758
2809606575
2947875245
2914321325
2897675964
3902217884
3902091149
3906219209
3914607705
1769747465
2046701577
2046435337
1006248009
1006248408
999912120
999882424
1805429432
1804380888
2110565064
2111158856
2112994888
1966310984
4147364568
4147331736
4134736555
4138930346
4138807466
4155769006
4122280166
3572957254
1412616198
1411556614
1411558726
1411557446
1428404293
1982970085
1985067253
1984142549
1984083397
1716698373
642882869
661716005
594799655
561138727
557005870
1630743870
1664300334
1666389286
1673594150
1673529142
1639976454
1619003910
1887783446
1887783478
4035238454
3498372917
3514953044
3510662260
3539993828
3321889956
3321955756
3351392172
3582340796
3716557469
3448072863
3452764079
2366410159
2366479551
2399774095
3741888461
3743002189
3747588685
3730750013
3728653095
2654641958
2671432982
2507855122
2507850610
2491040610
2486896338
2491119554
2499503555
2495344112
2495151328
2511130080
2540490064
2519058176
2520233745
2654250803
2658463014
3201346598
3201416230
3218261030
3209872415
3209884943
2671994703
2671933405
2638436333
2638235117
3175107757
3175111869
3209161869
3217484941
4291227021
4292343261
4283889613
4116108237
4114006863
4113678719
3023106351
3021234479
3025528109
3033988397
3046570796
3046497884
3084189260
3075864140
3072325196
3038770765
4112340349
4049355823
3780906031
3780379694
3780449406
3788906575
3788906575
4057362783
4057416669
4056175357
4047787769
4089730809
4089729019
4090316267
4056765931
4048512250
4048446682
4048483802
4057912778
4057454410
4090807882
4082415450
4078299002
4044679163
4044678619
4048930299
4048995835
4057388539
4158088159
4149568383
4157944703
4158075773
4090917849
4057364443
4057290747
4032585723
4032593259
4041014587
4041006137
4040973337
4032586761
1631395849
1631461657
1662931769
1667121705
1674494571
1673839355
1640275675
1640274505
1698994761
1732623113
1715972379
1715972107
1715846155
1711636507
1846444155
3993940219
3993936107
4010729643
3960397995
3960370335
3960356253
3961469869
3965524653
3831302893
2767982333
2763798109
2763813469
2763805533
2778521933
2778522063
3051152639
3038280943
3072019951
3055437310
4129191374
4135479119
4143870543
4143796751
4160049693
4126495261
4109759033
4107661849
4099207705
4099208729
4116053849
4116175833
3881294235
3883256219
3891580091
3849635259
3832856971
4101362635
4117222235
4150682411
4150731055
4117046575
4126485543
4105649186
3568770354
3566667026
3571385618
3571339538
3588157522
3604926659
3604922563
3604906113
3604975745
3595411873
3595346337
3595362721
3607975125
1427049559
1544424759
1545484583
1568287543
1575698199
1609110031
1604911887
1588155215
1610216141
1576661645
1551407005
1551413161
2088348585
1970973625
4152069017
3866921721
3866920569
3866403641
3862209305
3862200889
3877024297
2769723945
2769740333
2752959277
2771861805
2772256108
2772176364
2775322029
2716667821
2716798655
2746097310
2746095246
2813146766
2813076894
2813082798
3081510070
3049139334
3032362182
3036556486
3028168134
2491233782
2499618294
2495428054
2495419590
2494833862
2515807475
2515824099
2507656689
2440482257
2440529857
3514148816
4049904592
4150633424
4150759760
4133978448
3057091892
2989743412
2989619493
2988562727
3005479207
3018063655
2711740255
2779895631
3048339405
3050567509
3042161941
3044258869
2977272869
2707739685
2707739685
2708730919
2977064243
3008509235
2974942579
2974877047
2958105973
2968731509
2981263061
2981320388
2981418692
3079993044
3084187381
3054829311
3071590143
2769809150
2769747550
2769737550
2774005086
2815714431
2815714415
2799006959
2790620407
2807528663
2807454919
3847675223
3856062327
3851933527
3851809607
4157989831
4149535223
3071599845
3071573157
3071757477
2807483813
2815876789
2811682501
3084222151
3084183111
3061114743
3060852007
3060920359
3061018679
3077787703
3044218135
3026327319
3034988055
2498103830
2498038294
2490383942
2498834390
2511541750
2544961015
2528133559
2528179639
2530276789
2538640788
2505484244
2501306068
2486691572
2503472757
2436364157
2439406941
2473033055
2482330718
2549439614
2549570670
2541180270
3610596442
4147408970
4130370635
4134622299
3604208747
4141079914
4141077882
4262568794
4279345674
4245926410
4233277962
4237468443
4237534521
4237337912
4233157944
4094709048
4094758268
3021086076
3021094396
3025542637
3050767871
3084191135
3617026447
3600179599
3600208847
3600204495
3738292831
3746625391
3744509231
3190860847
3193023533
3193091085
3193082957
3193077964
3205738884
3172131476
3155358373
3155313381
3157333735
3027248742
3035637542
3047437614
3047425086
3014466655
4088216781
4092341389
3547161996
3514717628
3510092733
4044735389
4044670943
4082474270
4084575294
4076121150
4075072566
4066683911
4133925895
4130766855
3061219639
3078014757
3027617509
3023398613
3023266437
3027378821
3169976997
3165651621
3165651621
3163567847
3033542399
3033542623
3044026847
3044042927
3060222143
4134423695
4135476429
3598609615
3732759567
3732759574
3597624374
3614323766
2507019574
3563458818
3563467522
3567669826
3567698627
3501703825
2444526240
2442438560
2471800228
2467608740
2433845412
2433928381
3507942543
3510038991
4051063118
4150682398
4159072046
4154816303
3617861423
3605278015
3613666591
3609670927
3576038671
1412826575
1414938079
1423917038
1419539823
1440544125
1977413964
1969008908
1965007116
1965007644
1964815164
1963759404
1968031528
1968099112
1967583017
2101833529
4249321243
4123873083
1976389483
1976326122
1699510234
1967937418
1967932810
1699530138
1632491002
1666119166
1640949246
1640949247
1632629213
1666040205
1665974661
1665974429
1649164477
1645150701
1648768363
1665542443
1640901418
1642019642
1641900571
1637677835
1637678857
1910276425
1943830729
1934393529
4048400555
4027424942
4027579878
4031699430
4039565154
4106645362
4119324498
3046630231
3080119125
3197298644
3200368580
3200297428
3057695092
3070294372
3070352485
3036857813
3021132229
3021140935
3033690775
3046306487
3046241973
3046178733
3079723949
3075525615
3071332191
3073426703
3056853262
3056787758
3059900462
3085120558
3086423086
3052801334
3187035478
2622967111
2622776647
2622776773
2639685061
2681665365
2660681317
3199583973
3199518421
3195332551
3207915478
3174430718
3157743598
3157751790
3161929710
3161798142
3161462111
3161482589
3186713724
3082024060
4136885468
4136754652
4132818908
4145401812
4111857604
4095206341
4095140343
4099862631
4102012967
4110368790
4042675463
4091969351
1928732231
1920208503
1918113383
1985230445
1984960365
2010125817
1972581849
1972511963
1976708347
1960268955
1960592523
366761163
368854091
905790489
1030647081
1030647593
1059515945
1063710267
1046578699
1047560970
2129690894
2127594526
1849797678
1849731110
1845602598
1849859382
3997335830
3997335831
4009918771
3976388882
2885841234
2885813730
2887189922
2893284770
2762213286
2762213031
2763472517
3031902852
3029674885
3029608837
3050580373
2505387415
3612833223
3623338822
3623211550
3622068799
3622068799
3613419359
3614660095
3581041901
1431377069
1427182781
1410563213
3562208397
3564298125
3589443325
3588267757
3621824061
3613434383
3613438479
3613692718
3588551470
3588613926
2514939686
2515458342
2515454243
2549008401
2549075008
2540565568
2674783552
2671768336
2671690240
2637611520
2641809923
2650231590
3187430694
3187430502
3187170534
2675464662
2675534214
2635622790
3713559958
3714020759
3713945991
3755393415
3621175703
3620983249
3614696897
3614682433
3614681361
3614948657
2541083937
3044398897
3044397621
4101329431
4101313143
3564447415
3589681063
3585555879
3585083559
3582986407
3587181751
3580959877
3581043845
3560105349
3563315649
3563103601
3571492641
3588269857
1474535201
3605175601
3596793091
3596792835
3596866579
3596735522
3613520930
3563255074
3563245362
3559083842
3560069698
3560069698
3564259922
3589361442
3618653987
4138754867
4137739063
4137739061
3064000868
3080753636
3085998052
3044319212
3038035916
3038097357
4111986639
4111983998
4111814718
4116140094
4160110638
4160635951
3086961721
3053222168
3053283660
2633918796
2625531357
2625583071
2642236382
2675262078
2667008622
2528633454
2528506430
2528432926
2528433471
2547318079
2505439551
2618809119
2618744415
2624996951
2633384663
2629059318
2645848550
2645844134
2683597990
2675229926
2536885462
2536954951
2536959047
3039997189
3044192005
4115906068
4098940500
4097891924
4026564180
4043390580
4043445860
4077061988
4082172773
4073787751
4069856358
4069786710
4074001478
3604278342
3604344070
3604348182
3604268342
3600597815
3600675604
3617547060
3617530740
3583848932
3520931300
3558685868
1410731180
1412827277
1077282959
3284366
5311886
97540030
366274238
365225726
298091070
299729726
368871214
367829294
1475142974
1475276046
1459543310
1476320590
1465798654
1464616942
1464620014
1405969374
1368376270
1352450927
1352192301
1356377388
1343793188
3508250660
3524958244
3537541124
3537541124
4074413316
4060775684
4060774676
4060775220
4056584484
4036665637
4120625255
4118298854
3073925287
3073907879
3056224685
3073264317
3035499148
4105051788
4105647757
4105971343
4105990062
4110183854
4110216686
3036474350
3026557934
2758184710
2758182663
2755110660
3845432084
3878986532
3876971380
3793121989
3793093302
3795714982
3799844774
2751204774
2981894310
2980845806
2980854862
2963547150
2963563534
2426786110
2427441726
2428499503
2427840039
2429871719
2421540695
2434647383
2470429719
2457850935
2466247735
2465721607
2465721607
2455240471
2455230263
2471875959
2471809383
2438287735
2446807511
2513850823
2513859029
2497148407
2497533415
2497500647
2497509223
2488919927
2488923927
2438853911
2474501399
2457855317
2455754053
2455719885
2455228413
2462578405
2441471717
2424632055
2429862615
2421998167
2417870647
2418013475
2417949731
2421847043
2423944193
2423943169
2440745041
2440810849
2474374641
2463886785
2463891393
2463883187
3539591095
4076459687
4076398326
4084785894
4049134574
4028125678
4028125678
4044977279
4045108319
4082824519
4091209479
4074368791
4073258775
4064860023
4132042615
4149213175
4157593559
4123936727
4124984263
4108211159
4099896311
4095533543
4095533543
4099728503
4123845749
4057791509
4057328661
4090948933
4082564421
4083077061
4083074759
4083140343
4083012583
4049400807
4032586599
4032586037
4032623925
4041078048
4043242784
4043239168
4051629824
4049520448
4045390529
4045390835
4082979811
4082963874
4091356658
4074710162
4076811414
4072617142
3535615414
3533448695
3533201903
3533468141
3533558269
3537687805
3548165245
2977739871
2977799183
4030708767
4034312509
4034313021
4046892575
4046890511
4081054215
4064146183
4064235894
2994684006
2994536678
3000828134
3017737446
3017162198
2983669318
2984083014
2984073734
2984078854
2480893446
2480826182
2480502223
2482521317
2448970980
2449003748
2449200340
2421945408
3495552016
3491296544
3491353888
3491418897
3493786113
3497947715
3497939650
3514762962
3514634146
2474384802
2482600354
2480504242
2478439810
2478434246
2478352343
3552098293
3556292580
4067995108
4063816932
4062838004
4062936308
4062862580
3794457844
3794466292
3782926964
3774542364
3770651149
3770515999
2700902959
2688333350
2686248502
2686254630
2690436134
2715765862
2778612966
2812167318
2812175494
2816402566
2816466071
2808073399
2774523039
2771827855
3845629389
3845629389
3845256668
3843090268
3843155820
3883136812
3883128620
3874740013
2801005853
2809265437
2809459775
2775970863
2776093743
2775990591
2775995223
2776068951
2776064631
2784323174
3841286118
3841215462
3841286102
3858137030
3883300294
3866579278
3866480975
3866423357
3866420269
3874809132
3872777516
3889681788
3881158108
3847738845
3826709901
3826705807
3826697630
3830958062
3839153774
2763325038
2780069405
2780063245
2817811980
3077842492
3061069100
3061125420
3061252157
3069640831
3065446511
2528580718
2526360686
2543072767
2509535183
2513827791
2505569741
2505569741
2505569757
2539124221
2539648509
2539648381
2539640191
2508051807
2490733919
2490742110
2490873694
2489292574
2489161054
2489165150
2484987231
2501901663
2501827935
2536921079
3077986295
3086440167
3086448247
3080024919
3079992183
3084181991
3051151847
3042767351
3076507095
3076412871
3042930135
3042930167
