1358699583
1356598295
1372392455
1380910421
1380959733
1376768949
1376227989
1376228245
1912640421
1916834727
1925226919
1656858007
1648536719
1644346591
3791886463
3791886383
3875715117
3842156845
3826690349
3830894396
3763782172
3759489565
3759952749
3760005999
3776787431
3780969447
3813474942
3821355550
3787739658
3787775498
3771002379
3770739227
3762350619
3762346507
3779120651
3774963211
3775141403
1615071099
3779338091
3779410410
3779542250
3813096698
3800511738
3800969466
3801034971
4069404875
3532399627
3265014793
2208041997
2174629935
2173581615
2173511999
2173438270
2206993006
2211208038
2211207542
2211281238
2211281270
2177857910
2169469302
2170518358
2172615510
2172484423
2172484439
2172517207
2172516727
2172500343
2171451895
2171451863
2171451863
2205006293
2205006261
2205006260
2205006260
2205137044
2200959124
2168453524
2170223092
2169175540
2202723812
2203771876
2203840996
2198450652
2202644940
2169082312
2169475960
2165293032
2433592041
2433522425
2434177739
2534845066
4149653130
4157974170
4132762538
4279562666
4246491562
3172877802
2893960554
2893997370
2902320409
2919101192
3187470856
4286378504
4282143245
4179366455
4162662951
4162789666
4166918178
3638427682
3633971218
3633975366
3654956230
3671747718
3671780742
3669592454
3669526942
3673729455
3673730475
3732452587
3715863035
3699085689
4235957113
4235965289
4231771113
4231590888
4231591912
4246237116
4246416284
4279909260
3613269917
3613328815
3623158191
3602120878
1454457086
1454428414
1454433302
1458611206
1446226950
371366914
388142083
354587651
338067459
338083843
472825875
477052979
409928755
405740849
410990129
410859041
419247648
415052320
412627456
412624384
433858064
467171169
450490225
450489665
449412417
440932689
436742513
436808049
441002341
977878885
986255973
986194517
986198613
986190439
982000239
713564783
731397743
699931479
703089527
627964279
627964279
627964279
627964279
627964279
627964279
627964279
627964279
627964279
627964279
627964279
627964279
627964279
627964279
627964279
627964279
627964279
627964279
627964279
627964279
627964279
627964279
627964279
627964279
627964279
627964279
627964279
627964279
627964279
627964279
627964279
627964279
627964279
627964279
627964279
627964279
627964279
896398711
359526775
91091319
74314103
74314103
74314111
74314111
74315135
74317183
74316159
74316159
74382671
74382671
91157839
91026815
74315135
74249598
74314110
74428894
82751958
82818006
82686966
32355318
28226294
61780726
61863670
61732854
1122893814
1122893302
1122991606
1135572214
1135440118
1135374546
1135374578
1135473122
1124065762
1115681251
1111478771
1128255955
1094579187
1098707939
1090318817
1090319841
1107164661
1140783445
1122957637
3262052615
3257886983
3257761046
3257743126
3262911286
3271299878
3264753958
3264762146
3264893203
3264894403
3266999681
3288060817
3279541168
3246248880
3246248880
3224695712
3222335905
3222322597
3222321509
3224484151
3228674359
3320949015
3315838215
3349325063
3315762117
3320284853
3291975333
3291930277
1144422020
1411530384
1428236192
1444950432
1981809060
908079188
908075284
643835172
643837220
577776933
577777957
584134711
584257591
595660831
897597467
885059899
885108027
1019316539
1019251067
1010928091
944212811
944159243
939963915
956740107
721855007
721855023
956801638
2034541158
2017764066
2013573858
2013558498
2030384866
2064072694
2059812246
2055604406
1518733477
1518799012
1518419124
1254110340
167772292
134217860
134226356
138420641
142631331
142664099
214098307
205697411
205689219
205689282
72531202
74684690
14784818
31504674
44284178
44218818
44228481
44172160
48562832
35652256
35656672
36708640
36709665
40906019
65023250
61040898
27420930
1088583938
1080249618
1087652130
1087128418
1082934178
1082934178
3229930403
3229999025
3230120944
3234249200
3226909168
3239487937
3275140545
3329664451
3329656707
3329656722
3324415410
1176943027
1176926593
1176647824
1461796000
1428170144
354624480
892469984
896542320
904930864
634400308
667954996
651181365
641744181
641752359
658529575
667016487
767679798
750880054
750880022
683773206
683773718
683903510
683911686
1757653510
1749200386
1749200402
1745008146
1745072754
3892422242
3892428515
3892574945
3892501216
2818726880
2873231840
2856454384
3133279424
3129087041
3129090114
2592092338
2592092322
2659198114
3716361634
3699509666
3565357219
3297772673
3304063104
1141899392
1142157440
1142071744
1144169729
1144039683
1147185426
1151580434
3567433986
3584203011
3336739075
2262992643
2262991362
2255733282
2255622690
2255561250
2188386850
2196779810
2191526950
2191788079
3282831389
3249281100
3245086796
1093540044
1128140940
1124741516
50950540
17322927
5034918
13415334
13416358
8698774
8764374
8894855
1099344261
1132899460
1200006276
1192662148
1293123764
487773348
471002612
470965588
940728101
961556005
982525477
982524437
982524679
985740055
977277735
989864295
960507239
968898862
965163822
965090623
461780231
445083990
457495030
1258603006
1259139470
1225646478
134606270
214202798
1283815854
1283881406
1300650383
1334189453
1200816524
1198522764
1194411004
1160921964
1147232556
1147151661
207629605
207646004
207813908
207805700
208919828
204600592
219395328
252876032
240289040
248747313
114406705
114406673
106140723
1179816995
1179825203
1196618755
1079172419
1079152499
1079496675
1343540963
1360031475
1396735731
323012451
314819875
1942132017
1900257345
1895933013
1610720293
1610712420
1615171428
1623494261
3762601533
3758407229
3758392893
3758523957
3758547495
3759563303
2687853350
2758018406
2766409142
2766608534
2766547078
2779129990
3869644931
3869641859
4003594625
4003672961
4292879281
2087723937
2087725025
2029005283
2024876147
2075273219
983702531
983696387
987824387
979431713
980477217
978363680
977315108
725718308
692305204
692174100
692108052
700562196
700554549
1774427431
1765973031
1761776678
3909262374
3909327974
3909336566
3909336022
3909262070
3942817446
2869092006
2936458918
2937409190
2809400999
2774796199
2782922167
2783135125
2783141269
2778951125
2778852629
2813389077
2813388821
2813455383
2817780759
2742113303
2737914943
2704475439
2704410479
3778154479
3782610942
3790015486
3785689470
1638144350
1639197966
1637623055
1620845829
1623770373
1615381828
1615570292
1615439860
1615441652
1640737492
1657449157
1657728455
1657732343
1716374695
1711623335
1711606967
1711738261
1711738549
1715670692
1736646308
1870747316
1871763140
3985763908
3985681988
3981487680
3981487729
3980443363
4014069474
4014168034
4014151590
4282523622
4283580386
4250016226
4258339187
4258273347
1576019971
1557145603
1557211138
1280522258
1280456722
202586130
206649394
215104562
212999170
78777346
78777346
83299331
92097603
20551105
87667153
124367249
124359057
107844019
107844019
107855283
1450162609
1450162577
1987033489
1988082609
4135365280
3862210276
3862209124
3862209060
2805445164
2771907109
2754672421
2758860071
2758854951
2759325767
2758207686
2774990018
2816984210
2795881650
2795880930
2800080227
2926016291
2921801523
3928434455
3928434455
3928307494
1801723174
1776557350
1759779886
1755581486
1756761118
680926222
679816455
679750919
679750983
948203463
952432007
944223623
960937351
457620887
449232311
449297911
449183191
465827671
163771219
138670451
138498403
134222305
138424801
146879985
147207616
210124224
210124224
210111873
76959105
100124035
58033587
37066162
37070226
36808066
40998738
66180915
32634659
15854883
7466275
7597363
6487315
23579906
48744194
48613138
49103666
49103666
49107234
1123021858
1115677730
1115597875
1113232595
1138459073
64586129
29995153
131965073
123712689
119512241
1192728817
1192736995
1461169635
1427484643
1951772387
4107380435
4107507329
3841164932
3832776340
3826353828
3826295460
2752553892
2752570340
2685522404
2691811300
2691944317
2690907981
2690771807
2707487022
2799749422
2799815966
2799879438
2925688078
2925732126
2854297902
3944821550
3915448622
3899724079
3908047207
1755316263
1756364839
1756434517
1754346565
1753295937
947923009
952134083
943975875
939720131
419847618
436557266
436418034
440548722
448929042
444728594
444662579
176169762
192946530
146809314
138424802
146814370
146881954
142753170
209861507
210124673
75914945
81186752
72861632
20285392
52802001
35758545
35889617
35885907
41124627
24220467
7468323
7464227
7859235
7858227
58181907
41404691
49794306
50185474
49103122
49106994
49115426
49176867
1123737955
1138480097
1095353265
1078494097
4764592
4760480
828833
1074642337
1141356979
1158133971
1464314098
1598400754
1598139890
1564665298
1548941250
1557316295
1557283477
2026919589
2026956452
2018569892
2034298860
2067857389
2067819871
2034263310
2030133278
2014523454
2014515246
2018849854
2027367743
2022079293
1770191421
1803721333
1787010645
3938490181
3925901765
4194349253
3925910013
3993089005
3993219821
2919413485
2936192749
2948774637
2811398893
2813561837
2779811325
2708506061
2735776205
2702303693
2704470525
2771579887
2754770799
2759003495
3840084471
3974302150
3974180294
3965789654
3982701046
4024631798
1856176598
1856176502
1805718870
1806707982
1773152526
1771072271
684780303
692189469
692247837
725799965
725794845
2051194911
2051035518
2051039598
2067850606
2042885478
1489206758
1488993746
1488993730
1489059793
1283596016
1283596000
1300387392
1338168896
1338147777
1313046977
1581298929
3728846067
3725768850
3725760898
1444055426
1460816770
1460732626
1429222114
1416634978
1419846243
1956765984
1956678688
3835725856
3832846336
3828656128
4011239680
3859982592
3862070528
3862331649
3996549431
3996041702
3995562402
4024726946
3986709670
3969931430
3969972398
3992054207
3983796621
3981568908
3910200140
3910200076
3912329996
1797335869
1797466414
1797462318
1801586990
1810303782
1772555063
1772555063
699730741
696261381
696265029
696265029
964701509
952139589
415366981
406975988
406975988
155316660
163705012
163836052
163836053
138638469
138640513
138493395
138557811
138557698
138559234
146947842
146939650
214112002
214308610
1149650178
1167475970
1136084242
1136510323
1119733089
1119737313
1134400945
1134409137
1133360544
1099806112
1104985504
1130151329
1111342513
1110948019
37206099
37141507
37207043
37088275
35480627
35594291
35524897
39453489
46793297
63636161
64574097
98161297
100266897
83752849
82821009
73898385
73898385
73767315
73771475
73902163
1416080403
1416080659
1952955953
1952955937
3827809841
3827670545
3844443665
3878000161
3877938979
3877938531
2804204643
2804728931
3878538471
3848797415
3848665447
3848665463
3848763773
3982981469
3949410780
3949411804
3949403612
3949928444
1810308861
1810317055
1772174078
1772173950
1773157182
730872126
729824270
729820174
729818126
696262670
968896847
415330655
415330686
146896382
147029502
147061246
147061206
147061190
147062214
147060162
146993474
142790979
142758211
142767427
146937155
147197250
1212616050
1288052050
1288066370
1166427458
1136477522
1136509298
1135460722
3267220833
3283990000
1134343664
1134345648
1105051056
1105051056
1130216880
1127595440
1110818209
36945075
34845715
34845715
34725907
33677363
33644593
33711153
38143248
46532433
63834065
30365329
13456017
5043121
5043107
5044131
5044195
5109747
5109235
5104115
4579795
13066627
12997510
9324166
1083131574
1082482342
1083535038
1083535054
1085763407
1085636447
3236197743
3236197743
3227804015
3227799934
3253014878
3253089118
1102198590
1102454590
1135020823
1122310453
1113864492
35925292
35922236
35918108
36438284
36442412
304902444
372000044
627964279
627964279
627964279
627964279
627964279
627964279
627964279
627964279
627964279
627964279
627964279
627964279
627964279
627964279
627964279
627964279
627964279
627964279
627964279
627964279
627964279
627964279
627964279
627964279
627964279
627964279
627964279
627964279
627964279
627964279
627964279
627964279
627964279
627964279
627964279
627964279
627964279
627964279
627964279
627964279
627964279
627964279
627964279
627964279
627964279
627964279
627964279
627964279
627964279
627964279
627964279
627964279
627964279
627964279
627964279
627964279
627964279
627964279
627964279
627964279
627964279
627964279
627947895
627948919
627946934
627945910
661500350
913158590
913158590
913159614
1986379198
1982183870
1982183870
1998962110
4151752126
4160139758
4153598447
4124295551
4124169503
4099366157
4097267981
4097268509
2486663997
2489806397
2632283661
2649051663
2683126535
2667397910
2667516214
2667516262
2661101926
2661098983
2682025447
2647946663
2639553975
2622879127
2618545287
2622723287
2488513877
2488509717
2498864917
3044062736
3044324912
3040183856
3040249393
3040773921
3175077667
3179144482
3187533618
3221149554
3221112530
3212777426
3208390035
3208390051
3212590241
3221048481
3216985264
3217026256
3199657408
3203905088
3195319812
3195315732
3207898677
3207980581
3174553127
3174450999
3174500151
3178564967
3178564839
3186957559
3220520181
3216325781
3214376327
3214828998
3214927814
3218401270
3218403622
3218378790
3186930722
3187062035
3161898753
3161914881
3174489601
3208072785
3073461731
3054515426
3058705570
3067425954
3080066226
3046512054
3046512567
3033812631
3025460929
3021268545
3021465409
3025527056
4099199253
4116042037
4116050725
3042439717
3075921439
3042364943
3042429727
3044333871
3044342063
3212106047
3210730765
3177173261
3176526093
2910118709
2901926436
2901864996
2899756576
2891368016
2908017360
2903831248
2903888849
2904445905
2887742433
2894008803
2894009842
3169656018
3186432242
3219986610
3219527826
3135707266
3131382978
2595033286
3685683286
3686735958
3686211702
3690275191
3690291997
3688191836
3688222556
3670334316
3661949228
3657754940
3657755912
3658413064
3658404105
3674915103
3688551279
3684365294
2609510382
2609444766
2340988822
2345252502
2370491030
2349777542
2355020422
2497626871
2495398765
2427241261
2444021548
2448218429
2435635485
2435536909
2435478541
3509219343
3509280782
3492507742
3497709790
3499807135
3500052381
3515714492
3515648956
3545012636
4061965708
3057427868
3057115612
3056006012
3055993388
3076936236
3076874796
3085197868
3081003556
3047510631
3047441382
3030651302
3035627686
2486174950
2485191926
2486320214
2486332677
2490558724
3052660996
3050420544
3079715008
3063004608
2996274577
3017179826
3019289250
3006784162
3055829734
3055813350
3055883110
3060213030
3068404758
3085188102
4125440006
4252919814
4250822662
4250884166
4258123007
4291679661
4275007932
3201196940
3217449604
2638734036
2621829861
2631201637
2631168869
2631165813
2631233527
2631399911
2497169895
2513948087
2539642245
2524968389
2524960197
2523780471
2540492135
3085755685
4159136053
4159074565
3613786439
3580232007
3581215086
3560183086
3560191278
3562286142
1414868062
1423338574
1440152910
1440204106
1473562058
1465681355
1448975835
3598691835
3607031231
3741314558
3741276158
3741254654
3598652158
3615298286
3581743854
3572446182
1420177911
1420103908
1420050660
1442107620
3610550468
1997840396
1998040332
2004003356
1735572029
1668385343
1668385087
3811805247
3795225647
3795223581
3862081548
3862077480
3862093868
3995517036
3996533164
4016374700
3974566908
3974574813
3840358111
3840224990
3839897598
3840159662
3837072318
3837203342
1704207246
1871979402
1876239242
2136344475
2129989611
1995716971
1990535483
1990490123
1990518795
384099337
375705609
392511513
359006265
476459305
477504041
477504041
351736367
82055743
82056767
82056735
82052637
98897677
99028743
98911495
98948375
132486423
258445591
258445591
241545527
241538423
375886965
375821397
375831749
372161749
372151541
372151479
372151487
909022382
925889710
925823406
896463550
1970270910
1978127006
1957024414
1957032607
1957000925
1961125613
3571740652
3564400108
3564531164
3564589020
3572850677
3572889335
3581016023
3614569431
3597792215
3597923286
3606308310
3606312311
3622960487
3622952038
2515588198
2507265142
2507395350
3589526326
3589527079
3589396087
3580946005
3580913621
3580917237
3580974245
3577152693
3577087111
3581023623
3581099447
3589500391
3588353511
3588353351
3571563781
3563166981
2489368340
2489364260
3051402784
3047331376
3081147920
3215364624
3219636784
3178546720
3174352480
3174324065
3157743457
3178700147
3220506979
3203668339
2666806610
2666865986
2658345298
2673030082
2672956354
2647785922
2633433586
2629244150
2629266642
2633361554
2624907410
2618621075
2635464069
2635576709
2669126021
3747062737
3612783569
2524354385
2524419955
2519834401
3056704801
3061292341
3061304628
3077961012
3044337460
3044534068
3052820277
3052883813
3052670309
3052674405
3220454759
3220518263
3220658039
3187103351
3182949975
3165976151
3164927831
3169096039
3185873255
3177500903
3206922455
3206993095
3174464723
3174460659
3157686691
3161880978
3036049282
3035787142
3052623302
2549171654
2539734486
2540795350
2540791154
2507236642
2490459442
2499016471
2499270423
2516042247
2528630341
2528638789
2532702036
2524210660
2654238180
2654295532
2671138172
2624996700
2629260604
2494952765
2494883133
2499079487
2507470207
2507527550
2671236598
2671178198
2503373270
2507567574
2490856439
2490718055
2491371383
2491374403
2499242435
2498096595
2489644515
2506441171
2540061123
2531673027
2531709651
2523358947
2523162337
2523197425
2506419697
3027283425
3035673957
3035662133
3052438277
3211895301
3191054853
3189962533
3191069989
3195128932
3195096164
3195034724
3220264052
3186847829
3186778439
3186778950
3186844278
3186652134
3186640870
3178319862
3177384406
3173194182
3173084614
3173147846
3178389702
3178459207
3184578903
2643523375
2643519015
2647715383
2681267734
2681272118
2647774502
2647835958
2647838038
3168194007
3159747319
3155554023
2635192023
2668839493
2669101829
2675392791
3220533351
2650039397
2650039525
2647948533
2648169940
2648103364
2681723220
2673204564
2675440916
2675373828
2541156116
2532759061
2532824917
2532636134
2532635878
2524234982
3061105894
3057091798
3057033670
3073811399
3040272967
3021402693
3025486405
3025422181
3025419751
3025153519
3025350062
3167903166
3167899022
3168001422
3184651726
3184569822
3209735487
3209805119
3212025151
3061159709
3056903709
3073892892
3073823252
3208004388
3178561892
3053191396
3048485101
3048682749
3048685055
3031768575
3035896287
3035978207
2499279327
2499276671
3052728189
3052730205
3084186191
3086480071
3069694711
3061302182
3195357094
3056866726
3073651878
3073586358
3039965334
3027644550
4109771206
4105642446
4105004382
4121754942
4117543198
4113348623
4113344527
3576474893
3577718028
3577139980
2486584076
2488664620
2496796460
2492671780
2492542756
2492480804
2509248308
2274428693
2274837319
2274837238
2262155942
2264191910
2406863286
2406995350
2402677910
2366942454
2501160182
2488642774
2488708551
2497096135
2513808269
2538986943
2522205615
2518144447
2518077854
2518040982
2524856822
2524934502
2540496167
2540496165
3077369140
3060595988
3060591884
2523917580
2541676300
2507593228
2499167756
2497054220
2633305964
2633237869
2633237869
2633237871
2629047791
2628998623
2631104463
2631004127
2639314941
2635112437
2634061525
2671879877
2671944391
2680333303
2681377126
2683339110
3211034726
3076899966
3039222862
3039231054
3072751710
3073793246
3073801694
3075696094
4157827038
3083958238
3218462670
3218593758
3218587486
3218456342
3218456342
3218400535
3218465045
3212276532
3178697516
3174503276
3159561196
3159433068
3167750508
3180337516
2645915948
2679400796
2679435084
2650075981
2641674973
2620900095
2625028847
2490823606
2490885558
2507468198
2507468006
2507459814
3078079702
3044463750
3038176454
3075927494
3075931606
3075923958
4132823030
4132765014
4128634118
4147635223
3044537399
3044537397
3036599348
3036599572
3170891536
3170754096
3162267232
2640068144
2625449488
2625515088
2633899873
2633303393
2645820705
2645886257
2679460115
2679496963
2662654227
2666833267
2398403699
2656410867
2673711315
2669657491
2636119475
2618742707
2618737619
2625028850
2633488114
3170166354
3178557266
3191140210
3191340402
3191004242
3190969430
3195229399
3203487191
3220268503
3184781206
3185045182
3185041326
3176516582
3178547575
3207888149
3207884053
3206555412
2669683476
2648781620
2645766964
2645767460
2576430373
2576356709
2609925351
2609956343
2381628871
2381690823
2306324437
2285363157
2283261813
2283133748
2289429264
2625104657
2633428785
2632375667
2632879570
2515373202
2549910706
2541591730
2520644754
3056987282
3057083538
3057018034
4130764198
4147537638
4159170102
4154785286
4154785287
3081038341
3085232645
2539977493
2670091060
2670070548
2641764180
2650680820
2627032548
2626962916
2645874020
2645878068
2645861685
2650257205
2507644725
2506395441
2502217521
2485636913
2489765745
2491338739
2491406291
3161781715
3161838802
3161969746
3161887794
3157769266
3174411538
3191254786
3191254530
3191799298
3195981586
3195850594
3195815266
2942064098
3176932835
3176998369
3184997856
3218542064
3218539984
3201774784
3201377472
3218089296
2647859536
2643601265
2626881377
2626684515
2630878819
2630878835
2622566998
2622710342
2639426310
2647905558
2681591158
2681535614
2681600094
2673195230
2639575262
2635447774
2669065678
2669064654
2656473550
3059073407
4134912301
4130754861
4130746684
4147588924
4147587900
4151798316
2012695080
1993624409
1985269065
1985262025
1985458381
1985315068
1733656828
1702335740
3832986876
3832987124
3832986981
3975601511
3967242359
2889097471
2889097455
2893357550
3168933615
3164735215
3164669677
3165669101
3165681247
3167774287
3159385679
2618451534
2622684910
3161706478
3170029046
3186871510
3220298966
3218121950
3201409503
3193151967
3193172445
3205747149
3172135133
3172099308
3172037868
2886737133
2773556605
3050471195
3081928219
3065208335
3065019919
3069502991
3069507359
3201618223
3201692015
3218563391
2648076575
2641776926
2633385239
2633391415
2633334069
2633264933
2633297696
2624978704
2625032000
2625029952
2622936912
2648569632
2682053408
2665341808
2665341520
2682082161
2639808483
2641911266
2641909922
2642172066
2675918994
2653837442
2654363010
2654401922
3195531718
3203523030
3186729334
3167790391
3167808817
3159420209
3155492129
3155459361
3172291873
3193312611
3136714051
3132511683
3132507585
3130379633
4208246049
4208241956
3126111508
3192235268
3192366341
3188167959
3204945270
3172390374
3155609574
3155578806
3159754422
3168208822
3163887527
3163829669
3163825581
3167757725
3159371741
4099026551
4101123639
4126357078
4155516742
3618645454
3620820190
3604169951
3595783327
3611425951
3611552975
3612540111
3612558799
3578806767
3589301231
3572556783
3572758269
3572680413
3572752125
3564238589
3559962213
3575747157
3614675524
4151554637
4117799805
4117816685
4117888045
4248034349
4248000559
4247984446
3211935006
2675064606
2683443006
2683503918
2679181630
2679205942
2677108758
2643587079
2643517780
2646663540
2638279140
2634073580
2634207228
2622671820
2622684100
2631130820
2647719669
2647717613
2639327983
2672874207
2672903902
2672953182
2672967038
2673028206
2672895086
2414949502
2381516878
2379616334
2379706446
2375345455
2378474799
2379523885
2380051997
2648684044
2648683036
2648552060
2642121340
2641986028
2638004716
2638004460
2637119724
2637042893
2636522959
2641765838
2641765854
2515547630
3589292026
3585302474
3589397962
2515590619
3044065131
3073423193
3056709385
3054741001
3054741049
3058935401
2790371944
2814415736
2806022440
2772533288
2772537384
2806226988
2807226668
2790449981
2789368607
2790462078
2803041006
3038054382
3027569130
3036088795
3032353227
3032357193
3032443209
3032281033
3036473051
3049038559
3082068991
3086254511
3061154223
3056977133
3056989285
3057116533
3073535828
3037883972
3037867588
3025288901
3033599715
2626690534
2626690406
2628783142
2644708630
2682459398
2665570566
2666586391
2666570031
2664476975
2681257279
2647694138
2639301162
2635172399
2635303487
2635245133
3154305613
3154371420
3158430700
3159475692
3168001261
3167942871
3176392854
3209784502
3193390262
3195420822
3195945350
3221123982
3221186239
3187437485
3179051948
3179051420
3040295308
3040226700
3044419469
3044483999
3077902766
3077570990
3052410030
4159716526
4158667966
3621793230
3621793102
3621790990
3621867838
3613507623
3579936823
3580080149
3563169029
4108428549
4108433172
3841048372
3832725284
2771557156
2771553076
2771421748
2737879604
2720181812
2720199204
2720191012
2736865828
2741256749
2716091183
2700365166
2700364286
2698328518
2706712774
2740398214
2740329606
2734032014
3065382046
3065386166
3081118934
3047564742
3030853062
2499044819
3564403943
3560240358
3610637394
3593924674
3598115139
3598114819
3740790807
2130031637
2121641013
2121574436
2134223156
2100738308
4248211269
4116088661
4116038119
4115976687
4116013279
4095107270
4095083990
4101181415
4109442799
4105191151
4121968255
4155539295
4155535117
4159825669
4151699205
4118271749
3581314837
3623257909
4160083765
4151637815
4147443063
4114077174
4111883766
4099366066
4099163298
4124333218
4124537010
4158050755
4143370705
4142977393
3069239600
3077693700
3077830404
3044269620
3044269605
3027368485
3035757093
3036019223
3036143367
3027354902
3044065318
3044298790
3077919014
3084276087
3084284887
3080086519
3084220391
3086239205
3044295909
3023326421
3023470021
3024023495
3028221511
3028153911
3053250102
3212617494
3195839750
3196032006
3196027958
3195977782
3212767294
3178651743
2889183615
2893289449
2893291497
2893355752
2918668984
2916581001
2916476617
2916410057
2916152031
2899366639
3184646127
3184650093
3209751909
3188749685
3188921669
3190953285
3190961495
3195155815
3203601762
3199341938
3199350082
3216139586
2645587283
2649805921
2633063537
2624748993
2633121728
2633182929
2633051873
2647662243
2681210786
2549355938
2540975266
2239050930
2222070914
3294764162
3303210370
3303265730
3567359603
3567559201
3567559204
3571753508
3580147508
3609507588
3592860932
3593384964
4131320948
4131320932
4129215589
4150183271
4150152543
4118695246
4118183374
4125588942
4125580750
4125969918
4125972398
4125910958
4118079214
4118078166
4151694150
4151694166
4142264694
4142195062
4142195047
3068481895
3061269989
2541095893
2541099988
2507348980
2489392108
2497788764
2497783564
2493608716
2493600268
2510311980
2510316076
2543871533
2514517799
2506149159
2502020214
2619524311
2624771279
2624758989
2631049421
2496767453
2488309245
2484112893
2500906495
3037785598
4145147134
4147309790
4130503870
3058848958
3075691774
3075724767
3044202079
3051544079
3034775045
3051486725
3051410961
3043022433
3043021543
3076744165
3076743589
3076748725
3085065365
3085065429
3084999924
2548055140
2539666532
2506105908
2506170645
2506240293
2514702631
2510344502
2510345494
2514738454
2514656534
2506266882
2506270978
3610426631
3610680327
3593974789
3593856085
3593990391
4130787559
4134977767
4151820518
4118102198
4252849358
4236211662
4236076510
4235585391
4101367407
4101367359
4118083103
4118085133
4260689437
4260492861
4260619836
3178427996
3178451548
3077588860
3077573996
2532384108
2528319596
2528320636
2544962653
2549154143
2545111423
2545144702
2545021806
2544165742
2544154470
2548340598
2535753334
2502416118
2486630103
2486593479
2486592967
2488677591
2490832119
2499228886
2490838238
2507550174
2541125086
2549604238
2549407630
2549389247
2541008383
3077875161
3077946825
3077815497
3073486056
3073486316
3073551724
3076699964
3076968988
3059864092
3068252725
3068261159
3001118759
3001024550
3009413222
4028825814
4095883662
4095884174
4100065998
4108389118
4104129263
4104138751
4104184143
3588284687
3572531471
3564143599
3578831590
3612452582
3594708966
3603097078
3604141558
3621176822
3623210358
3588545879
3563449687
3559390533
2503466821
2536951629
2524368653
2524368653
2666911525
2666816815
2665767215
2682544431
2682642813
2649093613
2650142125
2650275253
2641870229
2639367605
3037760951
4111570135
4113736901
4113736005
4112691456
4150448432
4150391604
4116767540
4116799797
4117837111
4126218598
4126230894
4126345582
4159834974
4143143758
4268097351
4268024135
4268007765
4268003829
4285895125
3967268311
3975587287
3975593431
3975316711
3966817383
3962626151
2905612327
2905682215
2904700454
3974241830
3986820662
4255190646
4256173654
4256179782
4291831758
3755156943
3755152893
3721397693
3754980796
3746588044
3745637772
3745771976
1598288329
1565783899
1565646635
1567727402
3715218218
3715346206
3715360526
3711095566
3711091470
3715285374
3713266030
3721520494
4241515886
4241583455
4241719165
3180519293
3180447213
3218114045
3209729532
3188766205
3188963325
3188897759
3188897247
3189112191
3071597935
3071565183
3044496767
3035789293
3031590629
3031594661
3048277653
3052410501
3041949333
3037756919
3039939687
3044133927
3043216391
3085167879
3085167878
3219253046
3219191078
3211838822
3174155510
3155346838
3159514503
3159519111
4250021575
4250089159
4145100791
4147131623
4151342311
4126168167
4239573063
4239585285
4243759109
4235302148
4231051060
4231052836
4231249460
4231199284
4250066485
4258356983
4283463415
3192944535
3193393591
3201712311
3218556087
3220272279
3186746869
3187143525
3220558373
3220501045
3220497213
3069502765
