2271023370
2279551786
2241733162
2241733166
2241749550
2510221878
2442953315
2445051619
2449246945
2439813621
2473367765
2469173461
2452609143
2452502647
2453551158
2468227110
2438868263
2443062821
2426280500
2428242500
2428246596
2427198020
2171394372
2168248676
3240081764
3507420005
3507419765
4044356167
1900927559
1900870215
1632500309
1632500341
1628437349
1628273653
1628274581
1628272527
554530719
554530750
554663358
1901067710
1892661654
1888074134
1905113238
1367718087
3620191491
3595019523
3327567363
3335702034
3469891122
3468830226
2390896402
2390887458
2390903842
2412071986
2245348354
2220281030
2228667846
2230765190
2230833813
2360664741
2364826276
2364823204
2364802980
2356420580
2356428069
2355505471
2355505470
2405902646
2389141782
2389179654
2397565958
2398482438
2329202806
2396311783
2396311779
2404664547
2367098355
2352875859
2352880467
2357082963
2231249683
2231319299
2231319811
2230131971
2230066483
2246843747
2280398179
2263817555
2263817537
2263620465
2263636833
2263645025
2263644513
2280413537
2280438115
2263726434
2196618722
2188230050
2188352947
2188221840
2188163472
2188163968
2183969408
2183707264
2200550032
2200633008
2200598176
2171234020
2179605862
2179476518
2175278118
2179472438
2179470398
2179494206
2154492442
2162881034
2162877002
2162734665
2162724552
2154334920
2154334792
2171443720
2171468312
2200829496
2200792616
2452579880
2456646952
2481803304
2448179240
2431406136
2163037308
2162758781
2154372221
2150177909
2167028789
2183806229
2187998467
2193237250
2193302834
2192078178
2192103270
2213318262
2162986622
2163056222
2163193470
2154821246
2154788430
2154772046
2154762830
2154762591
2154770543
2230269035
2230203515
2280553547
2263808203
2263857353
2255468744
2255337688
2255272152
2272050376
2272113864
2272129352
2255319400
2255384936
2256417256
2264801771
2264671726
2263637230
2263669998
2263653822
2247071646
2229712774
2230762887
2222439811
2218113459
2218064355
2215930339
2232822723
2249600835
2253793091
2257983235
2259947811
2260488483
2258432355
2262602087
2237437271
2220398963
2220472691
2350557523
2350557459
2350557459
2367330307
2388577283
2388579395
2399027395
2390491363
2322338979
2318144930
2384727714
2372017907
2355265217
2363648577
3438537216
3436247568
3426806304
3435194929
3435294467
3435273986
2378303794
2404649251
2383939939
2382956897
2383105489
2387206080
2391326672
2642980832
2626203616
2626202081
2559097315
2564327650
2587527266
2587527250
2586449986
2586717394
3660135650
3660192098
3660188258
1537870422
2024413766
1487551045
1487415820
1220028940
1215851052
1209559916
1209592172
1226369388
1259989357
1262221679
1262198270
1228640734
1266397647
1241232333
1241232348
1237038044
1287230428
3433674748
3433675768
3439049593
3296377211
3294271822
3290073166
3491399766
3490221142
3490218102
3511194102
3527971318
3536490962
3536490947
3528111297
3528127696
3546021360
3512596896
2422045600
2422046368
2422046432
2422075120
2437805648
2446186065
2983049041
4056802643
4039959923
2957832675
2953626081
2953429409
2970276784
3008029312
3059414656
3059448448
2992138964
2994236149
3002952437
3003080413
3001894621
3018081247
3018080767
2984526063
2431086830
2432065782
2427871686
2427904966
2432168647
2423571187
2436679653
2436754789
2436884817
2972646721
3010381121
3018768707
2985284418
2985063286
2976650086
3010204518
4084151150
4085130622
3539938398
3539744862
3555465246
3521976334
3496942607
3496891407
3228528911
3236778255
3236713239
3237827381
3254702885
3317622577
3317593873
3305068305
3304608081
3296252257
3292033313
3309003059
3342496083
3328922483
3337343987
3333149650
3333408706
3350040466
3317472162
3581721506
3577523106
3609112050
3594429894
4131364934
4131164167
4130177077
4130254881
3878592545
3845054497
3845124389
3833447207
3850127142
3858517806
3850337046
3850267398
2759753222
2767148566
2766951030
2763805302
2763805551
2784973695
2818463711
3061735367
3059687367
3059430855
3059299831
4074246631
4057469421
4040700397
4040894284
4040830732
4091226908
4066060572
1381722388
1377532948
1377424384
1913176064
1934131312
1942716769
1926136291
1926140370
1917760706
1934271683
1896803523
1881144531
1881013475
1887264225
1895653345
4041023457
4091297779
4081856450
4065148866
4073684818
2479781874
2978968530
2425123538
2425123507
2425115297
2425344688
2425250436
2429444740
2422030044
2436631404
3510438252
3509468541
3547295051
3554961227
3538179914
3529787210
1382403930
1382476666
1382476282
1391422810
1391203658
1391198539
1114374235
1110331437
1110339629
1110335549
1114566679
1181733143
1206759701
1173205268
1080931668
3295465340
3295464444
3228371964
3236895612
2163161404
2158968124
2158834988
2158764076
2158764076
2225873196
2242645293
2246856047
2246887791
2171375102
2171572702
2163126662
2163122566
2230170006
2221715878
2217514414
2234292654
3341719966
3324963278
3326011854
3326012742
3330204742
3355234374
3300708695
3506303351
1350563622
1350483494
1346289206
1363062535
1396700935
1915605249
1915601201
1916780577
1935667233
1900929121
1611460705
1611448437
537707623
554618215
592379891
1640951507
1640885971
1640802001
1682748145
1699513329
1699709408
1733210597
1715921393
1715922385
3863471571
3859275223
3876048374
3846556134
3838114279
3838115687
3968331525
4287031045
3200705797
3201815809
3193389105
3059171361
3059044449
3042259299
3034002402
3033404146
3029287666
3033286354
3050069842
3083626834
3083659634
3066947874
3066944819
2999829779
2991440897
2991448069
2987222101
3004134517
3008302311
3008302567
2471300583
2454527927
2454532023
2462658453
2479372181
2475169684
2173503380
2156857284
2156869568
2156801984
2157849456
2164079457
2164022113
2164023139
2154612707
2171458514
2206110658
2197726146
2197730258
2482803686
2473363302
2435091758
2502278459
3039210763
4146507017
4146521865
4114085656
3979400985
3966820123
3975208730
3966827834
4235324778
4235459966
4233295198
3159553478
3184976326
3201753543
3067531735
3069625843
3070117363
2533316083
2533324643
2545767203
2545701667
2445038387
2432444179
2424057139
2419866979
2436712930
2472413666
2464025026
2464037058
2463067330
2462870739
2462872675
2471285793
2471281953
2437926160
2446322960
2446094160
2169274352
2169262000
2169440176
2152597392
2152611712
2152607616
2162047632
2176719569
2176653939
2175565410
2213342754
2213328678
2213327670
2179838230
2449322326
2448207990
2439811190
2418577462
2955772958
3040775183
3040787471
3040800517
3024023061
2755067445
3832927796
2759181844
2759317252
2893282565
2886991189
2937191797
2924737909
2924672853
2933085015
2932953943
2798670694
3067359590
3086300514
3052748130
3032292706
3053196658
3051165010
3084858690
3068077378
2521378114
2539347282
2547730722
2547670818
2476465426
2480528707
2455299395
2451108947
2466829425
2433440993
2437570017
2479511536
2462790544
2462655360
2454201232
2454196656
2185822628
2202736548
2160795572
2160728965
2161785541
2159750095
2158504831
2158505775
2162717999
2179514655
2213511951
2213524237
2179769125
2162995493
2154598759
2150400375
2418966855
2420020487
2420028695
2503386901
3057035031
3057051415
3057047326
3061171998
3061120318
3077631290
3077700922
3044399482
2775965178
2782385626
2782253466
2815742426
2798965242
2799030777
2790682744
2786992216
2789090680
2805808936
2805800552
2776501865
2783907449
2914803403
3183277774
3216566222
3216569295
3216626655
3216954333
2682152957
2673766373
2673704933
2656914935
2656912887
3202209270
3218993366
3218071767
2648176087
2648171989
2640309717
2635947380
2635926836
2535397692
2539595837
2547985453
2543655981
2543782973
2543780879
2277184527
2274956607
2279085359
2253919535
2253921582
2269666622
2269862686
2244671774
2244668702
2244607262
2244517142
2278399062
2194652246
2186124407
2185545831
2181417061
2181519477
2198239605
2164669269
2152082245
2160474949
2160401223
2160335734
2151947110
2177112678
2177260134
2177300086
2210787990
2210706311
2210705805
2177142941
2168951228
2152701884
2147982012
2483460764
2483460748
2417404556
3558325916
3560226812
3564414316
4117013820
4117606716
4113543452
3039736596
3040786181
3044996629
3045056055
3044859686
3078414118
3078610230
3078538566
3078509894
3078575222
3044889703
3044855911
3044856951
3044930935
4118799703
4127192391
4127194455
4118543735
4118773111
4118773111
4118625654
4116463398
4049346358
4049411862
4082966294
1935621910
1918840599
1927096119
1384986423
1384911671
1384961815
1925482247
1925484294
1925483782
1925482774
1908836439
1892071445
1883695125
1879468052
1879910452
1879915620
1879969124
1615728356
1624055525
1905008375
1905023687
1938610886
4086094534
3549223878
3515719638
3515792870
3515805158
2475683302
2479685094
2479676919
2479857143
2446241271
2437853181
2437869533
2416967645
2416966620
2416933724
2433693980
2433562940
2433562940
2471443772
2479832380
2475636540
3549394748
3549296447
3549213998
3549203566
3553397998
4077686014
4077753566
4061115598
4061049038
4061045966
3792610781
3792629724
3796893404
3796655820
3796377292
3813291736
3788125945
3771348602
1619607418
1619540346
1623746682
1615358042
1611167834
1611160778
1628194250
1628258778
558822394
567206890
567142379
567080923
567074653
558751101
558865789
558873981
558885245
554560861
554560863
554696063
1628364142
1632525678
1640980334
1674338142
600579918
592190286
592395134
600783727
600784749
596581756
596467036
600145244
591691084
591723852
587595084
591920477
558350207
558210910
558140878
554474959
588226047
592354797
1653521901
1653456124
1657650396
1649261772
1645083852
1645149404
1645111540
1645099365
1666070887
1640962342
1640839990
1623932422
1623866886
1623856646
1619595830
545789478
546059814
546053997
562830716
567023964
558636380
554655100
588249084
571466748
575517661
575510239
583900890
583834266
575445914
575445978
839752138
839825482
839842890
839836682
1917771802
1900961851
1892560939
1892626745
1892495704
1892496216
1892483928
1892487032
1888295528
1888311912
1888352872
4035767033
4035768058
4031558106
4044128714
1930215626
1896862202
1896804842
1901002218
1884220394
4056869882
4056805322
4056807370
4056283082
4089829338
4089828730
4089828730
4081417598
4081401150
4048494398
4056815407
4052631341
4052696876
4052500252
4056686348
3507228444
3507298172
3507388268
3511676269
1909259615
1909235150
1938591183
1942789583
4090338815
4090478079
4090475757
4082021613
3775837421
3775837693
3759060477
3759063037
3825642477
2756098797
2764553197
2764570589
2772958621
2768725405
2802262173
2802000060
3863159276
3871479276
3871737708
3871803228
4141291277
4141688653
4074729439
4091510239
4057587150
4056471950
4039691662
4039761406
4039898623
4032816511
3833520413
3833520924
3833586484
3848065836
3848061484
3842556460
3842732568
3842670104
2806676024
2798344808
2793986793
2793991147
2795040218
2799235274
2790822090
2786689178
2774433978
2697892026
2697897370
2697960862
2689568686
2702041006
2736709310
2738779850
2738710234
2709274350
2716606062
2775522878
2775392030
2771129622
2775331862
2816749622
3886485558
4154642455
4137874503
4138902721
4140867009
4131437984
4144213428
4110855605
2757146037
2757161463
2757153255
2754986351
2754933614
2759090731
2775867947
2809478713
2773821977
2771728921
3023313465
2959874361
4058777625
4088204299
4071489551
4070969422
4070985935
3535204549
3512131733
3491209397
3490047413
2416241061
2416241647
2420951662
2966211182
3079600766
3063866958
2527060558
2529018334
2528497901
2666852588
2668941540
2635354212
2618642720
2620801328
2625562449
2499733331
2495610322
2499795394
2508097922
2522777986
3059648962
2992606658
4068328786
4067749927
4067745831
4067714087
3815974119
3780314597
3780117925
3774952373
1627468693
1883452308
1883321268
1891635700
1958758236
1959840525
4107385357
4126255629
4158761743
4158761231
4294024462
4285890847
3212214591
3212738863
3221136175
3086657327
3069751079
2801335079
3866676535
3862551574
4131119110
4147863574
4112199734
4095610982
4094559462
4098231782
4106686454
4102359799
4236278485
4253056709
4253412932
4286885396
4274292260
4265981556
4265981940
4261782012
4262241524
4262241444
4245028005
4228308133
4094052819
4098232130
4099358466
4107542306
2968788770
3015128354
2460425523
2460359953
2460357888
2466201856
2459746576
3012330340
2978784236
2961543673
2961478891
2974059754
2953087210
2953087226
2684786890
3758291402
3776064202
3881189114
3870623354
3065320318
3065319742
3065327710
2524262598
2524328326
2530620054
2509664950
2492253847
2492249733
2492245636
2496446356
2488836084
2486738468
2486746660
2502487844
2536210228
2536117556
2536116516
2540572964
2512257325
2512257373
2495484365
2495550877
2495355325
2494847423
2496986030
3562314666
3574631306
3593519050
3593711882
3592597514
3592855566
4129726494
4129792046
4160151854
4122399535
4104013613
4103943037
4108071805
4095476093
4095475837
4095677561
4095634555
4115656058
4116696538
4116484042
1901637579
1910017930
1910028203
4040800171
4057577405
3789268989
3780831229
3812287869
3812287853
3812345125
3816669479
3816673591
3814584591
3814520159
3813537119
3813662079
3813662063
3780074863
3779927517
3779925468
3779933660
3763287548
4031722988
4040114044
3766951772
4035796751
4035837759
4052530991
4087133999
4074551101
4061965837
4060909133
4060909277
4128100061
4127868863
4132050350
4266271918
4275709166
3218685166
3185257838
3185208606
3181084430
3164098062
2631427599
2631628317
2631548445
2363113269
2362981669
2362981413
2375564325
2409184293
2409241653
2411339029
2411267349
2415658869
2348549111
2348549119
2315244479
2297934751
2289416091
2285215643
2285214619
3627137467
3624974747
4211128713
3925911945
3925978569
3938629067
4005736921
3997348713
2919404397
2937225837
2903688748
2752765484
2752724780
2888897836
2893087804
2917139517
2917205055
2917604455
2946899174
3216382454
3199605654
3200211846
3200015238
2658982278
2671304071
2637887365
2621104845
2625266397
2633589293
3165155887
3169335087
3160948014
3177982014
4247529502
4252903454
4261297438
4259186447
4258939407
4233740879
4229478095
4246257631
4011366831
3994585535
4007373710
3864700639
3864703695
3860505295
3860521885
2803524013
2769886637
2759338159
2759530671
2767919551
3030260223
3046972686
3013347086
2996073230
2996167470
2998199599
3069502767
3059018813
3042425876
3024526404
3025046724
2953809036
2953157772
2684849580
2701561772
2739113647
2739134142
2705579678
2705420030
2969579134
3036757566
3071352382
3056868926
3060012350
2997093430
3014411318
2981057782
3031323778
2494485634
2491335809
2485122449
2486534048
2503421860
2541169524
2523872020
2532256020
2532059396
2263624964
2263625013
2281641269
2275362103
2241774871
2241770983
2241631718
2514257334
2497480594
2489292674
2489235331
3021976531
3021846003
3158160753
2889874737
2889805601
3895338529
3895333383
3916300807
1764688391
1768165951
1776562477
1755329577
1755323433
1754269736
1803638856
981510344
981510345
985767049
977507467
2047049882
2047054010
2114293946
2131136682
2080801710
1952368287
4110370437
4100798165
4235011069
4234944877
2095849837
2095919407
2024671019
2024737563
2028223003
4175702553
4167363337
4167351048
2029094408
2043708104
4190151388
4181762749
4177568447
4177703614
4211267238
3204635046
3191949478
3200481410
3200399558
3200660550
2664828934
2663317558
2661875750
2678596646
2662870054
3736610823
3740891140
3741048068
3732636932
3732640580
4264141812
4265194484
4246372740
4228551812
4228556932
3960048039
3960183270
3960470510
3976673902
4282855214
3192329518
3201564686
3218346014
3164418110
3164479614
3164484429
4240097996
4240035468
4104698524
4108888728
4113078680
4146890920
4130245800
4130791560
4147540171
4145435130
4111622890
4107494122
4102387454
4103372510
4103364318
4124923646
3051214702
3042727774
3042800974
2507894094
2507894046
2507810142
3623552350
3623552383
3556443183
3556340799
3556271389
4084823388
4084987260
4080776188
4080767740
4080636668
4085027577
4082927354
4150054522
4150123306
4145903658
4147853354
4151978026
4159319098
4155122698
4155113482
4121624602
4121441659
4108871035
3563640441
3563705977
3572081372
3589841612
3587745436
4123561660
4048063156
4043934388
4044077796
4044008164
4048206436
4049268501
3780830469
3780879381
3814298677
3814298660
3813252132
3813182500
3808987188
1661524020
1628044348
1628433708
1628400940
1628396844
1628397356
1632067373
1640456047
1640259071
1640258015
1640782285
1649236421
575495636
571410932
575609188
575617316
583936288
579811632
579812368
579746817
583941121
828250179
809437251
808389107
812457826
820844130
817697382
815624934
814539502
848078590
848079562
843877066
839683034
839747930
302954506
302967818
302933002
1380851738
1406017594
1372467259
1351561241
1351553368
1082987352
1082983384
1351438040
3498891960
3498949304
3498949289
3498949291
3570178730
2483848890
2500625050
2534179466
2534331290
2534334890
2538496175
2538480813
2547918293
2682139463
2679583254
2645829174
2650547774
2648469278
2640063806
2640251950
2413366318
2413300798
2413370398
2413505806
2413374734
2379824910
2245621566
2228998958
2228982078
2497286651
2497221080
2513998232
2547556248
2539162264
2518190744
3055127192
3074087644
3040508796
3039440191
3022660902
3035246630
3165524006
2494174262
2512073734
2545493058
2543527042
2275087763
2208035252
2476271012
2442706852
2440597420
2419624892
2419695548
2435495924
2435494868
2435425108
2439881572
2432615268
2432616419
2432323554
2423917922
2485849394
2485853202
2502568962
2540315650
2531927302
2527728902
2259568470
2259470183
2259474279
2260526453
2281492853
3313291572
3295469620
3290879024
3290875169
3290879265
3559314801
3559323073
3576079747
3614369155
3605971330
3607085971
3606922163
3606598629
3598197605
3614974828
3577296664
3564993912
4109236600
3031415288
3048184313
3047463881
3081019083
3060040395
3056042587
3055985210
3055985194
3073368622
3077365806
2775380006
2783757350
2775501862
2775502038
2809056455
3073273541
3073273541
3072984788
3060283108
3077318381
3068930029
3081515503
3081515247
3080990975
3047564511
3052807375
3042321615
3042344013
4116077661
4118207500
4118279436
4125990428
3052379660
2783944264
2783940184
2772209256
2772221545
2805768745
2805957147
2805912346
2804830266
2804879406
2770931758
2754150446
3035237422
3031042366
3031042831
3032099343
3048761871
3086543375
3061362511
3061355871
3061547511
3061486071
3061494215
3061494679
3077288631
3039556279
3022746614
4096340470
4096275686
4117245031
3085449255
3068860455
3064600583
3064621063
3068685319
3078153477
3044733701
3036316165
3032121925
3032187633
3032076960
3032019616
3027825316
3023598245
3023599271
3039640999
3039632558
3043825854
3043981470
3052305614
3052305614
3053380686
3053249566
3044847934
3044913470
3044782894
3086726974
3086980926
3086868254
3076382527
3172818495
3172818461
3175036693
3162321701
3170697573
3166519669
3183431893
3183464661
3216760021
3204054261
3195661557
3191595477
3191566791
3191567309
3208323805
3174769401
3162191593
3025738472
3034397544
3036469624
3049052424
3047991304
3081550856
3081535753
3085730651
3018818042
3010384298
3006161322
3007144110
3007075502
3007268014
3011429550
3019818191
2751374349
2708251917
3828199180
3828268556
3828267580
3832270373
3857305127
3874280494
2792116326
2792100086
2787971318
3794677926
3816701350
3791530662
4039056054
4039056006
4038866566
4059832966
4059898759
1946030557
1941902717
1941724476
1945959196
1937557272
843047704
859497224
825946888
807055640
807047480
1883882792
1883802089
1892191162
1909037498
2010036618
3612256650
3592217994
3728589194
3614372826
3589207034
4121883625
4121797096
3031213544
3035409848
3039598984
3039599240
3073285768
3073293961
3073279691
3073241706
3076842027
3077366059
3085721897
3018596665
3010339897
3009817705
3018210539
3085896874
3014593690
3014595738
2444169370
2444181658
2444214474
2448396302
2448270655
2439819055
2972494399
3006049821
3006184989
3010364989
3019814461
3015545373
2986185228
2973561596
2956481260
2956526253
2955878829
3026990255
3035370686
3047955638
3048020214
3081664630
3086941190
3086920711
3086920975
3082728972
3082655292
3082597932
3044865580
3040663084
3040823084
3040767268
3039245604
3051770917
3047572839
3015066582
3015136134
3017040774
3004461462
2987705766
2987777190
2988432559
2751395005
2751395212
2751195080
2776163912
3039428168
3022642744
2758503976
2758498089
2766689579
2766671930
2783445050
2783789082
3069072762
3069078906
3060624746
3077340538
3074184526
3040703822
3028119886
3036632446
3169735983
3169744701
3169736452
3052234500
2516407836
2650624572
2642219548
2642219548
2642228764
2642230910
2650029038
2650044654
2650065126
2641742998
2675881158
3208556742
3177095366
3210650695
2942217556
2925440592
2938023488
2803861200
2786902624
2786865764
2770088804
2686195045
2688293985
2699824225
2964130851
2964196466
2964207042
3015583682
3533530754
3532451458
3536621490
3536625074
3528325555
3524065719
3541859767
3493653671
3493782951
4033798655
4042187599
4058822407
4092376869
3018632485
3018824997
3086923060
3078533429
3078549813
3045060925
3044962623
3044939071
3044941166
3036614638
3036482542
3036487646
2499616718
2505856847
2514248527
3588059485
3588059613
3590279645
3590313469
3615421941
3615479285
3615487445
3615356373
3581797853
3581927775
3581931871
3581932415
3581669951
3581646399
3044771389
3044646460
3044671100
3044802124
3043688268
3043741148
3043608044
3077166589
3068875263
3068875110
3060355430
3060298022
3060293926
3052101911
3035554055
3035554837
3035548693
3035548997
3027094981
2540498405
2520540663
2524852615
2524840894
2532914086
2549683182
2498302574
2494116671
3572315931
3568053513
3568068875
3568089371
3706566974
3723475214
2675752206
2654766430
4263281150
4129006079
4128945109
4128961476
4128912068
3879352036
3850057317
3840423717
3836220199
3837264751
3841807307
3850168267
3881626587
4015819179
4005873818
4023904410
4283918478
4280165582
4280164574
4250804478
4254999022
4254753262
4288406901
4288210244
4271415300
3726151700
3726147620
4263019812
4262170428
4278890349
4115593983
4098546655
4106932175
3033157071
3028895191
2962769399
2966947303
2958628198
2491032930
2491049298
2491117906
3086741874
3067736406
3067712326
3062399815
2995619445
3062742764
3067918956
3055327852
3074218553
3074284058
3040864810
3039653674
3073250618
3077443610
3069116478
3064922158
3081638142
3081728156
3047706764
3035120780
2489863324
2485737660
2485803180
2620013036
2621057869
2642095695
2675517006
2684032862
2681959934
2677653742
3214442750
3185094911
3176703197
3162023133
3162023004
3178865692
3174737181
3174758175
3208267615
3208193630
3208263422
3212457710
3187214062
3181913518
3165129903
3165132029
3169326276
2624156868
3693699268
3710640580
3609912276
3597334484
3605710788
3601516485
3538669557
3556564455
3556566503
3548149246
3548148222
3548246526
3548377598
4051694574
4051687423
4059878911
4057781725
4057781725
4049589717
4051628501
4118733653
3044992789
3044992821
3044931367
3044867367
3043816741
3077559637
3077494597
3053377367
3053442943
3053213567
2516342654
2507961654
2508027190
2508158326
2508158294
2550100310
2550092278
2549961206
2516407767
2516547039
2508158431
2508025343
2508057983
2508057943
2508059991
2508059991
2508051799
2508051927
2508183029
3581933045
3581924853
3581925333
2508191557
2508160469
2508029303
2541583719
2541566311
2541567350
2550085462
2549822162
3619410642
2545668754
3082388146
4126709155
4126710951
4118326513
4147883072
4147819520
4147810308
4147040260
4146937892
4146336804
3844484389
3840293351
3836087223
3853912967
3851909765
3854368389
3892096964
3866998140
3862925628
3866997052
3862737196
3862733100
3845423916
3828797997
2755026477
2887146031
2891402095
2901690734
2918451438
2947876046
2816868558
3085316302
3086373846
3086972902
3053289446
3053223910
3086774214
3078448582
3078317510
3044692983
3043623799
4117435255
4125700919
4125635367
4126683949
3623629117
3615307037
4152360205
4148148509
4147095837
4117609739
3849166091
3857550665
3857028441
3844453721
3878139737
3878073976
2804347624
2804937320
2804703852
2808877677
2817328109
2817331711
2951549183
2918137079
3186501783
3186501765
3182307461
3165543813
3165570949
4256138893
3987509983
3992756975
2910627566
2906433390
2906436654
2906434606
2906643482
2906545178
2889751578
2893946682
2767062570
2762801710
3047948846
3047948590
3047952510
3047977182
2512147663
2514312589
2484952525
2485084125
2501795789
2501793741
2508089293
2548000735
2547865599
2547865566
2547873246
2539517406
2508055934
2507793790
2507928927
2507928925
2507789661
3044644188
3044777308
3044711804
3045038460
3045039612
2776612828
2810165212
2810163676
2809443309
2792682478
2788475630
2788442734
2788168550
2805015350
2774607190
2766351702
2896308342
2896627766
3165997174
3170257990
4260781126
4252460102
4250674295
4252315879
4252447717
4252382951
4252370663
4252305143
3754970823
3754979271
3620761031
3620793667
3587437905
2513622293
2513589012
2515682069
2549236501
2549303079
2532328231
2532586279
2530484518
2505322790
2220622143
3294560575
3301655613
3319358477
3327681545
3323552777
1176133641
1176129545
1176158219
1113506827
1105085467
14638106
22862906
56417402
39638395
39637339
108843481
377278937
394252792
360642552
478066648
478068696
1020837592
2094579416
1826209529
1826271993
1749787387
1745396458
1745396202
688447722
688398570
688401514
688531498
692988202
730741547
730730043
714016267
713830987
713827147
734798715
726410091
701313643
701444731
684659227
680334875
680279579
684473115
684211035
684251995
701020491
734772681
734769545
717984136
709464504
709407656
709474216
705412012
772520636
772389885
655096125
621443119
1679440942
1612317742
1616576574
542838846
566964526
562631982
562562846
562562890
566757322
558389194
558483418
566924986
562804410
596229786
596164490
868801419
852032457
1389063160
1388981096
1380597048
1380592696
3536462872
3267966008
3267899448
3263778904
3280650713
3247080395
3247080090
3280569258
3280769962
3276576174
3272383982
3339632094
3574529998
3557714894
1544431950
1549678942
1549670782
1484470654
1492729150
418985758
416887310
415773198
415769150
415769134
407397166
407431022
940109166
940178782
944371934
961083615
961075679
994965981
995016157
978237437
986617789
986552245
986494357
986494405
978114005
977876005
990524711
956972327
940195591
944381703
952815135
952669823
948484095
2022220701
2026416013
2026411932
2018090669
4182482613
4182490773
3679108855
2655714854
2656714278
2522484518
2533166374
2549943334
2478578734
2476479550
2475446302
2475442254
2475475166
2211238126
2202849519
2165134831
2165300717
2437865469
2437667805
2420760543
2420750287
2421072335
2437849551
2974716363
4090466811
4073501929
4132222184
4127497320
4127691896
3859194968
3875988568
3977700729
3981901307
3990347771
3990216682
3981794794
3981735131
4015354059
4015349963
3981914587
3984012283
3833017067
3841332975
3837726463
3837595359
3837619917
3839717069
4124929741
4116477645
4115429084
4115419901
3880538733
3880538927
3880546607
3880608047
3888981039
3888981039
1737301055
1737301277
1708079373
1699686685
1678720284
604978461
609172797
609164589
743247151
608439575
608447750
742663494
759502662
1070483190
1070548726
1066358518
1070196690
1070182339
1003072451
726379461
793422549
801806980
802066052
802064004
1863221892
1845928580
1845781148
1845765805
1728331183
1699621038
1636698222
1619658814
1620708366
549135370
553197834
542717706
559417147
558370601
558370601
566828841
835282200
835252568
835244504
835223996
331973052
315200956
1384684988
1384683964
1389074940
1389017436
1389013261
1389029647
3553289486
3553288222
3549417598
3553399022
2479673518
2471281070
2467089838
2433736606
2421063374
2161016526
2227580495
2223449693
2223318620
2358521452
2358521708
2358517228
2379484652
2373262844
2373400412
2373400412
2306758428
2340312893
2348672813
2348606831
2348606831
2346509695
2312633822
2313080318
2304756986
2304564478
2333900030
2333900030
2334014943
2338205005
2313039692
2312072988
2295201564
2295193372
2311950140
2345502525
2346489127
2346497382
2338110822
2338098534
2401209846
2367589879
2636038103
2635771590
2640227014
2648681430
2648500726
2505899494
2501696998
2501657966
2501787950
2505446206
2513908254
2513773087
2513712735
2497478527
2489080319
2505886175
2506016975
2538261583
2521488462
2521474127
2522587599
2522472927
2521428479
2471085033
2471478249
2454668265
2454550504
2450351480
3524076632
3525125128
3546248201
3521008649
3504229643
3504229707
3504196986
3495747050
3512505850
3613234395
4158493899
4133335371
4135498203
4135498235
4135514603
4148158890
4114473386
4231918010
4229845402
4234035866
4242437887
4238304893
4237846077
4237846060
4168638764
4163657788
4180504636
2034135100
1801352252
1808758061
1791786299
1791782154
1783590154
1779326218
1796198170
1800392490
1775230571
1775040120
1758261832
1758319560
4191081304
4191089020
4182537580
4216073580
3142331757
3142466863
3146669358
3146434414
3179987822
3179906014
3179844575
2630391807
2483589085
2483801052
2483715036
2433366380
2433367340
3003845948
3016426780
3012243484
4085985341
4085781806
3515356462
3511162234
3506980218
1359564250
1359662538
1896545738
1896480202
1900607434
826857418
860476363
1380709195
1380643673
1380607800
1389068088
1389063448
1389062424
3268012408
3268017529
3263939913
3280634699
3247342539
3247346394
3247223786
3553407466
3540824554
3524129002
3591303370
1460564426
1427013066
1561214938
1548688314
1544306602
1478244282
1478243274
1482249162
1490768843
412836681
412837464
417017368
460992281
440024889
440080185
439943979
980943163
987238714
987504939
986194283
994582891
961044843
692811131
692747643
701184347
701053275
734534011
793336187
793441611
801821003
667664715
667730299
583827947
592224747
575532523
575266283
592300395
592431451
592333131
558792027
567242107
567139691
567135611
567248219
567194953
600286557
600683885
592305261
592300141
588077173
554506613
554506615
541989159
550386471
550386470
546126646
550255366
567024455
567024455
558668127
558740855
558739958
558739958
592294330
592294330
575517114
575517114
1665514938
1661319610
1627765179
1611119033
3758538200
3758548952
3758252792
3826397800
3832746600
3841004136
3975164521
3975165531
3975427930
3974446554
3991018890
3991031178
3986933898
4020275354
4003503274
4003509419
2929959307
2935137161
4000490185
3996381945
2788172525
2804949480
2754617832
2758935784
2767325432
2763131016
3836963272
3835915208
3852729033
3890268811
3999325850
3995136746
3995161322
3995222346
3995283482
3999277098
4007682090
2913067050
2896360478
2896411919
2897258829
2918230492
2941304284
2920521676
2920454108
2788332404
2788348788
2787296100
2804371749
2770755879
2759292199
2759810359
2768198935
2768132359
3035258117
3052098845
3052230429
3053278029
3221058125
3218957279
3218878959
3218355438
3184794862
3159690494
4099218686
4099357903
4099302607
4250296783
4258750927
3755307519
3755307519
3755300349
3746911613
3746655613
3746639165
3746768669
3755095821
3757266447
3752972863
3750883886
3750884142
3721429294
3746600318
3741365502
3741365470
3741361295
3745571997
3745764797
3712145325
3712145069
3720533679
3587655359
3621017567
2538960862
3581371870
3581375838
2507625823
2507625823
2507627853
2516024669
2499117053
2515893741
2515883517
2516439517
2516439519
2549993823
2550001983
2548887855
2540496175
2540565807
2641360191
2641253663
2637127007
2670681951
2675933023
2675932766
2684190558
2684122974
2682024798
2648535902
2648691038
2631647614
2631651703
2633626679
2633557029
2641951861
2642123861
2675629509
2675613125
2671674837
3611264501
4148146647
4129272279
4150178303
4158624253
4158501245
4118668157
4114444925
4097651260
4030542360
1883189817
1882011177
1894518057
1621887097
1906911435
1940531339
1940584586
850041994
854360202
1916567962
1916567658
1916579882
1647616042
1648141355
1648272411
3795755321
3866813224
4269425192
4252631612
4168615548
4167576172
4167764844
4176157548
2025405244
2042183453
2025662222
2025661198
412943166
408683310
403448430
403449550
403451598
940339150
944569302
961330678
961396119
961000853
407352725
1481029013
1481031061
1489223063
2092998583
4240545719
4257462198
4156732150
4152538966
4068925222
4074130215
4068280615
4064090399
4064155933
1932409117
1898853661
1911501085
1891438861
1889321247
1888260591
1905037759
4052517269
4090265781
4089819565
4081431997
4077231548
4077386397
4077288109
3003529903
3008768686
3010931374
3018071038
2481196062
2481193999
2447643661
2175016973
2158239756
2159485196
2159423788
2173960492
2177631533
2169259373
2169363823
2169362943
2169362910
2177752030
2211307486
2207225822
2211424222
2177868799
2169479663
2169344511
2165150079
2165282143
2165292895
2165041999
3238783823
3272211422
3272330206
3238677966
3242877390
2244632782
2244698327
2244505829
2244507109
2210926052
2210925044
2194278868
2191146308
2191142212
2191205749
2207790565
2211976679
2211973038
2178486206
2214293438
2214129598
2214387646
2189198782
2189198750
2184032670
2200281566
2166858078
3224347918
3224349966
3224349454
3224353550
1345018703
1366965197
1400777613
1383999900
1384070588
1383937468
1384067516
1383543196
309670301
308572639
65327487
31757630
14982462
15186206
15202622
6682942
7174463
124672317
107904825
107900216
117433624
116718616
108854329
104660217
35450075
52358283
270457995
270190479
274384527
284804797
284733101
283684589
283683823
275287039
292325759
326077822
309239166
309247358
309259646
309198207
309132767
325877199
292443599
283530717
283541501
283590269
283458141
283392541
291781407
308555583
308751679
40777023
40834334
40637822
40639994
40639962
41879754
25054411
8117707
7058779
275685917
284074525
284135997
350523949
342144813
1009040677
1009031461
1010800949
947829525
945744695
945745703
701424447
726586143
726582047
725979423
725922171
692364779
692366825
688175609
688372185
688830921
688830808
722459992
1796035896
1779241272
1779109944
4215943208
4224331821
4186640429
3632992575
2560243654
2560245446
2291814039
2291879605
2308492981
2342047380
2329433732
2321038996
2317164276
2334072356
2300518181
2290033973
2298426679
2293968951
3367710775
3388485911
3386388759
3410498839
3406325046
3372772734
3376967038
3377036638
3360388446
3368711502
3368777038
2295037278
2311675247
2311675247
2345262429
2324430157
2324362572
2324418908
2324287868
2325266797
2329461229
2321072623
2339948011
2302203370
3357064698
3357142491
2282482122
2299259338
2303453642
2345396682
2345400794
2328583546
2328583534
2324387118
2324386110
2391437583
2391499071
2257122671
2195246447
2195230063
2206042487
2206177654
2172623222
2170534390
2170403286
2165160406
2164898263
2165045719
2198567239
2198502213
2198567749
2202762053
2177596245
2173397877
2173266807
2156428151
2156452727
2160708455
2244598759
2236176871
2403957238
2403957110
2403957078
2404219222
2404367327
2404368287
2319951775
2319951757
2319819165
2319819933
3393690780
3662526612
3658328308
4195199092
4262370420
4262101076
1730052172
1681821900
1613661325
1613679757
539970479
540482223
540351151
544479914
593772202
585377706
581181866
581382586
581317082
849617742
849618702
312747534
313400847
313396751
317525519
317464329
23935769
7289625
7216921
15343115
82562571
350854683
350854715
485010987
1073262123
1056484905
1045998905
706386953
689867785
673090569
673073177
672020761
672021291
676207147
680336939
680273451
680289818
680321546
680305435
683975517
1757721436
1749332732
1745195708
1745195708
3892818616
3892838056
3892763304
4182170344
4186364392
3113142509
3183396959
3181960270
3186152462
3211579470
3211759726
3190730990
2922291374
2921762967
2922807687
3994403463
4010074799
3980681902
3964089070
3964088878
3965006382
3826520366
3828614206
4101243934
4109839374
3836110861
1689688396
1706462156
1992264588
1996261260
1983676813
4131160509
3862868143
3862339759
3845644463
2755097007
2759292845
2767664805
3841275629
3858051679
4118098447
4101845518
4100784414
4109186094
4104928302
3568056366
3568122078
3568138382
2544811407
2528092047
2527364749
2524218045
2520036013
2520031852
2520097324
2988880444
3009917229
2984571949
2976700463
2976696367
2704263206
2738784470
2726202566
2734600199
2817442053
2817507655
3073143782
3073123046
3006148198
2989427430
2993437606
3002875830
2998747062
4072419230
3535547790
3535547788
3535551628
3271310476
3257666700
1110248588
1110314140
1110322316
53357708
7151051
11340250
11475931
11475707
15498857
7138857
19721752
36484888
36476184
36476216
36476216
36680729
103740425
355392521
204359689
204134664
472571400
409638408
419074584
415015464
1486660200
1485612968
1535950249
3666655658
4203526570
4207852970
4199462894
4199450478
3679109934
4216996134
4183504167
4166595637
4164498436
4164628480
2017079312
2017079632
2021282752
2025506497
2025555585
2040045185
2076749745
2051581861
2047648165
2047783413
2048836087
2065613271
2033612615
2100715278
2104904478
1576470830
3753187374
3736352830
3602136078
3606316046
3337945118
3338022958
2257986350
3331793454
3314901551
3298087463
2224341543
2177140259
2202832243
3255606515
3255606513
3255631059
3255598291
3272490947
3238934211
3234737859
2156539587
2226720451
2163809987
2158567123
2158616563
2159655905
2224601569
2207824353
2194181601
2181598449
2181805377
2182870355
2249864963
2268741378
2218405378
2225813010
2225681186
2226712931
2226692583
2226692581
2226959797
2247919796
2235336868
2268895397
2184550581
2453059783
2453039175
2453021958
2469798198
2480366374
2442256934
2978013735
2978001535
2977989613
3015738285
3007353261
3074658492
3070406844
3070488760
3070325945
4110892217
4110825979
4280171355
4292749850
2126322206
2124163599
2128374543
2120017167
2053087501
2061414717
2124321149
2141094348
2111538060
4229493421
4228415151
4094241454
4095355550
4095421358
1893211566
1908150446
1908150430
1891381391
1354577037
1353592204
1357216172
1344555949
1344539613
1361460173
322252767
309601278
1391801326
1391948655
1391391613
1391457085
1382855485
1399619897
1106018616
1085257496
1085193737
1085185545
1353619995
1349442095
1076882223
3224721759
3241502926
1110911182
1115036878
1110836430
1110835678
1115034094
1123509102
1119675118
1388098558
1388085753
1387823336
1928888440
1882947672
1882886216
1882887432
1882898200
1881848632
1881729837
1613261101
1613310253
1617828973
1638796461
1673403535
1673411983
868101511
851322774
855578294
855380886
853287814
844899230
844953279
870233839
838837885
821597724
821592628
553156916
812228628
808166421
1881783350
1881790518
1883052086
1899894838
3510507878
4093512614
4072607414
4072486582
4072432286
4089242255
4055671436
4038895324
4034170668
1881442604
1613036332
1613196076
1614687020
1614687788
538846764
550318637
546046470
546046918
546046854
1892437382
1891948930
1904580738
1904580753
1938143632
1401338816
4085694144
4090408512
4082017792
4077827617
4082081571
4048391202
3775712290
1611451426
1611455538
1611588866
1611589378
1611593267
1632421601
1640810401
1673809841
1648645505
1644500373
1644510645
1644641702
1657223590
1652701606
1652701670
1652767046
1719745286
1719675662
2122394911
2139307309
2106660908
961550396
940575772
939986188
939933492
672015908
684684852
680305229
680043149
696820367
726180511
726251167
1795792575
1795792574
1795922622
3943415486
3926572959
3943364095
3948574053
3948809253
3925806117
3908901181
3909040445
1761491229
1752570143
1752632607
1775698191
701829390
734277918
734273854
734290239
725935487
725923263
692565423
760198575
768586175
768587167
894145695
894147743
1967885503
1967884447
1431013582
1909111566
1910155782
1908075014
1908276758
1941823030
1941659190
1939414823
1943602981
1931020068
1897468724
1897607988
1896423732
1896362292
1900560757
1909244119
1888256151
1888325783
1888325783
1888334229
1351595933
3499080444
3499031148
3519953453
2198743565
2183015183
2251110415
2255227951
2259419182
2259537978
2260643870
2529079631
2529013999
2663166191
2658959533
2653723837
3191716025
3208559001
3175004815
4231985807
4231424974
4231345662
4234424422
4234424358
4260634662
4260766006
4290127127
4290141957
4273921349
4143963461
4142761157
4151166101
4113423517
3022913469
2959702703
2969254574
2969254638
2969382494
2424058398
2422747694
2447905582
2477273134
2477273134
2477527087
2461814797
2210168904
2207547592
2168819864
3305618600
3288840364
3288840380
3288791948
3557195404
3557173901
3569826509
3235121999
3243514127
3279370510
3262524702
2192975678
2193039934
2192912958
2190807598
2189689390
2190246702
2207024110
2177663470
2177741231
2177741229
2177742012
2169355452
2148382868
2483927172
2484976004
2485058436
2503898756
2503877252
2541626069
2545751031
2545693039
2545692719
2545688621
2277321757
2248091913
2247960843
2247965466
2247952698
2172389690
2205949210
2214334746
2193428762
2193494810
2208174714
2208125679
2207568557
2178192301
2210697628
2202308796
2202375336
2202516648
2199369897
2165750201
2165750681
2232856457
3306612361
3288786637
3288851405
3561482077
3561482077
3561484157
3562401151
3562515831
3578965334
4115832134
4283663622
2136053014
2118231318
1845732663
1846719799
1846776119
3994521893
3994415413
1846993204
1849159972
1870513444
1845415924
1828613060
1828649412
1828706629
1869470743
1877791782
1877791782
4017016854
3983434062
3962503926
1815425790
3963032254
3962901150
3966506662
3970702054
4239137511
4255914852
4289428740
4272680196
4272464900
4264076292
3727400004
4264201588
4282031844
4282044148
4286272244
4286395125
4269552359
4269552614
4276883942
4276900070
4260187366
4243577078
3975067846
3974543430
1827055622
1815585799
1813360711
1812234359
1828774117
1694753253
1728451557
1700136685
1840724701
1689729757
1689598621
3837016973
3837012877
4126483855
4118098831
2012218271
1995440814
1989215214
1989153263
1993369039
1473275343
1473504725
1439888853
1440142807
3570911191
3570784247
3570792310
3587569526
3612735359
3614816031
2524428061
2532816701
2532684669
2530521964
3084186237
3050697337
3176650331
3176619882
3178503018
3178498414
2641103230
2674858078
3749647438
3711832142
3648917774
3657052431
3652870463
3652838261
3652776549
3652756076
3721962221
3713579005
3713777149
3709769983
3743324415
3726559454
3726572622
3726564682
3730752778
3732587295
3757699871
3757695773
3719881597
3573113196
3564720484
3558556964
3558556980
3560592660
1413371140
1434342661
1434412293
1476392213
1476392215
1476383575
1474085719
1440531318
1423754742
1423832550
1423896038
3565087207
1433959863
1467551127
1177159047
1181356931
1181430419
1207509683
1157178019
1157309155
1157292883
1147912450
1148028178
1147966482
1164225538
1181199362
1181127682
1458995218
3606560818
3604267046
3604242797
3604309868
3604860652
3604863740
3613252316
3613244124
3575431132
3692868044
3694977485
4231909851
4114534895
4148061167
4135478255
4141316079
3604444663
3604246743
3604242647
3595330775
3613357143
3579731029
3716042583
3706605143
3706674759
3706551815
3706541574
3706540598
3706581542
2646467366
2646470958
2646388782
2646126639
2681775213
2669192301
2669329628
2635775436
4246405068
4279951052
4284145372
4284145244
4276082525
4141864317
4135436319
4131156062
4147929342
4148061438
4097725918
4101391838
4109780694
4105553623
4103403093
3029657141
3033853493
3025653303
3025522199
3025524227
3042402611
4116135970
4283908195
4160700535
4143924341
4143336532
4142844116
4142844116
3061831892
3057450164
2537317764
2484888204
2489213597
2497577710
2493317862
3032232550
2428253030
2428252390
2443980966
2448257166
2440982671
2436814223
2956380041
2954268297
2954279561
2954144505
2960435753
2707733016
2741287432
2725021208
2725163576
2725220920
2724905576
2733298541
2733331311
3001577766
3060281638
3060273206
3060346898
2993300498
2993564690
3010357334
3027138759
3035551877
3031353733
2964753028
2965151380
2986124964
3011289781
2990338789
2989016039
2720588263
2737337574
2687194294
2691306743
2699695575
2699695041
2968126401
4041737173
4041744741
4041748519
4058649655
4092200965
3538552837
3530508292
3538741252
3605325829
1453763589
1454281997
2125365566
4273832230
4275871782
4263288870
4263481382
4280188998
3894321286
3894324654
1746332334
1746393774
1817565951
1817565933
3989896941
4023415919
4000338013
2792378589
2788249804
2792773116
2809556716
2784448108
2763344476
2762439244
2762828300
2762763780
3031199540
3035133220
3035198309
3026912115
3043689202
3043693234
3043566518
3051954614
3051893942
3052146870
3052671222
3035975711
3161912335
3161648397
3161565967
4241533742
4258310638
4275091694
2664879278
2659106958
2523545742
2540314814
3580502375
3572113701
3572442405
3505138480
3505138432
1399794432
1382959872
1382991681
1382777665
1382646209
1920569813
4061761781
4061705461
4027100661
4027161591
3758856951
3825900262
2753216230
2757473894
2784802406
2817307502
2817323374
2808992095
2804340173
2771838429
2771774957
2771672556
2770607596
2774994429
2783321437
2783395103
2779059519
2812613951
2812620831
2812616735
2812764181
2812768341
3048555733
3027574165
4097064325
4097182597
4097182341
4151716567
1995783895
2121742022
2120553222
2120548630
1592004902
1571102758
1554457606
1554150414
1554235398
1555071094
1552974054
3699409070
4236353710
4169377215
4169381309
3116539836
3208822748
3204878300
3189673596
3191856700
3208505148
3212600108
3212583785
3187418090
3187479530
3187607534
3187363758
2944355774
2942131598
3218597007
3210190988
3209933208
4011045336
3876844248
3876640488
3876646889
3880840683
3889290474
3891352746
3815183514
3815117210
3777381002
3777381018
3764798138
3764406010
3764410074
3764414298
3772796187
3772849243
3772913755
3768982747
3785766139
1676108027
1659335129
1659293961
1650901257
1650754616
1717872680
1717872680
1718073400
1730582553
1730321417
1696760155
1684177659
1684177595
3832660649
3843093161
3843090153
3876707948
3882999148
3873471532
2799787068
2799918364
2816638236
2783082268
2783336220
2783332116
2762950421
2762827541
2762829173
2783722991
2775334319
2775348399
2774914223
2774974895
2776024029
2775695949
2775642633
3882935867
3865176875
3798226986
3806611498
4066641962
4067363066
2989362314
2972582027
2960020361
2968408764
2965291693
2965160669
3032273421
3032278551
2515326759
2489909031
2490096930
2490293539
3027158819
3186542387
3220096259
3211717891
4268682242
4269730818
4131249250
4131181794
4148117666
4114497666
4097728899
4097729427
4101916321
4105002657
4105035441
4105035349
4121231125
4158975764
4150586676
3039094068
3039163700
3039190805
3043378981
3052893987
3048567794
3082249154
3065475458
2528596370
2533114294
2524726695
2524188071
2540115877
3043440325
3026658893
4108674575
4108674846
4108612926
4100252718
4112835630
4114015246
3577136462
4149658958
2002580957
2002646493
1986000349
1985402333
1985435103
2002212223
2012698495
2012697470
1979011454
1978950015
1425302911
3562108287
3562100093
3562272093
3562272092
3570792316
4107597436
4123322093
4123325437
4156937183
4156937694
3612833278
3612835182
3579206958
3579202870
3562491654
3562362630
1414820679
1565877079
1574171095
1573114357
1606500853
1606504885
1581277655
1581343223
1589801469
1590842879
1599168383
1599094655
1599090495
1599176511
1599338367
1473501019
3620837195
3587278671
3579025247
4098015071
4106401567
4123236125
4124349245
4149523245
4078237485
4078378797
4078308645
4044758309
1633033509
1641356311
1641878535
1624059927
1623994390
550261030
541611302
550028599
550030615
566810903
558430487
554191191
554174807
587930965
587871717
592078245
562717093
562656149
545833863
550029191
810325638
810532502
1950853798
1975949990
2005306262
2005313990
1988552966
4140297495
3594712343
3595719990
3595719958
2521898294
2520800294
2529446950
2525285414
2525488150
2525405190
2525405239
2542698983
2510062567
2490925749
2486797973
2484836996
3021650564
3038427876
2787031908
2787092773
2791304469
2791301383
2789171462
3007193862
2956866310
2956857918
2956791342
2964065070
2964064622
2965125230
2965174367
3015490637
2998711373
2998702157
2994507997
2988216813
2987245549
2987309797
2718890725
2718858212
3792599972
3805247908
3801971092
3802037636
3823009669
3766370183
4030668487
4030536678
4030544358
4051450086
3820759206
3818678454
2710562950
2693708934
2693700998
2963249047
2967254693
2956768997
2956770933
2687433301
2704206373
2737793829
2733201701
2729003317
2729139461
2733252933
2994611141
4080935877
4047377029
4034725807
4038856111
4037822639
4054636735
4054640799
4058818701
4029656269
4029592909
4029584909
4029593117
3761108524
3761040940
3777818157
3794595621
3798981925
3808415029
3808417045
3808425223
1669325079
1630431047
1613641543
1613696839
1630341414
3815508006
3802941478
3803019286
3803114502
3819889670
3769602054
4038951190
4043092518
4030527014
2956844583
2703088247
2736544359
2718710373
2723944807
2799508855
3065984455
3086627270
3036297158
2491039430
2489915974
2498304622
2426944367
2426943791
2426943791
2428042253
2461574157
2461577293
2465763573
2457633005
2453438637
2451411117
2451479981
2988374973
2987293357
2988341933
4066261692
4074584989
4093389725
4051642253
4030604237
3493733197
3493802775
3493597479
3497791778
3504084002
3499889682
3230416130
3230535490
3230549698
3230594754
3231507138
3246183362
3258831683
3257750789
3257744661
3262070068
1131363620
1080900900
1080833300
1077687556
1093628164
1127145732
1110356229
1110347781
1114603605
1122992341
1118802133
1122931925
3286940925
3253713389
3253713405
2179842047
2209134591
2209133550
2213343982
2179789550
2154590958
2155295335
2155230837
2155298357
2150906661
3245619493
2187671605
3329124359
3337550855
3337602054
3337453574
3329200150
2389618742
2414784614
2410590326
2377027702
2678960614
2678890734
2683089070
2574028970
2553142699
2552715706
2552708026
2552638138
2620795642
2625059450
2633316890
2359045658
2359043643
2377916985
2276991513
2260210185
2264449544
2263389976
2264513852
2264570941
2254081149
2253360253
2517468397
2517537981
2450439325
2434709901
2417933197
2419522185
2419464840
2418154168
2955098792
2960145064
2427465640
2427465641
2427465195
2426416447
2158243086
2162436878
2171349774
2204953358
2196568342
2192427318
2193606950
2191509542
2195703846
2195544119
2187294743
2206095630
2155772686
2164161295
2164161343
2164087597
2164054333
2180831541
2172422644
2205981172
2206178228
2214510517
2212413333
2195701173
2455543205
2451348645
2988219581
4061640845
3793135821
3809913868
3776359436
3759580473
1614198057
1614213929
1614177065
1613173544
1617232684
1617233388
1625621740
1621433588
1890000084
1889941956
1353071041
1353595394
1353595394
1135434242
1118631682
1118630162
1118613506
1118810130
1185845282
1190105121
1160302625
1546175587
1546508754
1546574786
1546582722
1546566338
1550760642
3723493058
3740071618
3601627090
3601413618
2527673443
2460494885
2464689188
2464685100
3538425128
3534426936
3534365240
3535528492
1392087596
1377337940
1376289216
1359515840
1342880896
806008960
806009220
806287748
806255492
806755204
823532180
846541476
1922314917
1921262246
1921262246
1401172838
1350840598
3227268354
3223137538
3229559570
3233753874
3231660594
2157578770
2157595394
2207931651
2195411969
2187056128
2197738496
2197779472
2197648672
2193454368
2260500257
2281471265
2247679267
2238225698
2238291298
2372648818
2381035122
2414589523
2682828371
2674431729
3211304688
3173883504
2905446996
2906495604
2937961060
2937040676
2936975140
2936973101
2937055087
3977238399
3977103230
3896854510
3896853998
3897904638
3906293246
3923213786
3923209690
3955715418
3955747162
3955747163
3938838875
3938773337
3930450265
3930586457
3930551641
3997644633
3997513593
1866798952
1866796908
1708068205
1708071293
1703749981
613165141
546057301
562904149
562895943
562829383
562882631
562882887
566860231
600410583
592021975
587811287
587794903
587938167
587868519
600451431
596261223
562567495
562563911
562563911
541612871
541817427
541751907
541809251
541657971
558390099
592050643
852228338
847968498
1384818898
1384688066
1120442566
1112049878
3532228726
3532363878
3532306550
2995436662
2995430502
2995430759
3084617573
2503774165
3040644052
3038747333
3206470613
3189668839
3189390183
3193510254
3203997054
3204060494
3169466190
2624206662
2624271951
2628329087
2494053229
2494065005
2494097517
2527635565
3064502365
3001583709
2989001949
2989137101
2955591629
2956639949
2688203469
3759864461
3810392740
3793517220
3793517476
3806091685
3804060821
3804134533
3787357575
3766369735
3762174215
4029487414
4033624102
3790350374
3819710566
2712430710
2696870086
2696842438
3768487111
3770457589
3766271781
3777805860
3811555860
3794463252
3794463268
3794529060
1651099940
1655426517
1655329221
1676309445
1630151557
1630081927
556537839
556546542
602675694
598546622
581925006
581953743
582920397
599695565
566211021
553628189
540906029
539870765
539875893
1630333477
1647078181
1651300645
1655490661
1655687637
1672403845
1622081157
1617911429
1613568647
3761052391
3760994598
3815520294
3807131686
2729191478
2746050582
2712595462
2964233222
2964292870
2964102903
3027025655
3023887063
3158301399
3174980326
3208526566
3195877990
3204201254
3215539478
2628467974
2632592646
2632592646
2359893783
2359827245
2359847277
2645076077
2661853437
2527640781
2531820749
2988999821
2989130909
3005914521
2955590296
2955852424
2688481929
