2561148999
2561169605
2557012101
2569717892
2590674052
2599060612
3672801412
4210790820
4198032292
4197999268
4195885996
2048533484
2065311597
1769553709
1761093919
1761225998
951729422
951780382
951583806
968372250
435708938
469296331
184073627
184125885
184207797
184285620
251395504
1323038128
1322955184
1316663793
1333436689
3446576385
3295591168
3295578880
3304032784
3437976112
2364086816
2365070880
2293774116
2291672356
3382378533
3367502886
3367765222
3371437542
1214516662
1210370486
1228249590
1258731974
1259257286
1527752002
1527358787
1540073280
1506524884
1507441252
1498995300
1501039141
1543113269
1543125797
1541025061
1524315175
1524109350
1515720758
1534596126
456686670
459856334
199867342
199867341
1240186797
1231732141
1231732157
3379280285
3379165597
3387554268
3387496916
2309692212
2310683444
2310683940
2377790756
2377790756
2243444004
2246577444
2179467564
2171095404
2171165037
2171459965
2171459967
2206169431
2204072278
2212329814
2212329846
2212321654
3254614518
3245210102
3240991222
3240991190
3239950814
3507075534
3507075534
4077497293
4077497548
4081822924
3544952012
3507207364
3490413680
3490393184
3557436896
2487892705
2492074657
2492141233
2491956865
2273848961
2257202819
2257223298
2261766018
2254229410
2254228962
2254220643
2281680151
2281696519
2281565493
2273103652
2268907301
2266945037
2271126029
2262475583
2262348078
2262335982
2262337006
2185790622
2181627022
2198363338
3238528330
3507098906
3494519050
3503956234
1352278794
1368921882
1364725098
1359499242
1393085322
1393225610
1393217418
1380681611
1388872585
1389134744
1389199864
1388951016
1389077864
3549078824
3515527212
3230306620
3231379725
3302580493
3289919807
3289910575
3290302822
2216573398
2248031110
2243890054
2277246855
3350725517
3484959132
3348685244
3319325165
3294126565
3289933799
3290001379
3294523235
3294583586
3294415698
3311206339
3328094147
3596265411
3596260290
1448838130
1381536162
1377346018
1376564322
3524037682
3540831234
3574515730
3558747154
3558745362
3560837426
3573154322
3568960002
3566863042
3566928515
3315075733
3315079844
3579374500
3608717740
3592071324
3592070284
4133138572
4061757900
4061692456
1914495528
1899766312
1882990120
1883188009
1895180585
1890990121
1905657897
1938097161
1925496841
1917095945
1913029899
1917234971
851815211
852265835
843876842
839632314
839516603
1913266603
1376395435
1376399595
1388978667
1384785211
1384737545
1384958731
1401719323
3498875403
3499010763
3499011723
3499070091
3561521835
3557343914
3557503658
4094309099
4094632299
4229701675
3699125289
3699189784
1560225800
1560160264
1291806728
1157426184
1153221832
1085588632
1102501016
1136058552
1119248813
1119253422
3266777766
3283092134
3244311206
3223339686
3290612306
3290620418
3294684674
3298864930
3315645734
3484727590
3468597542
3472793366
3488518662
3463156230
3458773558
3661136677
3659043117
3659128892
3726500892
1595762748
1562277948
1549687576
1549666824
1415448073
1425818121
1417462329
1971114795
2004678123
1987702203
1993930906
1993918634
1457048746
1448939706
1461063818
1412837774
1545745310
1558324134
1555063651
1553000227
1552985347
3566250241
3566377217
3623000112
2520156192
2520680464
2453589248
2452275904
2456437392
2460619424
2477335204
2444763813
2499293862
2499286438
2499287206
2499295414
2222930134
2217490502
3341573382
3324437766
3324420102
3337003014
3602362406
3736379750
3734282606
3720654655
4241996573
4233534236
4252404012
4269180972
4133784620
4130639900
3862405132
3860262988
3843215452
1678953708
1681050596
1693633060
1823722036
1823589908
1823502597
1865424911
1848909838
1849032746
4264954986
4278061930
4289661674
4256041674
2646481611
2545692232
2277253640
2277245464
2210333480
2210358120
2191319784
2208097260
2212270508
2170323367
2149354919
2149026206
2148964750
2147916678
3238439814
3544558486
3527910870
3524698438
3525234758
1379876886
1379693606
1379806246
1378753559
1395524613
275587328
275587856
16724528
10420768
9241315
9178786
9194402
5032866
952706
118401410
102674306
107844994
116232594
116253107
107864547
394060131
528245025
494232871
494266663
525662502
1566370102
1565829398
2101845255
2143720215
2006352661
1972863764
4119167556
4123325044
3573573220
3607112300
2533833324
2516982380
2454063404
2458650668
2459700268
2207781916
2207789068
2173198344
2173227052
2173469485
2211415855
2195629622
2262806262
2254282406
2255784870
2249493414
2249230774
2249447574
2248341654
2269310087
2369971589
2361648517
2362566021
2354179479
2624825766
2624690662
2624621030
2624637414
2641623494
2675109831
2675077063
2540908229
2536582885
2536507044
3610317732
3581096369
3721605553
3721408756
3570425972
3562074140
3560084749
3560085769
3563236105
3580078857
3580082713
3613850329
3613816457
3614179993
3623617275
3555459963
3551264810
3517722666
3249286186
3253544990
3241031694
3241049294
1094636686
1075757454
1074774414
1086636958
1082442734
1082475374
1083653934
1106717546
1114712426
1110653434
1108490634
1108552074
1178609034
1187008986
1187045882
1187045674
1187356970
1188409386
3332210734
3351219485
3317598484
3451816756
2377551668
2367129124
2299826724
2298782228
3355812356
3368461824
3364285971
3368471331
2281982243
2283554851
2367424611
2401119425
3458084225
3336447361
3331723139
3347517091
3347332770
3347343266
3351541158
2185556390
2181357751
2181341559
2181342005
2182399509
2203373060
2163689988
2159421956
2158373636
2159425796
2159348004
2157710629
2174498087
2208051502
2212249902
2212283182
2212266862
2178716518
2170393590
2170532823
2170533333
2169485764
2169485780
2169363412
2166283220
2199804868
2206104260
2206103493
2214425045
2214392295
2214391975
2180306087
2180291751
2171967890
2155346306
2155280850
2155084274
2152954338
2152954226
2152872306
2169661779
2168645891
2176969475
2176883475
2176950129
2210639857
2252584403
2252510659
2252584322
2252453266
2248455586
2667879906
2667874786
2634975586
2636036403
3210651923
3193498369
2656627520
2517364416
2517254848
2518287232
2518286736
2534940832
2499552484
2428250212
2427848757
2159413517
2159033093
2156931605
2156931605
2161133063
2177286870
2177352358
2210694054
2210693542
2210435254
2185346230
2181142711
2181138556
2199033868
2266163468
2266114828
2268211980
2238854676
2180121381
2175926758
2175812006
2175815842
2171651282
3239087362
3272771842
3271731714
3275926018
3242387970
3225677362
3221419810
3221734691
3226256418
3226256482
3225971827
3242752195
2169129409
2202716609
2278218689
2274013137
2274930657
2274928353
2274993795
2275055235
2275120787
2279145123
2269673891
2265450721
2266564833
2535073845
2535072772
2516197381
2243567879
2243572310
2243446502
2243448550
2237189038
2367212478
2367416719
2367351181
2370464717
2244635596
2244611933
2244675389
2245859119
2279351591
2279351590
2262581046
2262597174
2279374390
2279374374
2270710310
2270710070
2270809174
2279328965
2281434309
2264526212
2256121220
2256117684
2256244668
2270858684
2271120828
2237574325
2220731879
2222825015
2218769943
2151606790
2151557638
2168072726
2168138535
2205747237
2214267937
2210006016
2176737280
2174607360
2173481009
2177667365
2177667431
2202898278
2198834038
2265906006
2265966935
2534078967
2534078919
2639984070
2509951430
2495320962
2493092530
2425942690
2417521314
2417497762
2417634194
2434410882
2451187841
2457483396
3539602564
2465926276
2195197060
2195209668
2194160956
2194149164
2189954349
2191144237
2191139119
2191139111
2191208742
2207782182
2207780646
2245529382
2170309462
2178867014
2162065366
2161997814
2220676583
2222768627
2222839251
2222955969
3296574913
3290020241
3290151345
3290151089
3323902097
3457596545
1312203905
1311945857
1311933585
1309921457
1308680353
1572921761
3699434149
3565348581
4102194917
4103374573
3033830957
3021254204
3071647260
3072114189
4129074701
4131188301
4131313135
4131275950
4131258542
4152230030
4126015630
4110291150
1962816894
1962681638
1425813302
1442656006
1476210439
1459357447
1459373879
1457383223
1465313095
1196871623
1196871619
1163317187
1196935123
1188402657
1457299681
1383915617
1384112193
322879681
288277681
271273137
271137201
271133105
271526321
275721649
301925297
297747377
296567637
296502037
300700453
300704549
283960111
284088127
1357569855
1357536063
1349110046
1367116750
1935510414
1918278542
1926666126
1993708494
4141125978
4141191274
4158120042
4148502634
4148966462
4148954222
4148889070
4123666154
4119471855
3583661757
3717783180
3724062348
3711478668
3745037260
3726285645
3592080655
3607020607
3606990894
3598655534
3592167526
3575197942
3696898967
3701084807
3432646279
3298299550
3300425454
3304619758
3296243070
3581586446
3598363663
3598433289
4143488024
4135095592
4135099944
4146634296
4146718216
4113200648
1965692488
1966801659
1966605294
1979187438
4105711854
4237893694
4237910030
3699960846
3699935311
1552464253
1556720637
3628772303
3680165839
3680126926
3663349198
3663414638
3671680110
3671647279
3663258669
1515773972
1515888900
1515946292
1517875492
1530454132
1496903764
1480324181
1478154709
2015284183
2085522135
2089196247
2107023047
2123663045
4271145413
4266959093
4262781157
4262782117
3071698087
3038143919
3033940671
3030270623
4055761613
4055630415
3518767647
3590070831
3580638507
3559656491
3559589915
3693811723
1546524747
1567492299
1576946827
1604306313
1591575501
1593807693
1585361437
1585226285
1583129389
1591517485
1591517485
1582166053
1577996325
1544163431
1544159615
3558477133
3571059021
3566816085
3568958164
3568937676
3568873165
3619202701
3736635023
3740829614
3728379374
2654661742
2654692390
2653429814
2670403646
2624205118
2561291070
2561290799
2562265644
2629308972
2629317208
2683856456
2386218712
2671431368
3710536584
3694021001
3694448027
3694441883
2085921179
1960158155
1994171337
4140667208
4132342824
4132341800
4128024616
4128024584
4262259976
4245681736
4234040043
4242408170
4244505578
4243849710
4233363694
3708236006
3712360582
1573790086
1569595782
1569612166
1569388423
1535675797
1539877356
1594403308
2131274748
4278889416
4279172745
1963869833
1967539897
4123395755
4157028270
4291045294
3737395598
3754172814
3619954990
2509729838
2494026799
2494403644
2494338312
2494076168
2527629576
2532020536
2531885096
2517139560
3590905961
3591263275
3558737946
3493734670
3493735182
3497933326
3502115334
3502065158
3501998598
3556569862
3537888070
3537818439
3532576341
3532543729
3532600992
3536597668
3544986276
3540783789
3507225005
4043722907
4047893643
1883285707
1891665931
1908508681
1900189704
1933747208
1942134792
1406398472
1397817352
1363476728
1409621161
1414408875
1959660202
1956514458
1958218378
1576801931
1601462923
1580655113
1585422856
1458090552
1458086440
1459137320
4135102764
4130908204
4263032876
4262038860
3176829644
3168441039
3034223310
3034219118
3024668390
2953628134
2969848038
3003402478
2999344302
3011962046
3011960965
3045580932
2781131908
2769067136
2770114784
2770250208
4011768608
4013854224
4018064896
4017028608
4012862720
2938969376
2938901860
2775069668
2784498340
2780365500
3835245215
3835176606
4103613086
4103613102
3568839078
3573024994
3563800642
1428878338
1462427650
1193861122
107532291
108978225
108978177
125729985
91621761
225921456
1281227680
1306323616
1591601840
1591075456
1590997632
1586791264
1588887841
1609343269
1559166727
1559186950
1558519334
1558656550
1550135910
1546912422
1543766422
1543794894
1564798030
1606920222
1606920206
1607837710
1599514639
1465294159
3621160911
3588129487
3583935199
3588080365
3724338157
2642207717
3174884709
3175077237
3208369493
4286313781
4294694199
3220887319
3220952838
3212572167
3174921751
2638042935
3710850391
3698202071
3706654103
3702328503
3702330807
3702289830
3707528678
3699172838
3716151255
3749701447
3749700935
3730695431
3728594230
3728594214
3745510438
4253021238
4261410167
4244628951
4242503109
4234102677
4233955253
4250671013
4284295093
4267648437
4276032951
4275897847
4275836415
3738985823
3738985791
3755795775
3751662909
3724514589
4261254429
4236027197
4236092780
4253005676
4250843004
4284450396
4149597724
4145362716
4145358652
4145493820
4145426732
1970671916
1962278956
1891041401
1891569881
1889285257
1352170891
277400970
277519802
298499498
1930079726
1930077470
1914348814
1916446478
1916446479
1920907263
1916569007
1916569007
1914487215
1914552751
1914093999
4076262319
4086752111
4121388855
4109119239
4100730118
2083400982
1550716214
1550716214
1559102742
1559168278
1558511878
1504977174
1505059126
3684028725
3415508276
3381964052
3385108756
3356334896
3356416784
2283690497
2296270337
2361263619
2361197331
2361143587
2361143651
2365342051
2356495843
2356633587
2373417939
2406951763
2390178627
2390166339
2398558577
2331323681
2327129395
2327125331
2327055843
2327068579
2398386083
2398373795
2388710307
2388719011
2384516275
2385758387
2383583411
2249369667
2248402947
3322013699
3343115521
3296912135
3230855687
3230843399
3230843431
3237267175
3222585319
3221540263
3221605763
3222203779
3221673345
1074196881
1074160065
1074160065
1095185731
1128732483
1137078087
1184263751
1184263767
3333807959
3337932663
3329529191
3325334887
3327426870
3327427382
3352666407
3348537639
3623264279
3623265347
3581314113
3577185521
1412792481
1412878737
1949725061
1949770135
1949640111
1949642670
880094190
884288494
884218670
883690262
279708935
280764679
8151811
4186915
2024419
1104077794
1116357026
1116622210
1116621250
3336554818
3327977762
3335825699
2257889569
2241109264
2223083280
2223015456
2223027744
2223023648
2361632304
2354222640
2350108192
2369080928
2402766433
2390101987
2398493139
2398566466
2398369907
2398386275
2398615603
2394356995
2398547713
2398397025
2398392929
2390000353
2658439911
2657399535
2669984447
2669976511
2670696879
2519652783
2519660990
2524869774
2541641870
2541641870
2508152990
2491183278
2491176106
2491341039
2499737885
2499733773
2498554124
2490133260
2418828812
2423210508
2423128621
2431517423
2432434854
2449225382
2482781618
2533103794
2533185714
2533317763
2264825031
2264851909
2264786517
2281501301
2239545973
2238988845
2237940271
2221168495
2221241839
2229300463
2229300463
2229291231
2222147783
2222086215
2218158343
2239196439
2272685111
2264327431
2260136197
2260189461
2259976483
2264171299
2272559907
2272559987
2406995315
2406935927
2407000567
2390063606
2385856758
2406897910
2406907094
2415291846
2281100614
2281035059
2262086947
2262082865
2254286081
2256448769
2269052737
2235486161
2234961649
2222343825
2155229841
2163684019
2230596515
2230592995
2230593763
2230597666
2222327810
2221299970
2363943682
2380787458
2247484226
2247479762
2247393698
2239006114
2507443618
2503326115
2635508115
2635507907
2534844481
2518072337
3054943249
3054953731
2992072003
2991816691
3000065699
3016773283
2981121959
3035647399
3035647367
3044081031
3039952327
3038965015
3039030551
3076613383
3076646663
3077038871
3076978471
3043426087
3187591445
3164510469
3164579845
3185174549
3210270741
2654489605
2520449031
2520645927
2524840805
2516451937
2495022817
2495035089
2495051393
2494879360
2515845072
2538908657
2539432915
2517473874
2534189618
2534210102
2467236374
2467171846
2534286902
2522619942
2663120934
2662072367
2662269055
2661643341
2393139405
2388973773
2402076925
2351888861
2217638861
2221858439
2364469895
2360337047
2293556135
2293555623
2297746851
2289356243
2285230547
2285328755
2302028147
2335582515
2318805011
2316720147
2319928323
2328161539
2592402691
2592384787
2592585251
2592511587
2593490659
2666825459
2658436785
2653208209
2653739393
2653866165
2670614693
2670606501
2508077253
2508073029
2499685829
2499553253
2226922149
2226926261
2226919061
2159811489
2163476899
2155104674
2149697778
2166541330
2183303170
2187501570
2191761410
3533742130
3533742119
2522910757
2501936165
3022424093
2956888143
4030634063
4030658703
4030724238
4049497230
4087242911
4072546493
4072485293
3808183213
3807167148
3799832237
3815620205
2708454921
2691672331
2959992843
4029541386
4029643838
2989430058
3056403242
3068985962
3065709290
3063485098
2528645866
2528645850
2650280462
2633655054
2365252366
2359009551
2493030463
2493037613
2497218604
2484635756
2419755469
2419772109
2435717709
2469271053
2456621581
2460750381
2460754732
2460754284
2544640104
2512142568
3590111384
3562832009
3562312841
1409612939
1543887003
1560762555
1560689099
1561210827
1566453449
1537093321
1536761545
462954200
467154648
458761944
458760921
467337849
534401835
533393707
1565253931
1565106493
1544073564
1544069500
470329212
340320012
340413196
281692685
1351240207
1401572110
1390040350
1390137662
1381548094
1377337690
1376289226
1376289530
1380503274
1388841706
1120549738
1120545146
3259639914
3255525434
3277385738
3235414090
3566960714
1419678684
1419682540
1419685612
3558648548
3575417764
3592391820
1579046028
2115380365
2115445950
2117483694
2113289646
2106986158
3634181774
3634111118
3649839758
3381408430
3482059502
3482075630
3482112494
3483345279
3483345181
3482690829
2408879133
2413083693
2673129517
2669451309
2535361565
2535361613
2500519885
2504713983
3570128549
3565766308
3569897120
3562557104
3579375073
3615095841
3606748192
3605699616
3597309185
3526029569
3526029568
3593076736
3593076784
3580428324
3567779940
3568057572
1420114164
1554459284
1151671973
1152647846
1156850310
1148199566
1177608846
36878218
36866506
36866506
36804954
36743275
1114679400
1114678328
1131429896
1093992472
3229483048
3235774760
3231588904
3247055404
3263771388
3264754359
3264750246
3267150502
3261892006
3257173414
3257177526
3224281030
3224289030
3224284934
3224284934
3492586791
3493634341
3491537189
3490481021
3573990089
3607495368
3611705048
3611699961
3720752105
3717474793
3717478635
3700710603
1576321099
1509212170
1498857498
1528225834
1528193066
1528243326
3407031806
3406970606
3410169518
3401582238
3464509070
3464697503
3464574895
2390763503
2256545263
2274371071
2240860671
2243023214
2180502894
2166736174
2167272766
3274288415
3278480653
3282673928
3286999304
1094422824
1077510440
1075494168
1075489544
1074440716
269003525
268995335
273254663
281709767
1439335623
1447728275
1448780930
1580900546
3727347906
3727249522
3727237218
3728286178
3749323766
3707376374
3703243502
3701016302
3700953833
3700953832
3432526680
3432521992
1289233672
1276655880
1295612264
1161492905
86686089
355057035
388530570
388792714
392987066
359510442
359637418
1432789482
1432789290
1424417066
1424352011
1441223435
1441678859
1441685017
1433296505
1433362425
1434287545
1566408122
1566332058
1601979466
1467761674
1462506778
1445864762
1450058030
1454252350
1387139454
1386873340
1386758584
1386766504
1462288552
1428717944
1412148536
338356792
875227704
1009445400
1013811723
1022200586
1021939018
2045280714
1501331850
1495110042
3676222442
3680412266
3687768622
3683612182
3683395091
3750503025
3717030368
3449762976
3317501093
3312192679
2234255511
3342797975
3273539014
3273549062
3277727494
3281811230
3281805102
3281309486
3247754046
3246704938
3246706027
2177158507
2202387561
2202518649
2202464312
2202492984
2202346520
3271832600
3238870328
3243130664
3251517992
2177833592
2177649368
2177683160
2177670904
2211223229
2177675965
2177741757
2177742255
2177742255
2437780919
2467143607
2467282870
2467228342
2450402006
2450401798
2451450678
2468231462
2539466030
2514300190
3566812174
3297260558
3297252366
3297252670
3431472422
3431480630
2374524182
2378734918
2412297687
2345186709
2328475029
2329523604
2589562260
2589572532
2589572516
2585378212
2652552636
2652552605
3205164447
3171872255
3156110574
3156106350
3170847790
3170454574
3165158687
3165155085
3169447429
3170498052
2641937940
2675525172
2675574324
2658803252
2667256368
2549693216
2516068704
2499357136
2633579968
2222528400
3296265120
3296396192
3292139920
3296604291
3312873666
3352528066
3352331378
3583030322
3581977650
3583028274
4153519154
4157844786
4131622199
3858861365
3860038917
3860243717
3879118085
2771901735
2755120934
3832892966
3841265382
3841269398
3837073283
3858699139
3865448833
3865448832
1717704112
1717777824
1726035360
1856050608
1855988160
1872765249
769679633
753952051
745602355
745659250
745593634
745601890
745667026
796048834
653440450
653431107
653426947
653366579
1718660129
1714464801
1713420323
1663154211
1612889138
1613929474
1613942018
1614169346
1614103842
1635534114
1643996450
1677620530
1660816642
1659767106
1659591107
1923832816
1923702752
1923700144
1919497600
1982411200
1999320512
1462449633
401151713
363401825
296563313
279781953
279782081
283976385
284104389
284101333
279907061
279780196
279734637
279734285
301753357
293355533
289161533
270365551
273637990
281829990
281821798
298582598
315560774
307114758
307115286
307182899
315373861
315373860
852236772
843857324
860628364
856453516
822924700
826595245
826316719
566335407
600020919
599962055
591573263
592683279
592487735
556903734
621980726
605198390
604227942
1677937126
1677867943
1677863841
1825714081
1821513649
1823545217
1840276353
1873863553
1857139667
1854976851
1854973715
1861266963
4000431667
3996235297
3995121187
3877680935
3878811431
3845314342
2754791206
2756857190
2765311462
2767408599
2763247047
2763251141
3857831365
3864125893
3860062533
3859997005
3860000797
3866574893
3874833455
3841264687
3832883550
3833015262
3833014943
3841265343
3841263293
3887399836
2796749188
2796704132
2796736964
2930897684
2930828852
2951802404
2893081124
2886789668
2886826532
2886815332
2823835364
2840610673
2882553201
2861646963
2861792594
2865852242
2865835602
2857381602
3926924002
3943701410
3943700898
3943766194
1800476822
1809004678
1803775110
1803791558
1803660358
1803592710
1804643334
1804643590
1804713223
1809037591
1796388901
3943872549
3910309925
3910305829
3893528613
3893546293
3960655159
3960686439
3964749799
3966846375
3983627703
3983627699
4025572787
4023474611
4006869905
4006865857
4006865665
1876159233
1743907073
1702096133
1696851205
1696855349
1696945447
1696875815
1701052775
1684865206
1693258930
1693269426
1693400466
1693399954
1688672914
1705335474
4020731539
4003659395
4020432577
3986925057
3974147617
3974147617
3965757984
3965774373
3898669861
3915632421
3933392183
3929162758
3929166854
3929101366
3929035878
3931141351
3956503733
1774416029
1774317981
1774318493
3913376413
3913377439
3980619455
3988995839
4022409965
4019198445
4004526269
4009049229
4009112717
4025889165
4025877439
3988083434
3971347002
3969180190
3973361422
3967073038
3895765766
3896289559
3896420645
1753136421
1811842341
1784578373
1780404549
1780412485
1779941415
1779757095
1779754095
1782637675
1807840507
1774408155
1766019483
1766003611
1766011547
1766003387
1774392251
1824595883
1820408249
1820801945
1837513609
1703340683
1736960651
1724233354
1724158602
1724154778
3804533114
3813978410
3778326570
3761552682
1680206123
1680272169
1684470569
1743179048
1861698824
1853046792
1853054988
1848729661
1863413805
1834041389
1832997373
1774281117
1774281629
1757505439
1824618175
1841528511
1841397407
1841397470
1874952158
1837197182
3984815966
3972232966
3972257542
3972386582
3972390710
3972382566
3917987703
3934689221
3938907076
3930579908
3926385652
3926258668
3927208812
3943978796
2840944441
2832563487
2832693534
2832562206
3906222110
3906219022
3905233998
3922077174
3934651382
3935437767
3939632069
3941664757
3939501541
3939521957
3946866101
1765860749
1765860749
1761717645
1761852823
1745075127
1749269479
3896753895
3972183654
3972182582
3973231366
3964900102
3976316167
3892435223
3892570981
1762884389
1800604452
1783695668
1783827724
1783837708
1783836684
1783697444
718303340
713056444
729833869
734060943
1774318494
1841419198
1824651198
1816263582
3963747294
3837918206
3855870958
3885165422
3885162078
3870475855
2817999565
2943644669
2943640559
2905887087
3967271215
3965112607
3965122311
3898075911
3900042037
3908430628
1760934180
1760856372
1784122372
1779875844
1779617796
1779613716
1779683424
1778508001
1791029413
1807861173
1774245263
1765865359
1799415694
1795387326
1799520238
1807883758
4022540782
4019534334
3986107294
3988155279
3988676239
3856649885
3856455325
3847545565
3830755965
3830944567
3833037063
3828413703
3828410631
3828574503
3962730789
1836189989
1859258660
1792216324
1794314500
1785934084
1785798949
709894437
718299431
717251526
734061446
734049167
1774236559
1774302143
1816246207
1816246687
1816263135
3963878271
3988978543
4018338543
4018331359
4023570143
4014065375
4013999871
4014000111
3980628335
3989020767
3897679943
1744855110
1744920646
1746018407
1746023911
1750208231
1825639143
3985709783
4019268167
4019284678
4002475974
4002459590
4002457031
4001407447
3951276407
3955396901
3909271841
3960620337
3960624433
3895688225
3895491617
3899677793
3906034899
3918790082
3955486146
3938697090
3938557906
2856368978
2856434450
2864953650
2865937186
2928852770
2947653411
2918485285
2918485300
2910096404
2905902100
3978790964
3978745892
3961977124
3827751204
1680329012
1680197940
1684920628
1684920629
1684920693
1701698421
1701697911
1701665143
1701648759
636303607
636434935
619657683
611269523
611269267
611138227
619002547
614546099
614480563
614563505
613613185
629321345
650225281
641902241
641959601
637646545
637650625
1711492753
1711373217
1712351648
1741711776
1739672736
1737704580
1737605252
1719685260
775962760
