4120702666
4154254922
3084428874
3059450490
3193606905
2656826057
3210442585
3208207721
3212324201
3178890537
3187291419
3186323743
3215716639
3217011037
3221075037
3195841788
2921114860
2938092764
2938027468
3978213325
3978204109
3846161247
3879485806
3879489902
2805797998
2809074806
2809076822
2783911126
2783854406
3030791751
3030808133
3031908932
3031717444
3052692996
3044337460
3044867108
3044858981
3053452413
3187598415
3221157327
3212826079
4286412286
4286412286
3212670438
3212654070
3078559222
3078559191
4127142295
4127155095
4127158933
4106057365
3036477109
3052730039
3052716023
3044392423
3076897831
3060044855
3055850759
3055924495
3056002847
3072780095
3072751407
3043427695
3043296751
3026650623
3035043327
3036100063
3031790943
3031725407
3031756127
3035950463
3044409215
3044530013
3044525645
3078067789
3078092381
3077895805
3077896061
3044341101
3044398573
3078084077
3078092253
3073865165
3071768029
3042399741
3044365677
3035985261
3031790911
3031921982
3047544126
3051747198
3086276478
3061175646
3061183966
3061183998
3061183983
3078084095
3044431325
3052881373
3027721676
3027074461
3043847613
3043829173
3039765943
3078033879
3078046167
3085387030
2514842902
2514838806
2514838790
2515002646
2515006743
2514998583
2514877815
2515926519
2650136055
2641743351
2635449719
2637681943
2675437846
2541609238
2549998903
2549085495
3623869813
3615182325
3615051157
3615169941
3610973589
3615175061
3610980789
3610980597
3577442679
3581530399
4108898077
4104694301
4121471517
4255881823
4256815711
4294508153
4219211641
4215086971
4215084858
2067600682
2033127467
2045055018
2045050942
1000742926
431759374
165425419
164421915
139310459
147700217
147438009
206289336
206223752
1163565452
1165527948
1198032541
3278607006
3278811870
3241075326
2200576614
2213159526
2208899938
2208825570
2208826530
2192055459
3265804464
3286771844
3274180996
1110121908
1378581668
1378610340
1378462964
1378397191
1378387974
1378400270
1378723854
1378596878
334141470
1370142846
1370156270
1404759212
1387980204
1390004156
1379454684
304729724
304700216
304621848
304687368
304757064
321526217
275384713
283773849
280563353
280563353
280501913
279469816
283700973
283701101
275296127
275300159
292263743
862623533
854308653
1927845156
1928107284
1936497668
1936702468
4029593620
4029589812
4029066036
2976295476
2707868196
2741357092
2741271269
2992971447
3010269878
2972521142
2955739798
2959868598
2968261798
2964065446
2964068582
2427205846
2427201735
3500943557
3249285316
3253672372
3245218724
3224246756
3224247797
3224059654
3223858950
3223857922
3228056322
1084758322
1101609250
1101736162
1135224995
1118530736
1122622608
1109970324
1109970324
1110019476
1126803917
53078223
36304974
40597630
48969850
48969977
48904536
40513400
36384376
36388424
53050956
53074508
23694175
23697758
23837022
23705918
36289342
40475430
317295926
313105718
1391039543
1391046709
1378459700
3526008884
4029326604
4096441100
3026881036
3035269644
3035335220
2766780964
2766973476
2758589988
2889138708
2905989652
2905928228
2939474532
2943141733
2943110501
2884127031
2850765111
2842376471
2842373399
2842635542
2842635542
2843684118
2834644214
2834630902
2828339382
3113556118
3112646790
2609326214
2592548998
2323982470
2328177030
2386901462
2387478822
2396396838
2411076646
2243234854
2242120758
2242124854
2242120726
2380531782
2406762959
2406795679
2407385503
2406325215
2372779871
2372910877
2372384029
2372378941
2313663860
2338698613
2338691573
2338626037
2334497269
2335676887
2300492254
2568924543
2606673789
3147475804
3216616284
3216554572
2942867980
2905115164
2888535580
2754254364
2754261548
2754274924
2754135660
2758561517
2775338997
2783731095
2783729047
2817348094
2800710110
2800710110
2926540254
2926406782
2926438526
2934827134
2934958206
2934888526
2919159886
2891868366
2887656590
3156096398
3156095902
3021944750
3034068902
3029868454
2509774246
2543336846
2526817734
2260493382
2260508743
2260697125
2193588260
2196014112
2523171856
2535753728
2233767936
2217146369
2217621507
2217617666
2486053458
2491292370
2512330386
3618969234
3736344242
3736344227
3468482209
3468463540
3462957252
3727210508
3727271948
3727337484
4264208396
4264208388
3962219268
3962210836
3966405140
3899361812
3899248148
3962164784
3962107488
3995656802
2926067810
2926068854
2926103798
2926303442
2943015106
2892687553
2893736128
2893740752
2893798128
2767937264
2768197360
2768049904
2767992544
2700883616
2696691363
2712145826
2728922530
2997357734
2997361846
3001563286
2464692374
2464888982
2162833558
2162829382
2163091462
2158897158
2158770182
2158243110
2158289958
2175054902
2246345751
2279899461
2255259092
2255326356
2255457428
2251266260
3459233876
3459233808
3459147792
3325966337
3342739458
3309186002
3296598706
3300854454
3298758294
3298361990
3298300550
3297305223
3298337760
1150853152
1157147680
1076398112
1076463664
1076599088
1077582128
20619008
54189824
54197504
125814033
124509265
120282193
120265809
254483473
153819185
187636513
200228385
196032049
195892801
195892865
228923009
233127569
233126577
209058705
209566643
214805427
482651043
528789410
918858722
922003490
912566306
908372003
841324595
572955667
572953603
572948499
573472803
589987875
543802865
552456113
552459184
544070384
611179088
611179056
560851489
662563361
1719528739
1719653459
1719632065
1736278209
1702598032
1815863028
1814683380
1814645349
1831689838
4016860782
4025230703
2951228527
2900891903
2896845276
2896882636
2897926724
2896808452
2900950532
2892554756
2888360484
2754138660
2775106149
2808661991
2808925430
2817312950
2934790327
2934921363
2884507859
2876127427
2842569154
2842570706
2825795250
2825786002
2834236306
3903587506
3903593634
4171771042
4172818562
4192020866
3742116482
3725078210
3726327650
3738842146
2663330850
2259571762
2259604486
2259614726
2259519527
2263648295
2251589695
2249574415
2250131470
2265852942
2244879390
2228101166
2224017774
2224915438
2494857966
2499052223
2515834509
3086261900
3077675660
3056843420
3056966296
3056900824
3057122008
3055970921
3056478504
2792238120
2796096556
2779340060
2762669836
2762645004
2695601676
2691210756
2687016468
2687024740
2687282788
2687290085
2704067555
2708261874
2708265458
2708330995
2708330867
2708470035
2741988626
2741988626
2708288626
2691511538
2691503282
2691634354
2699959474
2695764146
2712549554
2729060482
2997496194
3001690498
2456295746
2453154086
2453416998
2453421102
2439853102
2426811454
2158375950
2158371854
2225409334
2226404854
2243169174
2264156551
2256292247
2255346071
2255198615
2255141271
2255138261
2255138261
2263526868
2263465428
2255002044
2255002044
2519308700
2519374220
2519382156
2519379084
3056247996
3056248044
3073047660
2758527277
2699790909
2699733516
2699799068
2691275292
2687031820
2687036940
2754209324
2754147876
2758299172
2699841379
2699840499
2699876851
2766985715
2767051251
2901147091
2901046739
2892653011
2909417938
2842308754
2909474962
2892698802
2892568754
2901096626
3169462450
3182045330
3114936450
2612668802
2612603330
2600218370
2390500658
2398889254
2394759206
2394828850
2394820658
2392703010
2375864418
2359067873
2362739888
2354350480
2352253824
2352319120
2267437761
2251173443
2251170306
2255368962
2259104034
2258903142
2259951855
2192866457
2197088648
3260328856
3256130488
3258420104
3258354056
3258364040
1110220872
1114406968
1122668588
1131077668
1076503600
1076766992
3017232
3017248
7212576
82710032
78517761
95358531
95227330
95242690
99211730
90806738
90806738
90814930
90810866
124366290
57257426
53065106
53187762
53189810
36412594
53184691
321624243
321501619
287943603
288074401
829008481
828942881
870885665
854108193
845737009
841612305
841743361
841669681
640343073
640338977
795462001
761907701
761907575
627956087
627964278
627965302
627965302
761654774
762703286
1828057014
1828061078
1828708246
1828675222
1828675223
1828665013
2096968373
2088575653
4235993845
4240191204
4240190308
3032238116
3031746580
3033835520
3025447680
3038096896
3071718912
3008791040
2994110992
2994569824
2725045856
2725049952
2725037921
2725004645
2725010789
2725018981
2733399415
2733398519
3001899507
3001637362
3001645298
3001777394
3001777298
3010133138
3010133122
2976573570
2976573570
2977626306
3044731074
2507829186
2507826754
2507891282
2491118130
3026989858
3052149794
3047970850
3047442466
3082082354
2549442562
2520147974
2518035782
2518033222
2534806358
2549486438
2511606118
2511341030
2511343079
2511367621
2549149124
2205195732
2203098292
2198928532
2165515396
3239452820
3239452860
3239453100
3238409132
1095636732
1129073228
1398602316
1381804748
1383901916
1383967644
1379843468
1396609412
1363050884
1346290052
1345212836
1349336484
1357654437
1894525351
1894525862
1911504886
829298374
829362886
292303554
292304498
300707682
334298402
317519922
309188626
309049346
308975875
308975874
308976386
308984642
300858178
284096770
275695618
275695635
812402721
808200225
807675936
539240484
539827492
544153124
553388580
547097108
546064965
550292293
550099797
541702431
541702463
558475647
558479871
592428527
592288943
592288957
592288925
588225695
554678431
554088638
537311406
1623370158
1619175846
1686286326
3850610261
4118914660
4118849060
3175198244
3170999860
3171011072
3154311680
3155356160
3168201267
3170295330
3183267430
3216558054
3203976694
3201887702
3201953110
3195661605
3194507044
3194554148
3060470612
3060408644
2657747285
2657747062
2657815782
2548717814
2498427090
2498426946
2499455042
2497374659
2489247299
2485088834
2501706326
3608613606
3528798694
3537124518
4069791910
4068743334
4068481166
4085340303
1371786381
1342357645
1342337228
1410490700
1412522789
342976037
368066081
364120609
397675057
383519489
106899712
102639936
106835392
106833280
115155632
106721953
90174131
5686915
16174983
15042951
15006135
6613413
7105444
15477412
284036788
284053140
283993828
300738276
300738276
292331108
812420964
812420964
1886228084
1886231156
1882044980
1882044980
1882037796
4029519396
4033843764
4050620980
4050489877
3513636407
3555589414
3555719202
3551459362
3551459362
3555629074
4084107458
4080966850
4063666119
4063665925
1920900357
1928301620
1651293220
1651287076
1647108133
1646972983
573227046
573228070
573195366
590038390
594232790
594236886
1676367319
1642690455
1626044055
1626044053
1622111921
1957524113
1957638867
4106168006
4106038854
4109122166
4100745510
2439866407
2548959233
3622718465
3618586944
3619451716
3589809124
3590005428
3573158551
3699249046
1551829478
1567885798
1533282670
1542920206
467020814
466903326
970236203
675586361
675578137
675579193
725921129
709143017
705018365
705140941
705084429
705081357
1778823213
1778839591
1778778215
1851130087
1861616127
1845429151
1828655007
1828665998
4244581006
4238289550
4103551694
4105648846
3568643790
3585349262
2511602622
2545168814
2528387502
2528915886
2260472254
2264663550
2255228190
2272005390
2372806926
2355718942
2355752478
2355805726
2632621583
2632619532
3718877724
3752374316
3739791404
3728244988
4130899196
4130904252
4131031212
3074070956
2772101804
2759776956
2696792732
2696730316
2696737484
2700993244
2692571892
2692506340
2691457700
2691453607
2691452326
2699872438
2700068950
2749814806
2733041670
2724652038
2720456710
2787565574
2787524630
2804302102
2753971542
2758761958
2768005542
3835447718
3835447686
3851181446
3888919942
4133368710
4133364614
3057526166
3061656806
2532059366
2528917606
2545683518
2545820686
2545295374
2260066382
2259988606
2259988718
2264171759
2251588845
2250540141
2250408060
2502090828
2485314828
3563253516
3563576860
3563572796
3559378492
3560953405
3615355421
3747406621
3747143965
3747144989
3709529404
3696942460
4233792892
3170536796
3036254028
3027803660
3027869196
3023740444
3023746596
3157914148
3157844580
2893570660
2893824740
2893808357
2901149157
2901150947
3165407331
3165550675
3186518211
3221122498
3061735874
3061834674
3070215090
3068117430
3070088630
3070032038
3061610662
3057408238
3057600734
3057524174
3074303310
3040747854
3044880766
3044807790
3052149870
2515273774
2511079438
2512197646
2277391374
2276877342
2260131934
2260000990
2260513022
2264694959
2256306349
2385477820
2402201756
2368643276
2356077900
2356084252
2620299804
2620299804
2620307988
2620041748
2625351188
2650320660
2681777428
2656609620
2652631492
3726295492
3745120752
3715760608
3572040160
3573036000
3564644192
1417227088
1350249296
1350183377
1106983363
50272451
50158722
41894274
41927107
41599811
41849649
58692385
58517281
55895841
51707683
50382626
121738082
113423330
130196882
532849794
532851842
490899587
491161795
1012238385
1027450913
1027450912
926786592
641572896
1715449889
1715126305
1715192097
662424929
662555617
662686421
662698693
662690517
662523893
654136789
1719496919
1736274134
1735225590
1701671142
1684891622
1693285102
1689242334
1689242319
1689246285
1739979277
1851059469
1846829143
3994312951
3994448102
4011218086
3975565222
3971926711
3971992257
3970947776
3970735824
2901208656
3157059152
3174917713
3158212211
3157134882
3161393698
3169585955
3166178593
3166186752
3166266624
3166365456
3170555408
3177891392
3207251648
3207253632
2938883729
2804468386
2775374498
2775378850
2808932754
2809982354
2793235894
2791273398
2789159574
2789028598
2787915638
2787917094
2792098854
3068922934
3064402974
3064344590
3064344590
3618005006
3568755725
3568756748
3573004572
3560213289
3558132591
2485112798
2636043598
2640265550
2673606686
2640065582
2639799342
2631476526
2358918702
2308572718
2342061630
2344105478
2327324174
2331572063
2331547117
2305334764
2557189540
2565520308
2632628868
3160971908
3160967876
3156773460
3022626404
2772086368
2805638752
2805640800
2720649184
2725038563
2725038307
2725042419
2725173331
2725182803
2725145938
2741921650
2741925618
2708411122
2708230802
2775340946
2758761874
2783869074
2783901906
2817390786
2817317058
2810014914
2805867714
3074302402
3074303618
3040747174
3028159138
3036482466
3031174370
2510558438
2511609942
2545213510
2545262599
2545722397
2549914940
2524743980
2536278317
2670627127
2671700742
2671652614
2637833998
2635732782
2623145774
2627339558
2629502310
2646148566
2377655758
2410160526
2393428367
2397603260
2405993900
2640878060
2624306172
2624236108
3161106956
3022563868
3022559804
3022624316
3039474212
2771051044
2754273824
2754368353
2758558178
2901148898
2901216498
2901301458
2909698242
3219843138
3068848194
3068849346
2792025218
2809785473
2771976113
2755260065
2755259045
2776297141
2809853573
2793099971
2791850610
2792096290
2787914278
2720802406
2737581414
2775320686
2817263726
3064924382
3064871118
2529045710
2529043662
2258511054
2258494671
2258425055
2262601199
2254212590
2237566334
2220283150
2230740238
2230725918
2221686574
2355894830
2355956286
2355825214
2364213790
2364029706
2381905674
2415432970
2398655835
2397606269
2397605996
2397672684
2389359844
2389421040
3463154384
3324742352
3324676848
3324680928
3324702176
3542805968
1395289536
1399475648
1131022784
1139476882
1130962098
57218210
57159842
23666850
23732610
6968194
7029378
15587010
15586899
11384371
1085072945
1089269521
1173220103
1164826903
1164761383
1434233127
1442621734
1472048438
1455259655
1453162575
1989771389
1985511525
1981396069
1981723685
1981725749
639564853
639556661
639616039
773674039
773678133
773809461
778007861
780128101
805161831
771738455
770296135
753524039
745141463
745104630
611017186
610873762
610866082
619254451
619262615
619524757
884945621
884942556
882718301
882650701
1956392473
1418488347
1418517275
1439484187
1473022027
1464634570
1464640734
3612123614
3613299678
3588133534
3567170294
3567166182
3567248359
3567055333
3588026612
3575439476
3575403628
3609152749
4146022893
4145961982
4150197214
4154444430
4154252942
4154259342
4158436238
3084693982
3084825086
3218518894
3218514478
3185566246
3179082278
3179082279
3178820133
3178779172
3178779156
3177718284
3207079708
3207077228
3173648492
3177842925
3186510078
3182352606
3182422222
3187518670
3212686798
3212432334
3212559070
3220882158
3154047719
3120326631
3120326631
3111927159
2574978343
2583301159
2582256679
2582452503
2582391047
2582128899
2582125827
2314865955
2348420195
2348434531
2348500307
2348307905
2348312513
2339923905
2306593265
2306524581
2306526373
2373634213
2373503367
2373511559
2373511559
2373712887
2373639654
2373637606
2382088167
2381895671
2382161735
2380850759
2373572375
2306528551
2314900775
2381942055
2356993815
2356997895
2352541191
2352699159
2369443109
2373636133
2650456100
2650292244
2381865988
2381898756
2373505044
2373633365
2354758999
2354761047
2623130486
2618923894
2618927446
2602084806
2587487687
2591741382
2600125382
2600125078
2595963558
2600220326
2616993510
2575050598
2574783846
2581271911
2581411127
2581343495
2312908615
2312645955
2314800627
2314865891
2348420323
2348436723
2348535235
2346250179
2346248003
2348324721
2340061473
2340061280
2340061280
2407040080
2671291456
2604181568
2604251216
3678050400
3743062112
3709533505
3713975619
3713975618
3714040658
3713880946
3715707762
3648730098
2558203890
2558074850
2566406114
2562207586
2560110418
2627237702
2627270471
2627254101
2644096980
2677784260
2667101892
3195579092
3191376628
3191508836
3191506276
3191521319
3189334054
3189334054
3189452838
3191484530
3178894546
3170504146
3099200450
2562394818
2562276034
2562206418
2566401746
2566602450
2298089170
2293960402
2293767891
2310549235
2314743507
2339907539
2340029795
2340046115
2348438819
2348514579
2348347139
2348347139
2348343093
2339997029
2340061413
2407170276
2407105700
2407052420
2369301632
2369301696
3711601904
3711618288
3711622608
3577404737
3615421699
3623876355
3615348483
3713922819
2635982098
2640313618
2625559842
2633748258
2646204194
2646212098
2650404418
2684081090
2683945442
2683884003
2683884001
2675466644
2675467140
2675533700
2541407648
2541407392
2541438116
2541245620
2537120901
2503665093
2503628549
3577351703
3581483558
3581422118
2549623334
2544381542
2510886854
2645230470
2628391814
2361004438
2360951206
2365066662
2382113254
2372676870
2401772814
2401898814
2414481454
2410336302
2276241439
2242686285
2410199500
2407041468
2534967724
2518322588
2518582668
2520688588
2654922700
2671669244
2671718372
3711843301
4252381095
4241624998
4239590846
4105241022
4126163391
4117819645
4145062092
4111507784
4094730504
1946265353
1947385370
1947401786
1951594042
4109530666
4109506346
4109698842
4104062218
4103998729
3571346552
3724405992
3715951816
3716013192
3649029512
3682584473
3679844266
3658801898
3658867322
3665228554
3673587998
3669917998
3669995567
2612830253
2612830236
2614666252
2585310236
2587610340
2604288228
2570734503
2570717910
2583301846
2578978550
2578985590
2646090262
2646156050
2679861538
2646098209
2650292596
2641897412
2352491460
2352495508
2352634276
2369407141
2373601447
2407419014
2407494086
2415812998
2415809414
2277397474
2277209058
2243457443
2247651748
2231132580
2230119892
2355947860
2356124016
2620299552
2620307745
2636619010
2670180098
2653336070
2658566662
2659107378
2667495970
2665071394
2681753957
2650284524
2633510316
2625120412
2625181884
2621049005
2638092462
2654345358
2255687886
2264084686
2258764238
2258764286
3332403631
2275468197
2225120164
2229306276
2222032804
2216791972
2216791028
2216733460
2351147776
2367859203
2636311042
2669866498
2653050626
2665611570
2661679394
2662223906
2678964259
2645344289
2646389076
2633805636
2625415684
2621148004
2621364580
2638141541
2671135830
2654404678
2654417222
3740668358
3468563302
3466474342
3466531175
3482867044
3453541732
3428362580
3426265412
3694836036
3694827972
3694824901
2638185974
2671608150
2654966534
2659107330
2667237922
2667242018
2683920930
3187200803
3170423652
3170395124
3170398172
3162041308
3158034868
3157969316
2621360565
2671659398
2658631046
2658480518
2666926470
2533228710
2529038566
2528977383
2545705380
2512151460
2498521052
2624351180
2624379772
2620315940
2636568869
2670099206
2653388550
2657563142
2665874182
2393768230
2393509926
2410156070
2376613989
2381861364
2365089164
2356734916
2356739028
2352662884
2352929124
2369706295
2402745606
2383929606
2396508422
2392769398
2392768870
2409288162
2375610851
2363019748
2354640356
2356734420
2352540116
2352675296
2352667040
2621364705
2638138818
2654458306
2658587586
2667495874
2667500002
2667205090
2667139554
2682835937
2649252772
2632740820
2624351172
2624572356
2621360612
2619791717
2670156566
2653257478
2653254406
2665939718
2393772326
2393518118
2410246182
2377674853
2360898020
2365089156
2356702084
2355645332
2352630180
2369407397
2369673462
2403228998
2403295558
2406314310
2410312530
2410345314
2410337250
2410205155
2414407523
2406017635
2401828435
2368403281
2380981601
2380981600
2380907872
2380844368
2372467521
2368272961
2368372291
2372563730
2406113570
2414497827
2380791925
2364014916
3438815556
3429378372
1143478640
1143609824
1076762784
1076759680
1094075520
1127665792
1110872448
1382453632
1390843792
1390642896
4074865168
4066677296
4083458592
3777275424
2707729952
2707741216
2741983971
2725186210
2725186466
2725185970
3798931634
3798808722
1659644050
1659644050
1659644038
1659709638
585967814
581793798
850249734
854427654
846047246
304982030
326088718
334141470
296417342
296413422
314240428
314240428
316264348
305712860
304664444
304696120
304703768
304687368
304756808
321534153
275384713
283773833
284887705
280694456
280567480
279461608
283651816
283667053
275295101
275364701
275487519
334215743
317242159
317233197
308840509
304715805
841725980
841725980
841660444
841656340
1915402260
1634372372
1625983572
1617545876
1617517204
1617509012
1617509045
1617509030
1617443494
1626093990
1626093734
1621899430
1638676630
564930758
833366214
816588871
283768900
15325508
15440663
1089182518
1089059366
1089075750
1089003042
1089003314
3232366386
3232365862
3249269862
3282758823
3266030772
3270090132
3257437588
3257503124
3257632156
3526010060
1395371085
1395305503
1399503895
1399502869
1399453749
1395210613
1395342197
1395272439
1395276503
325717719
334169814
329783286
329790966
333985238
334030150
308849990
308854038
317230390
313101622
317297719
854176821
1915331636
1915397172
1881842708
1881849092
4029320964
4029320988
4029255484
3761041196
3761203756
3777374828
3815115500
3824618173
3791587999
3791456927
3774613134
1627141006
1627070862
1625960854
1621823654
547894438
816327910
833121302
850184198
854362126
309176334
304982030
309049374
329963550
296417390
329968815
314237356
1387979692
1381614236
1379435228
1378452028
1378401820
1395174172
1345039108
1349434116
1357814020
1349421316
1345211844
1346316180
287184820
828249781
836640423
872357542
867973030
872162726
854077846
854119878
854111558
317235470
317235230
308838454
304713750
304853015
858502161
1881848848
1881843968
1886304768
4042164736
4042164736
4042230272
4059934400
3017582320
3000886181
3000889766
3002913190
2734473382
2726053030
2737593510
2737650854
2704152982
3765320070
3773704583
3769445253
4038012805
4042079925
4042014375
2431397606
2431397410
3505206834
3517529618
3517464322
3282578754
1135095282
1118350497
3266030768
3261695108
3257434500
3525870036
3525935364
3525944324
1378462724
1915336724
1915467831
1915467830
1919596582
4067080230
4067084534
4067052678
4063970434
4063850882
4079575506
4046135762
4033554418
4041940722
4037610082
4037614114
3517463138
3551013490
3534303042
3538564418
3530162627
1382613217
1361605793
1349020832
1885990272
1886055296
1894485632
1885904560
1885908704
1617473248
1617534832
1634312048
3777601329
3777601313
3777601313
3781926691
3781861155
3765165859
3765174051
3765042995
3765042995
3765034291
3765042227
2691423267
2699745331
2699745555
2699747091
2699787827
3765124627
3777706515
3811260947
3795393331
1652033827
1660422179
1656293411
1656428595
582694931
582690819
582494211
648558595
652740871
627964279
627964279
627964279
627964279
762165623
1030600055
1030599157
493728245
493728253
493728187
476951483
1550432187
1558821818
1554627514
1554627514
1487534522
1487567002
1487550602
1543122059
1518141641
1518215481
1514025768
440349224
439628344
454308376
419753497
939831099
944025406
700956446
717659918
717403406
709014590
704754734
704680038
704680165
705007796
705097909
705048750
990262446
2097548206
2086537902
1957104318
1420233358
3567651534
3567722062
3299091022
3315884638
2258952686
2258936046
2263123183
2254736623
2251279471
2385430559
2402184463
2372545806
2355702558
2355833374
2355764766
2364153358
2364151326
2359824958
2359882287
2380837881
2415428024
2415429048
2372438200
2506721720
2502662584
3039476376
3039472264
3039472328
2972366344
2703929864
2703925868
2687296236
2687296236
2687255205
2691450278
2691483814
2699938038
2817447958
2800678918
2800150534
2791761926
2787568902
2787571222
2938552854
2904998406
2888221206
2893341414
2893309606
2893305766
2910586294
2952725654
2935887006
2801679518
2800629918
3069061278
3069126910
3064866942
2544764958
2511739918
2511741966
2511757326
2276765710
2259988590
2259981551
2254734573
2250540269
2250736877
2267205852
2502090956
3563218252
3563202380
3563523709
3697740415
3694598714
3699325498
3447536154
3755503130
3734562058
3734544410
2662899737
2667098232
2684060156
3177877228
3161103084
3156785900
3156777524
3158023732
3157955124
2889540132
2889474660
2755412580
2758559713
2892762339
2901166323
2901362931
2762897491
3048106051
3085887939
3086937538
3061835730
3061827570
3086993330
2818557938
2751266786
2742878178
2742353890
2721339378
2722039702
2721976710
2994614406
3003069622
3002875046
3002861798
2465990718
2473932814
2432051214
2427856910
2176199694
2243327246
2276782350
2260005086
2264171694
2256307375
2251129005
2251194556
2402214028
2351882444
2356045260
2356035164
2351831612
3425647167
3425647162
3425315386
2365139482
3451416330
3466126682
3466125786
3466129883
3472409016
3472474536
3479950764
1164667300
1160460784
1093278704
1093278320
1094322800
1128210000
37709632
36103104
36082625
57574339
57575251
23695153
23640353
23898913
24963873
20212513
51695139
50365987
306354019
381859251
377662851
377662595
398638211
893553793
806587537
808815793
540387489
539356135
539355687
602270247
581228847
581224495
585430029
572841997
572973069
574025773
574538861
594464253
569363925
552289607
543905111
543781206
543777142
543811438
610922222
619694830
1689242335
1689242189
1707072013
1727326733
1712647453
1712644127
3860324414
3860221998
3881189478
3841347046
2768194453
2762951300
2762955476
2762857076
2763905556
2763849232
2768037424
2758600224
2708268576
2808925984
2808991073
2817314291
2943179987
2943243714
2909689282
2909697922
2892981922
2892791458
2892782242
2892782226
2892790674
2758670722
2775574914
2810046850
2793203074
2791170962
2791142070
2786931382
2788963062
2787917670
2989242406
2992900134
3001354294
2527467550
2527467534
2527476750
2259035150
2260100110
2394350607
2410988607
2373239855
2356200558
2356335710
2356344270
2364694494
2364803822
2356427502
2356427518
2357009022
2357140094
2373532190
2415406862
2398643982
2398680863
2390275439
2407044589
2356780524
2633670132
2633677444
2499525316
3026750148
3022555732
3022555700
3023814180
2973410852
2738529828
2722098976
2725039395
2733427811
2733427827
2733497431
2733571159
2725178711
2725178194
2741926898
2704169714
2704104082
2687269778
2691529618
2691595154
2700016530
2700017538
2716857986
2741859010
2720883394
2720998082
2720868306
2989238754
3010201826
3018066150
3047426150
3047569494
2510694406
2510693382
2243306502
2276795398
2411476246
2398897974
2389462822
2389462326
2389605686
2389339414
2389273878
2406029686
2372475222
2355825118
2355760094
2355765151
2238277519
2280187791
2280175001
2254996920
2254998952
2238220776
2490079608
2490018312
3026889228
3026823692
3022567964
3022556732
3022755372
3022692900
3022710304
2687366688
2691484961
2699840547
2766981234
2767181907
2758727747
2808806723
2792026051
2724916930
2724912818
2724847282
2724780722
2724788914
2724789170
2724784562
2724784550
2741562790
2741597686
2741728030
2737775118
2737645070
2704027422
2737584174
2741766190
3081570414
3064858846
2527995982
2529045582
2260608078
2258510927
2258429007
2258410991
2262601071
2254275966
2237039902
2222388494
2230740238
2221225262
2221154094
2221673262
2221738554
2221541914
2221611594
2365090378
2381901770
2415441739
2281214299
2271776825
2254999596
2263594084
2255203680
2255203152
2251000400
2250935024
3526003424
3526032352
3542806000
3542805952
1395289536
1399459264
1407912321
1407785106
1139350690
57152674
57155746
23797938
23736706
6952578
15277698
15547074
11369074
11332131
28109363
32353027
32423171
24019203
24084499
292392995
325887011
321760305
841914369
841910288
841910320
909088816
640527392
641592353
641592353
658364451
662554915
762136855
762272087
795695447
796752887
779975655
805141479
805166071
770689351
770431303
753530951
745142359
745139318
745139558
745133542
753488374
753488342
753611166
746140062
1014571446
1014572966
1022963366
1958288037
1958550196
1421679248
1555905152
1421160128
3304384192
3321161409
3327504963
3327496818
3335885666
3604320546
3600134434
3600068898
3600068642
3604324471
4132806743
4262957303
4128736511
4128752879
4127706607
4144486910
4148689374
4148689358
3210080222
3176525822
3185047550
3182875614
3182875470
3182940766
3182817910
3170685478
3170694695
3162306087
3162297895
3162293813
3161251333
3161222663
3160960887
3177795047
3177860327
3219868839
3219868855
3203361927
3203263877
3204246917
3195919861
3195948517
3212729703
3211097463
3211093335
3219467591
3185847575
2649558327
2583563559
2582580263
2582453543
2582396179
2649565443
2582392067
2313751827
2314865955
2314865763
2348371299
2348371283
2348314435
2415423427
2373480387
2373635491
2373635491
2373635491
2373701043
2373582721
2407066497
2373512067
2373704115
2373635555
2372656615
2406276583
2406281031
2372724551
2372790023
2381240119
2381235495
2381286695
2355924263
2355948295
2355948295
2351819527
2373898039
2675623207
2608514343
2608841015
2617038087
2617044741
2616782671
2574896495
2574962159
2574962159
2575025647
2574900703
2574905295
2574839759
2574843357
2575027687
2608516583
2608514543
2608756191
2608820175
2608607175
2575056727
2575109479
2575175015
2581536039
2580819223
2312384263
2312908611
2312912195
2314931427
2314865891
2348420323
2348764627
2346680259
2413621187
2415718339
2415709667
2415578595
2407173345
2407370209
2407316929
2407329733
2407329733
2373713781
2373639461
2373639461
2373569829
2407319815
2407329543
2407132935
2407200579
2407158115
2407154147
2373599715
2356741587
2356686147
2356686147
2356882689
2356813105
2298105123
2365279523
2381893395
2415455747
2398678595
2398680643
2323367922
2323301858
2323236322
2340013539
2373576643
2356735939
2356735427
2289753425
2289749089
2289747171
2314851811
2348672467
2323507139
2323146691
2323187699
2323254755
2323320291
2348292579
2348558835
2348560323
2348560323
2340226883
2340308323
2348696867
2331989283
2348641539
2348576515
2348313347
2348305189
2306459943
2306592103
2306461159
2306399735
2306404237
2314792845
2348416901
2348469669
2407188901
2405419493
2405222897
2401107777
2405281537
2405345025
2407441713
2415572257
2675870753
2642382097
2642382593
2625219331
2621025091
2621095779
2553994599
2553826406
2570585318
2574845431
2608538055
2608538567
2616931286
2583299046
2579040230
2578974694
2310553415
2314742599
2314758919
2313911567
2305482077
2305481837
2338967021
2407060893
2407065485
2338875021
2338936735
2340046246
2340045990
2340373734
2407355766
2407359750
2305582855
2305582853
2314140981
2314132769
2313668961
2338638705
2318715843
2318720963
2321458625
2346100192
2346099936
2346026464
2306117072
2335493952
2335563329
2335342147
2339516258
2305959394
3371308258
3369206946
3369272498
3369143425
3360696448
1209018752
1209023360
1209080512
1209166528
137522880
