968896831
415502637
411305005
411841565
159982604
197731400
172565576
168502344
168432712
168432920
190453016
148506376
150603273
150618697
217793099
209208154
209241082
226350074
251655162
184546810
178251259
244901353
249099752
231261672
206369256
206365688
203219928
202724312
219566553
253161977
256303611
239510971
373663163
373601691
373589403
374637979
376800667
376944027
909555130
926394298
926263274
2000135146
2002236154
2002227962
1985466986
2001166890
1464018474
3745654570
3745656618
3720557866
3686872106
3682938938
3666157642
3666686154
1250693272
1250480296
1250472104
1247314072
1245421704
1245421720
440115368
454796456
521924072
488270680
471480840
473577992
1014635017
350883339
346752779
346816778
497811738
535576874
518832426
1056735722
922456506
916033946
931697082
831104427
818523561
810068392
805874072
806153352
286258312
306114968
305033624
325476824
300364568
283448125
279184174
279249210
279384346
283518234
275146010
305063690
372166410
376407818
510429018
1055688634
1055700906
804037290
627881658
1696962234
1680326330
1814478570
1831268090
1831267962
1836479338
3983942442
3925287739
4193329977
4187034408
4185920296
2021663528
2021663020
1489252636
1489314876
1481057404
1481075804
1481570524
1481554124
1489942725
1489943749
1489679557
1481343175
1498120263
1511686229
1580908661
1581122901
1512971893
1517165159
1522219622
1519927022
1585980142
1585984154
1590178202
1581785274
1577803962
1577808026
509104282
509101273
519652568
492446792
203301960
203302152
202249737
205915673
349569563
349442587
351539723
494141979
510071579
511075099
242578715
250893627
115627323
82107707
82107707
82105722
74240378
74240378
74305914
74420602
216970074
250540618
242153034
175038078
174971614
184334814
182234602
199009706
199075226
1256108424
1247711624
1247720344
3391088056
3394102700
3402392044
3465094124
3465159676
3465171871
3330949534
3331932590
3348944294
3254570406
3225221362
3225398658
1077847426
1075224963
1359389121
1359389121
319193540
319204804
855947620
1933871397
1942260517
2000980791
2002697799
2002691911
4283869175
4284340199
4249868262
4249802454
4182668999
4166914647
4168888871
4168622630
4168622646
4168691990
1484264502
1492663350
1492659222
1488530438
1237007382
1252596790
1252727815
1253768197
1253754949
1257999829
1243131621
151629541
134869749
135066293
1477214893
2035057068
2076999852
1804378284
1791534316
1783147484
1795730012
1795729980
1763228213
1765516822
1765433894
1765421350
1765408806
1769603118
1777992830
1771973710
1771972622
698230798
965487902
964963610
948184331
948199689
948228376
952402232
944099384
956555384
990109816
990044280
973271128
973263193
977486203
994067322
1002461178
1002536666
1002519194
1002519194
461716106
462249866
462013834
461996489
1503232088
1509523512
1501143336
1494853224
1499178616
1507503816
2044432091
2078246890
2069529834
2132451498
2114642090
2114638223
2114609565
1041048500
1041048500
1040852900
1040909728
1037896868
1019087893
1018563591
1017523206
1017407750
954526502
955554599
680892727
700692765
734112797
725724173
721655005
721458415
721482990
721542638
725868270
734256878
964951798
964949750
2038691766
2105659798
1572880791
1572881815
1598512566
3678858166
3678857974
3670436470
1523022342
1518746374
1519270158
1268648991
1536820284
1507528764
1482424364
1478246700
1477755500
1476899564
2030412460
2030085812
2067834260
2067830164
2067897781
2067971509
2067971477
2063776149
3942824437
3926104575
3926120575
3926293631
3930457214
3947233342
3922133054
3906277422
3897569582
2018517819
2025924155
2025864763
2021666329
947924553
952116937
943728331
943792075
943857115
943873211
960650399
994172047
977335439
1044443277
1044631705
1044836521
910549161
910451881
642069931
658847147
628570027
543585979
551933659
837076569
836797981
870356765
853579580
845395772
912504116
920763668
652262708
643935269
644000805
644000887
908244055
1981989975
1982054518
1982058598
1982034982
1986156326
2137148966
2145603126
4288765494
4288806422
4255251974
4255383046
3722968582
3724004950
3723812582
3721723878
3721691126
3746921814
3679812887
3663027254
3665239094
3665173782
3665181958
3682016518
3690026294
3654384950
3637607735
3637730583
3650342663
3653361431
3653299509
3644910901
3644976439
3645103399
3628319783
3628320039
3636630839
3653483847
4223708503
4215336309
2067851381
2068015228
2030196861
2013726829
2017855853
2017594684
2017595164
952311325
943799869
943734309
675294757
675294773
683683455
700463711
700455519
700456655
700464839
700481495
969015295
969015293
968998877
964739036
1002487292
994164220
994295260
973323740
973323740
2051258876
2051259388
2059911148
2059845628
4207329244
4207853468
4207853469
4224685997
4216256431
4182692263
3108684198
3091907062
3159049334
3158924374
3160242262
3160274998
3160406390
4250663798
4267376582
4274705863
4274766277
4274635253
4141412580
4149862628
4116276324
4097465461
4097723445
4097787959
4152319287
4135542022
4143970054
4143969046
2130563622
2128377702
2144894806
2086219023
2081102095
2081102142
2086353198
945498926
953888302
949683775
966328863
999830029
445130253
440936012
437833036
437881309
444369407
510495231
359565775
342809423
351205967
284064335
276773469
811346541
806103661
806103405
541861997
550250605
546048125
562825295
562825295
567101767
567105879
567138647
567146871
567146871
558758263
625998327
625977847
760196599
760069630
793624062
726513150
726513150
709866942
709864894
978300858
978300826
990883739
990817691
990307771
990275003
994473402
1002927514
998473178
998406650
461453626
461388058
448796939
440882441
440889624
437154072
437219608
437863736
420039992
407619928
944437709
944434637
944500189
944301549
944563695
952940527
969717742
1003274214
994885094
424459638
407756150
416210258
411990354
411969875
411515249
411507040
415702880
407314384
419895232
453408384
436663936
441431680
441229201
441237409
441231265
1523365793
1523562375
1523496839
1531944631
3645750951
3704602279
3704536822
3704018646
3721844470
3721909238
2639679958
2505490502
2513880150
2513749094
2513749095
2513761399
2505499981
2539059021
2513942109
2513682045
2515778173
3044121213
3044055677
3044326973
3073685053
2788528671
2788659727
2788594191
2788594287
2788546151
2809452134
2809448038
2771875414
2771805895
2754967542
2759083366
2767474022
2766425206
2766502934
2779147286
2779180054
2779698198
2814297351
2818503941
2810181396
2804743988
3073170724
3207355684
3175042356
3078496084
3086892868
3061723077
3061788117
3069983909
3069975717
2528644279
2527743110
2527745158
2544558214
2515267830
2489897446
2489971574
2490082902
2490084950
3043601958
3044589094
3078405671
3076306485
2774508037
2753470981
2755056133
2755118620
2753941116
2753845868
3039042284
3060014060
3061062076
3061062844
3069445308
2998206636
2461995181
2461937813
2478711943
2444108935
2158916743
2162939362
2162734434
2431168802
2422780210
2423042818
2490213890
2490220050
3022887458
3022887458
3022948918
3158215238
2906578631
2939483863
2939451365
2944152037
2877044205
2842967533
3912579583
3893832159
3914737886
3923196158
1804934398
2057049175
2057072645
2057101312
983360528
459037696
404515841
406748211
406731826
473307074
485885570
480395906
414433922
411091587
411099824
402694560
486581728
520534368
2122225968
2129299712
1995017024
1986632384
1982439153
2116612833
2116575973
2116559399
2117739063
2129277495
2129532215
380438567
379848743
1470945319
2125387975
1592700039
1579843718
1596686726
2134610614
2084283046
2084151974
4231571174
4097369830
4096327399
4100746983
4109135335
3047965927
3082765525
3086935237
4160742485
4160613404
4160723980
4143881228
4135574556
4134525981
4135449663
4265406526
3980226666
4231922154
3160015594
3168407274
3166390890
3166456430
3187415567
2675714575
2658936589
2533299037
2531131893
2526937253
2478768293
2445157557
2159674513
2158693553
2162810033
2179530145
2447945649
2473111285
2473112165
2435625521
2439881217
2423169541
2418979341
2955924029
2955744813
2955419177
2955483433
2959808569
2984921097
4121589771
4126731467
4126721482
4118316970
3849884586
3849884074
3847786746
3847786747
4149842171
4149932283
3059409119
3059376383
3059638511
3059697070
3084863151
3084867263
3080672959
3082704527
3082778255
3086754511
3077841759
2536776510
2536780094
2468684090
2439455803
2431073337
2427394056
2158888968
2160007432
2159557896
3233289992
3233333848
3233317544
3231224488
3227030187
3225977514
3222114218
3221588906
3238501278
3339106702
1174842510
1444062350
1446420622
1458041038
1457902062
1457840622
1474782055
1474716197
1441141284
1575420452
1550065468
1550068028
1550084380
1558706452
1558690103
2095298854
2103620870
2066911558
1527808454
1526767862
2030084194
2013306914
2013507619
4161990688
4166447392
4235641120
4025926400
4277589824
4269209536
4269198787
4269133026
4264877286
4266946022
4283706814
4250277534
4258662078
4126607039
4126480029
4125369997
3572770701
3589744013
3589756357
3623343575
3623346519
3622297934
3605508366
3597137166
3614241854
3576491055
4113394989
4051651949
4051124221
1895251932
1909788572
1909790652
4057298877
4048941501
3816272317
3816264189
3778904861
3778843149
3760751151
3760756271
3760979502
3760913966
3844762158
3077253486
3068660990
3198684350
3198895263
3204338831
3070124239
3082740175
3048727263
2494947967
2499077999
2491213167
2508021101
2537507037
2520676572
2523823308
2533326220
2533316509
2533348031
2549994175
2516447982
2491208430
2490168110
2490165038
2490232638
3027205919
3027074847
3043786559
4284759909
3731162997
3732342229
3744667077
3708891332
3692045524
3691062512
3696377168
3704782672
3702709968
3753103040
3736129216
3734300352
3465926224
3470055393
3732731875
3728532967
3744462199
3715038278
3756432390
3735456774
3736372262
3597968422
3592725542
3592729718
3609638086
3559843206
1412355974
1416513175
1416577687
1416577750
1424843550
3563873566
3575917631
3575916591
3559139391
3563878447
3702450989
3702433405
3702424205
3703276175
3719004815
2683011495
2670235879
2536026215
2671304743
3174588479
4248511757
4244253468
4244249213
4122610397
4121561503
2011695263
1986528398
1915224206
1915703434
1920987578
1651892906
1660199658
1649713706
1662299914
1628502282
1613875514
1886570538
1894960170
1890766202
1888867803
1904526745
4068788125
4073168572
4064722916
4064716580
4065765152
4064126736
4063011584
4063155008
4063122115
4063101890
4067295714
4159447270
4058783846
4042076222
4041871627
1353397000
1353397768
1353268792
1420323368
3567839784
3572021561
3589052491
3614227914
3610019210
3593175962
3609891482
3748311690
3724211098
3724207594
3748292971
3727255663
3727370302
3727301646
3731554318
1585119438
1585082550
3730497958
3722174886
3705317251
3703279232
3703148176
3165240976
3169435344
3161177680
3156868641
3157061155
3022841382
3027001894
3035447910
2766684670
2758300926
3026746607
3043522812
3085596868
3069847748
4135202116
3598389556
3598258484
3598651668
3597537287
1408110646
1353589798
1357843478
1357859074
1416616390
1416608134
1416543110
1416535943
1433372293
3596976789
3597111991
3597120231
3596739174
3730891558
3747636518
2673878311
2674144291
2539992097
3622188341
3618518292
3753772804
3753447172
3720032005
3455737621
3445313333
3440954679
3741891639
3741887510
3737697366
3733488758
3750266082
3721035938
3695882658
3692749218
3694912434
3694913426
4231702145
4252675713
4286250625
4135309185
4135374307
4133801251
4142196006
4159038758
4159071518
4159075599
4150678847
4151199229
4151266813
4160703932
4160081308
4160093596
4118115724
1966417805
1882466189
1882466237
1882531757
1895241645
1907819437
1941246381
1924477325
1924489677
1927602445
1382326557
325890365
829224223
812436745
1894173465
1894161208
1894177576
1902631272
1899294681
1930732489
1901507275
1911980747
1911587562
1910547306
1910547754
4049976362
4150705194
4150703166
4133938191
3866617103
3866608975
4135047166
4151795694
4286001134
4252315646
4231477214
4235596622
3707114302
3702854446
3702796590
3703316782
3703316766
3703365710
3434656991
3434724541
3451435452
3447228812
3443034508
3476793740
1581165516
1581165316
1580134148
1982260516
1982234660
1986502692
2120650756
2103611396
2082649156
2082639300
2020789221
2027154149
1754295847
1758473766
1750083366
1817192230
1834038822
1841434150
1690438198
1690376774
633612870
893659599
893676623
935650511
935702733
869183629
869118109
1934395309
1933872807
1397000870
1380055734
3527573142
3527552734
3619827566
2509647150
2511830335
2495469900
2426976716
2426972860
2443751084
2439546524
2468905612
3005981101
2989138094
4062879982
4063137902
4079928382
3878079758
3844504334
3827657230
3831851534
4108741166
4108733998
4125362014
4158923214
4158923230
4143145471
4159861245
4088550365
4059551708
4042783708
4034247644
4033198588
4033198588
4050099149
2988889935
2988851726
2988900878
2989425470
3060535598
3068928046
3047956526
3031047214
3567911982
3567911982
3701998605
3706209356
3425223884
1277737100
1277929612
1294706892
489285852
389765340
507132940
387591436
391788300
395986492
479838756
479781477
483959525
474522359
134787798
135235318
1599049446
1606847478
1540274630
1536075911
3683559557
3650067632
3633100704
3638338208
1545384608
1544852132
4245062288
4278629105
4262635363
1985133602
4134702118
4133981206
4133800966
4130630670
4264831246
2115910202
1998457578
4095347370
4107931562
4105913754
4105818253
4104695948
4104695956
4121470052
1999152160
1982573584
1714072768
1646980224
1647242400
1647213729
1663438243
1676021650
1672814258
1671704162
1638149922
1889807362
1894001666
1885613058
1344748594
1348868130
1353063074
1353584291
1370361472
1387071104
1386533504
1382331008
1378136816
1109701924
1378133284
1361421364
1345245188
1349386261
1349386550
1357779238
1357780774
1357795118
3506358990
3521108622
3537672846
3537669774
3537671838
3537678990
4066153099
4068311739
4084134569
4050005673
4033227437
4100402092
4118092189
2004157581
2012283021
1995518111
1051795695
1050681455
1071657003
1029722169
1029747721
1025551625
1059367688
1042660104
1043183881
976074761
976796683
706321499
706385130
706401514
1796916414
1836761535
1828373183
1824441023
1824380669
1822189277
1843162813
1834758061
1696348591
1696414127
1953971375
1953894846
1962283422
884347318
817234302
280297758
279183630
283405583
6613311
2529551
6724359
15112711
31886855
65307335
40157831
36094607
40289159
317085111
318143653
318188709
854877349
861200613
594846700
578061036
645182188
657765997
621842029
621923886
622028334
621945390
756162862
760422442
768806954
764612650
1066537018
1066587145
1049884680
915453960
911259656
907130888
840079368
857115912
857637448
826196632
813318840
813388472
811283113
1356538538
1355556522
1351358890
1351354542
1132796030
1117141022
1118189574
1118184710
44442370
44434176
44433680
40780064
1110425696
1177518224
1194229888
1160679552
1143965056
1148029873
1424857777
1424865969
1424862053
1475192869
1449682981
1446519853
372781103
305795119
371859503
912920895
384451343
397132743
279544198
283672710
271155342
271176862
271276478
275651246
284048046
279915182
279782079
279716509
283911112
284963608
284951352
821886520
821865000
570206776
586463753
653638409
653564171
775730443
775721227
775717851
707314665
707445737
1781187561
1785385321
3937067052
3953716260
4238927876
4239059204
4243254020
4100606596
4100656788
4109042340
4104856229
4104979367
4104913326
4255387818
4251194538
2082740394
2083461370
1814984714
607004682
610805770
627599626
623408394
896209162
896140138
879440874
1013457642
1424585450
1420481258
1438298730
1454945850
1452838666
1452836875
1455073336
1459529768
1581180988
1581145116
1564345612
1547043532
2081817308
1012269757
1019282109
1015035567
947924647
952134055
952203415
1036077255
1036143815
969047239
994239943
995354613
995354357
978581237
978370167
978370103
978370103
978435382
978844982
978844710
979237927
1046344741
979096629
979030037
995808261
941278405
941151743
941202431
672897630
675977758
684300846
713853743
780962093
780635196
709140556
704946380
705011932
705097912
688804008
672007096
677250809
678890107
686099002
950340154
950353434
951330058
968105994
970203146
960974874
432435515
415655291
483342283
483204491
340069771
274008475
274140059
274144955
301274811
297079481
867521209
867463833
934605499
932508331
936698475
936666671
1039957551
1040086830
770629935
702996783
677835051
673558843
674538011
672440841
671391257
671455963
671586955
671521419
671521675
725784971
1791134859
1787199627
1787199689
1791460313
1778688617
1778705003
1779197547
1779182319
1779178159
1779178415
709631151
713821357
714015917
983434396
982916236
446049412
177499268
180662676
180663220
176534480
144093764
144093701
217223694
476221962
472090170
471961130
471988778
875030842
913701066
921979019
919881865
855394457
846742713
854081721
854315193
850047147
867082475
837722155
811900971
270836783
807503895
807582003
1881586963
1886828291
1886843394
1935078082
1918243478
840827542
840762102
844890966
1946107167
1907288111
1890445418
1621928186
1625599178
1618261386
1662288778
1645577098
1644659355
1646187160
1669265064
3815698152
3815697000
3815729688
3815538185
3798750731
3798745866
3807146026
3891081258
3887018026
4021171242
4256052266
4256044042
2113809675
1541353225
1532835644
1516046116
444167200
444325920
444245040
987276289
987278337
2051648512
2047514688
2064287808
2031781952
1748666432
1747634784
1747586656
1751719520
1760048739
1760047846
1760047846
1760047590
1760039158
2025590998
2023698626
411968706
143533251
147795137
139427009
147783105
147250627
138861506
189189058
173444034
176131026
176000978
184394611
184066421
181969780
180916836
181183204
139240164
135063268
135068389
135134133
139393168
139385009
147507409
164285889
173723329
175771139
174786066
174786098
183177506
178860066
179839010
446181478
181149942
139206855
135066036
135115232
135116273
135249362
139442642
139442626
139114946
155892034
181062466
181045506
176850178
176783667
176796017
449552885
440959460
1510519204
1510516132
1493745573
2013903797
2014296981
2014231445
2081357207
2097601943
2135313815
2127981975
2128047511
2126800375
2126800375
2119443959
1985224047
1985232367
1985228207
827800991
821179789
821179277
821166733
821101228
821043944
821092905
821077561
544258825
576764683
576751643
577079355
573540363
573479947
640647177
707624969
707706987
707662059
724447467
678311403
686635774
686766678
682573383
683507271
681440871
680306413
680306429
713862789
718056581
705477764
705674384
688323760
671504544
671488481
675678817
685640243
1771768322
1788553730
1792634371
1792598289
1788391457
1805169444
1770563092
1774757444
1795731164
1778954223
1779215598
1779236078
1779293414
1779305702
1780354246
777915590
780077463
779946933
788347829
1858026135
1856993942
2142240390
2091908806
2095955526
2087497222
1819061782
1828498726
1824302119
3988579365
4015808549
3994833125
4011802788
3977920676
3963246484
3975040661
3903802005
3903834775
3903183559
4172573382
4168378950
4162072342
4162137910
4179049266
3109428530
2851491123
2847919377
2881472256
2881335824
2881331760
2862391840
3930894884
3926451764
3926421029
3926465634
4195943522
2050556002
2116681842
2121138418
900600002
346960579
346960576
78526144
212859588
212646852
208451780
208517316
267237580
1319943420
1319941357
1320006894
1320006894
1588573422
3739989230
3605770478
3597381886
3526078974
1378591167
1932124607
1965777325
1969889725
2101034413
2099780013
2099784109
2016099263
2020219407
2028669453
2024347149
2024284685
2024333853
2024399421
2025366061
2027463213
2026431227
2018046682
2018046686
2018244206
4165663854
4165638254
4165896294
4165896262
4182616135
4195331397
4195264069
4195266820
4195254276
3926818852
3944662052
3894297889
3898476145
3898475223
3906867926
3906745014
3923518118
3959170214
3938192550
3938191542
2124290183
2127441029
2119066757
2114904196
1594798997
2135339957
2135331799
903189302
359981862
358933310
342111006
338106142
476449550
476973326
485361982
1560021294
1555589486
1572404686
1605932487
1589215365
1589346436
3667505392
4208500960
4207452448
3125454368
3126505008
2853866016
2870659617
2837270050
3910930018
3895987874
3895987362
3899395238
3907783846
1761351846
1754019974
1754146950
2039359686
2039360262
3649444354
3654564354
3381931522
3449579026
2376004130
2375979811
2376045329
2375844160
2377941056
2372501600
2368242720
2368255012
2368662564
2368399412
2369448196
2373638660
2415577669
2415582791
2415448662
2415415926
3480748350
3445231678
3361349678
3361350694
1213934631
1214069028
1213012532
1208752724
135011028
186638020
437950148
440042180
2055045972
2052694884
1783145060
3926434340
3930629668
3926437412
3943284284
3943388735
3943243366
4194901602
4194830690
4202236002
1525221458
1522075730
446376002
445343810
462073026
193637570
164281538
434014402
494897362
388860115
371824851
909088849
909088816
909024288
573566048
573402272
594352544
560798644
552410005
544152469
544161413
543637141
820319921
816133811
816283379
816086579
832581170
333719090
287580978
354824722
350630402
480641538
481167890
413927986
419179315
408455477
416974853
987411780
2059055556
2061013444
1783144868
3926435236
3926436836
3943475748
3910072884
3910024708
3943577127
3944612390
3950772966
3949725350
3958115494
1807485110
1804863622
1770268806
2038769798
1501636742
1233201350
1229191174
3372456246
3410074390
3414268694
3397499670
2323757590
2323880487
2324953893
2325564197
2323188004
2318010484
2318014580
2301241556
2289707204
2298112388
2293952388
2293886612
2292760228
2296946341
2355662502
2355660710
2355868582
2351666038
2351674134
2355798790
2288690950
2288691462
3363481860
3359148336
3359148064
3627649056
3644492800
4214920192
4214927616
4202345216
3931677216
2856887840
2856953376
2853171761
3926676002
3926667874
4195100258
4195880418
4202170594
4276619410
4273539218
3734648962
1587162242
1602940034
1569369219
361410435
366645123
293506243
321752114
858633250
841786402
841786403
573350945
1714355237
1714343204
1735313956
1877822196
1874689676
1876782732
4024395469
4261373647
4194133614
4177012270
3099338286
3099338278
3099340598
3103599990
4175367511
3634038341
3634037317
3634045525
3638370928
3632009824
3627811168
3357294688
3357338708
1212983364
1263380804
1246669380
1246680644
1247691333
1315308119
1315177191
1248076271
1214526703
1214663919
1214445771
1482865099
1482799817
1482735309
1499510765
4226847084
4199587948
4216561773
4215513197
4211187759
4194558774
4194460198
4194726438
4198896166
4208919334
4275585062
4277682294
4286280774
4235885766
3699010759
3573243092
3569090532
4103698084
4107826860
4116206269
4145631901
4147795614
4145733310
4149857966
4082687934
4082696158
1935211870
1935205658
1945821243
4122665020
4122669116
4126855180
4118597660
4095534124
4095732780
4095396140
1960462876
1973108231
1973102150
1608196702
3757658734
3749298982
3715745062
3698912519
3694700549
3694831876
3699022084
4261053712
4294558064
4294459632
4135518449
4134473954
4151251170
4151259618
3581883106
1434400470
1425417926
1425352390
1423189654
1423189910
1422665102
3301707215
3314436559
3348818765
3334138717
3337267805
3463032572
3731399388
2661855948
2678883036
3216806892
3184828908
3205800301
3205793061
3205924373
4262903299
3994480130
3994218034
3998469410
4006890534
4006872102
4266995718
1981161478
1981161542
1981153494
1935016366
1371342502
280759974
279779988
279784068
1354525316
1358753412
1077714564
1093646228
1378328964
1378263492
1378255191
1382519654
1920268071
1937041189
1903486757
1886834981
1949716789
1949573397
1966350356
861356085
852901941
847642645
919020557
381955087
373566479
357448990
350145050
886999770
887065290
885833354
1691127739
1741456297
1716290537
1715835609
1711710745
1711776297
1845879339
1846370863
1864267311
1870550319
1705590831
1705525263
1689006095
1961623759
1953367183
1950236046
1952329150
1952328110
1959602606
1977367998
2006733197
1989984716
1455215432
1459606040
1459548728
3598478888
3596380712
3604769576
3600701946
3600697514
3600710826
3604562074
3615080842
3577393546
3577389530
3694895422
3698893094
3707281462
3703152647
4238323733
4238131236
4250714148
4245472300
4245341484
3154831148
4166690364
4177180172
4177045004
4167626252
4167626252
4163374695
4163506150
4167699686
4167699686
4192865494
1508513990
1542334662
1525034246
451352338
452014903
449852199
448799013
440410413
457188652
419458344
457210728
457276264
440892252
440826188
449740045
449565983
449434111
466268574
424325518
424318398
158893486
157849006
191403438
199800255
199865753
1219212696
1219165480
1219164460
1286269244
1286334748
1286134028
1286118157
3434847005
3485114157
3462039469
3457843885
3725308564
1577955972
1577886343
1582080646
1443668902
1460074726
1427507426
1345718370
1345464386
1344415810
274869698
283252418
295846594
295781107
1369490403
1369481702
1369481574
1365287742
1362157374
1144015678
1160842030
1433807150
3753273646
3752217886
3752247566
3752100109
3718545676
2575074092
2553651748
2551620148
2551621124
2568334900
2601900580
2602506788
2605595188
2605061685
2613908270
2342260782
2291662894
2293760110
2359837942
2359875766
3429415062
3425216646
3408440711
1311416452
1311400068
1311379596
1312424076
255472109
209331493
150481189
146287397
150481669
150481669
140188423
140123911
173934343
173933319
173409029
183960341
181666613
180622125
172237612
138699048
407171368
407155049
407351753
407287241
407289227
407345563
407353786
457619850
440581514
440567179
440566155
1581351355
1581511147
1589797227
1606558505
1574318889
1482104635
139926331
139868987
139934495
156515087
158604750
200278415
250724751
250773901
517112204
516067748
507552676
507552676
524329892
490778980
475176977
340976658
338836514
339019810
337053730
336988470
351670022
263586566
264176134
264000007
228114965
211321380
215524900
215527012
207137508
202943204
152759941
152993413
192302471
191911158
200406119
1525802023
1517527075
1517461507
1516413699
1516405251
1592951379
3738206946
3720381154
3703875298
3703877347
4240882659
4240881891
4258175217
4141779056
4143876160
4135488576
4063659072
4130832704
4128629219
3860013542
3843170470
3826450606
3830449582
1687488934
1687567254
1905732293
1905535556
1905536516
1442117397
1433904903
1433839367
1429647110
2000072454
1983093526
1984994098
2118158630
1044679973
776455204
705097764
1778835492
1796628532
1746280517
2017338565
2021543301
2029865908
2023578276
2026659500
2026663596
2022469372
2089746029
2089737767
2089701158
2093763894
2081168438
1544301906
1544437186
1544175235
1548357249
1556614785
1552418449
1435240114
1586238130
1586442930
1317954514
1319002562
1325384914
1257039986
1248651378
1518135395
444377204
443988292
439796996
439780100
439517956
439386412
439394348
439410732
437281837
403717173
403062549
407255571
482740759
479595015
479988231
480050887
497004230
517914246
1054836358
2128119222
1859691686
1850256551
1716040815
1733066797
1734246445
1864278317
1849614637
1799233593
1799303195
1765742635
1748900138
1753156074
1756302014
1756252814
1756284558
682922638
764711567
1069851551
1040490917
2114314661
2131111413
2131102065
1997932833
1995770145
916789537
380048643
380047683
385680323
377291511
369037991
348009127
348024455
347048577
347966337
884247028
888450404
2002038052
1981066556
1981197580
1981197596
1712780644
1714434532
1731461612
1685390317
1823867631
3971351146
1823801902
1823744542
2025071114
2020876554
1479812122
1477912634
1477326858
1208907786
1212610826
1212590606
1234087502
1267634894
1267565198
1233945502
1233949613
1506715556
3645541284
3642395540
3676215700
4196378804
4195655860
4195655892
2048172044
2047901741
2047926319
2048010535
2077375014
2073168422
2073168418
4222881586
4185130306
4181008643
3629527297
3637903873
1486176817
1485104673
3649365607
3687100134
3662458854
3662478502
3662477478
3670923438
3683539102
3654179206
3637443527
3638218455
4177501812
4177376820
3153437236
3124012596
3121653556
2853209380
2852160820
3926041364
3942834964
3892474420
3896922660
3099984165
3096184167
3100392551
3117164566
3113101398
2626566230
2627344582
2497321414
3571060614
3522823814
3517579958
3551122150
3551065061
3517489636
2447942004
2435360020
3510152724
3541601812
3523796532
3523763744
3540911667
3490579986
3503166802
3567140082
3569162402
3300735154
3300735122
3485428866
3468158082
3466973314
3470819458
3462430882
2388693987
2405802531
2624053797
2632442429
2628101692
2632760872
2624371240
2670525048
2653477592
2519522264
2519702648
2523825209
2532229144
2528034824
2532237324
3614351372
2537485612
2537539364
2537506596
2539615076
2547897317
3080569766
3051145134
3160199078
3162294966
3162167942
2625301190
2499472950
3035133479
3160941109
3156746759
3211272983
3194683430
3203007590
3131772142
3131772158
2600021086
3663211534
3641191435
3624736011
3624797451
3624804633
1481580825
1489838363
1489793291
1489826123
1489827147
1502471242
1536138330
1519359083
1523496041
1531883753
1527681480
1493665160
1493470856
2030549689
2030496425
2064001723
2064006862
2047279950
2051473470
2060845103
2073428013
2021978148
1485086996
1485087492
1489282628
1506064964
1254488407
3393599606
3393599526
3394115638
2320369694
2328495374
2374636366
3431596686
3432645262
3432600254
3432575909
3434652064
3438847392
3430659248
3290076577
3290072483
3308946771
3324675331
3324945667
3329139971
3337462065
3337199909
3353993508
3446239524
3426222381
3426485549
3695123823
3699252223
3724413851
3753855899
3736914827
3736925579
1324937355
1316548793
1316675769
1568305596
1484669932
1484677676
1484598820
1484615188
1484056084
1494278916
1511121164
1511182604
1242743052
1247005468
1251003172
1233185572
1216375093
3368244290
3368501442
3368370306
3370008994
3372089762
3488228242
1324233362
1319896722
1252263857
1256488848
3395349392
3659578260
1528871908
2065738724
2066787876
2054203148
1794154767
1861451790
2117373998
2116345902
2133794918
2084443366
2084179367
2096761510
2092567218
2092764802
2107384450
1586832006
1593180614
1592918214
242225351
242229333
266346532
217260348
217199384
207753752
73860632
73686536
90487385
123775913
48277931
48348555
49447307
41124235
57049562
1080459578
1080467754
1348988202
1348774186
1080932654
1105893646
1139457038
1189793870
3337142478
3329802478
3346768238
3615204143
2516296239
2549785101
2529137164
2529133068
2526905124
2665251620
2648499044
2623332724
2619110661
2619149623
2619213862
2619238630
3713952182
3598595462
3606983046
3606840198
1459356295
1184760741
1453272996
1436298156
1373387196
1362898396
1126965516
1126572808
1093038859
1076130330
1088709162
1085341226
1085311786
1154660650
1153612846
1199998014
1183809550
1183744204
1183486156
1330372860
1293431276
1209536876
1209679656
1209675273
1213868554
1217998362
144191258
161232650
194823498
177505738
181699738
169190587
1242014905
1263527100
1213129148
139355052
139346596
139395764
147665652
147595812
147596064
139207456
1213080880
1209408768
1226181376
1226246912
1272433408
1268091712
1250201589
1250211238
3398214054
3398341030
3462037926
3460006310
3459875750
3732452006
3738740391
3734545061
3587961508
3565048556
3559801389
3559277351
4095889702
4095769910
1948281606
1411443206
1412557318
1417074950
1442759686
1459240962
1320828994
1319846098
1319850210
1336500322
3450430755
3437915955
1282039299
1277840899
1147883009
1147751937
1156138512
1147753072
1147691744
1144578800
1161688016
1194312592
1110426000
1110430128
1114625201
1123939571
1123941619
1138617459
1167977843
1154344307
1154279379
1163782082
1298094034
3462334450
1316946290
1316950066
1325346850
1320890402
1335439394
1285103667
1217929264
1221108788
1208528164
1208527316
1478138308
1528465796
1581157252
1581223556
1583711889
1580577457
1580577459
1578492578
3725927330
3726385634
3730776098
1610481714
1554907138
1554644994
1152000002
1152067603
1152063746
1156254466
1172900354
1123879506
1119623890
1117528706
1117004418
1119158967
1119220132
1119150244
1081376932
1343528084
1880472724
1896134836
1661249700
1644997548
1644990124
1628347980
1611572749
1612621325
3762218539
3760991787
3760990763
3777763627
1634470009
1643055321
1622083737
1622018200
1621761176
546976904
546906312
814244040
831030744
1372098540
1909308268
1905240692
1938799220
4069506612
4069439020
4069430828
4073698861
4065111598
4061965166
4062181870
4062104046
4062072046
4066251934
1910386830
1893609614
1951806670
1949710414
875964502
876030294
873736982
886336022
914648855
914871575
914812933
919036933
910517317
906243317
906243301
839261669
323360725
273024725
282460753
278151699
278152755
278187553
12909089
12904992
4713232
1078390529
1086744065
1083077123
1084113411
1086145058
1083990818
1100767522
1116479782
1112286271
1108088127
1108090681
34418457
52236056
1838872
270322952
270309641
274503945
889036617
905944520
1056936136
1047498952
1043239116
1043239116
2116989140
2133730292
2083398373
2020484838
2024611430
2024540902
2024544742
2025597174
1492987078
1509303494
458678470
441942468
441947124
441881332
441882356
440712884
440724140
973367980
973352637
973484703
973210558
960627182
952242286
948047918
947982390
411050006
427827479
461431103
180465933
180859145
180665721
172268011
172276203
440859083
436632651
436606219
453378315
419823883
407245579
415634235
411505195
411313963
411316075
415525739
415554011
407166411
407754187
407881163
424657355
458146251
441382363
441361899
441230825
441230761
441233848
441430424
457618328
1531425464
1531228840
1531231912
1539685032
1539816056
4203592489
4203722794
4204700714
4206792746
4206854186
4202545194
2034122814
2015232014
2014720014
2013671226
2013669929
2026191400
4169468520
4185971400
4202997448
4202996424
4202988168
3666117288
4203000489
3129254634
3200559082
3192180074
3187988714
3189169354
3189177546
3189175498
3059106955
3059106973
3075888268
3075920780
4157915901
4124361453
4124570205
4103594511
4103463743
3033850927
3033848878
3025455151
3038038063
3038628959
3074315471
4152239567
4152230798
3622765246
3589215918
3590272702
3590140574
3590071294
3589809646
2513969390
2543416542
3617324510
3617107965
4153978620
4153970380
4158172492
4151878668
4113208380
3844780092
3844776060
3844792429
3845007206
4148041454
4135454446
4074703615
4070391511
4070321735
1924933575
1387798661
1387933829
1371152516
1085956484
1085195660
1090489740
1080932780
1076668909
1344580911
1344578862
3513034046
3513053978
3513053466
3521605930
3622727978
3618534442
3601753134
3606889534
3623408911
3621315853
3587872076
3573188556
3564799964
3497690524
3509226908
3542785484
3543111116
3542980572
3615335277
4160545581
3086803757
3078480685
3078481263
3072324991
3075978623
3075972607
4158115327
4141342175
4141145431
4132732247
1981228325
1983329313
2000028785
2000032977
2004235409
922162321
867638673
330440321
296888961
280107649
283184769
14681731
6304435
14705058
10543330
10546210
10508322
14690338
6305826
6437138
14826242
10624835
27657795
27526881
28059617
32251873
65801169
65755585
65731011
57187315
57188322
57186146
57251634
40482610
48805170
49068338
116242706
107886866
258947346
221197619
204354357
138281525
140116532
138945316
138945332
138995572
134790132
134847476
134921173
206224326
122338178
39750018
40731026
49054130
40669618
40866738
36614802
121561746
1161701042
1144856418
1144532258
1152918818
1152922658
1287131170
1287270403
1236935936
1269441792
1256728320
1244157712
1244645136
1245170967
1242859798
1241549622
1245743654
1249946158
1249946150
1518843462
1519293126
3733619076
3599401108
3596255392
3525882016
3525857440
3509063840
3492417952
4029289124
1961494188
1957629692
1958488699
1958488602
1438395146
1472002362
1430099242
1413124378
1546297674
2083169226
2087232458
2113451754
2113449705
2081992424
4162498312
4231722248
3711582489
3749314600
4143579176
1991966760
1459098648
1610099993
1576741179
1559902523
1559890890
1558841226
1282081674
209453962
224137658
264503721
243581416
532976488
524659496
520465192
453355832
2064099592
2063972681
2136245705
2138341579
2122154171
2122289578
3732857258
3681968554
3679856554
3646304234
3655217002
2581478682
2577212682
2610438154
3684180026
3401150526
3485057501
3483926924
3454572444
3446185900
3693649836
2619908012
2621161148
3158228668
3021905660
3042360860
3086265876
3086263860
3077957156
3006747173
3006661223
2972058614
4051043814
4050913446
4059826406
4060035270
3514706118
1367222466
1367237827
1375727681
1375584593
1371504913
1375646481
1366221313
1433104899
1160319506
1433081394
1441479970
1475049762
1470650466
1475898583
1591241863
1582949509
1444664461
1461437597
1461368221
1428087263
1434375119
1426047967
1425851199
1425929005
1425862957
1425835309
1954327852
1954392348
1954462477
1979620111
2013170462
1996196926
1987608622
1983479870
1983758350
1981796359
4129189908
4133364004
4133430116
4259054308
4244444820
4110298757
3568975494
1421477510
1420362494
1369969534
1403531738
1386755210
1391996041
1366845593
272361880
272279704
3718280
2658697
1345094027
1361871354
1399755562
1190060586
3333416494
3333254958
3333061382
3333037318
3333031174
3349742894
3316130094
3299352878
3299352942
3232293357
3236471204
3496509860
3493364608
1882765248
1880668992
538491152
538490928
571378688
570834945
570822659
571867143
589168807
551490983
547109543
546060950
814496390
277088902
310577806
1182979726
1179824718
3324223758
3324027174
3332416294
3332416038
3315638821
3433296420
3434246716
2358383148
2358511336
2363230632
2352810152
2336098489
2319333515
2319333578
2319391754
2331776011
3401330731
3384565803
3434930217
3434930476
3439120676
3430712164
3424423905
3423574515
3289295235
3340676290
3256782082
3257828674
3257827714
3263136130
3265048738
3263996070
3532439718
3536765103
3511088301
2956368300
2955320044
3026623004
3026237960
3022039560
2535499277
2518872591
2518811150
2654077486
2660434222
2660261990
3128978662
3130128598
2593380423
2597554437
2589427973
2664868868
3193351172
4262964244
4263347236
3997008932
3996812324
3980043300
3963270212
3967730756
3963601092
3962126804
3962377892
3966516900
2901150372
2897021605
2913802935
2947295926
3198954166
3064741814
3068924310
3069972614
3061608582
3072090255
3038700799
3562989925
4110338837
3573533191
3573348878
3564955150
3564954174
3036660262
3036594982
3166617894
3168585014
3160206418
2618059843
2618125511
3708695687
3741975943
3730441607
3738830215
3753575863
3752415207
3718831973
3181948725
3181948173
2684134668
3732776252
3728708372
4263432916
4263400180
3189641956
3206157036
3042579053
3025689901
3034106157
3032008733
3032066057
3048843529
3080236811
3063457562
3201872250
3192684650
2920251626
2921301230
2938078334
2938041423
2837374223
2841569055
2841538110
2841194022
2843219750
2839020902
2843214318
2843283902
2851611039
2847416712
2845385112
2828743100
2832728476
3161982924
3157815116
3158305308
3158239800
3170294313
3082259005
3063254541
3067454989
3058016781
3053835021
3055341871
3055342639
3078409254
3044984866
3086899266
4160644290
4141707458
4133245154
4133224610
3609137330
3577622914
3565037442
1425678018
1421413090
1421351522
1421356642
3568856899
3564692801
3560695104
3560607168
3575615440
3613363872
3604909744
2526447312
2526388947
2526339814
2530534246
2540986662
2473853030
2440954102
3514699974
3523096718
3523088527
3556705471
3615235259
3577555130
3577621450
3313379850
1165761034
1307314698
1303130650
1302884890
1286095642
3433808186
3367694633
3367543080
3371738476
3359152620
3357313980
1225693836
1241950860
1241949892
1241768516
1258537733
1292095767
1275326501
1279351841
205670449
205654019
257047811
248915203
247804162
247742738
248365362
72339810
1145998818
1154124210
1150978435
1153141889
1156156544
1466729616
3593245856
4130317728
4130252448
4134450912
3068637792
2791678512
2805244448
2771706400
2754893344
2770670880
2774797361
2783185970
3852733474
3890683106
4159052962
4142798002
4142794114
4143841922
4143846018
3623764610
3581793922
4117556771
4125927971
4138511141
3064768828
3064772876
2800589580
2788007436
2771224124
2888730172
2888730164
2889533220
2893595749
2893602917
2909298917
2926211315
2926465267
2926466198
2935454902
2935253414
2815715758
2757028543
2757192333
2690017932
2685873804
2685743756
2690396845
2700882599
2699560934
2695365730
2712214642
2712480786
2746182674
3081661458
3081636865
3085831424
3207472896
3173984048
3173974820
3185917988
3114583076
3920934925
3954485263
3939805198
3926108174
3926046734
3926037582
3926036687
4009922749
3976315309
3976553133
4010159788
3997584045
2929150637
2931608301
2797390367
2796355087
2808997391
2771313167
2754503119
2754031853
2758017193
2767454377
2897228969
3163699691
3029482107
3029797435
2492738075
2646355467
2679906827
2662871819
2394493707
2393375067
2414346603
2305294442
2284635178
2284292138
2552399930
2620569610
3692210190
3708004366
3741625422
3674710157
3657859212
3658383492
4279943348
4252652452
4261089957
4260901543
4242027174
4242024102
4168625566
3632015502
1480403086
1484667086
1490434383
1486301741
1536486940
1520215564
1526505992
1517257228
2049540652
2050535980
2052629036
2051580452
2047382052
2013901649
2013983203
2013943011
2015251683
2088651987
2091796674
2091829443
2091899331
2095954883
2137833410
4264355570
4268614562
4268323234
4276695202
2129211554
2062233782
2063478982
2130583885
2143102760
2109483560
2092706344
2092747352
2096945864
2105322376
2105314696
2138932378
1585353914
1581183162
1578524858
3726516458
3726516266
3755876650
3717866026
3701084714
3701043838
2562254414
2293821006
2306383582
2306443231
2373616077
2380955852
2380955868
2632700156
3697865980
3563648252
3559636988
3559571372
3693776892
3711606732
3745165260
3728467405
4269659487
4269791005
4269692713
4202632744
4210832936
4202178104
2071471928
2071541545
2035881257
2035815739
2019041307
952705034
952710410
948452635
952642879
969469311
969457661
734640029
734771101
726251165
721993405
688438957
688437933
688519845
688652005
755662375
760886846
1868264750
1876489326
1742255342
1737333998
1720621206
1720621190
1720551559
1657571525
1645190212
4061045828
4061045780
4062110820
4045286756
4034805476
4043180708
4039051957
4038856343
4105969342
4105971374
4110165934
4126942638
1971074526
1971086606
1971119374
1978971407
896843037
880192829
880192820
1949809684
1949807636
1964438644
1964430461
1997983197
2001133005
2010052935
1439587159
1423793959
1423709990
1419527714
1352402482
1419445794
1423513378
3558356834
3558417858
1310336386
1322919042
1321076098
1321076097
1321010624
1320945504
1325149988
1245457708
406666540
406730024
404710712
404611336
408809737
407417099
424194395
424187387
457809403
457882715
436911371
1510653195
1514845467
1523234635
1524275019
1590396889
1606977465
3754465193
3712985001
3696134077
4232480701
4232501165
3158701999
3175474159
3217531878
3201803254
3201802838
3193303575
3189101077
3189098292
3205625644
3176230716
3159584060
3168210301
3168079359
3170108926
3182691838
3182770174
3220517886
2641634270
2622759246
2622824718
2633437214
2365002806
2360683574
2226464806
2226990118
2226076694
2225996802
2225996802
2230255875
3303867185
3295494960
3228422960
3228545856
3228545360
2154665440
2150473184
2167380432
2184100545
2184100563
2184167122
2183893714
2187956946
2187965042
2464723682
2460529378
2477302245
3035147748
3026767764
2485898884
2502614660
2670360197
3190699663
3190240702
3206815918
3206570222
3219256430
3081933838
3081935883
3079842825
3062933512
4131432488
4128488552
3859976360
3876765864
3876733096
3776119209
3759358889
3775096493
3879792367
3872448111
3872513806
3874614534
4143047942
4134790406
3078018870
3077981718
3044951750
3036628663
3036439205
3034342309
2761450405
3029923252
3034111412
3034119156
4133088000
4131121665
4131024387
4062844434
4062921506
4062822434
4066955298
4087918626
3836392450
4104830210
4104834497
4041985428
4033600676
4029428900
4030477476
4044632228
1897148645
1884688677
1888883237
1421222461
1420108303
1420635663
1156459023
1173228366
1173047710
1169738158
1201463210
1186771642
3334247050
3334439562
3338572458
3325993834
3342639403
3309084989
3304038408
3299581976
2242486328
2246618152
2507774248
2537195816
2518321784
2517539545
2517606027
2521608842
2521609098
2521682314
2522792106
2537472170
2419749034
2956603582
4034539918
3573162446
3568902495
1419256109
1423455528
1415056700
1413163276
1413098253
1429895693
1467636687
1190741390
1190674566
1190658182
1199243399
1165885591
1157510119
1153312295
1153182253
1153182253
1169975839
1185737227
3337457163
3597436763
3592979371
3592991147
3594232235
3592136585
3595080585
1443644075
1393304491
1342644651
1342578926
3495310574
3499232494
3515960543
3532782789
1384361349
1388492740
1375900100
1377272256
1379697072
1396225440
1899685793
1881859745
4046123749
4079669989
4083806839
3806913039
1676210703
1642614555
1625897499
1617570427
1613376233
1881815977
1881808313
1885941912
1894252696
833093848
581484744
585933832
853908509
585537565
585284639
602057743
560112654
539141390
539143454
1613950766
1611791918
1610880558
1610876462
1631912510
1632502398
1641953262
1636576751
1636572637
562825677
562891980
831454412
835642780
860791196
1934401948
1913427389
1913429436
1913428924
1913625532
4060986028
4061116156
4077830668
4049494532
4043186693
4037943847
4037874478
2964062510
2963801134
2432185390
2423858250
2436525386
3541723466
3524938058
3537455386
3533207578
3535285275
3535287323
3539480603
3254456347
3229503803
3229504363
3227402991
3226256127
3234648789
3234611932
3230421756
3234604780
3234408428
3234475516
3252301256
3246000329
3278440655
1130899678
1114123482
1114121370
1110012107
1110000075
1110229465
3258896857
3258886137
3260917737
3264806637
1133037295
1082902223
1083889294
3231279022
3237504423
3245887655
3258601607
3258638471
3258638470
1111204294
1111011694
1109964078
1382581546
1374258970
1353363722
1353359626
1353360665
1353364760
1357618492
1345882156
1410897980
1411033116
1998239756
1983547652
1920634309
1927971269
1927905671
1919783059
1916596369
1899979173
1883120037
1887372013
1895634668
1890925293
1890921199
1890921162
1368730506
1406417290
1381768330
1130103994
1096745146
1105072602
1083581214
1167335983
1167335973
3348390437
3331842580
1188487952
1175951120
1175951120
1175893761
1176418053
1176145732
1115391452
1398312428
4044925932
4027099880
3758731000
3758722808
3762914040
3771236840
3771236585
3758670059
3775422634
3775606970
1628308650
3760065706
3764259242
3770550938
3837209227
4105513673
4122226376
4155778632
3600572936
3600601624
3600601657
3600577322
3621544238
3614859310
3744878638
3476439062
3474325518
3440640013
3422825484
3422824508
3422959628
3289778636
3302361740
1167543948
1200935565
1454682766
1454683054
1387311534
1915789742
1915792558
1913826446
1980935310
1979886798
1979771919
1979737119
1980830767
1999765551
2003960367
2007372335
1990619695
4139044473
4136946392
4270115576
4244933368
3691425480
3692471880
3692491337
3705061899
3704931962
3721723182
3755272238
3746875430
3746990086
3746998274
3746997250
3746996482
3728642307
3728638787
3727606723
3731801075
3731821555
3740078579
3740086755
3740020963
3714854114
2625382626
2499623314
2231253890
2226797250
2225740354
2225718802
2225636866
2259194370
2531889410
2532029747
3064708128
2997398560
2994253024
2719526048
3793257652
3776595092
3762175916
3762171564
3761127084
3765243564
3768860396
3768856189
3769904725
4053544773
4119658311
4153184198
4136222662
4136283110
4140743142
3193874918
3189680374
2921243718
3997081607
4011241477
4011323405
3977535775
3960743214
3155639082
3155565098
2887125866
2896104298
2895907322
3164342219
3197924169
3063734856
4137214472
3604534824
3524808232
3524795692
4061793325
1914568813
1881014493
1885212879
1892307150
814405070
1888000990
1888008686
1892190310
1917618230
4060977158
4065235974
4073631751
4069171973
4070236708
4072396324
4075292196
4062709364
4062720364
4063768684
1933517037
1881022671
1879979214
1884174470
1347361463
1351051943
1350953639
3498425031
3499998919
4076638919
4068245959
4142895299
4138381555
4139430241
3870864673
3866672417
3862478117
3862490381
3997101373
3996052527
1848564847
1853279438
1861667982
1836580254
1819405743
1819409343
1819532237
1819401181
1819343661
1819373373
1869704477
1852861565
1861254381
1878006957
1844582797
1693587855
1693653919
1693522622
1685142174
1626553038
1626421870
1622162990
1622158894
1636838927
1653615887
1922067727
1921055759
1925221391
1917094927
1926073359
1922010333
1921942781
1921684669
3528107183
3523912878
3507158414
3490340814
3490331214
3504220718
3502058030
2428316206
2428254765
2428246329
2432437272
2440842268
2451360796
3523869724
3595107357
3603485759
3599471662
3599430766
3603620078
3741933790
2617901198
3423211662
3423217034
3435800218
3431673515
3699993324
3565738604
3566766636
3600321052
2532874252
2453387276
2988086364
2988081357
2988081295
2971566478
4028551838
4028503726
4028571310
3766237870
3774622442
3768330858
3768330779
4036766985
4038878217
4043108365
4093161484
3797459996
1644739612
1644989564
1649380604
1712229628
3859711197
3826159821
3825656015
3959825246
2887131694
2889092654
2893285934
2900630058
2896443946
2914269754
3130792714
3129767691
3129795849
2592907336
2596832504
3725100268
3725104300
3726367916
3726267565
3592041647
3609079710
3562946190
3571321486
2493323982
2493262431
2493278767
2426202671
2426187311
2426177343
2476508431
2459730991
2463927341
2520550500
2520566996
2519685316
2653837412
2653846628
4264197221
4285162823
4243253062
4240158278
4240026182
4240026358
4240026087
3971524709
3833108517
3828911205
3760948420
3777664132
3811239349
3811301285
3782002343
3782037158
3815726726
3815701126
3807378118
3807177318
3807177318
3807177238
3807243534
3815632158
3782073663
3764898847
3781614621
3832011820
3831618604
3831618684
3848535132
3848535516
3849453548
1685192684
1683225245
1616108431
1615919518
1614870958
1615911150
1616042207
1618140367
1685323231
1684073965
1684073965
1700919789
1701010429
1700879356
3848354684
3781245756
3781245756
3781245724
2707503644
2715892253
2717071902
2746432062
3013679670
3013614374
2459965478
2191788086
2191788038
2210138118
2214397959
2203965765
2203949508
2212339076
2212347284
2178792868
2177744293
2169485733
2169485749
2169485749
2164767157
2164783989
2164681493
2169907973
2169907973
2178297109
2178231591
2178161959
2178157863
2178698295
2178735127
2178731095
2169031895
2169081279
2169224639
2169223599
2169486271
2169371575
2202925975
2203056775
2270591685
2270571477
2270571285
2253859637
2253732661
2264348981
2398578997
2399006005
2398927933
2331804797
2322171135
2322302143
2322314431
2305539262
2288957630
2553190814
2553199007
3626940895
4162238815
4162234653
3892750607
1745726479
1762436127
1800249399
2068836391
4191014947
4190654513
4165481713
2013870576
2013936608
2018122468
2022312676
1503267525
1538918983
1538854470
448279158
169353830
169354222
186131402
421028810
421061019
425234875
408523195
408523163
416912794
417054106
415935882
147500938
1221308298
1221435082
1221576266
1221478154
1217270554
1284903226
3432386874
3432448287
3300327709
3304457500
3296134460
3430356284
3430235404
3430243597
3446523343
3488450014
3471802814
3467620798
3467489710
3467481534
3468669886
3472733183
3470648300
1297934184
1276929320
1276978488
1276579080
1293880584
255839240
255769880
238794057
107578827
107578763
376018314
304850334
304788894
304779678
321556894
825135287
813609127
1886904485
1618337957
1618239653
1633968289
593519777
576742625
577205491
577205715
577206258
577099362
577029670
1650775590
1651308094
1668087326
1676540446
1638775614
1621997886
1621997855
1622063117
1626258445
3765351484
3762262316
3760046380
3758997868
3775256044
3775258045
3775156157
3775220671
3779480239
3787913903
3783716511
3783615117
3787743949
3787743951
3787813722
3779556154
3775213866
3775150378
3776715034
3776715546
3892251434
4139653930
3064928522
2527855882
2527858698
2260672539
2264801321
2245927209
2224955693
3298702124
3298628412
3230401336
3234334504
3221781352
3222260088
3223226824
3289291720
3289299848
3289168776
3305936776
3331101577
3332281226
3332805518
3332821950
3333829614
3262390566
2186551590
3251970366
3231064334
3231129869
1087644984
1075059000
1075120392
1075759432
1074694601
1124645771
1108123578
1112310666
3264189322
3263542170
3263492522
3263459819
3280277805
3246796845
3247841325
3314950444
3300335928
3295950137
3291221305
3291400971
3291384651
3292445642
3290209226
3290210218
3344470954
3331887770
3332027019
3334124171
3333067453
3333272493
3329024493
3342622765
3242075197
3242077257
1092495497
1075259529
1343695001
286661512
287182472
23003784
63701656
46940856
41714216
36671800
36479272
309109032
313306408
312973563
329681034
330713242
324406442
286721194
269824154
271982986
270934666
283539194
816176875
816094843
820297275
811906570
829200138
862819594
309169466
304462635
304507755
308685821
308689405
853937661
871761325
838275565
284434813
274997517
275001615
6373639
6340919
14742311
14742311
14743335
16117543
14150455
13036294
13028098
13027650
30330242
42923394
43893122
45973907
46105009
1119859104
1115661728
1125952736
52209696
52201488
35424513
303865153
308143959
308208599
304006070
844022694
843944358
843882919
860656039
558666167
541369789
809740269
1884464428
1892857132
1959968564
1953738516
1949346564
1815194372
1815259909
1836235031
1873972263
3935489254
3935487110
3939614854
1779495078
1779491238
1778442662
1778442671
1778508213
1799484341
1833038836
1817441084
1817441052
1819408141
1819410205
1819408701
1819539775
1827854623
3992111390
3992051014
4025614278
4008871894
4008887270
4008952806
1846563287
1846550983
1846616565
1863459301
1832060391
3832745831
3835759222
3971029522
4256184850
4287642114
3732942594
3732940546
3464700162
3465683267
3482464755
2377254307
2377188771
2377123249
2379219377
2370830833
2366644593
2370839827
2379246867
2375281411
2375219971
2375195154
2414971442
2389741090
2385807138
2386002754
2386465218
2402197890
2372838786
2372898707
2357037745
3698691744
3715409568
3711214304
3694158560
3694146400
3693089120
3693289568
4231144480
2096326688
2089932913
2089859139
2088806467
2105649415
2144509191
1716684039
1712555319
1712558391
1712488743
1712750627
3793080353
3792986145
3792970033
3808899873
3776315941
3788898916
3767992932
3767995973
3766950469
4035394503
4035242439
4035242470
4085575086
4072961934
4064547718
3523482502
1376194983
1464217767
1472667879
1438982369
1439114305
1153836033
1153838339
72747779
72813314
89406226
96759586
96759586
92688658
94257410
232734978
215957778
209613106
226386258
226186578
258592211
250203635
250213875
1323951539
1340733361
1340729233
1307160465
1307295633
1307302801
1307430321
1333583267
1333061027
1333060003
1333027747
1333257139
1333191569
1332925329
1316197296
1313977264
1599120352
1594929440
1597022496
1567662368
2083561764
2016656692
2014493460
2014484996
2018679301
3897723445
1758563303
1775304118
1800459414
1783742646
1779679398
1846735014
1846731191
1846796773
1867571557
1834021157
1819341109
1819338517
1819536901
1818425863
1818417671
3966950150
3975335366
3992046742
4024487062
3873698966
3873633686
3873621927
3873686439
1851880341
1847599509
1848648180
1848648164
4012978541
3966965543
3975355191
4239604230
4105186054
4256180998
3757058306
2666609922
2664567106
2660369218
2394031059
2410808307
2410742769
2376078113
2359300385
2355106083
2350936103
2351980598
2351981590
2354079750
2353129734
2361588530
2353183266
2218953234
2269546179
2261746371
2262467201
2264568705
2264576928
2256252896
2268969952
2235415520
2220730336
2237522912
2639537056
2618569633
2618491809
2620522915
2553415137
3631437921
3639867473
4172457987
4222855175
4206077959
4201680135
3929048375
3927216422
3927286574
1778819887
1778836263
1778856807
1778659815
1795957139
1762402739
1745756579
1758331301
1821246885
1821247877
2090785220
2090772805
1954854981
1468311893
1447339367
1443156855
1443299926
1443234406
1426457186
1413952034
1422665506
1418474786
1417948226
1283925059
1304847555
239486147
239518147
247972305
244699633
244671969
1317365217
1338336737
1296854499
1280141282
1281251266
1298024386
1174360002
100487122
134053330
133133682
1206900211
1206776305
225272273
225408961
208609217
203885553
207960929
209005347
150022963
166802707
166793491
166727987
189800739
189866339
188802931
197177299
197245905
180591057
180591056
449034448
977516752
973191408
704755952
704747600
721655888
671328288
671332385
672372769
672249891
672200743
676448551
695322919
693226303
1800526623
1800534911
1800534397
1800534525
1800534525
1800657853
1800657597
1800632989
1767078557
1766947581
1775336191
1775270911
1775253886
1775253886
1766926430
1767074254
1765960159
1774419455
1807994879
1803666911
1803613663
3955287369
3946868556
3976211276
3976411772
4009900772
3863091876
3871476388
3801156276
3801090965
3801169303
4069928083
4069930115
3533048961
3520482432
1358335360
1348573888
1348512368
1348512288
1885383200
1625340451
3772816162
3789592610
3814758434
3793852450
3793983522
1663293490
1629640754
1679956786
1815231030
1815284263
1758464548
1754270564
1771063412
1804650564
1787873476
1792055492
1783740613
1783802085
1782753511
1782770082
1849846434
1849899698
1715673778
1715673778
1732459186
1678129794
1678125698
1683307138
1625558195
1621887139
1621899441
1638672577
