2901451822
3966803998
3977289743
3977289743
4011106317
3879135516
3862350124
3865987884
3870231533
3870235551
3874370446
3865981838
3878630286
3828814766
3841267630
3837074094
3837074070
3837016711
3834932869
3834914500
3042256580
3071685332
3038196724
3038053728
3050570784
2511602720
2511601668
2545164293
2528469253
2260133191
2260131270
2264845814
2252131558
2251066598
2267856086
3509497030
3492734150
3492730054
3559316678
3560346838
3564475894
3564418534
4124354535
4124551127
4116162133
4116174453
4113946165
4113890869
4113890869
4118275637
4118275967
3847616367
3847550311
3847544167
3847539831
3854941239
3889540151
2807409685
2807413829
2803352645
2803286213
2773930487
2782294759
2780250854
2780563174
2784757478
3043759606
3043762390
3043959127
4109251383
4109238805
4108714500
4109700612
3564382724
3564399364
3577080084
2641864996
2675423508
3191250180
3195437316
3204350916
3066004372
3065746341
2998703015
2998727590
2721861542
2721349526
2738257846
2704699054
2692148910
2696343230
2700405310
2687818270
2686765582
2754398734
2775345678
3857464878
4025288239
3945402143
3945401663
3946383405
3916962024
3920173304
3903535352
2829842632
3098061960
4188581000
3652826808
3686511277
3663311535
2585376430
2585384622
3121184686
3126552750
3202042030
3219016878
4258712735
4250324101
3709002949
3707890757
1560337717
1564601651
3695373602
3695369506
3562167587
3562462481
3562462464
2488717120
2513880768
2543244944
2528614016
3065873025
4074555059
4066176674
4078234018
4080322790
4084517094
4067948662
4134956038
4134937606
4130743302
4130743318
3591779366
3593869094
4236119575
4244524549
4239314436
3165621764
3165494804
3166221860
3099108901
3120079397
3141055013
3141239333
3141191445
3124395037
3128567868
3134920748
2593986604
2593990684
2665363485
2682129423
2499412047
2427060366
2158637454
2158633918
3232247470
3232246438
3236432550
3224111766
3224181398
1345314439
1344706181
1881581557
1613014804
1629794053
1633983236
1642437396
1634049844
1629918485
1613136135
3761653030
3761644898
3761645026
3765837282
3770027874
3769500978
1622016258
1940746243
1928093697
1915740181
1915645957
1915634997
1916608109
1937514221
870062779
870058651
832327562
832521610
1905676682
1945624731
1944445177
1399125097
3546571881
3542377769
3546638121
3556759097
3533685305
2459943483
2528870971
2528744235
2527634219
2531829035
2540229947
2536037642
2636712202
2620000538
2620005754
2620012010
2632586234
2628457418
2628260554
2359833178
2360095291
2360088363
2356961067
2352802107
2369562890
2369628426
3309283595
3313471433
3303901064
3303834520
3303850408
3245199784
1093562796
1127100828
1126588812
1446437252
1446437300
1462805413
1460708327
1431347495
1970316607
1970316575
1978707263
4117085503
4150705471
4151754031
4151756079
4152280447
4152227327
4152222207
4152194431
3042923903
3042268447
3042262814
3042262810
2505389882
2547857210
2547856186
2543653242
2543800826
2543834554
2543623611
3063713195
3070003641
3061615064
2520616264
3057562632
3057557512
3057049625
3057541179
3074302266
4097708394
4106093550
4106093230
4106094266
4105765786
3501724571
3505922457
3497534857
3493357000
3493850584
3514734968
4085156120
4085222664
4062483720
1378136840
1395040777
1361506825
1881555481
1885749801
4034676009
4034689129
4101794024
4126992600
4143880328
4143353736
4142302856
4142371480
3068441261
2796860399
2818023918
2776014894
2771771430
2753881382
2753914470
2904958695
2910205671
2952070837
2952007349
2943623093
2910075127
2842701029
3118545973
3098678327
3098939399
3098943751
2560516614
2560419334
2560421430
2577180974
2610477166
2614659310
2597948666
2589623499
2656756171
2673796043
2640246763
3177170411
3156004331
3157806571
3038272699
4145640843
4145706379
4150154635
4158547359
4158481839
4158416303
2010998207
1943364063
1918193951
1920401693
1916076317
1931744573
1881634095
1885791551
1895228703
1893193551
4040460111
3519317850
3552872250
3554121515
3621185323
3612798779
3614863163
2539028351
2513854447
2513946607
2516043679
2515911565
3587490765
3579167741
3579181053
3577210237
3577079157
3577046325
3564598325
3564586039
3698791735
3698664723
3696698642
3707123458
3719710467
3753264979
2679592275
2662725073
2666921365
2664751013
2656343973
2656352165
2673129445
2534715901
2534711805
3040207199
3040339279
4114085247
4118271343
3044540271
3052863357
3086376797
3086305101
3086309197
3077961181
3044374015
3044496895
3027719679
3028243935
3027728351
3052885982
3052754814
3086245758
3068427646
3060036990
3061183838
3061313886
3203887582
4294399450
3713365339
3713297787
3696618863
3705009535
3705009471
3721781535
3757367581
3757433117
3757552941
3749115244
3715618140
3709327180
3709261773
3575011277
3579203039
3581365759
3589758463
3589660143
4126465471
4126471581
4118083037
4115984861
4116050429
4118278509
4118176621
4118766125
4117586477
3614275119
3614269231
3615317293
3606928669
3606928397
3598015503
3598152719
3612833055
3612824927
3579303263
3579237854
3579233758
3579303391
3579149823
3612638655
3612737471
3621254839
3587667639
3587531447
3570688695
3564434111
3497120751
3497247599
4033988407
4032886039
4032865591
4033129789
4049923133
4051170365
4049032476
3512140060
3512074812
1414935100
1414931981
1423326727
1423251766
1423185958
349489186
390367282
911719426
911650818
909545475
641630208
1714323520
1714323664
1663996128
3761242016
3761060512
3761060512
3760994976
3769383588
3769384612
3768860326
3785634998
3819189438
4087624854
4087635094
3542482118
3509037134
3508709382
3508710663
1361227269
1365687813
1436999191
3584491030
3584421670
3589598502
3581279270
2507590710
2507590662
2506554375
2514658565
3623006997
3619001109
2549404469
2530534183
2524312943
2524405102
2520139886
2536917102
2541111550
2507660750
2499280334
3568760783
3567699917
3571927021
3580122541
3575936429
3609490685
3610666191
3610666447
3614664182
3614701414
3623089718
3589338646
3585144327
3585107527
3589371509
3572914149
2499167716
2499233252
2499268084
2490752341
2490752007
2503318535
3577064727
3609701651
3613896451
3597057795
4143374161
4151822321
3614758369
3608507889
3577115089
3564508497
1417020723
1416957219
1416903971
1551116595
1551182099
1559633667
1559633665
1559649793
1559713281
1492506449
1509226337
1507124705
1507124707
1540728226
1515699634
1515625602
2048298114
2115472514
2117389491
2117395619
2121327841
2129751521
2129813475
2130131703
2129935094
2121542326
2129735318
1995642838
2012350406
1978864583
1978888903
1978787447
1970327079
2003885605
1982918199
1987096343
1987296518
1995611462
2010292167
1976735701
1951588049
1947393729
2098388817
2131971873
2131823393
2133866785
2138122547
1769155603
1760705555
682777619
680746001
680877073
685014065
675572769
675572768
671538224
688280656
675763697
944002977
960788131
2042986162
2043117202
1539775122
1522866818
3670293122
3737598594
3464912722
3465959203
3484545843
3315647253
3298853685
2225116973
2229321581
2233573357
2234748909
2534576061
3608321933
3590499791
3590581711
3594571263
3604016366
3620857070
3620926702
3612528735
3612786951
3614851343
3614859551
3614925599
3581355807
3581230718
3581164142
3570679534
3570745310
3570890718
3566555598
3566518730
3585393099
3585390077
3585457644
3613769196
3609563116
3592785884
3592852940
3593642445
4130513119
4130600175
4130602095
4151573759
4151569885
4118013389
4117849597
4101272557
4101075951
4101198831
4100178926
4041458670
4058071902
4058010895
4058047757
4059096380
4042439980
2968684844
2959313180
2959592204
2967927308
3019308572
3019298364
2994029117
2993947230
3055813374
3072598702
4112527534
4116709550
4125098150
4155637894
4155666630
4154647630
3621842190
3596656414
3613645630
3613587774
2682448190
2682415422
2679600442
2679460154
2683584826
2683683130
2549596537
2515923448
2515859448
2515663832
2505169816
2534525880
3591494584
3591633848
3595756936
4149408136
4157862040
1953739000
1949540460
1948495917
1966310461
1731238941
1714744350
1983146014
1983195198
1983264814
1997933886
1948127070
1884948126
1888097950
1351156414
1351090876
3498857116
3499922060
3505690292
3492058404
3492265268
3491997700
3496060933
3546392614
3525482534
3526806582
3524658246
3524657606
3595965366
3619037862
3568575142
2494833325
2494850700
2494623372
2498816908
2502991836
2536542188
2536740733
2540876557
2514662157
2514663193
2514726713
2506223401
3177447213
3177373501
3178747753
3178353001
3178287483
3186672123
3161510363
3161547259
3174131195
3172165114
3205725691
3075628251
4140980443
4141046987
4132535755
4132529611
4149474137
4157862745
4124169048
4124177176
4117886776
4151369000
4151631208
4151441912
4145212872
4145184137
4145173915
4149285306
4149293482
3084063226
3083932026
3048224058
3052418874
2515562266
2497933066
2493738778
2493775130
2511586651
2515780827
2549204187
2540749289
2540798441
2507321977
2507335177
2540824077
2540760639
2535489327
2518748463
2518877503
2535916575
3581355023
3572905037
3570795741
3570795996
3570759133
3570688509
3562332671
3579114990
3579168766
3508522846
1897783118
1897786190
1902111583
1901784413
1910175069
1906033020
1910096380
4083118556
4146029020
3577573868
3577496941
3579579759
3588036990
3588041166
1474112462
1474248670
1453209502
1453200287
1452938141
1469731805
1474089469
1199370537
3309085993
3342642463
3309287694
3309222158
3307182094
3311257614
3298676062
3298739663
3298710477
3315495629
3317580517
3430728677
3430736741
3424444709
3428820247
3428759811
3428751619
3697186899
3713965427
3596522963
3596522439
3596518087
3596600005
3596468837
3730597487
3726405487
3743181163
3742886011
4283881563
4283944011
4292199755
4292137289
4258582857
4124438908
4107793388
4233618156
4228342445
4228261565
4227997631
3158380478
4240444846
4240457198
4240451034
4258279690
3721745162
3755430682
3619152681
3623216489
3757372905
3715421657
3709195720
3692287432
4233356761
4115785561
4111587099
4111714059
4147301659
4151565370
4134661226
4134644826
4141266378
3067512282
3067577819
3067446141
3067384701
3075842620
3073811004
3040277036
3040309804
3174512236
3172015725
3178503151
3184789994
3184527610
3213888762
3213964538
3216072922
3214143690
3218206922
3209733323
3204492509
3204508156
3171154940
4244791036
4114765548
4099020541
4107343605
4109383655
4243602855
4241497254
4233116822
3696393414
3713201222
3713188870
3757147142
3756105734
3756107030
4292982071
4252015671
4247821365
4245855540
4245869876
4250031989
4250292805
4283839183
4283904735
4292170479
4292101103
4258550251
4258561531
4241779161
4099275209
3579304905
4149599817
4149597769
4143239753
4143301467
4142252411
4142256361
4151693545
4118148329
4097205705
4096944073
4094838479
4101195519
4101076974
4107298286
4153467374
4136694750
4141085647
3067335503
3059058559
3054800685
3056992061
3078089021
3078089533
3086462751
3086466847
3086456639
3077932847
3078062391
3076948247
3085406229
3085283377
3076907057
3039260887
3040219351
3023439271
3021348775
3033938599
3031833333
3031899845
4122230349
4154730253
4158940429
4133844351
4134763631
4134759679
4132533471
4132664543
4149363933
4124198365
4107425615
4107482703
4109444703
3572512366
3572512366
3572512366
3570415086
3570410750
3570496718
3587429454
3589393438
3622929759
3623064927
3623069005
3587286284
2505162012
2500960124
2501099260
2501050092
3071729380
3073820405
3078047479
3086251766
3086246902
3082253270
2549510486
2549428582
2549362790
2507411558
2507218958
3564315662
3564316687
3562149899
3578927435
3612490186
3729930698
3461549514
3469738186
3465560266
3482370395
3482366249
3448807721
2408620904
2408624109
2414915565
2406719405
2400356269
2635253661
2635253645
2484338653
2486287725
2490480941
2489428253
2498080013
2514593036
2548151580
2540941596
2524172653
2517877229
2517849007
2517791679
3075617758
3083994078
3050375150
2513452395
2515560825
3589368089
3581114636
3581106956
3614661900
3547362572
3546566965
3547681127
3547750886
3514196374
3512103302
3495315330
3494365074
3502561186
3502571490
2424348646
2442174311
2442379111
2442309221
2480139861
2547247045
2540922836
2540910068
3614643621
3580966053
3512808615
3512800431
3512796335
3512796350
3580913038
1433462222
1433511182
1433441551
1440791838
1440853262
1440918815
1440913719
3588413735
3579992359
3613544247
3743549271
3748794967
3732091767
3731972455
3740361078
3740520518
3738292231
3612406807
3612402983
3612388645
3587356973
3587349309
3587607308
3616968460
3604976908
3606880540
3594313764
2535223332
2669610044
2635734028
2618956053
2631797285
2627603047
2627669718
2627483270
2626953862
2375037606
2375037606
2372932014
3423617455
3423650975
3422611589
3691030724
1544661056
1563535632
1596172547
1579330818
1579323650
3726803202
3726803202
3726807298
3714220338
2627896611
3164704032
3030433056
3031477536
3025184080
3071316944
3054732256
3058877412
3060941799
2792427494
2803899382
2770352566
3022207414
3027384726
3035838854
2964405639
2964400005
2979080069
2981307093
2985386967
3018912055
3014717751
3014697255
3014697263
3014767149
3018949181
3010560541
3006579209
3073693497
3073727529
3073842281
3040221435
3157661898
3161864650
4243996554
4239799034
4239663834
4239664074
4256494026
4290114027
3753304553
3757565416
3749043672
3742748104
3742825800
3742786824
3713409801
3715576601
3698660137
3705999657
3706130729
1558646075
1560086875
1568438490
1564276874
1563745418
1601471626
1601470602
1459060890
1459007706
1456906491
1456972015
1447338223
1984734447
1980736750
4128153854
3595498718
3544970462
3520691455
3503906173
3504230380
3504228076
3504292460
4053131884
4053070444
4053062445
4053045567
3511988286
3507811358
3507837978
3491117066
1343633674
1344150042
1356728858
1891503642
1907888715
1371038281
1421402957
3568939357
3571167341
3569919077
3561532789
3557330293
3574170997
4262130037
4267336023
4267319575
4210688286
4210753854
4202172714
4208469290
4208471850
3667406634
3684265738
3650643209
3638097352
3638052232
1482377096
1545281208
1545289384
1545479848
1545478840
1431708552
1448219017
1582498955
508628127
508573871
516958639
516960109
397505049
367153673
73646857
1147192108
1143251244
1147446564
1550298388
1559735620
1574936020
1586468180
1586409477
3600715782
3602808838
3597452326
3592703014
3576039526
1411520990
1545738894
2096238238
2091975391
2089812685
2106597901
1607492380
1582358828
1599136044
1599136060
1564537116
1560343321
1560384283
2101515802
2143477258
2072169034
2072235610
2059525754
2076496506
2068075018
2069103115
2071724811
2071724331
2069701674
2069703722
4216268858
4190857226
3653892170
3653803210
3650651274
3650650266
2610532538
2610667689
2610667945
2610537129
2610602664
2616898216
3212477097
3207104169
3207106237
3207130541
3211390381
3177901501
3177862557
3178123677
3173450205
3173056861
3173130267
3173147707
3052563497
3048302617
3048270089
3186748235
3176393423
3176226511
4114826895
4156752798
3619819950
3619893735
3620942183
3623030887
3621925207
3588366789
3572721093
3562073541
3557882327
3556829623
3556829623
3562143223
3587360710
3587360326
3622978118
3606143606
3597673062
3337693046
3337752951
3333620199
3331330277
3348115565
3319009341
3302232093
3293672477
3430149183
3430082863
3425888574
3425885006
3444739790
3721561807
3755049551
3754984029
4277244732
4277248812
4268861228
4264797484
4264801580
4264808556
4264628428
4265025741
4263904431
4159049134
4121303982
4105583294
4105517710
4103368398
3566527438
3566510414
3705123167
3721834879
3721834853
3746936101
3730093349
3725968423
4262970391
4281750535
4281742358
4252378486
1962290663
1962282933
1960251269
1959796365
1951409804
1431315132
1422930604
1423012588
1418744445
1422979613
1422976533
1347485463
1343281447
1349572710
1349732598
1417021574
1464999046
1456615554
1456603522
1456620434
1458819830
1458610790
1457563174
3621825062
3621825326
3613432638
3613499166
3748779294
3748905230
3748872478
3757457455
3723949101
3719753005
2629229845
2648164613
2639650572
2668949260
2668930365
2673340719
2673266991
2681717038
2643738926
2626971454
2627167854
2633981546
2625392234
2637975387
2508021193
2541645273
2550033880
2549571032
2507415000
3579068380
3574874108
3573820924
3573622268
3544397181
3544400349
3552723423
3552825823
3510694335
1363191231
1363256797
1363205597
1346423293
1438702076
1438903164
1430417277
1465018207
1465022431
1464943615
1431585279
1438963182
1438973439
1422196703
1413545693
1431496397
1431496397
3614631887
3612595167
3612393838
3612393838
3612401966
3620857118
3583177995
3585266953
3568491800
3572927864
3564604920
4097150424
4094987720
4095000028
4111836668
4082607596
4131628029
4131640285
4128502751
4128465895
4147278822
4084356078
4092740974
4054994238
4059056158
4059052046
4050659662
4046530895
4050792415
4126283757
4124115949
4119855597
4153434445
4157628431
3620827167
3612561727
1565750575
1561804583
1561664821
1549079837
1549145373
1557540877
1557606405
1556419845
1556944215
340602199
340602198
352792006
391004102
382603223
311298007
311247829
315376605
307020796
306480108
323269485
356819821
340042541
340047663
340629311
340706591
1548666127
1557069149
1557065053
1573841277
1506732381
1540353487
1531837903
1514993118
1582166494
1581765022
1577578942
1577574831
2114315183
2135815101
2135814909
2144203500
2144130796
2009947900
1976401532
1951234941
1951211373
1414335999
1414464991
1414492631
1414521310
1968087134
2135863366
2135921686
2118949942
2118948903
2127334463
2118489119
2118561805
2114347021
2114855193
2098073899
2085229353
2093614637
4238020141
1486360092
1492663884
1492659788
1484285644
1280929740
1339744140
1322962828
1319028660
1188283301
1458672565
1458680479
1456517791
1456518142
1993387310
1984998446
1913759790
1913830430
840094734
840351758
840253466
571424874
575565931
583934059
600781179
567017946
810287578
810291594
810431370
818837130
814677659
814669499
1888266907
1905045195
1939646155
1934922459
1930740346
1897185835
1897284139
1895170857
1895182633
1354638649
1420705049
1424891661
1417496349
1417475357
1415357725
1415357709
1556985117
1599059741
1582221069
1583269645
1579041557
1579024693
1581060151
1530671207
406593639
408297711
416679903
412487375
143081165
142880389
143402653
143419357
165499357
165528029
159236605
167760381
200274397
201322975
201314815
201183743
192787455
192783231
192787998
192394846
460699230
439730174
1513406462
443923966
2052566238
2052568286
2048233727
2048381183
2115465455
1847009517
1849975277
1866474413
1841308335
1958887086
1958747806
4123021214
4123184550
4157793766
4157665606
3618669318
3617882630
3617952290
3618091555
3618613025
2523772192
2536408352
2536410416
3173693760
3174738880
3158223808
4229933440
4234063232
3177088129
3208544497
3207970913
3206828065
3072598305
3043238693
2783192613
2762411553
3031304705
3031304707
3031371522
3036437522
3023891490
4114404386
4131291138
4135485442
4139683843
4139765809
4271693860
4263273572
4262996205
4248504765
4231662271
4235070126
4239331006
4239213198
3165966990
3182748350
3180650991
3172261925
2618613765
2618780932
2618698004
2622896932
2633386788
2511751957
2529118981
2532134663
2532163911
2533212631
2532962518
2530795766
3608731886
4027080942
4027206910
4027206622
4032461406
4038732510
3770231519
1626876639
1635266254
1664615114
1631191802
1631195882
1635464170
1641554158
1637360894
1637356751
1909982351
819531981
349843933
349840245
349909781
215560981
217592093
213398799
145300751
145692726
149829654
141436935
142485511
148651267
1221340513
1221343088
1221465936
1221460800
3410887488
3395240784
3399435120
3401466865
3401532403
3401040866
3400848354
3400856034
3402686950
2316366318
2315514314
3405966794
3405900235
3405834617
3405838712
3389127000
3389517128
3389510985
3402613193
3398287819
3398291946
3415008234
3419203562
3410812906
3406680062
3406788430
3406782798
3373166862
3360641310
3368902951
3364643111
3364648247
1217232177
1217354033
1221548321
3356379473
3356380481
3357429057
3426633027
3442361667
3488601427
3400521075
3400397171
3400397299
3400397299
3400397235
3400397218
2326655394
2347561378
2305684898
2305160626
2302014934
2302012758
2333207830
2320624918
2320819510
2328945974
2324821262
2327037214
2326840623
2398407983
2397359471
2397363567
2397363567
2397435262
2414211414
2414858646
2372784550
2372915619
2305742259
2339296641
2338780544
2321676160
2321676208
2317416352
2317416288
2334193444
2288054053
2289102629
2297489703
2295462183
3369327911
3436434749
3436376348
3427979548
3423781132
3423846668
3423719708
1275152892
1275423165
1275357631
1296325054
1317161358
1317162382
1317171598
1255363470
1248871342
1257263598
3471892974
3471892847
1341388095
1332921613
1332987157
1332870453
1307699493
1305606436
1305598260
3478248757
3474109781
3306328391
3306324229
3306324229
3556999447
3569452343
3699420197
4236291108
4237337636
4166231076
4164129836
4231234604
4231187820
4231154413
3960613477
3964807733
1827878401
2111902209
2112094723
2095317811
2091127267
1554452658
1554398338
1571166338
1336281218
1319115138
1319114134
1319121335
1319121319
1323381223
1324426597
1315972389
1315971361
1316167937
1341260033
1307721985
1286754561
1286746449
1286738256
1290929648
1281560021
1281558997
1281427925
1281366455
1298147766
1314924982
3462409654
3470800286
3470983646
3466789150
3466789174
3466596646
3466617126
3466617191
2392882661
2258651553
2271333793
2267136417
2268316083
2234773959
2217861383
2217861390
2222186782
2229532986
2225330459
2225334539
2225334585
2246232537
2255669641
2255668617
2254619017
2263077275
2254492074
2254496174
2255544814
3346031974
3245362470
3236971799
3237047557
3237047556
1081167124
1144212756
1143171412
1144219988
1144224197
1276279235
1275328770
1304545554
226610482
193131779
1267917057
1270014208
1274208512
1228062976
1225965824
1208336692
1208284645
134507951
138701230
142899646
143096206
143030671
176576911
180772237
239223181
235061645
234996140
234930605
234942957
168878383
168863023
175156527
191937838
200389950
166835518
166982974
139711790
139713839
139819503
138901943
147274135
159857045
193403284
176562052
180500372
235033493
235951093
254833509
204530487
204599607
217182486
212991250
213121298
213121298
217315602
208861506
72538562
131255746
110282114
110282114
244377505
244377504
1318121376
1313923040
1309773280
1177650464
1177592096
1177592097
1177678129
1194377523
1156641059
1152442675
1152578835
1150467330
3296894291
3292694883
3221261795
3221261639
3221401351
1129508103
1121115399
1116990771
3331435811
3331433763
3354427683
3346039075
3610345811
3609366723
3575821505
1461890241
1596104065
2116241841
2116095904
2116034464
1847605152
1848649632
1859135457
1853892071
1786783174
998253958
998256006
427830662
159394246
159476182
159480181
193165604
193165612
169048364
169298236
171822348
171568396
437906701
454684159
425315774
424266174
425318846
416930238
165271998
164624798
155712926
230942158
226746654
209830206
209834303
209835327
209845549
1149499757
1145305581
1145305535
1145297295
1136805263
1132609935
1099055567
1082352479
1149264679
1154510630
1141926694
1144125734
1142151494
1142086086
1078119878
1199752642
1182974914
1183048595
1183966115
1188063139
3327162339
3327151523
3327163873
3326305779
3327320339
3323183379
3322986803
3346055473
1169219889
1152577344
1152581568
1152568704
1148241312
1144045984
1144046053
1144246533
1144182023
1144253191
1156623143
3299912487
3299977522
3316824322
2276623619
2259845379
2192736579
2192736753
2192749025
3337856481
3593534881
3593476512
3593476512
3727767969
2117287329
2115184549
1984112565
650127239
662705799
1065354887
1031810951
494940039
494955399
159476151
146897255
135485735
137591063
136542471
203651334
224648454
224656646
200533462
198311351
197250471
197249445
163699109
163699125
222427637
252963157
255061255
259259671
267517238
263322934
227671334
231865638
206690598
206682422
1305721110
1305713942
1334025494
1602454006
3749941750
3699614647
3699483301
3699483309
3556881132
3556869868
2484309628
2484259381
2484259621
3490860343
3497147398
3504481286
3567460359
3584176133
3584167940
3584163844
3252748596
3277850092
3256961004
3257032637
3262323407
3262126798
3270531678
3270539838
3270586167
2192777991
2191729411
2191732995
2191855651
2191863843
2191859747
2197225506
2189296642
2189313090
2206127170
2206121282
2179709267
2180626803
2180626547
2180626547
2247735667
2381953363
2381955059
2339960547
2338911971
2339995377
2314895041
2312863633
2308471200
2291957153
2295086497
2282499495
2298752422
3372494318
3372559710
3372559630
3376883982
1229400414
1229405166
1271335838
1267014541
1317366668
243662748
239460268
234999724
117559228
117559260
117567244
117567244
117536031
121717054
88555822
80179502
210067774
210067774
210059551
210060607
210083135
1283956014
1279695166
1275509006
3691424014
4177963274
4215717578
4203058890
4001665705
3997471464
2919727836
2936439500
2885927660
2886812652
2888835564
2893087980
2762081423
2963412110
2963412110
2963422390
2443394230
2476940422
2208505030
2191603142
2195779926
2455806238
2451611918
2452858638
4073955102
4068510503
4068510567
2999033845
2986518485
3054740465
3055797219
3206693859
3173131106
3173132130
3185716562
3181590850
3215137859
3198360640
2678199616
2678144256
2640317712
2367686960
2367756576
2233608480
2271619360
2259040513
2393245954
2393837314
2410415906
2376865570
2359826274
2292719458
2296913250
2296912370
2288802259
2289916371
2290088435
2373712339
2407180611
2390402369
2388304193
2388365649
2404942177
2230886753
2230886755
2222498163
2222572023
2151351799
2151288287
2149191119
2153397711
2178563535
2178432477
2178432477
2178430424
2172155336
2172219736
2213474648
2213474649
2179903869
2238494079
2355934703
2355936750
2288893422
2305735070
2339289486
2322578846
2590881182
2586685846
2586751959
2586768213
2586718821
2587570725
4195885604
4194903844
4186647845
4169865511
2022250582
2022193350
1485318342
1481136326
1208536262
151583879
453619077
990621141
705347317
709539428
1791727205
1787344405
1787339271
1791537687
1778947622
1778996774
2064202286
2064267567
2030704687
2026506287
2022312047
2022313167
2022325391
411575439
411592079
159968685
193527212
189396396
185258972
185258708
151769716
138998388
147383061
143155478
1217231910
1217206310
1212880934
3356104758
3356104966
3410628358
3398042119
2391409157
2324177524
2325226340
2344117220
2309505508
2296955364
2288567717
2288895397
2288506295
3362192791
3362190726
3362190726
1210578326
1210570134
1227346310
154333574
152232326
135389639
135323991
137486615
208924949
208916757
208913669
217302293
217302293
217306389
234075413
224630037
224625941
157517079
199462231
1253281239
1253154807
1253422838
1257617142
1513468662
1514132087
1513952103
1511862631
1510744103
1514939431
2072783919
2039167095
428555591
428357063
197670343
185078223
168325279
168354991
436841895
436977079
973708199
977838054
986234846
986227982
986297615
974754871
991556647
957955111
941243425
941234465
952765217
411700001
411705025
411705025
160120449
197680769
1271447461
1254670244
1254666148
1531559860
1531616900
2077073044
2072821476
3951864676
3951934765
3951541295
2869337135
2937490478
2937506862
2938031150
2936948782
2936686910
2945059646
2945130302
2877845342
2877878142
2878991854
2883177967
2851915149
2841953676
2842019212
2825363388
2825379756
2825386412
2821061029
2820798901
3911432629
3912411607
3945966919
3946032391
1798415631
1781572879
1781653783
1848889638
1848820006
1718764838
1735609639
1634945335
1618151799
1618086359
1625688455
3773172103
3773173127
3791066503
3822326711
4072944550
2994743266
2474653218
2424387090
2157129234
2156998163
2157194771
2159291923
2176125441
2197621249
2189101569
2189105665
2197446400
2264551168
2264522208
2281237920
2247665060
2245563812
2178450861
2170326445
2203422127
2171706534
2167511158
2217834546
2217818162
2217945106
2219976978
2228366098
2157066771
2172783105
2206665217
2194491905
2195573585
2195560817
2264710499
2264710499
2390529379
2323421155
2340198391
2306447319
2289671639
2289809875
2289744243
2289744243
2289739842
2558175298
3644438594
4214791250
4195921239
1779150151
1779082565
1779148116
1779017060
1795814756
1795781997
1795888493
1766528877
1766531071
692666335
692665311
701053918
696991742
696983550
696980958
696792526
965223886
411575758
411575758
139030982
139162583
139097047
147485655
147486167
147477971
147576259
147584451
1212863938
1229624774
1263179718
1271568326
1254872023
1250546647
1267331573
1233768789
1221186933
1221448996
1221424420
1213166884
1281348884
1281310980
1279197956
222233348
86968069
86443797
86446373
91169063
99426615
99422215
233636167
225378647
158299607
158203351
191757719
174963095
183351703
182828471
182564279
182563255
174305719
170111415
168932279
172012454
1245750246
1270918886
1237498566
1237490374
1271052998
1329773254
1313062598
3728857030
3728982486
3738353911
3738357991
3755208933
3746686053
3578910069
3562134853
3562274629
3562208977
3561160435
3560988386
3577763554
3607131874
3594549222
3728762343
3754032357
4253277393
4237479104
4237462976
4241594196
4233143924
4245742100
4245807636
2131980853
2131841893
2135970159
2136022126
2144540894
2143361231
2134980815
2143381759
1606580703
1607630159
1607618895
1607549262
1607692670
1607688558
1574003046
1569747302
1552970726
3704633334
3704647510
3696453974
3427989558
3444754454
1297271814
1330827526
1339289862
1339420941
1339420989
1340076332
1297995048
1327287336
1327028281
1578756185
1583081675
1583021451
1608500619
1607975835
1574339259
1574093499
1565774523
1564533675
1564534187
3711985135
3721619439
3704779645
3706876543
3698446959
3698382831
3698391039
4235241471
4249923583
4291870687
4291927759
4283551309
4285648493
3748755309
2675124015
2641499423
2675311902
2683703342
2683647022
3753124926
3753141278
3753141311
3757405247
3749168223
3749102927
3749102927
3747007963
3679907291
3678924251
3645236571
3641045771
3625440027
3629568827
3629642283
3637569067
4174704169
4191480377
4216650361
4212251385
4194815961
4198942089
4198973593
4215759033
3745931513
3713429977
3713421819
3713496939
3755306346
3755273594
3751083326
3734295614
3753170042
3757944954
3722367051
3705586767
3697198095
3699362863
3711818799
3711827309
3745342845
3743246173
3746910941
3678786301
3688358893
3654640636
3721880268
3705099916
3696707261
3696709293
3696512685
3696241311
3713085134
3746768846
3729929550
3738517566
3734257711
3736363051
3736395817
3757367609
3698840328
3426144776
3694580233
3694646873
3558131689
3557092841
1438969337
1468519753
1451672584
1456882696
1451181064
1446775832
1445731368
388971560
489569337
490083593
477496267
483525258
478347930
209785534
209728174
1283465902
1283482542
1300555182
1300538798
1334097406
1317908830
1318957342
1320792349
1319673916
1323873336
1315488808
1328237624
1596852248
522590216
523647240
456268568
420548376
432014861
415236685
415248973
415245053
