1358699583
1356598287
1372392455
1380910421
1380960245
1376228277
1376227989
1376228245
1912640421
1916834727
1925226935
1656989079
1648536735
3791830239
3791886463
3791816751
3875711021
3842156845
3826690861
3830892348
3763847709
3760014109
3760026477
3760005999
3776779239
3780969447
3813475198
3821355534
3787739658
3787748874
3770969611
3770706459
3762322138
3779091082
3812694666
3795918474
3791919002
3863216570
3867410618
3884257450
3834065134
4103483454
4103500814
4237749255
4256606469
4288060164
4292250372
4283927296
4246046992
4229270800
2081935664
2081906720
2081497121
2081632545
1007825185
1006768929
1036190497
1048654611
511783683
511774979
511832387
1065525699
1066576259
1066568067
802261395
787585975
1861335703
1848687263
1848686239
1847628523
1847628395
1847767659
3995263531
4011991851
3865116975
3865117054
3865117046
1726157942
1659049078
1671634166
1621171350
1622289543
1888627847
1955736709
1417825669
1417797253
1417993941
1434771045
3621049895
3612669750
3577078038
3576620342
2670650662
2675637558
2667306291
3667525425
3671649841
3671647793
3665356337
4219127313
4219388721
4218864931
2062666787
2054212643
2047888433
973093889
973089793
973089793
973225009
973212961
1003621923
1018497635
1017972311
1017909958
413930182
413979278
212644526
212644526
531412910
1592375486
1592375742
3756636607
3702111167
3706370703
3706369677
3706364557
3707278077
2499379965
3028129517
3078400804
3075778852
3058993188
3054802996
2786372868
2719408644
2736181764
2685846020
2692661860
2695644900
2695388900
2695396076
2699583480
2716392921
2716458459
2716726747
2708469242
2691687930
2691694586
2691686398
2691653630
2775013278
2775003550
2808557982
3085316314
3081122010
3081123034
3085903962
2540648474
2502899738
2234398730
2246977546
2242782218
2242846731
2243690507
2377908267
2377912363
2376335403
2381057151
2381056351
2372753759
2372786519
2372794711
2372794711
2372794743
2372794743
2372794743
2372794743
2372794743
2372794743
2372794743
2372794743
2372794743
2372778359
2372795255
2372795255
2372795255
2372795255
2372762231
2372237943
2372221815
3445963127
3441768823
1294284919
1294809207
221059191
221083719
86866247
355289415
627964279
627964279
627964279
627964279
627964279
627947895
627948919
896382453
359510516
342733236
342733236
1416475316
1416476340
1412021940
1424603829
1420409526
3618241470
3735748014
3735714990
3739886814
3471451150
3379242014
1215046967
1210852661
1211905300
1211368724
137692180
139854848
148251904
138552576
138552593
134226737
134243121
155214707
155318131
155318130
188995410
188997586
172088274
1245838322
1245838323
3393241073
3397433328
3397497808
3397628912
3397497312
3464540640
3732979685
2525010663
2529200870
2449509102
4061170414
4060319326
3792098830
1644622606
1661457182
1627739958
1611492919
1615691539
541870899
541673747
541673811
550197587
550197459
550230227
550238417
550238417
550107633
550091248
550027248
1615378161
1615369905
1611388563
537589395
554336146
575289778
575355042
583743730
584005650
583997443
583997457
579740725
579739877
596402580
596432772
834981504
889474688
889196176
889396897
1023557537
490874275
427959635
427961602
429010178
160573698
160524562
1238427938
1230022946
1228974374
3418662950
3397696574
3397686366
3397899486
3397899518
3464647918
3464920430
3347533679
3318041188
3227339380
3223177796
1075632708
1141759684
1410334596
336588676
352643456
352635264
486623633
486739377
490878385
423765427
432153043
427958531
427974915
427992834
964799234
952154934
683719463
675330919
692108271
721468831
704689547
1778495883
1778618777
1778618856
1778537320
1778529064
1778529064
1863451432
1844578088
1823674168
1823541528
1823480072
766519497
967846025
967837835
434113674
425723018
409075866
140644506
150090234
147988862
148005694
164880950
164734518
164736562
156351282
1262532902
1262528550
1262528550
3401890862
3397685358
3397898494
3397800190
3397784042
3666220011
3683058408
3687056104
3444835912
3440643656
3440712264
1494706760
1494739656
454355592
456440200
456427657
455117962
425836698
425906330
422736026
422731962
424813038
424813358
433201702
416491058
416497170
416356914
416299559
415263719
407169957
407174565
155489719
155423111
188912007
1531089299
1589817715
1585624369
1586609200
1586599984
3600005168
3604134964
3595746581
3596010775
3596010782
3594962222
2521123886
2521041962
3590593642
3611573322
3578145867
3569761611
1350966873
1351032441
1350841961
1355031081
1346642489
1342448185
268710425
268718617
805618248
822919768
822920921
856529627
860797898
860793738
1388816778
1388624266
1388616138
1458865610
1454477402
1452519482
1452449834
1451663402
1451663402
1455861803
1447460969
1448001784
1376670856
1376658572
286141580
805710332
806763260
806754932
819400277
815078935
882124374
881092342
881125090
881114786
876907939
872450483
872450227
604149939
1824700833
1820502433
1837279665
1837346129
1875094785
1862446337
1712503057
1712388387
1712335139
1729182498
1729239590
1628573222
1616053798
1620050742
545260374
545263951
545272143
562037067
595854153
646185801
918847048
1053157977
507898841
533064651
465955722
163900298
163892106
160794506
196313498
177385658
177381546
176332971
1250074861
172138725
167945332
167951360
437426176
437426192
437491744
441687076
441695268
439874588
456638476
456638492
959955004
943116652
947372520
955761400
955630296
954554104
685848313
686890715
753999482
753940074
751840810
1682976362
1682976346
1701845706
569396186
569690554
564452490
568644746
568606858
811876554
813088891
819384619
819388715
818931503
1892477750
1892457270
1909229878
1925940550
1925873990
1917514182
1913282886
1980375367
1980375413
1464415076
1418203692
1955083820
1955079724
1959325196
1950920269
1950924621
1967689167
1993116874
1926139018
1917750478
1914614990
1914598495
1914577263
1931354415
1885217065
1889349929
1889284393
1889276713
1892185885
1883831119
1879608135
1896384965
1934133445
1649056965
1644868805
1711976645
1711972549
3876233687
3842684903
3846739942
3855144678
3880280678
4010550118
4010550118
4010746727
3960419191
1817055231
1825442719
1820724111
1821252495
1822309263
2107456399
2140946317
2128349085
1056703148
1056703144
1073619689
1073619561
1071391533
1063018811
1029497147
1029501243
1029567515
1029699611
1028634651
525191227
508348443
1582123083
1582193867
1582182538
1590064011
1602638507
1602679465
3716473576
3716457196
3699679804
3703878268
3695686268
2483470060
2483460844
3020262061
2974583471
2991360702
2991504030
3054429838
3055444686
3061449438
3060404974
2481463790
2447909102
2426941678
2443706606
2443772154
2448363723
2431463497
2432445448
2424072200
2424137752
2221795640
3295541512
3291470088
3341797128
3593372491
3598614858
3595993130
3594825774
3594817582
3594879022
4131824686
4131824654
1984291855
1984225292
1996845180
1946579308
1947091560
1947091560
1884212824
1884080845
1623763663
1615370974
1632144350
1648921806
1917489358
1980428495
1980391503
1981423709
1964646765
1960457068
1955279464
1955337832
2089561704
2089561689
2085415497
1946982987
1963756362
1985776074
1918733514
1918801098
1920897230
1916715214
1916682462
1933455615
1887314285
1895772973
1895567917
1893495341
1624043053
1615637021
1615379023
1632144078
1648921486
1644793230
1644855694
1711976591
3859456143
3859472567
4148880869
4157275492
4154449188
1989956900
1994137893
1985749301
1981554725
1998524455
2099118374
2094927198
2094939086
2094939086
2094992078
2019364558
2019301086
2086417390
2094797803
1837892585
1770783657
1770926824
2039292616
969696201
961307465
944566553
940569881
944692249
2018416696
2026805288
2026735672
2026670408
2068614600
2114946760
2114355848
2114359960
2118574760
2118443756
2126799599
2126803758
2126802990
2143678510
4115135534
4098283638
4098263254
4098787526
4115564679
4149124485
4149126789
3209360069
3084567121
3086729827
3052954338
3036161762
3036163746
2960662178
2976386466
2976449971
3043557523
3043565761
3077120000
3547029504
3555418116
3555582996
3518780468
3501474868
3503557941
3503623477
2496077103
2227576175
2245418494
2262203854
2258562446
2258605454
2258404766
2394456494
2667094442
2675483562
2642012139
2621175551
2554226269
3627951636
3627492884
3627296564
1484003104
1484195120
1482036496
1482040320
407184384
138425361
138485761
155394049
155332867
155342098
155436818
155242354
1262550002
1245772274
1245968787
3401817489
3397490576
3397628816
3397555088
3397620144
3464606176
3732974820
2525014245
2538637671
3507783982
4080503598
4080454174
3812029966
1664610830
1662833182
1629275694
1633482286
1632173878
1632165703
1632145351
1665703895
1665777557
1665793461
1665924533
1665924517
1665922469
3821719988
3821719988
3821728188
3789481372
3789421788
3789158621
3822811359
3822745822
3889850462
3889849374
4158545950
4124991518
4116664602
4099895578
4099924762
4098748254
4098685566
1951193854
4157131518
4140355550
4140352974
4140548302
4267364559
4279918799
4248445151
4231930365
4236125165
2095003629
2090604525
2093230061
2093248509
2101673951
2000998367
2009566586
1992791134
2126881870
2126881870
2119680078
2115944479
2132721981
4250821437
4234043948
4242350636
4242285096
4232853048
4232871549
4165761789
4232346367
2110054046
4291085726
4286891150
4207407310
4207337678
4266057935
4278640735
4283889023
4283946861
4292204397
4274320749
4274315629
4265931133
4282700157
4282892605
4282827839
4249269343
4258180191
4258249807
4249717967
4284320991
4280131007
4015959997
3999182509
3998652157
4015494876
2937435740
2771755612
2754982460
2754990636
2753877540
2753877541
2753844839
2758024550
2775321702
3882617974
3866037366
3874372702
3870174294
3870174278
3869653062
3803592790
1670846486
1636046870
1623207175
1623205637
1619146244
545392148
545392164
545261092
536899108
536898324
553679620
553863948
553864061
553831407
566427055
595836351
595967390
595893646
595638670
591436174
587307422
570661054
570661038
570603758
637708398
1716693038
1716758590
1733535807
1729280045
1729271868
1729350716
1664275500
1647465516
1646396909
576916965
593694133
593693623
568400823
551627511
548481557
548874773
548809221
548736517
547630597
548154885
564936197
564922885
627964279
627964279
627964279
627964279
627964279
627964279
627964279
627964279
627964279
627964279
627964279
627964279
627964279
627964279
627964279
627964279
627964279
627964279
627964279
627964279
627964279
627964279
627964279
627964279
627964279
627964279
627964279
695073143
695074167
963491319
963490230
946713022
1013821886
1013821886
1030076351
1072018879
1072018879
1047377081
1048424632
1042214920
1058993417
1025437465
1029634601
2113862187
2143210026
2143079242
1593623690
1585234058
1513898122
1530794138
1501442298
1488856426
3636340266
3703449130
3434882602
3438830170
3426284234
3424359050
3428488842
3428499386
3435703722
3712527791
3742151855
3730739405
3596517452
3598614860
2541733164
2508189484
2487118636
2487103020
2222339604
2239173125
2225406485
2226393895
2226397474
2226401570
2226405666
3302277490
3310678482
3323310546
3325465030
3325462470
3594424262
3611134806
3615275366
4160530798
4160531838
4141725006
4133417934
4267598799
4267581935
4263453103
2132550063
2082215343
2086215099
1557806554
1553870302
1604091231
1587336463
1587315727
1591509005
1590468668
2118950956
2119082076
2098114764
2081866892
1947617180
1947600556
1946236588
1950361256
1958766249
3833652987
3833658970
3833642298
4103125050
4121999642
4088504090
4076178954
4067853834
4063658506
4064203771
4131320045
3867078829
3881686189
3848135837
3831489677
3831424141
3831424221
3831415103
4101849375
4101259551
4099958591
4125245246
4125231678
4121037374
4289793918
4277151230
4269023710
4269093326
4269150671
4294316815
3719697193
3703378473
3573296936
3564907320
3560729368
3560929816
3560885768
3565143624
3564947144
1440531336
1457308568
1449050552
1457439165
1457451485
1457414363
1994351786
2002545834
1968990378
1948215482
1947692426
1947494282
1884578699
827577243
835896235
1945354735
1945167343
1928392174
1919986934
1920373958
1920385230
1919336654
1936081119
1936155135
1910976367
837233197
837040685
837040685
828647997
287587865
270931737
275186457
279380767
279409439
280294199
1354015526
1083474722
1083474274
1078235494
1074245990
3490099534
3607528718
3594947855
3738610441
3734497848
3736398376
3736398376
3741084376
3740811913
3731374523
3731374250
4269392042
4286312618
4252672170
4261126618
4125729611
4159218441
4151093001
4147095304
4114534152
4097723208
1950223065
1950223337
1954425259
1961639323
1974207690
2007975114
4277060682
4277047583
4276921151
4276920877
4276396605
4277645885
4210545197
4199826989
4195626799
4177800558
4165876846
4242150638
3168404718
3166306494
3703046286
3589825678
3588777358
3580390815
3580525999
3572137391
3572137455
3567930711
3303820551
3295419650
3291227906
3291362050
1143878403
1164317445
1189483269
1320031492
1321159952
1323096368
1323084064
1313646880
1292674401
1275957573
1276019143
1277067591
1480491335
1501464035
1534960865
1584719072
1580524708
4262745268
2132034724
2098481060
2085058220
2089248428
2105812652
1971594893
2010392206
2002019742
1983347886
1983339694
1919304926
1919309006
1928487246
1407345422
333529614
299909678
1373917998
1348760879
1348953135
1348922431
1424424207
1442249999
1439993615
1473546015
1406453535
1381357439
1381431165
1465317357
3612794852
3578179573
3578244469
3578246421
3578245911
2505544470
2538967574
2538983990
3084177974
3079980646
3084209126
3084151207
3184795029
3176275341
3176299917
3209852301
3209885069
3193044461
3192978541
3195069485
3203458063
3069440015
3069366558
3084043066
3042068010
2484231726
2484238910
2488408862
2649955646
2645570607
2645565471
2511351823
2498953229
2490502221
2490501583
2507282909
2515614189
2549103084
2549118460
2540786124
2538729804
2500976908
2488377644
3570442284
3566247981
3566244974
3562048878
2501086190
2534836974
3189148318
3189157518
4262832079
4279624525
3155611908
3159508228
3169994021
3169994023
3165672738
3165672742
3169867542
3220535110
2658596550
2658584262
2658584534
2666907558
2667344870
2664719358
3218351951
3050581467
3050576361
3075479981
3077576877
3060997277
3060924557
4149362829
3579015565
3577798861
3577798903
3577801959
3577805030
3578841574
3587297014
3587360483
3587371761
3587367616
3587302080
3698373456
3694179600
4231117072
4246845488
4280399905
4146305061
4129479701
4130525189
1983017285
1997697989
1968337589
1958957733
1954568101
1686142885
4106254773
4114643343
4148230606
4132568390
4132623686
4067607878
4067574550
4076163894
4076107558
3618921762
3585363298
3572923506
3572917314
3572917442
3572978115
3572701139
3589480401
3623033553
3622836960
3614464736
3614465761
3614570196
3581142724
3578918852
3612390772
3612392500
3620781092
3612407840
3612376096
3608362032
3341958400
3308398336
3446810384
3434223152
3434284832
3434087712
3434206483
3434322946
3455227906
3472001282
3405220114
3405613106
3396962338
3392705762
3392730338
3392692386
3677036930
3626644353
3626649232
4172007072
4172865184
4239977124
4239960740
4106004884
4101302476
1966262509
1966241006
1966211246
1613889710
1611801566
1691509466
1687409274
1687199306
1687198218
1620085258
1934920202
1983298058
1983298314
3862078731
3996225595
3996168249
3996229693
3998408813
4015186157
3964825837
3966894237
4235591821
4231464344
4235528936
3170122344
3165923880
3165923880
3182702088
3216253704
2662654216
3751133193
3700916522
3438671150
3425713510
3425701218
3425897970
3425834450
3692175762
1565663618
1606562177
1589797248
1321456576
1317175876
1451397652
1451466285
1452325675
1456515883
1980803562
1999673738
1999670666
1664124810
590791610
590541226
657612970
659693738
659763370
661852346
661725418
627056750
627171630
618914350
618708509
618707468
1692445196
1977727756
1977792524
2104653836
2104630284
2085817348
2089896999
4254268710
3985813030
4019621414
3130560022
3134752262
3122173698
2585367810
2587393282
2587373314
2603100770
2582256354
2645171810
2494172898
2427981810
3501786562
3233426626
3233425600
3236485312
1097373936
1126733936
1160551440
1159172112
1158008880
67166240
67133732
79758126
96605994
126237306
109460219
113588987
113605023
105146511
100984973
84394125
1142308997
1081524613
1088602753
1085457137
3230839329
3230705185
3230707233
3314595363
3348277011
3599934483
3599930419
3606283315
3593569507
4130636963
4128609443
3860241571
1713289634
1713285794
1694472930
1623104006
1623173638
1618520582
1612227846
1612489007
1629261871
1663026479
1662961455
3814674031
3814607615
3781123807
3780916927
3780916159
3772527031
1625034902
1625108630
1624125846
1615214470
1623666566
1619344279
1620384103
1672939575
849745927
849750023
312896519
304473090
1378218210
1447007138
1476297378
2008973986
4156457602
4122972802
3590300290
4117603986
3027089138
3027021409
3027037728
3052203808
3081563936
3064257840
3064296788
3068622020
3056030917
3055895735
2904906918
2888202406
2900773366
2762394310
2762399430
2766466758
3827607110
3844383319
3878007605
2925969701
2934359077
2930179109
2934274101
3999545367
4012189959
3978701126
2904701782
2917289590
2913027687
3987784245
3987781428
4019234324
3956321796
3943737860
1828760324
1828895780
1828885540
1829946405
1678820389
1678822503
1677912278
1677912518
1682098902
1682164471
1691862647
1708606071
1633436183
3780911647
3775668797
3775726381
3843885933
3856468845
3969714543
3986491767
3921484118
4189988934
4190003270
4222533698
4218061014
4218073330
4226474418
4226479011
4256821921
4256752288
3168297648
3161989764
3157802708
4230490852
4230491045
4109044135
4105062534
3886475398
3870203014
3866591366
3862335894
3862077847
3861029349
3861094753
3860898080
1713431328
1730175796
1612784140
1612853800
1612846632
1617038120
1621166377
1621116955
1621157962
1637984330
1671539722
1650689034
1663467790
1664521022
3778458415
3845567279
3845632807
3845633831
3979736357
3995391269
2854573860
2858901300
2859929556
2859798516
2865766119
2865774182
2865772134
2878550774
2847224478
2847154622
2847155370
2847673514
2847676602
2847422617
4189649032
4184668296
2049755272
2049432904
2049073928
2049073436
2117492780
2121688109
2125810725
2123659332
3719751876
3703499140
3703491204
3703294628
2629434020
2629365472
2629625568
2497996515
2489320162
2485154278
2422227046
2439004198
2447524918
3517073422
3518130190
3522291742
3509635119
3542255935
3526532381
3526795533
3524784397
3523526927
3528229158
3536620838
3536686374
4086209826
4035886370
4035882290
4102991122
3030301906
3034356899
3021769889
3038563509
3072246933
4145964197
3876988069
3883284391
3887402663
3886092023
3886104151
4087423557
4087374341
4059063044
4033896716
4033966872
4029862424
4031970872
4032035384
4027964184
4026833753
4026841545
4044131211
4044148363
4077831822
4083077822
4083086014
4066308766
3799446150
3816288918
3824460198
3818954982
3818954790
3818950694
3814764567
3810567175
3877692439
1696853031
1696787751
1697008422
3849210486
3857697495
3854424695
3852261943
3851746837
3889456709
3875808197
3875808151
3875873702
3842126758
3843162534
3855810982
3836806326
3836812498
3836819523
4105234433
1974774017
1978968321
2000063745
2000586176
2000585920
1467924677
1432306849
1427377313
1410606305
1410671969
1410479921
1962021395
1957773875
2107700787
2107681283
2141362691
2128783873
4276324881
4277508881
4269053216
3189028129
3189022757
2919555111
2919756071
2936497447
2949018918
2910995750
3162703330
3096511986
3100640658
3092264322
3088137618
3092396979
3101063841
3114269328
2912746176
2916924096
2908723904
2904080068
2904072900
2904089268
2939810469
2939712166
2939950502
2951482534
2812545190
2779056374
2766552086
4100334606
4100333582
4101382414
4239852334
4240191791
4240191789
4240207896
1555886152
1576846408
1562150152
1428149512
354313480
387851528
387851529
924194059
930545947
930414874
872218907
837555483
833361737
833377993
296539864
300717720
334272408
325883832
309180312
309180313
309309881
317632955
317632938
333898154
326526378
293021114
288766394
322320810
310263211
309142971
317464971
317473163
326091195
837783979
820814767
820291495
820296679
820288503
828684599
858175511
841399299
841393155
841393170
1647227938
1669043490
1643745059
1637386787
1620806147
3772430849
3764039169
3827017233
3828920933
3828937317
3811078757
3794272877
3794272623
3798728815
3823895679
3823975551
3786373215
3769595983
3769530573
1622043085
1643015053
1635737231
3811857087
3795079870
3795088302
3816288750
3820347886
3785664366
3786194494
3786186255
3786198541
3781811789
3777752813
3777851117
3777764845
3777760429
3782020285
3782098125
1634610381
1642998861
1642928252
3790342172
3790342156
3790428172
3786340380
4088314940
2997853468
2997722884
2997657092
2997722900
3064962341
3064831271
3081616678
3211758630
3212483590
3208307910
3208258806
2671260838
2637694134
2621047986
2625246642
3706328786
3703248594
3703125507
1287136769
1291331072
1282991872
1295623424
1295746304
1295683392
1329237568
1195019856
1194168145
1194171715
3341737218
3342791954
3342857522
3353343266
3349128482
3349127458
3734999315
2662957393
2662892001
2657649121
2385024945
2318071427
2670345858
3744079490
3744141218
3748142566
3752340710
2646090790
2646156294
3434684422
2360926470
2365104391
2365306625
2365230336
2631633200
2631436832
2622003808
2634603172
2634749588
2634691204
2634687109
2648253094
2648191142
2650279074
2682783906
2406037698
3458869250
3463342082
3488541698
3484329219
3316023601
3316024100
3353838372
3346367444
3329525684
3462696868
3329006508
3597642173
3597068717
3598183855
3593860527
3610760703
3610441213
2503140628
2624843028
2624646916
2633035268
2624843284
2624747024
2633110032
2633106001
2498822866
2493526178
2493517986
2497725602
2624604406
2352052422
3474090182
3459443014
3472288519
3736521221
3736586037
3740591399
3732201765
3728064549
3728135413
3725982901
1444161717
1443113109
1464085653
1418082181
1417827973
3566387877
3505489639
4028663399
4045451030
4079005446
4083199750
4058226438
4041377574
4032988454
4028810534
2955027494
2954894390
2422221886
2422421822
2430737214
2426542622
2426605070
2159285774
2158245390
2175022350
2208582927
2209107071
2196556205
2196556204
2187889564
2188091020
2188113548
3257528984
3257791400
3257791912
3542984104
3542984104
3542919132
3542923212
3542925261
3509436254
4050623342
4050623278
2976889406
2976819742
2976820766
3018765886
3018765870
3018781230
3010344494
2439986750
2435652158
2418870574
2423195694
2431457326
2444036158
2477724686
2192453646
2192465934
2192367631
2213328223
2180550639
2172160685
2154535597
2154478269
2439756445
2435444365
2435446429
2469122476
2473250988
2473259180
2448089340
2422956492
2489971020
2489970968
2489939240
2489924648
3563928632
3559857161
3312327691
3311809546
3487970314
3483710490
3488363578
3489408282
3489608970
3472758538
3468609354
3467626442
3467155450
3471349738
3488126955
2414452219
2406202875
2406067689
2406020459
2389307679
2389365023
2389373214
2397757718
2414534694
2406020130
2372437282
2372568386
2364184130
2364257810
2364077603
2355656291
2368214627
2368213733
2406167013
2414555360
2376667364
2359824580
2364021956
2355640389
2351692109
2351610447
2284501575
2313857735
2309664453
2343080644
2594734756
2666037932
2657653420
2653532844
3190465188
3191793316
3191859108
3191109028
3205786789
3210046629
3210046711
3209948247
3060984839
3060984839
3069371397
3069371413
3069374516
3069628468
3086401584
3044458804
3026633492
3022440020
3022442181
3022483143
3022483142
3026665414
3034845158
3186886630
3186898798
3220973374
4294780190
4293403934
4293405726
3756604447
3690664991
3690796063
3679724575
3646185759
1497391487
1497457021
1505850213
1489032165
1489040117
1489032949
1480654836
1497431028
1598224724
1581448516
1581438276
1589822724
1589678348
1447073084
1447089452
1430388013
1413741871
1413643566
1413971246
1409621310
1342967102
1342965118
1347360126
1368266070
1401816390
1385106694
1384938774
3532451126
3536645414
3528242278
3545071710
3545203150
3578429902
3586823165
3570373292
3570177708
3569655468
3561265852
3707804636
3708001756
3741513164
3741508044
3741508044
1598181708
1598177789
1598243309
1463899629
1463903741
1472458203
1438907851
3586194907
4123045339
4114658635
4114974475
4124542267
4158096681
3874985257
3866473785
2792723769
2789183801
2789179689
2805907755
2803847467
2906468651
2906468651
2894017386
2894009194
2902327931
3971942011
3835500315
4103875915
4103875018
4103940298
3588045962
3579590026
3613151626
1465663898
1476150170
1442595770
1438404971
1153257769
1157526841
1149167897
1144973369
1145022525
1279244301
1551729669
1551728901
1577025877
1610519509
1585361813
1581163444
1581164449
1580641185
4265057187
4266891683
4275150259
4023428567
4023427159
4015038485
1863360548
1846648864
1846649888
1846803488
1714609184
1719061793
1719028769
1719026689
1702253633
1681347776
1680295152
1684361120
1684294304
1692748464
1689082547
1689214642
1739028114
1726293378
1717838018
1982140418
1965363234
1948722210
1952787746
1956981283
1957116435
346431043
363208387
379942594
1186218946
1190478290
1179981042
1175727330
1192504546
1197286882
1440626658
1436439238
1436238406
1436140103
1436075605
1436067372
3566775852
3562580524
3558391340
3558579764
3558508484
3558712196
3570172852
1418568103
1469034678
1388754102
1380367538
3524709554
3524707506
3526606914
1394696194
1361322290
1428627747
1432494902
1432748822
1441138182
1475284486
1470958110
1470974783
1475148591
1476193599
1610409291
1602011467
1601995211
1601013227
1601025451
3756844463
3723294143
3723445647
3757987214
3757978558
2675925486
2541577062
2547901238
2545939254
2528949046
2528950054
2528945455
2533205037
2453638220
2990443976
4064183688
4064200584
4080948216
4047458792
3762057512
3766284328
3774676008
3772639512
3768494600
3768494616
3772754776
3763133640
3758883016
3758882968
3759931560
2705199273
3035501290
3031306858
3031380602
2494834430
3568576214
3230936770
3298089346
3301283987
3292964993
3288853632
3289740736
3291874240
3290838528
3223744001
1126619665
1122351921
1386518833
1387038993
1923975184
1923910688
1655477280
1659675685
1663874109
1630381119
1630444590
1630440494
1631489134
1631503598
1631475614
1634670238
1634549406
1668103870
1676622526
1654995646
1654995647
1655974589
1655712413
3803262605
4088604303
4058067662
4058002958
4058277390
3504664334
3500453134
3500522814
3500646206
3517423423
3517881901
3514818093
3512061484
3544468060
3510897372
3510967036
3494322028
3490066732
3490062397
3494338623
3502563455
1355587798
1351386310
1351387271
1355647105
1884129424
1880013232
1930340736
1913039296
1645653312
1645645825
1645645843
1648357427
1648324643
1648173091
1664888867
1631395875
541008167
545129079
549389055
547161790
546048670
546060934
546060934
814496398
814488270
835598799
869147981
869146893
843981069
839659812
839651620
856425764
587996460
558701341
558701341
567085597
550308413
562911773
567073549
567073037
558684501
558750069
588109941
554563703
554694775
554678647
558872951
558872951
844086135
852474871
852474871
852343255
843954387
839760083
839776467
823130355
806287555
806288323
282000963
277803587
277729795
298635811
323809889
319615585
286044513
273192037
281712741
277526727
277526726
277526594
13285442
842818
1863762
3944546
3027170
275673762
279900834
296407714
329889409
313048704
313039232
308852880
1378466032
1378740272
1379875875
1379679266
3527157026
3531351590
4055774766
4055696958
4089204295
3550269125
3550272212
3550014180
3285773028
3275299556
3258587748
1111113268
1109012020
1377445652
1376281876
843891972
848088132
864918980
814650820
277779911
277778630
281972950
807186670
537702638
537699434
537705338
592361994
583908107
583841801
575445001
571325451
572305419
572297227
572444778
589172970
555626666
543036334
551490230
551491222
547305118
546912926
545798814
562625167
596179533
579385868
580430348
572173324
572104732
572055612
840433708
839386157
839519277
839519533
852113965
311045741
311043661
311104205
59245197
9224836
13992580
5739412
5740444
5750420
4569780
12905188
12905191
12872550
12875862
6113490
3886258
3865746
6993026
284074114
297251203
313889169
1383371185
1378910625
1378923489
1381017313
1389424225
1922100773
1943193127
4090905119
4082524686
3543622414
1393910558
1393833758
1364463390
1363414843
1363609915
1371937051
1371942153
1372022027
1371918603
1371898186
1908900186
1908901850
1908709374
1933885295
1665449327
1648663597
1644663836
1644605532
3859210348
3859210476
3859161324
3876987301
3847620261
3839233719
1620512407
1620384407
3767828119
3768381319
3789352327
3814585799
1650308295
1650320631
1646125287
1662902391
1669296183
1635718199
1635190070
1618427174
1618423590
1618423335
552943159
546643479
546575879
813962759
813961734
1887720214
1371829062
1363538374
1363464662
1405141430
1405208510
310628254
1384234399
1384230333
1925361148
1916972508
1913892188
1932641548
807781640
807846152
808907064
808935720
540402476
542503741
551015229
550864681
549752105
566540649
566602073
1632099147
1661323850
1661279834
1661285930
1929851434
4082512426
4090966318
4086640686
3548651566
2474913822
2475479110
2475458759
2207028373
2207028388
2206506148
2168756388
2164578532
2164742180
2164668453
2164664613
2177248549
2173052181
2172921111
2177129493
2169294101
2152500084
2152635108
2161031908
2177891044
2211315444
2211215060
2202810004
2198614679
2165061286
2153592230
2153528494
2164005038
2159810750
2178889934
2178824270
3276679182
3276762127
3277694237
3240076575
3240076573
3507330396
3507260892
3540815564
3540881036
3528105612
3528111756
3528189599
3528011454
3528011438
2454203818
3017284778
3015199978
3014216826
4155241482
4159349770
3597315082
3594169354
1444666395
1460210746
1426656314
1409944874
1414145834
1418339882
1419384431
1419253453
1352148620
1082683020
1086898060
1078566812
1091149212
1359714716
3507198348
