2126844780
2143552484
2042889124
2034635685
1480991655
1497768886
1497375670
423633846
432022526
423686490
407082250
214087946
215066890
214997274
231979082
248690891
240295051
508789897
504529049
504545689
504525213
490083229
476451573
476521189
476521189
476394213
1481667429
1481695781
1485876781
2041621309
2058398271
2057349662
2057542414
2054330638
2047986974
2046842223
2046963823
2063733037
2034372909
2042769711
1535123751
1522557218
1522557202
1514201426
1514198514
3686913250
3385048546
3364273138
3431390146
3436112578
2362100419
2379991745
2375667424
2375600100
2643249124
2626470884
2630677492
2621760500
2617631716
2617697253
3691505127
3691296246
3691287798
3708150998
3708218566
1493597186
1480988674
1480988690
1481521458
1482557746
1482558738
1482104594
433460739
450253313
450085377
448824147
440439283
440443106
1514184930
1514184866
1526771106
1480776627
1489164931
1489132225
1489128145
1489308400
1489247184
2042637780
2034263124
2067877988
2051133540
2051141732
2046947572
1778443764
1782638068
1799421860
1765859236
1774450597
1774450598
1841559462
1874958246
2143526830
2126749622
2118237078
2118171078
2114042182
4262636558
4264750095
4268946461
4267889725
4293055516
4243770636
4243771148
4241705492
4174412340
4166003236
4166020900
4168178976
4168291616
4182835488
4182970624
2068979968
2068996869
2067907383
2076230246
2042691182
4190157546
4173376506
4173380058
4181768586
4181834890
4181841290
4282532235
4282516475
4283564779
4291957355
4292027243
4275053883
4275055881
3738184777
2664520792
2664549752
2681326968
2681326552
2647710408
2630942424
2630997752
2631041772
2626847468
2626921471
2633016174
2624631598
2641397542
2637400870
2637347094
2637359366
2637359126
2602007638
3142929606
3141620934
3133302165
4207036340
4198717076
4198703812
4194513604
3674420052
3645977973
3629131047
3636473134
3636476206
3636665150
3368172350
3363979038
3364099350
3364106582
3381420229
3381453196
3448615324
3474751916
3457974700
3456602028
1309059532
1325836620
1292216588
1548000012
1556187396
1556253956
1556251652
1497531444
1514329188
1510105332
1510088896
1510093248
2046952417
2051080929
2076193441
2042635937
2021666535
2021665495
2038447063
2042641271
2042706279
2042829110
2042837766
969095942
968964886
960575798
960567606
956373014
956381190
956377094
960571394
994130370
994146690
994138498
994138514
994138514
977369526
994146742
994277782
994212311
960715031
960583959
960526647
960526647
960592183
960592183
994146615
1002658071
1002666327
994146647
994408951
725711351
692156919
692148727
960715191
994277815
994277782
994171286
960616886
960616886
969013686
969013686
968997303
969129431
969127253
960737589
961786165
944877877
945001269
943953717
960740917
960739893
990099989
973257493
2114107671
2114116631
2114372663
2115387447
2119565399
1987444935
1970667727
2088108511
2096568062
2096437998
2090080938
2090085034
2090085115
2090101467
2089844441
2106651337
2144387800
2144371548
4250112316
4244742189
4244676653
4232093733
4232176677
4240637239
4240629575
4240695125
3720568445
3712441981
2622361165
3696102349
3570277277
3587127743
3588046239
3621524894
3604763038
3604312494
3603296686
3728793838
3729846358
1594942470
1561439495
1546889489
1546829601
1546818849
2102493489
2102432019
2134953987
1598210051
3712140551
3695332611
3695594339
3695459043
3695454887
3712236182
3720613511
3754165143
3733263287
3733070727
3447862149
3431137781
3301979493
3293591845
3293604195
1141959143
1544612309
1597217989
1580369028
1580368004
2115141764
2115154160
2115084320
2115019041
2119213859
4266697510
4266717990
4279300902
4248926054
3158724582
3167112166
3167112055
3030338117
3032448581
3036640965
3053310661
3086336981
3220558309
3195392231
3191194727
3208082775
4281806167
4285869335
4285869335
4294393111
4193715511
1509229863
1509242167
1509373719
1498887943
1498885895
1498492695
424684822
423683350
457236758
457224278
1539420374
1539551446
1539412150
1539347622
1539358119
1506065831
3653680615
3653680631
3653668853
3653685207
3721779031
3746953079
3746936695
3730277735
3730146599
4267570231
4267570199
4284474711
4250925015
4234084053
4099825301
4116598453
4116531109
4150022325
4150022325
4150018228
4116009173
4101398597
3564528901
3564531255
3571940918
3567613750
3567613206
3589083158
3622633494
3623551070
3623555583
3623565309
3587733484
3587731196
3581443800
3581533912
3577597657
3514664921
3548222409
3537146831
3604255199
3621618047
3613229423
4118786415
4102006125
3028266285
3044977949
3042360652
3075902796
3075968836
3075966580
3010975476
3010982644
2977395444
2976207588
2976121580
2984510188
2984527340
2985057773
2980863101
2985122943
2985262367
3018747150
3010422030
3060626782
3060614654
3060467166
3060733150
3077387454
3077395622
3085333654
3052856518
3048661191
3048513735
3048514647
2784275575
2776086823
2771819301
2771814949
2805369396
2805381652
2720527876
2720346628
2720281140
2787389996
2791572012
2816740644
3081505831
3182168118
2645297270
2578193526
2309758198
2292978902
2292520070
2309223554
2380510338
2405678210
2385754497
2383653248
2383587712
3456281472
3724717952
3724717440
3741494656
4244811200
4229086656
4229334353
4229285233
4229223777
4094959975
4099154279
4233437669
4241962469
4237629415
4237627111
4103409366
3587452614
3579064006
3611389766
3611491398
3611483202
1438897234
3318010995
3318010977
3578130784
3578196848
3579761216
3244213824
3246310976
3279930944
3270496848
3270374001
3539858163
3530879971
3530872290
3597982882
2533349558
2549528711
2516052167
2499149007
2490683743
2490692399
2490688047
2499109423
2499043886
2499043630
2498785326
2498774063
2488484895
2488685647
2488689997
2488692301
3562438223
3579268687
3579137663
3621085166
2547840494
2547839486
2531054031
2531082703
2531148745
2656976745
2388404524
2388404524
2656839724
2665445404
2677949452
2680045580
2378154253
2378027838
2359161390
2363241198
2354844390
2216428198
2233209766
3311349934
3562352814
3562279069
3490975884
1074029772
1074130124
1075162572
1158540
5347789
1355975117
1373014477
1408665933
1391892749
3605376813
3597444645
3593249333
3593450006
3727356438
2670359094
2637828710
2642229222
3118212450
3099339874
3099419762
3097486352
3097342992
3096745232
3092549392
3105132048
3105287696
3138842192
3138809456
3137820256
3141797472
3141801825
3116630371
3116372194
3183489266
3183497362
3183563906
2638312582
2638308486
2646697094
2642834614
2642828470
2542161046
2543242438
3623214342
3546602782
3546348606
3525375038
3525570575
3525496845
3525493052
3525439788
3526387708
3526387676
3528738749
3553904047
3499443630
3499515390
2427874782
2427905366
2432099606
2432030006
2440361238
2469782838
2453141302
2457263894
2455162387
3554004499
2446710385
2438321905
2438452112
2434253696
2434254224
3508000176
3545689488
3554569617
3554573751
3556531639
3556533671
3547096551
3614270695
3614372087
3589271767
3590189527
3573338583
3573403991
3564106007
3559908663
3576556839
3576556855
3580853047
3715005207
3714996754
3715046914
1567432450
1601047810
1610482946
1341801778
1325089075
1257857331
1258021203
1249632579
1518055761
1517916529
3682120048
3648631152
3631984976
3630937424
3630931760
4243298912
4244478564
3168582372
3168578277
3175411431
3208968103
3187720615
3187785895
3188146359
3192276183
3074843863
3050728694
4124474870
4107689430
4101492182
4118660550
4118669126
4284344150
4284343927
4250723959
4250791543
4246593527
4245966823
4248063463
4252327159
4252400851
4258692305
4292279377
4292344881
4294437937
2062803969
2054349889
2054607169
2050380227
2054641651
2052159395
2068873121
2043772833
2094259665
2096352709
2096221637
2096168261
2096164215
2087773991
4252235559
3912423206
3916680982
3916684566
3916553494
1811020087
1811410199
1853357333
1853346837
3994502165
3927916661
4196357605
4196341221
4217321383
4191829651
2027560642
4175109826
4174978626
4244182642
3707254386
3707322194
3724099522
3724094866
3724115346
3724113299
3724146067
3757699473
3749290385
3749294576
3749295408
4285044020
4251500340
2917902868
2901064212
2896861716
2901117501
2888337005
2905117295
2906444655
2805256303
2805227631
2804220015
3848733799
3840281846
3837672918
3837669058
4238225090
4238163522
4238090066
3166526738
3183048723
3149527057
3669617921
3673843457
3665441281
3682206209
3682271795
3656978979
3656917795
4172821795
3638041715
1498970179
1527376067
1510582657
2047454593
2047587729
2051707313
2060095923
2055902163
2043384787
2014048982
4228544134
4229651350
4229650854
4242135462
4239972775
4290366869
4273722757
4278043461
3731669253
2653733156
3194806564
3194774820
3211160869
3110493953
3119924993
3117826899
3116749778
3116687862
3116687846
3108283878
3141836262
3138231798
3121589638
3125784519
3192760277
3201292021
3193948156
3210464620
3212561509
3212827685
4268743735
4264516631
4264440838
4264440834
4198372610
2055082802
2063275810
4206442274
4206442242
4222310147
3651883779
3639203537
3639146193
3639144080
3639144080
3706321840
3706444192
3699104161
3699105185
3715890579
3747599810
3739211090
3739079730
3730699298
3730633762
3743216690
3709660243
3713789395
3696945139
3707403923
3640283010
3640348626
3648605490
3681047842
3664278818
1518199859
1526456337
1518071808
1518064896
1517931792
1530513680
1528551696
2031868241
2038028787
2021260530
2021385362
2021380227
2021310867
2029765025
2096723873
2088330912
1568220848
1568356049
1575555697
1575490145
1575494497
1558717793
1558787409
3706600897
1156455745
1157500224
1152976704
1152923184
1152919076
1152921189
1169698551
1173036787
1164607154
1164692882
1160365202
1165803682
1180483746
1179955443
1180098753
1175904513
1177968897
1195340049
1143738657
1156324640
1152280864
1152018688
1168820677
1185664389
3337127301
3328738231
3324543982
3325669230
2272962862
2270800686
2253957934
2522387998
2522579470
2547683854
2509935118
2646249959
2629349861
2633544868
3162033584
3107585408
3105777024
3141433232
3107325664
3107324896
3111520084
3119781188
4193528916
4224986229
3688115317
3678678261
3678676439
3645192135
1506228167
1485127494
1485057286
1485270294
1506180374
1507216662
1532413254
1515635014
1514639814
1514451191
3678708199
3645154791
3653543397
4190617573
4190543589
3150356213
3209010901
2667962069
2651281141
2667978487
2672168933
2648051173
3721858549
3723824373
3723762805
3723498613
3713011733
3746574351
3746619407
3725894927
3725901079
3725892407
3730095927
3738539831
3733360951
3733365047
3750142007
3712398358
3709263046
3692480710
3692448134
3692448422
3713388199
4292138661
4275360413
4274316173
4274300381
4265911661
4283737407
3176522007
3161715518
3161609006
3161868078
3161853758
3159821118
3167820598
4174395670
4191173895
4191235333
3687920916
3687907364
3653304356
1505825076
1505763604
1497375556
1493250900
419574357
419592031
419493759
419474943
960540127
968998363
1807990217
1791211977
1791080841
1782618520
1778425256
1795274152
1795338684
1778569693
3926049277
3993125357
3997188591
4005585263
4018168943
3984684111
3972164807
4232478151
4228255175
4229238773
4233371365
4174659301
4170661461
2039889413
2039887367
2046104854
2079600742
4293943398
4275171558
4275294454
4274238646
4274042294
4274040215
4274038671
4282496975
4282562269
4278646397
4149662317
4149625389
4158079525
4126490917
4126937125
4235990053
4236186631
3699252231
3696630791
1549155671
1549219831
1576498903
1610044102
1609941702
3738485446
3734292462
3733237230
3737430510
4274301422
4265655551
4265653503
4265849311
4266836477
4199727981
4199727999
4199764791
4212142903
4177536294
4160757798
4165017638
4173477158
4169532726
4169549335
3649429063
3720675013
3754733253
3746410437
3746479552
3742282961
3708654801
4278817009
4279160945
4284399735
4284399671
4292755831
4292822391
4284226935
4250745317
4250221029
3562355621
4107615127
4107550599
3570684805
3570746245
3570914231
3570856883
3589796787
3623203315
3606356274
4133856530
4133860402
4133796899
4268027175
4293259047
4259736343
4192602647
4185655863
4185144887
4181016118
4185331254
4227011366
3683713334
1502613558
1501569046
1505813510
1505797190
1489024470
2021692854
4186027447
4219583893
4219714964
4198735760
4194541456
4194537360
4194473888
4194756576
4194711009
4195749203
4202630422
4209449238
4226226454
4188486934
4172494614
3635491606
3633320790
3633435477
2559676885
2558572500
3099634580
3116411780
3133188996
3133325188
3133314996
2852295652
2920645612
2939536237
2939601725
2904970541
2904972589
2917489965
2913230125
2850387229
2851546379
2843092235
2849465627
2832586027
2832483691
2849260923
2907973067
2907973067
3217515993
3213252077
4271310319
4271309278
4283773390
4279706062
4246168062
4246163946
4233545082
3973242187
3992381707
3992316171
4216634649
3948193577
3927221033
3944002363
3944075803
3910587195
3914789163
3918962987
3918901291
2844119099
2839868425
2835475785
2885939161
2885869289
2891173609
2899396329
2899329993
2916114889
2916180427
2918629739
2918629675
2918536491
2910090507
2905892619
2906089291
2910242795
2952218347
2952611499
2935773067
2927388555
2944394635
2944394731
2919093483
2898117995
2898247947
2901926665
2910315033
2910315049
2943734312
2943734569
2941638457
2941615403
2908027179
2916415531
2910637114
2910700554
2906506571
2772234571
3879727947
3883844585
3892237289
2818561001
2818339801
2809946569
2809488841
2808534377
2816917865
2816819497
2808353563
2770608907
3844350731
3848696619
3840295723
3836692331
2901169482
2901179722
2901212490
2834210170
2834210283
2851059195
2876044235
2855072715
2854581195
3928388331
3932579819
2868344811
2882548203
2874155467
2873106634
2848121082
3921858794
3921789163
2831217099
2818600395
2818599307
2822957995
2848086953
2877442985
2944470937
3217036171
3208651659
3209843099
3218260459
3214070123
3216109867
3216041243
3219170571
3210978571
3207763209
3207759129
2939409721
2937157083
2903582682
2903668714
2916273898
2912014314
2911946714
4023448906
4023444810
4023623771
4008874089
4008870121
4025663689
4013027529
3979404505
3962825961
3962756585
3975334763
3992177497
4023447309
4000375567
3996180751
3996344686
4000465262
2952216934
2918581622
2897616198
2900770119
2900831557
3160750964
3185916468
3215276596
3199557172
3197390452
3197429332
3197429365
3201361527
3193030263
3208103510
3174485846
3157523798
3155291415
3172199703
2941451525
2941443333
2949897493
2949770533
2949963557
2941570853
2908086133
2891382597
2891377991
2891433335
2910635367
2910635495
2910671342
2940101070
2944295310
2910610862
2767996334
2767998126
2768133598
2759784910
3833522638
3833456990
3850230062
3892174143
3867145485
3867140365
3862814981
3862819108
3862806884
4017964005
4025960421
3992344535
4025958343
4025834966
4008991015
4009020199
4009220917
4000771845
4000769796
3996641028
4000826132
4017996084
2918041453
2901264253
2892881373
2901278207
2901204463
2901204463
2892879871
2825810895
2826401167
2826184110
2834589102
2834585070
2832301546
2832412634
2824024010
2831249226
2831213883
2847982889
2881537336
2873160968
2868962568
2869093704
2873291241
2839691753
2848014827
2822767098
2822776266
2822907354
2849136107
2849132011
2878819803
2882739661
2873107917
2873123791
2848056303
2843984879
2827207663
2831274975
2839668559
2839651679
2873337151
2857538877
2857534749
2853426445
2853238025
2870011161
2874406185
2849228075
2849359211
2849260891
2840884554
2840683850
2840749419
2849129963
2849195499
2840676315
2839552971
2839569291
2848187307
2843919275
2843853739
2877347803
2873159115
2873224651
2852384123
2923679017
2941502761
2941370649
2903594249
2905827081
2909955881
2918630763
2914338283
2912175611
2916382154
2940495306
2940626426
2941175275
2941143019
2942191582
2942269390
2942133198
2942133246
2916971502
2782741422
2784318366
2784457615
2818012109
2818004956
2817902588
2817914856
2784257400
2775867672
2759160073
3832017177
3832018217
3832010027
3848654107
3848654603
3849182027
3882801659
3891256747
3891054011
2808926601
2808926601
2805911993
2810110377
2817974765
2780230447
2780295959
2784289542
2775900438
2805260582
2805066790
2788281638
2786281782
2807188230
2773622598
2782009166
2781943774
2781876718
3046388206
3046388206
3080139246
3080139197
3080026076
4157988812
4157983436
4149537740
4145327060
4127500756
4128630213
4128686279
4279681223
4246098135
4233511143
4241970661
3969215973
3969182703
3969182463
3975473919
3983847421
2908010461
2941563341
2941297117
2807144812
2801923436
2806109484
2773737276
2773671741
2916240173
2918403885
2918473583
2952032126
2951866230
2951993174
2951993174
2943600470
2909919062
2907956499
2907825459
2907825459
2907764563
2907830083
2907891571
2903695335
2907819493
2773536245
2773614037
2782326229
2815843541
2815773781
2949930333
2926935341
2935453997
2935430959
2935324543
2935324510
2951828822
2951828950
2918438359
2907952087
2907830231
2891048787
2891048819
2891048819
2890986835
2891054403
2907958611
2907897313
2907950565
2773536245
2807430613
2807492053
2815872501
2815774069
2817809749
2817883421
2809621821
2809622333
2943708989
2952101757
2952123775
2918565247
2918700511
2916603359
2891314654
2891249142
2756830694
2773710822
2773573622
2773581526
2773708742
2773647319
2775666167
2775602645
2775606725
2818008533
2815848949
2798993909
2798928245
2924832029
2927030045
2943770431
2942786335
2909141279
2909138207
2910188895
2909926367
2907825115
2949768122
2916217834
2916206059
2916205931
2907757659
2907761739
2890984459
2891115835
2891111721
2907950457
2907829597
2907956508
2908157756
2941699949
2941732460
2949994108
2949998172
2949994205
2941523711
2941532159
2941614062
2916568558
2916568574
2918276318
2918247518
2918247518
2918313247
2907893021
2907888925
2907821837
2886853893
2891179301
2907882853
2916337125
2950022135
2950161351
2950161367
2941538815
2907981309
2903985629
2893421021
2893429213
2909092317
2917411325
2950970621
2951157215
2948011471
2951967182
2949735422
2916181998
2907764590
2907763583
2907763487
2907726623
2907791646
3176228158
3176234366
3176356206
3184728430
3183614302
3218487631
3214290381
3214288860
3214366716
3214197500
3084174300
3084178428
3075789293
3075772909
3075838061
3071770943
3038233871
3038244687
3021401935
3021401983
3042368879
3050816879
3048523071
3048523023
3052795151
3044535567
4114606399
4148160815
4131318062
4265532438
4269719622
4135567574
4135571638
4135579830
4148064438
4113985926
1949700486
1953959863
1962228647
1962159783
1962159799
1961699287
4109202245
4037857541
4037857556
4054618420
4092110612
4075466244
4134181380
4134193684
4062895637
4067182119
4152099622
4152099110
4116381822
4116386038
4116329702
4127075511
3623757955
3619576195
1472155011
1455216017
1474097569
3613188513
3579765171
4127109591
4127043959
4125926695
4125928742
4125927718
3043813670
3044014902
3043917590
3043968518
3078383190
3086763623
3086472935
3086350311
3084252631
3050697153
2975264961
4048998593
4048961733
4046914005
4046722029
4046729965
1882662441
1886797355
1911627579
1911576843
1940973579
1924179979
1928633355
1918143498
1914078218
1914077211
4145471563
4111876299
4259185599
4238213807
4238218927
3701282479
3635680934
2566136534
2557747926
2557747302
2582663206
2580608054
2614389766
3688164359
3687116037
3688742213
3688805749
3655250405
2572780005
3109590517
3109856724
3110055252
3109006100
3104156436
3137838596
3137773060
2936444420
2936439316
2937569893
2941634279
2941634534
2952054182
2951759030
2909893782
2910019790
2941399118
2840731663
2838700315
3916640043
3916642859
2851297851
2851428890
2851400538
2880501066
2951774682
2935275739
2924794075
4014240219
3976668153
3980796649
3964020457
4099278573
4233365469
4242289885
4238089325
2090601511
2090730518
1553867782
1552245766
1548206342
1560707846
1326879302
1225171526
1237690070
1237640806
1489266211
1489248801
1480986885
1548095541
1566441509
1467892821
1451117765
1451149445
1451133325
1459460285
1459395759
1448932527
1448931499
1464623546
2001609386
2001609386
2145265258
2145330986
2113678638
2112629806
2112152638
2103832591
2105311503
2105312077
2103280380
2036048620
1767483052
1795730156
1795750492
721951244
706419229
708451135
708459822
736755774
699007006
683347998
951590942
966320254
999858431
987279551
987271327
978945167
973839501
705411213
705341597
722118861
1762310221
1813678349
1817872653
1681624861
1681621565
1681621565
3827274284
3827102252
3827098477
3961283557
3967567845
3967619047
3840741366
3857647606
3857650566
3892195718
3866567046
3874824342
3807720638
1654986927
1656166829
1656097164
3820370316
4090981772
4057326988
4057326472
4059419208
4059415064
4058894905
4058800683
4054607403
4054609706
2968377706
2968504826
3036531898
3036662938
4110327247
4101420295
4101351191
3828655921
3962873651
3962938659
3963068450
3996553250
3996565522
3996516546
1848508802
1848246674
3999798178
3936892322
3936885155
3920329095
3903515013
3903499077
3903502852
3970861572
3971847700
3971260980
2893341220
2771673957
2805207461
3878944933
3811968167
3816164519
3819310262
1638272414
1639330190
1622549454
1891049999
4040548879
4040488461
4032076317
4032596541
4057762665
3890121593
3873352521
2799609805
2935993165
2935980859
2926543659
2925908783
2938381103
2770608943
3827573055
3827770671
3832683567
3836938479
1687160990
1737959566
1737910414
1989541006
1985777038
2122158046
2139002366
1837016446
1820239646
1817569054
1817494078
1812021806
1828921967
1828790951
1862281125
1849698229
1849701812
1723929780
1723928724
1723887764
1736470676
1954665684
1955789316
1957886468
1961052677
1961114118
1960914486
1440882982
1474441254
3739369510
3740450902
3729846470
3745555654
1530964446
1539357662
1505942222
1505917518
1505888846
1482100542
1481973038
1481909542
1481973799
1490497557
416616469
465838356
180625664
172303616
168105232
168572192
168584480
436796704
440982885
440991221
457747943
457742823
457804279
457939295
441186655
441121103
978057503
977893693
978155821
995047741
961427741
960903453
944185117
944054077
952122157
952122157
952122165
700472117
700533623
692157303
692156791
692189559
692451703
692451703
692435319
692171255
692171261
692171260
692171224
692171256
692163256
692160184
692166328
687971000
1761712824
1745074840
1745010312
1812117128
1678935800
3831689961
3831685849
3831652955
1617060698
1616978810
1633685882
1667236922
1667433530
1675760666
1944522778
1944399898
1944399899
1944547595
870666523
870635386
895800826
904388090
904320218
887608506
879030426
895545546
892555466
926044362
1060262267
1045569835
1053893931
1053828411
1070605083
1070609179
533791515
533791002
533791034
533745979
502371675
364355035
364285387
901160329
905362825
905887625
863868809
841778077
841453980
841404604
573976749
573841581
571482285
600908203
598942187
565256987
564142603
564142603
568337931
568344075
568658443
568658443
568592907
568597211
568602506
569128842
837550986
837616026
300745130
300884138
284106922
279781594
279773434
279454058
11084136
27992424
65696072
53126408
321568008
304843064
841529640
841525544
1936238856
1936300552
1936297480
1898546728
1361814056
1344987675
1344950814
3513385702
3521773730
3521851554
3517526178
3517586578
1357528195
1080700032
1080700288
2834048
19613328
57362096
309068528
317456997
317465391
845947179
845946923
845947947
595331099
561842651
595417531
602794379
602794379
871140746
862749066
862815114
862958522
862954346
326099754
334488362
330134314
330109738
329855275
296427561
300556345
292168712
292174856
23596041
23611418
124320026
124315914
132765962
266963210
1340835130
1269539114
1269408058
3685327114
3685450010
4222255401
3148588392
2880023144
2884151912
2909387352
2888474312
2888467080
2754265752
3827959464
3827836328
3827829931
3828287662
1701185726
1705121982
630340766
663829646
663760014
663760015
630254735
764456335
802270671
793877471
794008574
791919422
791903038
790854462
623114542
627227686
1688386598
1688378469
1689292096
3834690304
3834685952
3830692368
2769467904
2805111296
2804320768
2804058656
2808282656
2808110625
2950696803
2917141922
2900364722
3168797874
3160478898
3026329746
3034719378
3034721426
2494703746
2528274626
2532469058
2456956419
3258066435
3262190082
3269472615
3266327791
3534751915
3535079595
3551987850
1098123402
1093929130
1094585530
19796106
19275914
287580618
287580522
291791723
837156715
837147515
820377951
811724255
811708383
811778011
820158170
820218586
870353658
845200106
845196014
845261438
585281359
585282845
576881709
576946284
556696700
539947340
539890508
539890301
808391277
812061231
551866670
547670062
564430878
581216271
1927587855
1915070479
1915141133
1915139341
1898349197
1882636940
1885209260
1893139116
1624519340
3771999148
3771999661
3774164041
1643392091
1642343483
1642343738
1638151962
1906771466
1910965770
837039834
811872250
811937210
812072122
812977338
821298314
837026954
300175498
333701578
333636046
333697534
333570414
333705582
333963611
335013177
1375186745
1374071608
1357351737
1349356057
3496778249
3496787465
3504707085
3521545757
3555099181
3556172525
3547816637
3524671127
3524400791
3541175463
3543207074
3547333794
3555918066
1404264451
1403019267
1369498385
1369612805
1357021700
1885767172
1882492452
1880403748
4044664108
3813981224
1649708376
1649723208
1645594312
1645676169
1645680297
1935091370
1901536682
1893020842
1895040186
1891372218
1890327774
1353016398
1369923598
1369854222
329675534
333849373
1407590749
1399203196
1399074028
1400666345
1400698987
1367119882
1367185674
3513621770
3513618698
3522003210
4155474491
3081744937
3049169452
3049234988
3049104940
3025968868
3158085348
3158100644
3024013475
2772364450
2772362386
3883332818
3883331778
3879100483
1966236673
1966238976
2083654432
2083535648
2081433888
2085628193
2110996241
1603409411
1469186755
1454506625
1454572161
1475371920
1341186224
1341251761
1307829393
1307834818
1299433794
1164036914
1197500962
1181755938
1190145570
1186014802
1135739330
1135739074
1102463153
1085587616
3237258400
3509890208
1360308720
1377085648
1376037073
1376028881
1381420229
1381396677
1406542037
1375085028
1358050020
1358107364
1349600868
1349574261
1349577237
1366338055
1399892743
1920183559
1920120070
1920107270
1928495902
1922467375
1928830511
1920249133
1916069933
1647601725
1647656029
1647772925
1668677869
569770175
548798879
817308559
815014559
815015679
1888780030
1356126814
1892993630
1911863838
4059343119
4055153933
4055270668
4055274268
2981536348
2985730684
2977145596
2972832492
2973026028
2977222381
2708757167
2708757418
2708479450
2742103498
2736989386
2736988250
2977042490
3044229178
3052622874
3048303631
2981195021
4055198989
4059397405
4059913725
4150199741
4148823455
4115273102
4111152542
4098569646
4099614126
3571400174
3572829646
1424235854
1415603534
1415672606
1432511294
1440965407
1436767004
1436644156
1436645180
1164181276
1193528072
1462995720
1467197784
1475460441
1387369483
1924169738
4075913274
4080370730
4080313454
4080510062
4046909918
4045820878
4045800143
4050518781
4058977005
4054595181
3551280685
3551275550
3534235998
3538430206
3270057150
3270116502
3286892678
3283746950
3250532486
3249365399
3232620981
3236749796
3227821349
3223626805
3240998165
3245129013
3245125157
3555698229
3547248133
3513685572
3510535772
3493709436
3493650028
3493616236
4029430764
1881946620
1899961527
1937637558
1945960614
1945960614
1408717014
1408655622
1407674118
1407544582
1407477782
1390749750
1390880822
1390816327
1408701644
1106711548
1089934060
8196860
8127100
20730424
20771640
58504473
58506521
58562841
58431755
24812299
1161535307
1161344971
1432917881
1575519033
1605076281
4272600376
4272596285
4276790589
4268466733
4264071717
2938802773
2906296965
2889777797
2889335460
2889138860
2891244972
2899340460
2899339420
2899568781
3967019229
3832806655
3832804702
3848532302
3865203790
3865199694
3865183486
3865261550
2791385070
2800822014
2817595134
2951743198
3048224478
4121962494
4122224118
4104590534
3584496774
3584306311
3584326821
3613707428
3543571584
3543575680
3610420672
1429448192
1428402736
1344524848
1348556339
1344280114
1344484898
1348678690
1105269794
1201800306
1201818818
1185077443
1190582467
1190496595
1182051619
1182051363
1383375907
1379315715
1379303427
1379303427
1379828851
1400821217
1367266789
1887421925
1887258103
1366588927
1366650366
1400339582
1937071230
1937003646
1943347582
1473651038
1435915103
1435976472
1438404920
1442603368
1362912360
1346201080
1345779656
1886832328
1893189256
1892994713
1884581579
1880387275
1880448763
1886607083
1945121387
1927287803
1927283147
1390543049
1390572793
3521275112
3504465400
3504666072
3505763160
3500512024
3550777656
3534008621
3534532655
3538727983
3530413294
3544079598
3510504862
3493203854
3493203599
3497469631
4033881765
4033880757
1886397125
1349546949
1366324725
3621807605
3621905493
3621969924
3621966852
2544026908
2543898412
2548096556
2548103740
2548100636
2514546237
2510353983
2225095470
2225079086
2157969894
2163279270
2154890386
2167604370
3275097266
3275096210
3258331266
3258343554
1111417026
1115553094
1115486518
1139342118
1139366710
1105942790
1097481286
1097543894
1105789158
3249013222
3249087398
3349897909
3349931728
3353917136
3257442096
3257437476
3274226996
3546852132
3521751604
3505045012
3496646212
3493560916
2419634788
2956501549
2973295149
2972251947
2985871657
2985871405
2981742652
2981873756
2986081100
2440785485
2440766983
3547009574
3547005730
3526037538
3526033458
3525980354
1382686851
1391341699
1403912321
61735043
28246147
15536275
8151271
8183853
285009197
283962665
283962137
367913753
359635465
1433308681
1476365833
1476167241
1610385113
1593607161
1589417961
4273841641
4273972713
4276069609
4267680233
4263490221
3978211981
3827204748
3827204740
3826680484
3828717220
3832606116
3831556260
3831756996
3831683268
3828608196
3832669476
3832603941
3840131879
2766356791
2757834005
2770412849
2770548019
2808287090
2816675570
2813527798
2813531894
2813403862
3064996766
3064996766
3065251214
4139060366
3597940893
3609475244
3575929004
3559357644
3563480140
1147593988
1147598596
1147594259
1080452658
1088894482
1088750882
1105547362
1106145506
1139720322
1122944131
1122928000
1115524992
1115463408
1114418977
1114418467
1382853666
1399764018
1399231490
1382450179
3529999363
1382388785
1400237089
1400237092
1400368484
1937202789
1926581797
1926579759
1928675887
1928610095
1920229423
1915166815
321265871
287707341
270926216
275186616
275056376
275068648
283452984
279275032
1354065416
1354024472
1356123672
1356131864
1356201560
1423376121
1356267243
1391744699
1391724186
1383860106
1384056218
1379869866
1383866538
1383866538
1406935226
1895768218
1891528859
1358807471
1357693423
275551087
275557950
271358494
1882102286
1931934222
1915154191
1919345932
1927729612
1923269048
1939915688
1910560424
1886439080
1886441128
1886648296
1885578729
4041449977
4058096089
4058100697
4049835608
3512911452
3512913469
3512986159
3512822566
3496028982
1096891154
1097022738
1097020434
1097019442
1130762290
1139146946
61210754
61736066
61801602
66010257
57621649
57507248
23653793
23653857
23653859
23629155
32021795
32026403
32354081
1366142752
1374531360
1408087856
1409254928
1408665088
1937151488
4084639237
4080313893
4080320101
3811885036
3812092140
3816225004
3782662364
3782331868
3782264184
3782230840
3782300473
3781255547
3789644267
3789808111
3789804973
3790718397
3780169101
3813788109
4065585631
4076006206
4074990390
4083363606
1931555602
1394675986
1394676018
1361514530
1474695218
396759046
396754950
530975750
262604815
267213071
233634107
233630059
502050282
527209882
526943642
510165930
392795050
1466536874
1979298475
1960551081
1956291240
1956291256
1893376664
4049331896
4047038120
4047005608
4047189436
4047377596
4043183276
4038460844
4038477756
4038153948
4042290780
3497055868
3497055788
4032948028
4058228028
4053902717
3013711357
3018033151
3009644542
3010692846
2977152622
3512856118
3508627990
3508611890
3542170930
3542160434
1377899538
1378029586
1390546994
1386352834
44438658
61213826
27724930
16584066
6036914
6061474
14214562
14218658
16291298
32023923
32024417
32089904
1131263792
1131396912
1408220720
1408220688
1365687812
3496394260
4033325588
4028930613
4029976101
4046757476
3816273892
3816216060
2725433820
2742121468
2742052844
2742028140
2742093100
2707502380
2749457725
2749457725
2728457565
2728514891
3001141194
3002155978
3008710634
2975278954
2436311354
2419534106
2419533834
2432055322
2444638236
2544262156
2544300044
2528161804
2528153660
2526052396
2547024172
3075577380
2970721828
2969602597
2702281254
2769521190
2769525286
2771884582
2804390438
2804275766
2804275734
2804734742
2804800278
2808994582
2809125686
2809133879
2809101111
2808970037
2808969557
2808969556
2808961364
2808961396
2783926388
2783926388
2951706741
2947545461
2951739767
2951740278
2918054774
2909665910
2909600342
2905389910
2905447390
2909641694
2909649374
2909649374
2909142238
2938633406
2938631358
2938598591
2904978621
2904980668
2909157820
2892118972
2900523676
2896263900
2778856157
2778790495
2816536078
2808147726
2791370014
2791423294
2925645102
2942422318
2938228026
2938363194
2938305850
2938567994
2926050334
2925919326
2926042622
2925972990
2925940670
