1356598303
1372392455
1397687575
1112491493
1376769013
1376228245
1376227989
1912968117
1916834727
1925231015
1925226935
1656988822
1648536735
3791829247
3791820847
3808598061
3808602157
3775310125
3759583020
3763783484
3763847965
3760014141
3760022375
3760006119
3780969447
3813475198
3813491294
3787805194
3787742730
3771006475
3771001371
3762350619
3762313802
3779091146
3812630154
3791920794
3863218106
3863221674
3871682730
3867619498
3867619514
3884396698
3884347594
3850824719
3851855885
3851856140
3839277844
3839277844
3965172496
3965165328
2081669904
2081624880
2081633073
1947349793
1947349281
876806433
897581361
931143939
394342403
394473475
394452995
931308739
931305603
663980419
649169303
653364119
1718663839
1714469535
1714467579
1713410667
1713410603
4012024363
4012041002
4012056874
3848339754
3831562746
3831693754
3831698874
3840281018
3836091322
3836156858
3836033434
3852798347
4121246859
4122223755
3585434059
3588616681
3613761897
3613761821
4150767901
2004333885
2004073765
1735506981
1701952549
1695659061
1695790133
1729278033
1662169299
1662177427
1662141603
1664224675
1630539171
1643121569
1642072737
1621170832
1621306000
1637953168
1637887617
564145857
601892547
593503955
559947251
559955187
568343667
568343763
564164803
564181059
597932099
597866563
597867266
601995778
589347346
589339186
589339186
572759842
572691490
572698658
589475875
1629736993
1612902432
1612870688
1613121568
1617316129
1693338227
1710115458
1710099074
1744702082
1861686914
1851069058
1850741426
1858089699
1858089441
1803559008
1771053168
1754276948
679554244
679553220
683747777
679508417
679598163
964795395
964932611
1036234755
1006809347
1006809345
2080552033
2101525729
2109905057
2143455361
4139944129
4132604353
3862203745
2788470561
2788468259
2788664871
2809636390
2784294438
2918514214
2893348390
2893340182
2905921334
2905917223
2905981735
2939539765
2938466613
2909040677
2892234805
2892303477
2892372055
3974510807
3975293143
3987877078
4021499014
4002558086
4002558150
1859522758
2128033014
2127898087
2144677367
2111061983
2111643389
2092906237
2109683405
1035827149
1069348173
989633625
981245033
981249129
981247083
979149867
2053013531
2048819227
2050933050
2034164030
2017386846
2021577086
4177446255
4173121007
3902598654
3902582239
3901729115
3901659515
4174286203
3898461659
2820469979
2887545019
2904379819
3978236331
3982427819
3990816427
3973924507
3973867145
3965478601
3982290763
3879529754
3883727930
2810083358
4143347998
4160118030
4160114462
4160571166
4160504126
4126695726
4260913455
4261015597
4258918460
4258915356
4250444812
4112038988
4112095452
3843725820
3830094188
3855260013
3788164573
3821651405
3813168605
3877188015
4128970159
4128966575
4133162926
4274723502
4274592414
4291631814
4292622918
2044014086
1490494982
1488397830
1488250631
1486660885
1503437876
1541186612
3679302676
3674969157
4211840085
4211784823
4183469095
4183473191
4183463983
3109734511
3109800175
3118160303
3185250222
2648313526
2631533206
2631602867
2631471795
3698856625
3698877168
3563643600
3580471120
3614096640
2540354816
2519375104
2519633152
3056438548
3056385828
3043864103
3035540014
2767162926
2766966310
2766968630
2758578998
2754138422
2754335222
2754245073
2771014064
2804875696
2804879792
2771325392
2775519729
3849139569
3857530163
4122949906
4122814722
4160514306
4133252354
4133352770
4133409091
1987482051
2130084305
2129036369
2137427008
1864866816
1730657280
1731177521
1731044385
1731047713
1731055907
1735250211
1735382354
1735316930
1701823954
1701692914
1684856034
1684855010
1684855270
3840768486
3840769910
1710053238
1701655382
1701392726
1684545878
1684545895
1625898979
1621695457
1621691312
1621695376
1705720192
1743662976
1726883712
1994786432
1990591120
2125939344
2125525716
2140201508
2110842660
2087759148
2083580196
2083711781
1746070053
1750264423
1757597399
1757660871
1807864515
1791218387
3938579427
3938513377
3938514401
3938516321
3930095457
3930095475
3946868583
1799438183
1766006630
1766006102
1766014038
1774419030
1774451830
1774296086
1807782918
1807791110
1791079430
1782821911
1782823999
3926105151
3942882365
3976378423
3959593015
3959594022
3960655142
3826437414
3828698470
3832368610
3782038962
3782170002
3823984051
1676496049
1659886737
1660352704
1660352768
1660418320
1667624240
1667624720
1630007040
1697081104
1680092961
1680084769
1684278563
1819083123
1819083249
753734129
1823289841
1823421392
1823355536
2091785857
2108562051
1588472450
3735943810
3740121762
3605854886
3605815990
3605799630
3534570459
3534639593
3534692584
3534561512
3547080856
3492550841
1345063337
1346177451
1346248586
271852426
276054410
292606362
309502282
309506314
1390582026
1390520618
1386523438
1386523438
1454159631
1995342093
4142825820
4135223788
4131037420
4131037540
4147817732
4148076288
4114386481
4097631779
4097581922
4097651170
4097573090
3026519202
4100328610
4108717506
3567652674
3567730434
3567592963
3702285841
2629592880
2629625648
2382165280
2407501104
2386464576
2390675264
2390679361
3464324945
3472451441
3472373219
2398631074
2398643362
2658696370
2654723202
3745158274
3694834626
3707413315
3703550721
3703406853
3702816805
3698650149
3710150695
3745466471
3745385446
4248701638
4252896966
4257171142
4257043014
3720143702
3720143174
3707560262
3697074551
3697045863
3697047525
2623291365
2623504100
2648596196
2648592068
3722432196
3755988932
3621631813
3613177213
3615012207
4147750255
3057230959
3057235199
3057366239
3057299661
4147830989
4152029660
4152018924
4160638572
4159639085
4134281005
4134284599
4130088246
4134417718
4151185686
4151198150
4159357890
3723155330
3723158402
3702178691
3702096336
3702059360
3714638112
3576226596
3576456996
4113459748
4118702628
4110305909
4105522143
4105457550
3566491022
3570680222
3562328238
4048941230
4049531310
4057911758
4060075471
4093443359
4093439789
4084002109
4079777053
3542954271
4079948063
4083553087
4092986175
4092991291
3551868731
3522445115
3520405275
1356158299
1356191179
1364493771
3511977369
3511977400
3541934008
3542089640
3545759672
3512096760
3521008632
4124996456
4120765295
4120764782
3617382766
3617366254
3612119278
3607921918
3607860430
3607815374
3607817678
3612241231
3621658495
3621653311
3588164415
3590135615
3573364511
3564974879
3564990751
3581792639
3588084223
3520967167
3553408447
3586952623
3578301871
3578437055
3578701277
3578717645
3579765197
4150219741
4150088557
4149834541
4149965615
4116533567
4118630683
1954379019
1954376985
1954544441
1971313275
2002770667
1997854619
1981047179
1981022347
1999962267
1966473385
1425421737
1354117097
1354115817
1354181339
1354570447
1354518351
1101840654
1391231246
1391440158
1391370526
1382981934
1919918119
1920774181
1918664741
1913421852
1930399804
1930322044
1931355260
1897803116
1901992493
1889405481
4036692521
3566737931
3566743051
3579323978
3243844234
1137193630
1133003454
1133036222
3280503486
3314324394
3586962347
3574379945
3711805897
3710757129
3710888201
3710823177
3715037962
4260286218
4260284218
3219833642
3211510570
3137057322
2599985675
2614665803
3629688527
3625516727
2551741094
2554026470
2558183458
2645215266
3198864386
3203059714
2657800258
2653601986
2657796499
2682962593
2645124769
4238894757
4234702517
4097371813
4114210213
4152031396
3086608580
3053185028
3044730884
3039451140
3039496468
2502639156
2502570548
2515145253
2510946854
2646082278
2643985062
2676752806
2274101414
2279372946
3478939778
3474811267
3474876801
3474876800
3306582400
3306569857
3291660673
3294806465
3299000577
3298869025
3298863904
2225121568
2229446944
2355534624
2351336961
2357061123
2365448706
2377900738
2679895714
2667103394
2666054818
2657666210
2658119827
3190727813
3207507269
3076958733
3043338766
4116752942
4095780654
4095791406
4096983062
3761373198
3761377294
1618093102
1622554989
1621494252
1923484620
1923553996
1928092364
1378678348
1379722044
1381556524
1389908012
3536326700
3259699244
3276419348
3284804932
3247055504
3314230944
3314300576
3314294438
3313765286
3481275302
1330645430
1328748950
1328706966
1327653126
203677958
136372482
136618242
136683778
141537554
141538611
149530935
150513941
200968516
1257937284
1257933700
1256884868
1584369332
1583645349
1583649445
2138354341
4283802343
4015367011
4014252322
1866509346
1863362594
3977689122
3977680914
4013344770
2805910530
2804827187
2804678691
3882623203
3886818215
3987546789
3970892469
3970895509
2896956085
3169331956
3161205556
3161413940
3177605380
3219547652
2666979908
2666943172
2664776341
2596544935
2609130662
2609133734
2580416678
2615019766
2617116742
3416919046
3416921350
3685443334
1541968421
1512617765
2049488677
975742261
707306501
707308549
707308631
707300534
708549814
708492438
1799011494
1748696486
1751829158
1755663022
1755663070
1755798046
1759787543
1793338933
1793877540
1793946404
1789739300
1790722108
1761366084
1746739396
672804037
740169861
740165783
620694437
615778981
665070253
582422220
850727620
852763140
844374820
844374316
332669228
1350906664
1350959659
1350828586
1350879978
1346673326
1343003310
1409592206
1438943630
1585612942
1585610958
3725754638
3660742926
3659686166
2586059559
3676578341
3651543588
3635806756
3652977508
3684448132
3666356612
3733743748
3469502653
1309554863
1192102063
1427770503
1411002759
1411015301
351957645
884527788
883483372
879273580
891858476
892315181
874960446
874759998
878822454
888259638
888392766
880276510
896885774
929457166
912684303
938366733
934170141
401362477
359165485
1433169448
1412195848
1434338824
1440106200
1468483496
1468286892
1468286396
1451712653
1451679885
1468440735
1435935230
1439929134
1951434286
4096821822
1949346318
1948297502
1965139998
1998758926
1982251086
2116419782
2122186902
2147357095
2109616869
4240254565
4240190052
4243335876
2087643844
2105469581
2105396893
2134693519
4265448079
4013589391
4016800239
4025000175
3991445551
3991462199
3983074054
4247462406
4281218598
4281212710
4281273638
4268558374
4272752678
4273867798
4288282694
3751502150
3751321925
3482887140
3453530604
3709638124
3575434732
3575631356
3557743612
3578198780
3515240061
3515108941
3512006413
4044662029
4044858653
4044792893
3789007917
3818236973
3821321277
3812920349
3808724437
3808870837
3775275429
3758564021
3758502565
3772134053
3770091173
3837020855
2780101271
2813651655
2793187847
3862734606
4064059406
3794714686
3794681902
2737439790
2708093999
2699700591
2695502829
2696545949
2981696140
2985833096
4049089160
4082700984
4082894568
4085001193
4160497897
4159445227
4155050202
4289543242
3622773770
1462636558
1580073230
1580073758
1584292654
1609130278
1609097510
1576595831
1549328599
1548279999
1548283053
2093611501
2093513196
877137788
357109276
354297372
287187485
270414653
276694389
276039159
276051414
275801478
7521670
16171398
66470278
49679814
49745350
112994790
112994790
113192934
112600020
1186423756
1202766844
1194361832
1295036904
221291880
489729384
523282792
521386329
1045601738
1045609930
1062637386
1071091498
2130620203
2129573675
2129498393
2120798473
2116608345
2134761705
2101244393
2082365865
1952348079
1956009663
1954930399
1956404943
1956404943
1912360667
1937590251
1399743853
1399742765
1366183965
1349349389
1348760589
1348760581
1348946967
1348885559
292961510
309738934
309726598
376835462
385240966
1459539902
1475127214
1475127278
3589120542
3580736014
3614224958
3622609455
3605833261
2548884012
2548970028
2507018796
2491286376
2499477736
2428110040
3501853785
3500742699
3504875562
1344829482
1344927754
1362031626
1396633610
320770058
303988810
304070890
302833902
386680318
88935902
1168062830
1151023982
1285176190
1285173070
1285186374
1285219014
1287303814
1287357063
3434653348
3433607076
3447241892
3728250020
3594158212
3594158276
3593113716
3593204516
3597197860
3588777508
4041964077
3505015341
3588951847
3589080438
3614257230
1445933134
1446908942
1446907150
1463687550
1467951982
1442655231
905780173
905201548
903135629
894497181
894476717
894476461
894476527
894496805
827445301
810733621
275968317
275993405
276055613
276199951
274102799
283003470
298666718
328026778
315580298
316625290
1389826506
1383403867
1383412024
1400119592
1364468520
1347694376
1356090232
1350917112
1350880184
1351405448
1367721867
1401405834
1401262570
1397797162
1393664298
1393729818
1460855050
1460855050
353624347
353759531
353718635
336922058
337055182
341260766
284563902
284559774
297154958
62336398
49570190
49373582
49467791
49447839
41059247
36803439
320906027
325103403
333492009
295742777
296074552
350747928
342324233
338035721
339084303
339608687
337523838
341726670
350209415
345884551
495751591
499953829
491561125
491577477
524743109
524735479
533119527
1472709159
1473562151
1465181751
1465378567
1465822471
1985907975
1994361975
1985776879
1985778927
1981654479
1981674191
1998439167
1964884591
1700250351
3847602923
3856458219
3884769643
3884963162
4140748618
4266323530
4278938122
4279773754
4279774506
4252711979
4261282939
4260233337
4257087705
4240113881
3701170655
3700028383
3699939071
3699949287
4242057959
4242057943
4286298693
4268400453
3194658128
3194651696
3190472737
3190509619
3207213107
3207209298
3173654882
3169456610
2494169538
2494172610
3567852498
3568843490
3505924706
3505925730
3505940293
3519013316
3535700164
1391362244
1378779348
3526264020
3527380341
3525105958
3541576998
3508352318
3495833870
3567137086
3567137070
3567203630
3701304671
3717753293
3453544924
3478702548
3459947908
3459961732
3459928964
3459978164
3728503716
1599890084
1607791332
2110048236
2105585532
2105584396
2139138828
2126625037
1845729597
1845665085
1711768637
1711637535
1712292927
1712243759
638518397
772674781
772670637
789194157
744368039
752232086
747771526
882050694
880805510
880809622
343941798
343958454
394387854
394441613
361149384
327589640
324832040
1933351720
1932110120
1915398408
1915665675
1932444426
1932443914
1966686570
1964507626
1951936938
1960391082
1419326894
3582473663
3716945341
3449626108
3453300092
3442813244
3442896140
3488804612
3465783044
3465589508
3465589239
3465589222
2404685294
2400489454
2367064814
2350287438
2635508239
2501897741
2514282044
3617379116
3617370412
3013518700
2982147565
2960707055
2956512679
2955644327
2956625318
4028281478
4028360326
4027082375
4048045767
4081737447
4091160807
4091160743
4156369079
4156303495
4160564365
4151780493
2004230300
2004251132
1995850621
1994737437
1944092447
1407217438
1407479614
1399258926
1365696318
1365757214
1366658398
1903467870
1903533334
1895271446
4040332290
4040406034
4031881267
4027879459
4027957283
4044771635
4078313779
4067829619
1993740019
1994329811
1990134419
1989942167
1474067335
1473048535
1431090655
1951118847
1946727767
2097716487
2098760983
2098900262
2138762534
4210746678
4210749718
4210708742
4267573590
4266394598
4283174886
4258147303
4253686757
4253645268
4288179524
4158186564
4112049412
4095325452
4095391516
3025051252
3033435748
2962001636
2961477220
2982469236
2999776885
2454484566
2454467174
2454454566
2455502886
2523607094
2519344150
3576309831
3697944645
3429509124
3437889796
3434691092
3434950260
3367789292
3365725103
3381437358
3414987182
3419177382
3377234086
2282528918
3356271814
3356338374
3625904470
3692984630
3711843158
3749321286
3757711047
3736737743
3736814543
3753394606
2684151278
2673651182
2669456766
2669456670
3193943838
3204417310
3204220543
3204220796
3195903860
2939792740
2939919844
2906586596
2906549748
2906548192
2910204640
3967156961
3966178963
3966056338
3965795826
3965783266
3975220435
1840331975
1878009031
1851090247
1717008143
1712803599
1716865839
1725200687
1723099437
1739906361
1737872649
1741967625
1733316873
1728147833
1694749673
1682101673
1682103725
1690425759
1614862735
1631639951
1665251742
574732442
570743946
571755662
571827343
590864543
561439149
1622582253
1621526061
1621132863
1625337095
1612753927
1612753921
1612884993
1612900384
3760388128
3782400288
3801271008
3801501376
3801544384
3801539393
3803566401
3816092963
3777258850
3777265122
3781589926
3781589942
3816102838
3816036742
3780386182
1635194758
1618375382
1617392190
1625379375
1625584189
543434525
539241733
539240721
539363377
543557681
820399123
816831683
816694658
816743810
850298242
854492546
854561922
577019026
1650834547
1650961440
3798314016
3866422304
3879003168
3828839476
3962967828
3967156788
3975479916
3971745519
3971487406
3988272814
3953668078
3957868782
3933751518
3933890570
1782196234
1782065162
1796811018
1763327274
2019177770
2027553578
4170842922
4172809022
4172870158
4172850894
4188575374
4188575390
4188642997
3920206516
2846603940
2842335908
2905246436
2906295268
2772078180
2772106868
2770019956
2769889124
3826988900
3831170401
3768126563
3768126515
3767220243
3767216130
3783796738
1674149122
1657427267
1649067331
1917474115
1644713459
1644713447
1661490663
1665717735
1674310887
1670102271
1669962959
1674156493
1741273549
1733016413
3880368765
3876306493
4010456637
4010455581
4010533693
3943262061
3944424941
3948551661
3959031021
4022011069
4022146205
3919390093
3902614927
3902679951
4170066622
4169935606
4173605830
4232342982
4228182214
4245000390
4249256262
4287005270
4287074887
4287078917
3213337092
2639110716
3171742252
3155739948
3157838888
3162032168
2902181944
2916800521
2950363210
2807754186
4133144282
4129243898
4145873662
4095546094
4095480550
4095501287
3829984743
3834173617
3884484753
3867707521
3867843713
4141527169
4263170177
4265300130
4282261666
4231931362
4230879586
4234479910
4243331878
4239141430
3719114246
3752797702
3752792582
3753660999
3719874372
3430458868
1278852324
1278983412
1278859476
1278987648
1295650176
1312699776
1312695185
239023073
123077987
93654386
76810579
76819264
76966720
11983424
7851600
54511297
1111392835
1110344450
40796418
44859682
1136451874
1102373987
1083504097
1096205729
1125304193
1108512385
1108512389
1381022389
1389669029
1389669037
1926541037
1926538603
1920443402
1915592734
1378648110
1898565670
1881821206
1882080514
1886275122
1890469410
1890539056
1890415104
1353474560
1374217728
1462302208
1462329120
1463409440
2132334880
2143869280
2122958961
4270513217
4276016193
4269719745
4265586929
4265451681
4284261029
4190937765
4169983655
3901583031
3905444582
4182252134
4179102246
4214753318
3995610134
3999998982
3949618246
3958300870
4206273670
4204172422
4223969158
4215582598
3175136990
3183918654
3213278767
3214319151
3200044589
3202940717
3194539308
2921907261
2921974813
2938817549
2905529357
2889805068
3976125468
3971865652
3973899284
3965476868
4228653060
4228718608
4228784480
4242420451
3164472994
3166506674
3182172818
3198974594
3194805122
2654914946
3594443910
4129088646
4129087671
4116701621
4107719093
4107714997
3839215013
3839145381
3826558437
3826558325
3826691845
3845562117
3845556997
1698077479
1869019943
1869085990
1869894950
1865691446
1863655774
1763123703
1813328359
1827931559
1823739297
1823935409
3969211073
3969183425
3902056001
4018512387
3997348355
3994194435
3994124803
3998257699
4023496999
3986011175
3973366831
3965504559
3961513997
3980322829
4013877263
3997100063
4001356861
4001120285
4000907273
3996778569
1866080473
1832526249
1845178285
1823029935
1688799918
1690111678
1972635278
1972642446
1438917258
1459957387
1191520906
1174678170
1175464890
1179674090
1450602810
1450635530
1471070474
1168670986
1151902521
3299388200
3299388200
3698108712
3710748968
3710814536
3743399880
4284265160
4292641481
3852370650
3856306922
3847922414
3826811878
3826812390
3826826482
3826822338
3826838722
1614469330
1614465506
1613384163
3815377859
3815407553
3874160625
3869886433
3869820771
3869832723
4016629251
4012436994
3995627058
3995758114
3999940134
4008385894
4008250582
4004067542
4020844694
3987413142
3987404935
3970623621
3970607492
3991578244
3983127236
3844649796
3878203684
3878220076
1630065708
1630030188
1630161388
1667914668
1659525548
3802909116
3802678412
3806916812
3815366861
3777749261
3760907821
3766382125
3773718079
3769437759
3769374254
3769373230
3770417758
2969309518
3028034655
3040372783
3077175333
3068839988
4138387460
4071279876
4075468612
4066939380
3816354021
3848003815
3831161062
3829134566
3829003494
3827889638
3832268390
3840460358
3832071686
3832346119
3844896341
3845027429
3845011180
3882759661
3891213549
3886879965
3886879949
3852874959
3857071311
4126047326
4126113086
4127026462
4126961438
4117587742
3580851982
3580778255
3580774239
3588703743
3589755391
3585470965
3585470869
3619009013
3616907493
4132810981
4130837621
4130771989
4131304453
4148094213
4148066069
4114486845
4101903981
4236056173
4244389485
4240195567
4256972271
4254875103
3751765454
3751798214
3755864534
3755856374
3755856118
3730690294
3747475702
3747472502
3747572854
3713935415
1499346967
1484724503
2017007895
2037987639
2037989173
2046498333
972751389
968372765
970465853
970465837
970467117
970465069
970464573
962075005
425228765
425318871
427416022
425303510
425311638
408534422
148487574
147570070
143373750
1217111478
1233823158
1233827734
1267382174
3414931358
3414793663
3688467901
3680148925
3680148925
3675952540
3713709532
2642067420
2642329564
3179191132
3178597148
3174341404
3174415124
3208029973
3212226871
3210187059
3205877793
3206336545
3206304800
3189648416
3212708096
3153988096
3153988097
2579302930
2579250722
2562469410
2561944866
2561936678
2293500966
2292190294
2297433286
2305883334
2306059654
2303896967
2639511428
2638329476
2638263940
2638329492
3171133108
3070471860
3070475956
3070409460
3071474148
3054692708
2786228260
2723568721
3797310659
3872847043
3889688755
3847606435
3830935699
3830870145
1683358593
1616249524
1618286245
1618226853
1635003047
1668295087
1668294830
1660106926
1653755038
1653785742
1670443407
1672520527
1637917199
1617012245
1613082165
1613012519
1696915239
3848729894
3848729894
3856843814
3858023478
2908024070
2907991302
3175181062
4257405478
3183663718
3183890022
3217903318
3193730759
3202344645
3202010980
3197685092
3203975460
3195561988
2587371780
2604215557
2570988806
2633901350
2629698854
2629109030
2629043430
2493777062
2225079446
2247101574
2272271495
2387863684
2387781772
2249308556
2534521292
2536679684
3610423044
3609634048
3613893888
4158956816
4125926432
4113345824
4114544929
4097755937
3024013921
3023981251
2773895874
2773765762
3846449074
4081329570
3812897190
3804496310
4068935095
4068883621
4085525748
4089718804
1909795860
1903565876
1886782740
1886782212
1349932813
1356154639
281300862
290196462
290208750
290208190
332275103
311309709
311042444
310911388
331899324
55361980
17598396
269323772
270506271
1349957902
1348905230
1902292238
