4281385213
4281389309
4279328925
4279394709
4245840791
4233249463
4237510310
4237379318
4239490654
4239421022
4243615294
4285591102
3195072286
4269006110
4277390399
4277242925
4008817709
4025590812
3983717388
2755039244
3828776964
3828778004
3845637476
3879065572
3879032484
3866576556
3875476157
3892122558
3891541422
3857986734
3841227966
3841293534
3841419342
3858131214
3858198286
3891752718
4151801614
4134995230
4143268926
4143207534
4159988966
4160058855
4126603223
4109825735
4235376198
4235369990
4235430422
3965749783
3982539061
4016105524
3996183588
3996382240
3996270672
3994435776
3912630673
3916829347
3908507298
4171583202
4239679202
4239687651
4239683027
4258557121
4250365121
4246175185
4246107600
3709212145
3713406961
3722384115
3721876179
3721884371
3722442435
3590192835
3573350355
4101352403
4118264787
4118252499
4151807315
4134847827
4264882227
4264878118
4263862310
4264448038
4268622118
4151183214
4126084862
4243397374
4239211198
4240190399
4238109597
4242304909
3168036492
3168138909
3159873261
3178611309
3178287653
3043010357
3076564245
3076564277
3211916340
3178483824
3176329296
3176329300
3176288533
3186770231
3169862950
3035720998
4101209382
4101065846
4101065942
4101070023
3581045901
3581029765
3614650245
3614654101
3614901909
3623290551
4158984871
4158923430
4158939878
3747894070
3747889942
1562666775
1550067511
1482958629
1491549733
1491550005
1483160853
1500790037
1532312837
458632453
440810757
440803079
440813335
440681319
457499503
1002759151
1002759151
969208815
969274287
415756719
415757741
407369133
424107453
423828877
457325773
457325773
465706063
465720603
465818907
465622299
432059707
1002480939
1002485035
985707627
2059505755
2051387611
2051387642
2051519658
2051454122
4198929579
4215707051
4182169019
4182167993
4165391256
3100037848
3100100312
3100104312
3168138872
3159750248
3159684729
3161773017
3162292699
3179136186
3179271338
3179257002
3212810490
3196033242
3195006282
3060721163
3060687370
3056538126
3055878686
3060007534
3085185390
3080982638
2678393958
2679508038
2645964806
2649892870
2633116998
2628992966
2627950526
3701526959
3719336365
2641400236
3708846492
3708851596
3708923340
4094929244
4094929724
4113738540
4116885301
3882006293
3881994005
3881993493
3891430453
3891305509
3866147892
3861963828
3860915253
3861016629
3860992277
3860988405
3865183207
4154525607
4256237247
4239603343
4256397007
4256224781
4251252541
4251247929
3173313561
3156733209
3160865053
3169241885
3170782735
3103741454
3111981598
3110343230
3110351406
4218761966
4261356254
4256637342
4256436414
4260626607
3713269951
3742711945
1594220745
1594156105
1560585531
1565828411
1549186827
1414968843
1423345241
1423935065
3567158988
3587622860
3614898124
3614963196
3609579692
3613741229
3589370301
3589501855
3572658878
3572576942
3564119726
3559925430
3558946774
3496162774
3496038614
3504369751
3504369687
1357074453
1357075733
1080259845
1080255489
1080452113
1097208881
1097204785
1097794833
3312403729
3345970513
3329228611
3337609155
3337570242
3333375954
3333247602
3334337382
2277303078
2226970918
2226970918
2231170342
2355928371
2368511281
2402262288
2386474304
2386490688
2386482112
2386482128
2348741616
2310968032
2579337957
2581387239
3688691063
3676104054
3658867766
3659002918
3678229542
3642709335
4162790733
2014717901
2017862349
2017948349
2042909373
2076996349
2076993533
1540122109
1540160895
1506606447
1498283391
3645881686
3679426006
3679434198
3670971718
4207838278
4207838230
3125711926
3126834486
3126834486
3143602470
3210727782
3177042918
3184317414
3167541159
3175939495
2908604903
2941766117
2807531620
2807405588
2809508868
2776036356
2754016516
2753984068
2754025188
2754025188
2758084325
2766407334
2812544678
2795781542
3064212726
3064229078
3064196310
3068525766
3061112005
3056659653
3056725188
4113982676
4097193937
3559266003
4096132690
4100345362
4108701234
3030710802
3047467539
3215239441
3198463024
3198460964
3195326500
3191132277
3208540661
3174966245
3158193895
3170766566
3165981414
3164871654
3165941215
3178556623
3205883087
3206014159
3204900303
3209082861
3083245292
3083325172
3042832084
3038539460
3038543828
3021962725
3021364453
3044430951
2784433270
4160704598
4158607702
4120858966
4125054838
4108148498
3562831634
3558371090
3558371106
3558487330
3571319090
3569238018
3586016259
3602283587
3602315329
2532759745
2524305873
2517958625
2517935841
2522195681
2547418865
3080623681
3067981649
3059531025
3055353137
3057444129
3057444129
3057644647
3061239911
3075981654
3042399686
4098323910
4098324438
4098187255
4098309847
4106628821
4237696725
4256630485
4256978901
2650568661
2675733845
2671115541
2637688087
3178753303
3178753302
4260851222
4254553687
4287977175
4292622079
4284232367
4284223919
4250731695
4250731775
4241761406
4241843262
4233454878
4233424150
4233166087
4233149701
4258315572
4291927396
4275212148
4266823364
4266823364
4265848516
4265650164
3993019877
3993034990
4009849070
3960623342
3960882670
2891347438
2901827438
2897694294
3971808838
3988581959
2916935365
2916472533
2908210932
3159873205
3176650405
3176658853
3075988917
2807225815
2807225798
2941517254
2943413350
3220204582
3186717990
3168929046
3168931078
3160612119
3160485239
4251002229
4260574709
4260431348
4287693236
4291899797
4291912645
4283557829
4216452551
4216454487
4216388951
4216384599
4216384639
2068968511
2068959278
4283679086
4285781355
4285720539
4285706205
4285700573
4283534749
4283489437
4244693213
4228964829
4229067647
3161616942
3169994286
3164851758
3164658223
3164658213
3219184132
3195239940
2654105092
2654361428
2658615653
2658488549
3219476711
3219607807
3181801695
2646045151
2650138110
2633297918
2624912894
2486685150
2486685134
3040312782
3044535774
3052926447
4160213485
4160045565
4151595981
3613685709
3542443869
3542445423
3513087343
4033205351
4108767558
4108767502
4108764430
3567553822
3571498294
2506620215
2535914775
2535879943
2535682885
2540909301
2549290733
2515605157
2513458853
2513467284
2513467332
2505109957
2505109845
2540823589
2540889383
2539838727
2541145351
2541210887
2541090071
2515855159
2515924775
2499105639
2499101543
2490647527
2490652151
2490758625
2490885361
2507597137
2507601219
2540101383
2523319815
2653342215
2653420039
2657484599
2665798951
2661602599
3198472229
3198210109
2661544031
3202592823
3195057191
3188768039
3188829558
3188895047
3188894791
3209860183
2910160117
2889336020
2889807300
2889766868
2888765156
2888638180
2901155556
2762227437
2762238679
2762239703
2763288502
3048533942
3086284726
3077895062
3061183366
3055022999
3073865207
3073860967
3073729829
3043456053
3034993685
3034985477
3026592775
3026678790
3045029142
3053280630
3086966134
3084901878
3068124630
3067993558
3070023110
3078485446
3044987342
3044463070
3178582510
4235489775
4235551213
4260849021
4252312957
4252247356
4235474204
4231341828
4231488261
4235621141
4244063031
4243899191
4239708959
4256486687
4260814111
4252433677
4250331468
4283820380
3210082812
3210076156
3201812460
3067593405
3069563581
3061674941
3061674917
3059036581
3075809703
3050775991
3050782118
3052752358
3052785142
3051683318
3051679062
3051660630
3086005590
3086062934
3061028342
3211916647
3207722341
3174126964
3174266196
3157419348
3160569204
3034713444
3051555317
3219200453
3084987271
3077778311
2540912534
3581087670
3588425654
3567454086
3567331206
3567282150
2493539815
2497769837
3579887901
3575682332
3609244956
3592465716
3596676405
3596712247
3596844342
3730980214
3727826038
3744599414
3698478342
2632107846
3701728775
3701515797
3702563381
3706753573
2649785893
2641409909
2641407329
2620439649
3157367905
3155348561
3021133120
3021399888
3027690064
4117165633
3076970307
3060188482
3060256082
3061072994
3086251046
3086247206
3086345502
3052791566
3052797727
3052789565
3186941756
3184850748
3218388860
3084235100
3084382556
3078018524
3073885676
3073885669
2805456869
2776096741
2782387957
2782255061
2773804997
2773837255
2771739095
3040162279
3073835495
3078555111
3085831543
3219594583
3215276310
3215208198
2644782866
2644862482
2644963842
2645488390
2645471558
2644874471
2682553573
3211037861
3174401940
3174471301
3172393685
3155485413
3155452783
3021223278
3040156782
3044477038
3077966046
4160097486
4160111822
4160123279
4160222159
4153733887
4141151853
4141152125
3595890045
3728174463
3728106551
3732305014
3749057662
3723887070
3707113942
3706868166
3706868550
3704705862
3704644455
3704645477
3704647524
3704683300
3704682868
3696294228
3713136837
3746821317
3729969605
3738354167
3738338279
3738403815
2664477671
3187730263
3187732247
2667767607
2639460151
2648097591
2516009847
2515817335
2491183607
3028120055
3026146805
3026083317
3026182133
4099792853
4110278597
4102029253
4118798279
4117075415
4151620847
3077890158
3069505582
3069497662
3061281567
3076923935
3039175215
3027644975
3027567167
3035891007
4239660095
4239666239
4254411803
3721866251
3721796873
3721790731
3654424351
3637720863
3637802815
3704911677
3704899453
3695465469
3477533597
3460752271
3460752271
3460813727
3469010878
3469010926
3737445870
2659497322
2677380474
2643826010
2648151386
2639761178
2635960122
2635974463
2635981631
2642404159
2650698525
2633896285
2633961853
3428782573
3428791549
3428728031
3437115599
3439204559
3456043231
3481013599
3413914975
3413931801
3422340633
3422324280
3419709992
3402933037
3402998573
3663110461
2585166109
2315616637
2600767845
2554635751
2563173861
2563669477
2563659749
2631796725
2641888213
2549813973
2531923589
2263488389
2264668053
3338417573
3330024877
2252087469
2268946584
2537485448
2537459016
2469828872
2481433352
2477042200
2477043256
3081020952
3085275673
3039789611
3039724074
3173679406
3177955566
3186151590
3186127030
3211337910
3207210166
3173651878
3179157430
3187555975
3187551879
2650745799
2633836867
2624859474
3698598930
3698683906
3698716674
3699241218
3699351874
3614351683
3597571523
3605957825
3597519057
3598571936
3594284452
4131139492
4130612909
4149486317
4116128507
3050730059
2509722123
2510078747
2510083883
2493310251
2493316395
2497641791
2631859518
2631925086
2623399390
2635985374
2669592798
2669068511
2539050207
2539119837
3613256948
3613253076
3592380292
3594401684
3598070421
3606516663
3606380966
3623616998
3572838894
3572834622
3571920134
3571937031
3303534341
3303407364
3564418324
3564418332
3614741852
3598157309
3530989055
4067855870
4076244446
4076113374
4067751038
4061454442
4061421611
4080427049
3778437417
3780260136
1632704364
1624249980
1623201501
1908478687
1908552343
1891787671
1958814614
1958748054
1958758839
1958857207
1975769573
2009328117
4274251079
4266909959
4266914055
3729912671
3746685807
3721519983
3704749549
4240562669
4241594877
4258380253
4275288413
4275215695
4277375247
4277374991
3996356639
3979448383
3962818671
3962761319
3828503911
3826386919
3826391031
3830658775
3975227091
4109449074
4105189218
4155585330
4155584771
4138807559
3606122757
3597747460
3597884788
3597819764
3623044692
3589494468
3570488013
3570452047
3570456431
3570728238
2513758254
2547379246
2530669646
3606495694
3606495694
3606397878
3732173742
3744735662
3742638510
3709150655
3745998223
3746000335
3721919967
3722444111
3724520711
3724000519
3697646855
3697589527
3714377015
3748131125
3757490997
3740451621
3734127204
3738255968
3746566768
3708818000
3691067220
3692248404
3696323684
3696257124
3704715348
3717617732
3482766661
3466513863
3468674518
3467964902
2397364710
2388980198
2402730494
2675356054
2639766950
3696535010
3696600531
3696735553
3692540224
3694637888
3694630740
3693528437
4117159285
3060190581
3060223349
3061138933
3061060085
3069469549
4143211373
4271137641
4271142713
4275403545
4267178763
4267170590
4264938270
4265461054
4281987358
4247470350
4230627342
4234821966
3699011926
4244333927
4239945569
4244139617
4244137697
4233713393
4233676497
4250453957
4132423109
4132359301
4266577089
4276018640
4275959268
4275890148
4283229925
4282705557
4249155205
4282762903
4278703799
4282868646
3208864166
3217125607
3218100455
3184537727
3186696207
3169985551
2633133343
2633193775
3168913710
3186678078
4260494606
4260599054
4260790535
4258758999
4233601397
4229275956
4231393588
4231446644
4248224884
4281783780
4134958580
4134690756
3874705093
4143009525
4142956271
4138757871
4138755934
4138817294
4143007006
4134867262
4151652654
4151652662
4101976342
4110381334
4108276054
4104115571
4108178803
4241292625
4249746433
3746036739
3726107651
3726079234
3725997846
3743286838
3746498086
3721201190
3750232679
3750257237
3733512541
3733512540
3670581468
2655565004
2668206301
2617940457
3154811323
3154824075
3024801418
3034104474
3034075819
3050857131
3086492329
3078169257
3045008284
3045012892
2516530429
2515866733
2515797053
3589551117
3590087685
3581732117
3296711445
3430859521
3428733185
3428770049
3428573489
3445351733
3445292343
3480931655
3464154566
3338374534
3334049670
3602421662
2533132222
2524743086
2520561071
2520556975
2520623103
2541199903
3044385343
3023364647
3023364647
3023495702
3023499538
3044458531
3052716131
3086274659
3078025409
3044471877
3040272132
3178679844
3177569828
3211034164
3211013644
3194234461
3194238831
3202614638
3203662062
3203674366
3195482318
4285931718
4260782278
4244006343
4244002501
4243834517
4101035709
4098948781
4106285037
4123061741
4123061487
4114672887
4114670679
4110546247
4111881671
4116075511
4107696039
3033946023
3034011575
3050689975
3048537527
3048517111
3086269782
3086261526
4150561846
4146394198
3877758023
3877790935
3877778927
3877766575
3882026925
3890300845
4020335613
4021315405
3987793679
4260425479
4242664759
4234345766
4234303782
4230106422
4246883590
4251081990
4218615062
4226933014
4287689078
4287672822
4023431654
4015044087
4014063063
4009998805
4009998484
3876845748
3860069540
3860058540
3862380988
3862315484
3862059004
2792587116
2817644845
2812336421
2778848053
2762206725
2766366215
2753655302
2753573398
2754683430
2754679406
2767194094
2897218734
2897217710
2897217758
3182505166
3184600271
3184616527
2647778637
2630997341
2497170797
2497105389
2488724949
2484528581
2618795461
3176642005
3218572661
3063387493
3063391333
3067323509
3060912213
3056681045
3073836255
3073774815
3040230910
3023449070
3052813038
3048671998
3048476366
2545182414
2545214159
2662392797
2666590701
2658259437
2674999781
2675004901
2641587685
2641526133
2624736615
2624839479
2624711943
2641489158
2641489158
2681339158
2681470262
2664627510
2664617270
2666778935
2675032439
2683355253
2683338861
2647757164
2647766380
3050553212
3044249212
3023408764
3023409784
3157647960
3174441544
3174445768
4248113784
4248044392
4252251433
1827738667
2090933259
2090875914
2090871882
2090921162
1559338122
1567853706
1597218202
1580303770
1579188618
1445036426
1449365914
3613581738
3588415914
3588415915
3567445423
2511586733
2545009084
2549212100
2540827332
3614691909
3579957821
3579867949
4108346669
4100226157
4100349039
4117155023
4112964811
4146588875
4146458059
4134006265
4134010233
4142396697
3605394713
2523263289
2540172093
2548494877
2514940447
2498220591
2493891111
2493829991
2494952293
2499138421
2490651925
2486457617
2620661009
2620861489
2620794915
3698735410
3698724114
3446017602
3487960642
3471185474
3471251138
3467051666
3467973539
3467932067
3470058915
3738477985
3751191937
3750147205
3754209701
3713307111
4113858855
4096033047
4096123150
4096073742
1965170734
1965174827
2011300139
2007106841
2007368969
1973759240
904146696
342109704
342185480
342197833
367298505
367297945
392469689
371506361
371502521
1445443033
1450087897
1450082809
1450086907
1450090987
4151239151
4117684655
4101956031
4101952405
4110337941
4109885333
4105535399
3035918319
2515808239
2507423486
2507474526
2506430042
2514499178
2510305130
2510304618
2510320666
2510353418
2510353438
2514548063
2371933565
2368061821
2367803765
2367934837
2624779637
2624775541
2624777568
2624839520
2620643152
2637358912
3748832064
3732058945
3597764433
3591477091
3591503462
3591634534
4128495974
4266905062
4275117278
4275121358
3755029710
3748861150
3715302638
3705996270
3706454638
4239217247
3702256325
3702104772
4243105428
4251496404
4265126228
4265130068
4265523252
4265520180
4263949349
3206987831
3022405682
3022455058
3022402354
3026592294
3169714806
3165458174
3182177023
2663131871
2662673039
2662685583
2666843551
2666844607
2666848443
2664493211
2639450283
2622677483
2624775663
2620644727
2620649303
2624843526
2639523590
2639508806
2681451830
2681451810
3201471795
3195247921
2658258225
2654002227
2653969459
2654018594
2652058658
2670862642
2624992002
2633372226
2494431990
2494038694
2494322341
2494365348
2225928884
2221730436
2217525124
2234443140
2268520644
2507563220
3581362644
3492168156
3492153292
3559292877
3559287757
3576032255
3613698543
3605309870
3605311374
3606348750
3605365711
3597112303
3597001071
3731120495
2657361967
2683379759
2649960575
2649961855
2647858543
2622574439
2622586711
3713101127
3713131983
3754030543
3754030591
3737384431
3737384447
3730044413
3730044381
3730044125
3725841501
2668877181
2635322669
2639525679
2631073311
2631138830
2494692894
2494692974
2498877294
2499003774
2499133790
2507460958
2541024638
2524247166
2524374126
2524378222
2541110638
2507556830
2506495695
2489661007
2485401182
2485403246
2489663271
2499163431
2495046933
2494883073
2493837573
2246349125
2271641925
2254864705
2254881221
2254618839
2272351718
2238737894
2221943142
2221947750
2222144350
2222145358
2230531918
2242975567
2393903453
2393903485
2393903397
2394166564
3467907364
3470856484
3462402404
3424670180
3424699381
3425862597
3356669829
3355553413
3422595749
1287695333
1333836788
1317182916
1318231492
3333653941
3336623525
3324043687
3325085606
3339961766
3591554550
3591628246
3731939590
3601892102
3600843314
3601175074
3735532323
3735397153
2657916192
2653914400
2670365952
2636823360
4248480704
4231703424
4229605760
4234062976
4250828945
3208610033
3207970929
3207884833
3206816033
3177457189
4259589669
4104522289
3030780417
3165522435
3036614466
2491208818
4114408546
4147957858
4131307522
4143874051
4139679745
4273860640
4273792036
4265110628
4265093357
4248439231
4164553407
4169009854
4172222110
4173152910
3098858126
3113542638
2580865519
2568282149
2618580997
2618715396
2618698036
2631285540
2627095349
2680048389
2663336711
2533183303
2532950359
2532954583
3604603094
3596148982
3607683310
3557355758
4094348766
4027239246
4032494174
4042975966
4042812126
1618489054
1631065822
1631060698
1631191786
1635390186
1643721710
1639457006
1639458047
1639453837
1641553037
1893276813
1893367253
1356492791
299581271
299450133
49889045
50166529
49092881
65345840
98908448
82061616
74851632
204866867
135685442
1209427266
1233047490
191728082
1257019874
1252833762
1252637170
3400252882
3400185810
3400050018
2326310754
2339958630
2339961647
2339924527
2339073595
2347394602
2347377194
2347238186
2347237659
2338902299
2322109531
2338954329
2339093592
2339091528
2607461704
2615850824
2599132872
2590744264
2586418936
2586351336
3123434216
3123368680
3123335848
3127509417
3127444651
3127384234
3127392426
3144231099
4163512523
4167711179
4167700171
4176020170
2028802666
2028811050
2028286762
2029269290
2027168042
2017730874
2017468442
1765863450
1765848075
1765907528
1799461320
1799601096
3955473096
3938695880
3938556616
3930431176
3930429144
3926364920
3943092968
2835759851
2819035818
2823229866
2823229610
2822966442
3904964794
3921746074
4219484298
4290848906
3737200778
3733268618
3599056010
3330741402
3263631546
1117663386
1119826057
3270066312
3261678728
3257519576
3274426841
3240810779
3240815370
3224038154
3228297994
3232366362
3232298778
3232298554
3232298538
2158556714
2175333995
2179583979
2179583913
2171193785
2171193529
2171197609
2204887225
2188109981
3261855949
3261814853
3257474069
3257474099
3257613619
3261736211
3270127363
3270127107
3282721281
3287009792
3286796912
3278408416
3278412784
3245063120
3240803264
3240802880
3240794640
3240860176
3240868368
3240802832
3341466128
3341531680
3341539872
2406074912
2406075168
2338938656
2305365873
2288718787
2297115586
3366531410
3366522978
3366457378
3366465574
3634947118
3639127082
3631786010
3625494538
3641224011
3674778187
3658002123
3658052299
3658027979
2064191866
2018115690
2022314346
2022322537
2022380840
2022234392
2019080520
1763219784
1798867272
1782156232
1781108424
1781237465
1781248762
1781232634
1781216250
1764372842
1747595626
1755980138
1755976042
1756956025
1754806600
948447560
407382344
151583048
168660424
169706952
169705944
436580600
436576489
436576363
436576363
436647019
168209531
168209483
184960075
185925707
187957321
154468729
418779753
481702633
345452216
345254536
345303689
345352858
882281146
882149018
884245178
1895084970
1945940458
1920774442
1920839978
1919643434
1919561514
1391076650
1386881387
1386873064
3534307496
3535302808
3531138248
3526992904
3543833608
3493497608
3493514761
3506101771
2428149273
2495317544
3032004136
3166221928
3166220008
3160969192
3106443240
3140060776
3140084234
3141214730
3124371978
2587566378
2656632874
2665022506
2593786090
3399100570
3399100554
3399100553
1324956044
1316689804
1315570572
1311425412
1311420868
1328193909
1294639415
3425351939
3429534467
3437988371
2359921203
2359933491
2359864849
2359861809
2628293153
2573775397
2569577057
2603123296
2586429280
2590754144
2590654832
2590642243
2590711874
2586325090
2586316898
2586443814
2607419510
2582253646
2561301578
2561341643
2561190344
2565384904
3626547928
3676872392
3660108488
3660067400
3660067435
4196938026
4192870442
4171898922
4171895850
4171765770
3634915403
3639126090
3379075658
3408431690
3408432714
3408446026
3412656730
3421180538
3416929130
3383373931
3651805288
3651739752
3387435096
1231558728
1227454536
422553928
423537480
990291784
973447624
704684264
708878571
708944107
704753897
704753896
704754920
688044200
671283624
671283896
679889608
679808712
697565769
716440122
720638762
708059178
724836410
674632746
1752594794
1754721002
1754704586
1754565258
4170485386
4204040858
4207194778
4198867706
3657818858
3658359402
2588811626
2664047722
2593786922
2595816490
2594897930
2599030794
2339004427
2288678155
2297093643
2297121306
2288523834
2288589370
2288729626
2296985146
2297967403
3367510121
3365418088
3382189144
3386382408
3386718280
3378329928
3373103432
3406689609
3406684234
3406159946
3410358522
3415056618
3415056746
3415195499
3414874697
3419064905
3377089099
3373926986
2306411338
2288532842
3370655850
3366654074
3366588510
3370782806
3370799185
3370733936
3362308448
1281933792
1143652816
1160434052
1160437124
1193990540
1177213324
1177221517
1311504782
1311308174
1311309210
1315492330
1319653674
1319661866
1319854378
1319854377
1319691048
1248379688
3408643864
1261083400
1227533064
1228581129
1211739147
1215878155
1215841291
1224213595
1223165051
1214979946
1231699562
3374988906
3379050202
3387429578
3383251930
3383284154
3383357866
3383358891
3387538859
3379280297
3408640425
3391858056
1248436616
1256829064
1256820920
1516875944
439066856
438935592
975937576
976139288
725543960
691432504
672607528
671431992
675419913
675416011
683869835
683673241
683683513
679553705
696511145
729857721
713070281
713064968
985695000
977383720
436445224
436461608
436363308
419574062
402789230
406983358
415368894
142805690
209795738
209922954
1300380042
1334119562
1199836362
1200376938
1134087210
3250117930
3250118954
3283661066
3266941258
3266937034
3271131371
3270107369
3261685992
3257659512
3292190040
1148898840
1148886536
1148886536
1551404552
1547209224
3694705208
3711478328
3678255624
3661471240
3661071928
3658978090
3661980010
2588156266
2345607530
2345542506
2341348206
2341081446
2342125634
2344095810
2343043139
3421047877
3379157057
3375085761
3358239173
3358239173
1231723973
1240171716
1240040516
1265337424
1261149280
1261026400
1529396320
1529525344
1529525616
1596625728
1982497731
1915470722
1915425202
1915425954
1932080290
1911045282
1890072738
1890072997
1890138780
1890138765
1353198223
1353199242
1088958154
7089738
15478298
61364538
61466938
1135339835
1168894265
1156311833
1143720729
1143590683
1143590682
1147793210
1151971118
1168748334
1169796911
1169792300
1171885372
1440319796
1472827156
1447790420
1447789012
1443594460
1443549439
1443520746
1443766506
1460550762
1561204858
1569593882
3448388122
3481877002
3397926474
3397924426
3398975818
3395829882
2305495274
3362398459
3362399227
3370787497
3437848233
3437819576
3437797020
3429404300
3295252124
3291189132
3341461892
3324685447
3324681414
3324628214
3325563942
3325571366
3329893158
3467260454
3467256359
3467208224
3467161136
3467152656
3462957056
3391653904
3391854656
3391797312
3391797568
3475680835
1328215634
1563054690
1563099762
1546322930
1554600418
2091438310
2091446508
2091513048
1974003912
1462302936
1379457208
1396398265
1394227386
1344153786
1348351642
1352602298
1354433210
3501904555
3500716776
3500713500
4041780740
2976426516
3005786672
2989140480
2989135360
2989135360
2989134368
3005924896
2972372512
2775273057
2766756451
2783510115
2779314033
2796156737
2934632769
2934698304
2926080480
2942841312
2888315364
2825524188
2825523917
2834182875
2901156714
2901159274
2901162090
2901166298
4026489034
3875465354
1716972682
1918263434
1916088714
842268826
841220266
572787882
543562922
820391082
817245322
816193930
816112330
832868875
850174507
854368559
845986861
841844772
841979952
1915403264
1915403264
4079671040
4029285888
4230614560
3102281314
3098032738
2561153634
2561154642
2561152610
2292715618
2292723810
2292723826
3366461507
3366477892
1214883916
1244239948
1244379212
1244309580
170567756
170563660
170837068
170247135
156570362
1220944554
1220813482
1221338794
1217145518
1217145774
1216887982
3364486318
3364394127
3365441605
3359146244
3359212053
3359224337
3357254165
3369067031
3436176951
3435847231
2378860717
2665121964
2530904252
2524612748
2524547468
3056111240
3056109192
3056108264
2787738152
2788078120
2804785705
2804736555
2818368043
2784847657
2782603049
2941925209
2941912457
2939880841
4012442763
4016637082
4025031866
4289664186
2109674586
2108104714
2024087562
1487216650
1504993290
1234493722
1234495289
1233446457
1212476985
1208340058
1209388746
1212106714
1216300410
1237270650
1251635322
3399147642
3399147738
3399131354
3405284857
3404238760
3395853224
3660094376
3660159400
3660299672
3664356744
3664360344
3661337080
3661254955
3661246506
3661242410
3660194858
3647611946
3635029002
3635033354
3366651406
3367519758
3367555710
3366499055
3366499044
3437802164
3303584416
3295198880
3223968432
1076566704
1076501168
1076501168
1076510096
271217792
292212928
334136320
334019584
308848688
36218912
36411408
36345856
304782336
1378534656
1445610032
1584005664
1319830112
3483972195
3416864466
3383307970
3383309890
3366523442
3366474018
3366506530
3634925602
3634929714
1487514624
1508485124
2032703492
992512012
975865932
707697736
707702904
708702312
724828266
691343850
676741034
685128362
685718186
681392794
748174986
747120266
2089296522
2089296538
2089362090
3700961962
3703075546
3437782538
3295161866
3295161882
3303550522
3299422762
3299414058
3433562154
2359820335
2359820301
2296908812
3362326540
3358152988
3374930237
3391757071
3391765262
3395953927
1256866055
1252573557
1252560992
1256759776
3395854816
3391791552
3391796160
3408560832
3375008449
3358231235
3358247622
3362458198
1223236214
1218984494
1218981934
3367514153
3365679144
3369869416
3356237945
3356238970
3355707518
3356318078
3377293662
3415173470
3398366542
3398340942
3398406622
2324201966
2346221993
2415493544
2238285752
2238297784
2238293656
2171188888
2167112328
2167128712
2167026328
3509199528
3509265832
3514383528
4084848808
4084832393
4080646345
3811154121
4079586379
4079584778
4079587850
4046041610
4046021178
4113244714
4113244714
4260045098
4255723562
3651731691
3651732668
3651998852
3378847872
1227219072
1228054656
1225957824
1224909764
1229107015
1237498438
1237490374
1229101766
3477248726
3745880790
3729045462
3729117654
3737375190
3738353767
3755200613
3746689120
3578917984
3562134608
3558071616
3562471233
3562470995
3561479795
3578025586
3611588210
3724834530
4265900002
3200345571
3212965345
3179466176
3162688960
3167979456
3159402224
3155207796
4229030420
4245938709
4279333413
4279268135
4283512167
4283637119
4283631823
4283635911
4223760629
4223891709
4220714191
4220704071
4292067654
3757134150
3681775990
3688063334
3654381926
3654300006
3637522918
3637519830
3629133126
3629590806
3629537590
3654699030
3654702342
3755430150
1607856391
1339420981
1340076333
1532875053
1528613933
1595459629
1578690685
1578887391
1583016139
1591399819
1608500107
3755917979
3721839291
3721839291
3713397439
3713328047
3713327599
3696518639
3705104239
3707139967
3707229823
4235581039
4235523963
3161761659
3178540411
3186666879
3220291423
3220280845
3211904541
3211904557
3174262319
3174446911
3178632510
3212182830
3221159982
3216839742
2679907358
2679923726
2684118047
2617078911
3665249631
3665249615
3663119823
3663134175
3679907291
3678791003
3645171034
4162188058
4166423067
4166423099
4174754363
4174689833
4174704169
3109349993
3138771689
3122122489
3122546057
3126739337
3135205561
4225704121
4225708249
2640196057
2640197115
2640276847
3755830654
3741089054
3736917310
3736917054
3736907838
3758075999
3724447823
3699295247
3699035199
2621021295
2554133615
3107843439
3141395805
3143497565
3143484253
3151885165
3118330605
3117773564
3103224524
3094828749
2557955773
2624917165
2555656879
2555652766
2572627918
2608211406
2599891022
2595569726
2663174191
2663178287
2663178285
2649547032
2620387848
3694064136
3695105608
3692941032
3692363752
3712282088
3754294745
1451672649
1453245449
1459504136
1450771480
1445469240
1579891752
1596863545
1563309085
476447053
485884623
479593102
478352014
209793726
1283465902
1283466926
1283745710
1283778478
1301067262
1334687614
1317905182
1587130655
1589162268
1588113468
1592300584
1596558392
1596639260
1596852236
455481356
456530204
456265532
433129021
427885141
