3044790835
3057239027
3057336753
3057325201
4061871249
4065934515
4140316839
4136122534
2005403814
2005535886
2010784910
2013210014
2004427070
2011789086
1994981150
921217806
652781839
652839183
787131405
795518013
694915117
690655277
674988077
674791485
740868173
740835549
740950249
606736553
606741419
610939563
615202490
615070394
883505882
279591626
279920202
61615626
44846858
40680507
40746043
40743961
36549656
36540440
1110429720
1177473032
1177440264
1177424152
3303945016
3299816312
3299832440
3299734136
2225902312
2225902312
2360121257
2381092779
2272042922
2272116410
2406399642
2405875354
2368122522
2368188058
2368192154
2401754874
2384944170
2654743595
2658937913
2666343449
2666408987
3739891070
3622437310
3572171166
3572318606
3563438478
3563558022
1411618182
1143180678
1143065926
1144055062
1412490518
1412691222
1412615959
1417137943
1442176311
1469558037
1454810389
1459016133
1451114949
1445921157
1580008341
506402485
360595175
888483567
882126703
881862527
1955619679
2088805199
2093003339
2101380697
2097196653
4009798253
3879844588
3871587052
3867381372
3801252445
3797074509
3792888447
4061209199
4061405670
3792966886
3805547686
3801353383
3802073221
4074641541
4091422852
4057860740
3504228996
3502132981
3500439269
3504628327
3521405486
3521405246
3517440038
3517444134
3517289510
2976156710
2955709447
2955843845
2955849476
4029593092
4033779204
4034823700
2772207140
2770120295
2803691254
2803228070
2807418022
2807907494
2809992374
2805932166
3883278470
4151713943
4160102821
4122346420
1974928260
1974469452
1437606204
1441800508
1441805581
1441807371
91236378
87185434
120736010
37144842
41340814
49202062
49070990
65852303
15594399
15643581
284075692
1349430892
1345170988
1345105412
1361358084
1361351956
1365554213
1362937062
1360806054
1360920998
1398673830
1407071142
1402868658
1402737538
1368662418
1351886243
1347741155
3493326631
3492264467
1428204035
1382067719
1382266375
1927447047
1928430119
4157903589
4116030437
3846284772
2772468964
2772470884
2772937988
2803280644
2803296772
3073796612
3040221796
3040217824
3043823264
3031238560
3048014736
3047633280
3081187792
3080984032
3084916193
3084922835
3051367362
3051367138
3042970530
3043035554
2502101170
2535602323
2523015377
2531403856
2531330112
2527078656
3617598016
3349248625
2242083299
2246301922
2246281442
2489551090
2489551298
3026299650
3043076610
3076632082
3059980066
3059978530
3055784226
3055800610
3072414002
3072395526
4150409270
3852609639
3852536036
3887073412
4149225604
1997676932
1968316868
1439826781
347210029
1956659495
1960897847
1012967687
1008769287
1008830727
962824471
992119559
975349511
975364613
706920965
707977765
1798365473
1766908257
1765860833
1774233509
1770108565
1753325189
1757527681
1744943809
3892361795
3892361507
3897604131
3956316199
3941779495
3929197831
3929208327
3927074359
3927078439
3926918693
3946841637
3913287157
3921675445
3900918967
3900857783
3900930439
3905022343
3904956806
3904940215
3984623783
4018374823
4005730695
2924654279
2788337221
2787350053
2787170085
2787135781
2803908901
2774730533
2757891687
2766288487
2766225143
3839892375
3835697558
3835697303
3835713687
3886106775
3869432967
3869435013
3865223365
3861094737
3877745969
3844128033
3978340645
3978410535
2908944950
2942466614
2921494038
2921468438
2921337654
2925793318
2950955238
2946960567
3987081397
3987089572
4021553300
3889178756
1997548676
1964122500
1968316876
886178605
884163375
1017168679
1021356823
740337927
740329477
740395029
723945525
1780911109
1781703437
1779606029
1779597871
1795285551
1761666607
1745119791
3892329327
3896510895
3900770477
3917614269
1803687309
1858217871
1849765775
1858088359
1858100391
1853934759
1854065847
1736619139
1710400963
1696630019
1679855377
1679863601
1679994657
1696771617
1730346513
1730297345
1696741971
1696668387
1629490083
1642072227
1704986787
1738541219
1721896083
648164483
597893315
568389699
543195137
543203345
1684120593
1692576531
1709353474
3865225730
3861035522
3995245058
3995325974
3995169318
2938122542
2816475182
2812677359
3886418093
4020570284
4021553308
4283443340
2131959941
2081563077
1557278983
1555169574
2023801126
2027988262
1751165190
1751427334
1776781319
1789298692
1795066116
1780395780
1779343876
1778827804
1779843620
1763058212
1746149920
1744835105
1749025063
1753219318
1753418942
1753356478
696653966
998647942
981870727
444983431
444906373
444900245
449098661
436634273
436376225
437428881
437450433
437516243
523452403
489832307
473046899
477305715
484645347
480458979
346036403
396376195
380659843
380680321
385072513
376616323
846370193
841127409
572759345
1663090481
1629527585
1612750369
1679924773
1679941159
1814173239
1814173239
1747064358
1759511590
1755317286
1755317286
1755710495
683029519
966142991
995372047
419703823
403470350
407682078
952933742
948739566
2022686606
2022684558
2056229518
2056163982
2060366526
4198994599
4198863541
4199022500
4198922660
4266006692
4265871524
2115247236
2131894660
2098340292
2094137613
1018298669
1017119023
1017391407
484763663
476878925
502237317
468617349
452365445
441885061
436642433
504545937
521327265
523264737
489711331
493891571
493043539
473046851
473045827
477305683
484645347
480344291
497072371
513849539
1051765955
1051768002
1056158786
1056093186
1043502098
505650194
488749106
1008859186
2082658594
2083408418
2095729186
2091534898
2041302736
4205682320
4205622720
4202474688
4196183232
4195200208
4195790176
4011257184
1836502881
1836568419
3992243683
3981770211
4015320531
4015417795
4015421762
3992931682
3992784354
3992720354
3967624066
3966640770
3975025282
3970240162
3970189987
3970235301
3988060580
4023445908
3994085508
3994199236
3859980292
3864166432
3866345504
3860906017
3877658643
3844235267
3827433842
3827434482
3840279446
3840297654
3836168950
3836074614
3836082693
3891128837
1995221268
1986831380
1848410116
3995910164
3996053557
3996016695
4000207138
3983492066
3974972322
3966571186
3832492674
3840353922
3836156593
3836021664
1706301856
1739864224
1716791428
1981031556
1980899525
1997718291
1978843683
1637974562
1705289506
1738845443
2003085313
1998882817
1999014913
1999014977
1999039953
2004239777
4151657891
4159002099
4159010129
4159173889
4159165713
4125486865
4125485569
4125485585
4121942627
4121808614
4155294118
4117557414
4114374822
4113911990
4113976710
3832961927
1693866737
1706121952
1743809521
1733324225
1729126853
1729261895
1735573794
1744290082
1739031842
1726328066
1717872642
3995383826
4012677138
4012809474
3983453458
3974794803
3974745699
3966361331
2909335283
2905206513
2942959584
2942880224
2951236064
2942917569
2909694915
2905505731
3979302898
3982775394
2917429346
2917410002
2914397314
4021709185
3987163552
3988015520
3992222112
3966791040
3832702336
3832738752
3857957665
3856712993
4016110881
3995133953
1780738049
1784924209
1784727587
1785153811
1768295682
1747332354
673648418
677448482
677452578
686832418
679488354
679488370
679504707
696314819
729852371
734116179
734107715
700561475
675526721
1745270849
1745328209
1745132117
1745353317
1745250917
1762007653
1766263397
1766066791
1765808759
1774193109
1807747253
1803753653
1803688117
1803778181
1803610245
1803593861
1807792519
1832958855
1812183986
1812118178
1812118178
1677888178
1677888163
1677978531
1694755747
1728211875
1733434291
1716652690
1651714706
1659906978
1658853538
1654655154
1654655123
581122177
597829825
564275393
547429441
547359809
547359809
551573587
551675971
551791043
597862867
581089729
585284033
576895425
572758465
572628465
589409633
555982113
539216163
539228211
543356963
551704611
568543283
585177411
576858947
576858691
576854643
585173731
585112291
568343283
547367571
547568275
547437187
815807379
815806899
820001203
836794579
836892915
836802675
870357105
870356017
870420530
828608531
291672083
270774289
270774581
1344532797
1415739196
1419934232
1419934232
3584186904
3315600920
3483662088
3484698377
3489481017
3355300219
3355431291
3347043835
3330274779
3330269659
3330273691
3330273691
3346518521
3346514425
3312959865
3312898393
3320296793
3320292729
3320161659
2246357371
2238026235
2238038522
2239091130
2239099322
2235000250
2239194538
2272683451
2281596827
2281699211
2281568219
2247947259
2246898475
2246897963
2246963515
2247090457
2247090493
2238701885
2238697837
2273231357
2415837687
2415907319
2675831295
2675765758
2642261502
2671750526
2671684382
3208620830
4265589006
4265327390
4269521695
2121907993
2117726488
1849221385
1849221145
1849266216
1848279080
3966402604
3840838732
3832534212
3828208580
3828314772
3828232868
3828167332
3840684716
3836490414
2762749870
2762751130
3047962778
3052353754
2540583114
3614320714
3597560842
3606865179
3606868251
3602665818
1459437946
1459536122
1451151594
3577671930
1413412042
1413397962
1412349386
1416596955
1961205755
1961142251
1952753019
1952756091
1952821291
1949802537
1949818921
1949823037
1949716541
1950232621
1954427181
1971196797
2004812799
1996423903
1996292811
2126460619
2126460635
1588926043
1588864603
1588880969
1609852745
1601459545
1566916953
1428504953
1432703353
1432834425
1575448923
1558671705
1558671737
1558540665
1558573433
1575351289
1609028601
1583862649
1581109848
1580070489
1580070489
1584265081
1601041913
1600976379
1575801339
1560080635
3707630075
3707761147
3707671035
3724448635
3758002539
3613832507
3597133083
3613913099
1462226971
1463275578
1429565818
1412788602
1412911994
1417048682
1425437306
1559704139
1559565131
1576338251
1601524187
3757536763
3740628475
3736425979
3736424955
3736359931
3757372411
3748979579
3715490139
3715625305
3715609945
3715610105
3715612137
3715481081
3581195705
3581261721
3614806939
3614823163
3614954235
3598111738
3598119406
2541150574
2549539950
2550125934
2549994878
2541598542
3076301391
3042817549
3042811452
3051331372
3221203820
3212700524
3212697404
3191821916
3191812684
3208590044
3212653549
3120312687
3099066479
3166178431
3166186719
3166448847
2633772175
3560193181
3574923453
3608543375
3620098190
1468031118
1434509502
1438889198
1409719406
3558311982
3491072270
3510475018
3548218635
3552477449
3535700233
3607007545
3607078189
3615286573
3615354157
3581928765
3581343005
3698709853
3564455263
3562424318
3579205630
3587593982
3621090302
3755238390
3721683446
3721687398
3721786742
3696751895
3562530055
3558337799
3558341895
3579305815
3579825013
3621773269
3621781461
3621779413
3621770197
3621602293
3613217781
3579597797
3579589093
3561759207
4098109927
1967391191
1430720846
1430655246
3587603726
3721846046
3755272478
3755256078
3755257114
3737433354
3729101067
3729162571
3612787067
3612787049
2513884649
2513889260
2497046492
2495731660
2487285720
2504128504
2504128509
2501072365
2501268989
2505446527
3581350175
3581227295
3715440927
3589613342
3589685214
3623230366
3352758718
1205672382
1180441022
1180179870
1180184991
1113138077
39527325
41771965
53277668
19194148
2400564
2134316
6328616
6331689
283360043
283294506
1373813530
1442220810
1442810122
1474135306
1457291338
1457029355
1447657641
1447731369
1448010941
1449012413
1444817325
1465265069
1431703485
1416824479
1953567391
896611007
904934127
904930159
903900463
903933215
903916815
895849743
1969656095
2011599167
2011595055
2004124973
2002038079
1968499007
1970616607
1971206495
1904090591
1375602175
3522823086
3587716014
3621315566
3621299998
3615008014
1467788558
1400675342
1467843598
3579215887
3579216143
3579232543
3612796271
3747046895
3746903551
3746899965
3746771933
3746763737
3612410712
3612415832
3620943112
3620828424
3620830489
3587271961
3587303193
3704747801
3705128729
3705127545
3707224953
3707098077
3696604636
3696604668
3713512957
3713504765
4283929981
4227250047
4227248958
4289835326
4293980462
4281397550
4214513774
4214579550
4212555246
4225157614
3934780399
3935300559
4204751695
4200428815
4197777422
4197842958
4196532270
4214362214
4166062310
4169139190
4169278166
3632416471
3632780981
3632592612
3703891700
2617556948
2617614276
2618732228
2622943172
2639691732
2505378549
2505313269
2270632821
2270640949
2281119541
2264208661
2259955989
2259955733
2260594743
2260709415
2277290471
2277278118
2239530406
2235338150
2234879414
2234949014
2503409030
2503405446
2501306310
3612698102
3612702070
3621090678
3621090326
3587519575
3564583942
3430292486
3430287622
2355501846
2355501590
2373402134
2415859206
2392592919
2392601141
2392384036
2392384036
2327372325
2327376423
2331559910
2348322214
2348337318
2305378470
2301167830
2301298950
2301250822
2301289542
2347426005
2347426004
2343084164
2347271300
2372439428
2368310676
2352713108
2352930228
2350837156
2350804391
2354458086
2287405142
2306148614
3379902726
3413580038
3405717270
3400480310
3400151798
1252668053
1253585844
1249383332
1261962660
1226337684
135883076
136046852
138062084
137014532
137012485
153727237
1241035063
1268285797
1250460140
1250660780
3666523564
3687562668
3687553468
3653933464
2647570840
2640231864
2639695353
2673198585
2534786553
2541045081
2524394969
3598132635
3606455739
3556188094
3514111934
3514119102
3497464766
3497477022
3497247190
3491868999
3508577557
3508581653
3546326276
3538140421
3538326799
3622212878
3622208798
3580282158
3580151086
2490689006
2490886142
2490890207
2505561805
2505561804
2505569860
2505438805
2505439093
2505439093
2507659255
2547340790
2547340790
2538960374
3612701942
3612824822
3612824790
3614921943
3614930263
3614795093
3623183860
3623216500
3623220565
3623212373
3621115253
3746944359
3746952574
3612735262
3612735262
4116053806
4116049254
4116020582
3545726422
3545710022
3528922518
3528922038
3526824626
3541504690
3491173026
3495170786
3499365330
3501540802
1085732034
3232146499
3349593345
3328556311
3324283959
3324296247
3592809535
3727027247
3748130110
3715620155
3723993081
3723870200
2647957244
3184828156
3168048892
3159725796
3159732836
3155530288
3157643792
3157315873
3173048355
3194052706
3194110066
3194356802
3195418626
2658478354
2675190566
2650090278
2629188406
3166571278
2629322511
2511917580
3082400284
3065745964
3199767148
3194520292
3190330028
3207115432
3173577385
3039318954
3022522538
3027044602
3026532442
2498181146
2514892811
2514888713
2679530760
2662785544
2663309880
2663158312
2663154409
2662105771
2674426538
2636694202
2636661418
2636714410
2637116586
2637053162
2649630795
2684233803
2684233801
3757976651
3738652107
3738684891
3606431130
3606349210
3488977306
3480736154
2369188058
2369156442
2369135930
2373332266
2381718826
2377475886
2377478958
2629169726
2629677630
2562495021
2562495076
2566685348
2557248164
2569307812
2602618532
2602819493
2586997927
2584896679
3150111878
3179472006
3162694855
2631328069
3696578837
3698614549
3694469151
3694530590
3695051790
3695052046
3699252542
3700890926
3719658858
3753237962
3602225098
3602154121
3601105560
3605312424
4129592808
3055918312
3055990824
3055990824
3072762920
2804326408
2770853896
2770727224
2770825768
2783335977
2779205226
2913225450
2913749738
2943096538
2938901130
2905289354
2905219722
2905088426
2947026090
2947029163
2947102907
3215665371
3219811531
3177866313
3710574665
3711877448
3707691368
3707626984
2646406632
2646407128
2680018825
2684351373
2684351403
2675307499
2641708011
2641708907
2650218331
3715443018
3715377498
3748997466
3744939354
3744929242
2669113850
2673324542
3214848382
3214774559
3214706460
3181161020
3185356332
3179200036
3158214196
3175006748
3174957596
3208515117
3208382767
3212576806
3215722534
2645100662
2628394199
2628400327
2361009349
2361140661
2230597540
2218002848
2234914993
3308666001
3344331907
3334791298
3334774914
1195680162
1091010982
1075282934
1075683078
1077717766
1346157318
1365740295
1399250693
1382458629
1382458637
3606480189
3604780335
3621567806
3588000782
2514455822
2497617166
2513868574
2648093486
2648023598
2681578285
2681705341
2664756076
2656359396
2668938220
2669138876
2669573565
2535355805
2505985173
3042790615
4116544727
4250791127
4234142807
4234081543
4242461959
4244616199
4252873815
4286428279
4282242295
4265596119
4263429623
4267628517
4276090469
4271760997
4271731445
4277953239
4265353943
4265353983
4148036527
4097705406
4244573598
4106165470
3569163359
3569169423
3569099791
3568051231
3572315199
3572454711
3590280471
3456062295
3455406934
3447017822
3480580446
3474421086
3474388318
3478585182
3478646558
3453285663
3436508543
3432300925
3437019645
3428839932
3445551612
3478582268
3478582236
3730240476
3730035677
3729900381
3729838463
3746619759
3746619755
3753960826
3754161499
3754153307
3620193787
3587556715
3579107179
3579180891
3581409099
3581400923
3581399899
3749695963
3749695967
3749638655
3716084095
3716141407
3581890911
3716092191
3749654843
1602041131
1602037033
1601515305
1601515289
1601519369
1565792009
1565803272
1549058840
1557435224
1557435352
1556382200
1552268713
2106043307
4291210170
4274432990
3997613918
3994977822
3860824894
3862922047
3862930221
3879657749
3846066628
2755526884
2754350304
2758019300
2762279396
2762414452
2763405844
2895526404
3180604932
3179553284
3213124100
2610225511
2614936038
2573729958
2552761510
2552977590
2552945062
2570779558
3153767382
3130567494
3130567494
3130699078
2593825894
2656600294
2654748838
2638020758
3157921943
3157930431
4235862973
4244514732
4240191400
4240186360
4235987208
3559705352
1412280072
1949083400
1954325000
1958519560
2094835000
2093855785
2102377705
2131664107
4127638747
4127605962
4127589594
2115380330
2136420142
1572211246
1572211254
1555504646
1555392002
3707560450
3694973186
3694759954
3694833730
3715801283
3757736081
3740901808
3732465568
3596146336
3595097760
4131935904
4140586660
4158416597
4116457157
4099745735
4101977566
4101977566
3565114878
3590276350
3590147278
3623648714
3623648714
3606926842
3615324154
3623711738
3623711483
3757929211
3724370811
3757859705
3749470569
3749572921
3615354937
3615487001
3581932569
3713528841
3713455433
3713520969
3713520987
1565906299
1601683835
1601651067
1609920859
1609920859
1576366459
1576366393
1567961401
1567895865
1567973689
1568109337
1601590025
1601651275
1467306571
1467306586
1465144186
1599427066
1607807482
1574252890
1574244699
1576337755
1442124153
1442148729
1442279737
1433882904
1568100632
1567977816
1576399192
1576399225
1574302201
1574294521
1609946075
1609925627
1601541115
1601540987
1601681275
4285900571
4286426907
4294950459
4152335929
4131231273
3057422904
3057431352
3191656920
3191853544
3211678184
3186512296
3169730988
3169731973
3169812357
3169451957
3169386407
3160997811
3161058691
3177833875
3194529250
3194545634
3194615154
3195008786
3211720210
3177571890
3177473570
2908776226
2909820194
2909881378
2918403122
3184680258
3214047554
3214113729
3217058513
3208669796
3208674916
3204534100
3141684548
3117579332
3117612080
3113278560
3113256032
3145766096
3133253056
3120670672
3120690848
2852247201
2869155491
2839699106
2849197746
2849069714
2918476694
2910087670
2892294646
2892351574
2900806674
2900816914
2900467730
2892013586
2909843462
2939286533
2922576917
2926770212
2926762020
2935114788
2935112788
2935177412
2926706908
2943484316
3178432445
3178438335
3161533102
3186715374
3167779582
4174412358
4166004230
4166067718
4166197763
2020672033
2020607777
1752380689
1802644481
1783772177
1791165491
717226099
713044210
981491954
981524642
2059445430
2059449534
2059648158
2059581886
2059582399
1518508733
1518508700
1518533324
3737320156
3728997988
3725719140
3727938421
3593916887
3581334978
3564553410
3571899522
3571861650
3571927250
3571911154
3571915171
3571460515
3571461537
3572510113
3570411440
3586134913
3569369795
3703689810
3704807986
3707167266
2363875894
2363815430
2632248838
2632300854
2649012526
2665847102
2658568462
2658569550
2658569679
2658567631
2658637021
3061088492
3061088492
3056898284
3073487084
2805133820
2771575692
2771575452
2775765676
2784031404
2781931180
2773542556
2805001948
2805062248
2809514601
2816834107
2816764507
2749640411
2707699679
2690908671
2959278519
2967605431
2967602353
2963346611
2963285171
2967479539
3504563411
3496141891
3512919299
3508727299
3542257153
3542126384
3546328352
3537939489
4142130193
4142056465
3060253155
3061302246
3061773974
3086940038
3086863862
3212630126
3219974191
3186420013
3186487068
3186550284
3178127884
3173978628
3174896165
2641695526
2646021474
2646021346
3182763234
3220458738
2683620546
2683764163
2666966464
2666966976
2675216064
3207892544
3207962128
3207966256
3207915040
3220497185
3203715878
3202629926
3194225014
3190030838
3207011774
3177585086
3169212830
3165813135
3166005645
3186978700
3220563852
3061179293
3060064749
3060064751
3055899007
3056033886
3077039166
3043159086
3168978982
3168978950
3168967942
3168906503
3168843543
3160520471
3173185351
3038959047
3072738711
3072721846
3073835942
3077911462
4159972262
4159971838
4155777370
4154732602
4154789947
4154670105
4121163784
4125333512
4117207048
1969526792
1965071624
1696630024
1830846808
1830977626
1814200442
3962736746
3962826858
3962627178
3962826094
3966926702
3975302742
3841132229
3841013440
3832554128
4101059232
4101313440
4126606256
4159062912
4159132544
4154972032
4154980016
3081105057
3085299425
3001413361
2993020627
2993020610
2992930450
2992647842
3059820194
3068344226
3068147106
3068138658
3605017826
3605013554
3601014802
3600965635
3600998403
3605110785
3596853253
3609375749
3559033093
1952876829
1952876813
1952942415
1952811467
1966455995
1698026666
1697957034
3845412010
3828692138
3828757674
3831633066
3840020894
3835900558
4238549710
4238418647
4238369316
4238407200
4238667312
4242860560
4230261264
4230326800
4230392320
4248223232
4130770625
4132882065
3059205777
3054880400
3057112976
3061309344
3060137888
3068524512
3064321840
3064451840
3085300481
3051676962
2959109410
2959109154
2959166498
2976056354
3009610995
2992771203
2993824129
4075955073
4075952049
4092659623
4042278310
4041268446
4041276510
1893771294
1893771278
4049710094
4079070238
4062557246
3794244639
3878061319
3878078263
4126033639
3169781414
3169662642
3169657490
3177980578
3177452194
3219390882
3214934162
3181532290
3181575363
3181440321
2649812240
2637227824
2637227824
2553499924
3090313524
3093460004
3097642020
3098788900
3098789140
3113407812
4223792589
4194358687
4194356654
4211367086
4178536622
4228802718
4232740254
4258914206
3187205854
3215499998
3198923390
3198857758
3198923542
3194810678
3206856743
3207876640
3174528032
3174186016
3161595168
3169996576
3165867600
3163774656
2631073472
2618490561
2637418179
2670841779
2540821987
2532435169
2530338033
2530276849
2538661808
2540889744
3052598913
3052588675
3048328883
3052469154
3051678115
3076807139
3073269187
2536385857
2536383809
2540508512
2515015008
2510824929
2510890465
2511168947
2510609842
2539965874
2535490963
2535622083
2535630275
2539824386
2539890434
2976038418
2955075090
2955136562
2954943778
3026254886
3034602534
3034596438
3034979394
2489728323
2485531971
2489714547
2514957169
2514952531
2544181507
2548379985
2539992432
2523217392
2523273680
3614575488
3346140032
3354599312
3320849363
3320849363
2247107379
2171695393
2155050272
2171960608
2180380944
2214000896
2209799936
2208743936
2208678704
2175058723
2158293350
2162475494
2154611110
2154774934
2150503814
2167291270
3274586502
3257805190
3257280902
1114008006
1114111301
1113912580
1113891092
1113890868
1109762100
3257311236
3257315328
3257303040
3257319440
3278815280
3316532000
3299672676
3299611367
2225877742
2225877678
2230075050
2221685418
2217490874
3308066970
3341170826
3341171086
1197614478
1172317070
3303019460
3303035172
3227607076
3223446564
3223578656
3240552704
3286686208
2191969792
2191966720
2192359984
2192360037
2259481062
2263667182
2263662766
3329085626
3262010522
3274586250
1126578314
1126594698
1109846154
1109584330
35761483
35697928
35696952
102801704
1176608828
1176674316
1109569548
3261255684
3278290964
3253092624
3299820064
3299689188
3299627757
2225894058
2225885866
2230089386
2154593194
3240892586
3240368314
3240507578
3241556106
1094067594
1097999246
1089610446
1088902005
3227906340
3223643428
3223644448
3224693552
3254241792
3283537408
3266757120
3265708548
2191835940
2191839598
2263142634
2263646378
2255329466
3345979546
3610163338
3576600714
3559831690
3559832970
3559301514
1965466058
1965465883
4113998140
4147634220
4151534892
4134694188
3595704620
2522024252
2522029340
2530613004
2543194636
2511667788
2495349481
3568042730
3568046762
3568054954
3303816634
3291224250
1143736506
1143343258
1144141962
70395018
70459790
74462031
82887452
1156624684
1148231980
1146202404
1163045636
3337796100
3266480644
3265693188
3265561108
3265577580
3332690795
3332662250
3336843754
3328520426
1311708346
1311710362
1160644746
1411799178
1411577994
337816714
337685898
341884298
477140411
477143467
477143529
1550950889
1551081961
1576182121
1576203055
3589460783
3589457455
3572756023
3564236343
3564240439
3715204951
3715138903
3754997205
4275156469
4275222005
4266825204
4267087348
4262970868
4280275444
4282216948
3174658548
3177935845
3186324463
3181912430
3181913390
3181935934
3186425150
3186482486
4259761942
4159096582
4151571718
4151419142
4147179574
1997664375
1997697109
1997689028
1731347660
1731347708
1630606828
1668290412
1657803304
1653625384
1653879320
1653875209
584327690
936654602
880548330
880753066
1953118378
1961494666
346557834
346554762
346571210
78172666
11051370
11051503
15312239
16494063
16427429
24820133
39492037
1115590081
1378780481
1378648353
1378656547
1378656546
1378398498
1382712162
1466614642
1433065266
1466586642
1432961842
3723031330
3702056230
4105760039
4244171861
4235782341
4231919828
3695114452
3711360196
3749105092
4277290436
4277298132
3757511664
3757835232
3757855460
3757597668
3757598565
3749475701
3749473543
3745311815
3715038274
4256087490
4255563730
4255287026
4260401906
4247818983
4245721813
4279415365
4279428613
4264615716
4264585509
4268964134
4268898566
4277280006
4291958038
4254208310
4256567350
3702870038
3702902807
3703042117
3703028804
4241987908
1951766868
1964284772
1964284773
1997571429
1983086615
1983041606
1983262926
1983262862
1915101326
1931885998
1944521390
1907690158
1907694218
1972645515
1972659913
1419043341
1425334797
1425527325
1425393213
1425333804
1417145964
1433858021
1563873269
1595262341
1595330949
1599516871
2144837879
2144641127
2146739239
4252279847
4247823671
4285708087
4285699637
4283614773
4266808853
2115138053
3742434053
4249878821
4233113637
2094399525
2096497685
1559657541
1551265221
1568045509
1599495621
1599425991
1601441270
1601467878
1500800486
1483040102
1483556182
1492075270
1508557318
1537905479
1521136497
1521001313
1526244192
1517855585
3661407073
3676173283
3641180130
4177882082
4181752290
4181948898
1539455474
1540496578
1540490690
1607614914
1574126017
1576071520
1557194592
1548805984
1548805472
1548807536
1544617200
1561525456
1599265984
1465042113
1467139521
1433649521
1432437601
1432380001
3588252259
3589367639
3585175511
3585113590
3589299686
3589298662
3572916214
3572654038
3564336978
3564205586
3564320258
3295875587
1148393235
1148265761
1164993825
3344003105
1196577808
1196573696
1196873025
1207369025
1173815107
1157062227
1157062227
3296020083
3296056930
3312768995
3354719715
3338003923
3338118595
3338110403
3337979283
3329594866
3346398706
3308781026
3581275618
3581273570
3581277555
3581236563
3580056657
3580097552
3580093712
3580097840
3580089648
3579959089
3581010737
3614565203
3614701138
3614951122
3612821170
3612628898
3612636578
3612632482
2524405970
2532734402
2532726086
2532792086
2528509495
2528439847
2528439847
2549415743
2541508415
2537309487
2503819583
2508079423
2514145599
2547671359
2549867903
2549675519
2281233919
2247679999
2239299583
2220375999
2149390239
2149520861
2153645469
2157581725
2174364820
2210081940
2214083732
2214088116
2205992340
2206062068
2180833764
2178736612
2178741733
2178258421
2153223669
2170002915
2165677539
3507879410
3541548370
3541482834
3524722002
3528981842
3528850498
2472377666
2472500562
2170494818
2170492451
2170500643
2178889233
2174690833
2174707541
2174608725
2174542964
2178733284
2169801957
2148830709
2149027797
2148974549
2165829471
2438327647
2472017246
2472017246
2455172382
2455172382
2186694943
2195190047
2480271647
2446717241
2429931817
2430440745
2430451499
2422062875
2438971163
2441068315
2541590299
2537394763
2537476683
2537452123
2537517691
2503955307
3040826731
3044955242
3053417562
4127159498
4124959946
3621643466
3613257978
3613258219
3613258235
2539516379
2547996153
2514441705
2514441705
2430555645
2422019549
2422026653
2422027165
2447319996
2447319996
2478781100
2465993724
2457606141
2184978265
2184579850
2205579530
2214423834
2179786010
2180837658
2180813146
2176680794
2443150331
2426249961
2421991144
2417799144
2436665320
2436795864
2470372828
2474041820
2457235804
2457293149
2474595197
2482987885
2549442415
2515828591
2507438447
2507995519
2506087759
2506081359
2505949199
2505953567
2539581791
2541678943
2541642110
2550097774
2549903214
2516381694
2514354174
2514485214
2516570062
2508178911
2541606365
2541539837
2541080956
2537017724
2535453524
2503897940
2503373652
2507617652
2507485541
2515873895
2515874030
2511696126
2545374430
2543273118
2547371438
2503269806
2503860190
2503958479
2487121487
2487165455
2491232795
2515874618
2510631210
2276733290
2259953002
2260020730
2260028922
2264194475
2256328155
2252178889
2269024585
2235474184
2221843224
2230249273
2229727033
2229796651
2221170475
2216955690
2234778922
2239193386
2247549242
2511790362
2511843707
2509537789
2513732092
2505344508
2501156344
2501352792
2501295960
2501312280
2501308185
2505469499
2547478058
2545251898
2683572858
2675180378
2540962139
2541162745
2549493945
2515939512
2515612824
2649767064
2641378712
3442704312
3442636696
3442684872
1295004425
1277169931
1277309211
1566712106
1566713130
1575040826
1576040282
1307596506
1297139402
1297139402
1297139674
1297142747
1305600505
1288790393
1291018523
1290948890
1290932602
1282553194
1299330362
1295129886
1295124750
1299324167
1307787029
233845525
95425297
77665041
82186545
82194739
73797938
86377778
86461714
86465810
120020754
119887122
119919891
120059153
124253457
258463057
224908625
224910833
224894451
258317811
258326003
266714611
267763185
267763121
267779505
200637872
182811568
182926256
179518385
179518371
183577522
175191474
170997154
254817763
254830049
221277472
202438944
206690608
215079216
211015984
211024176
211024144
210958593
76740866
80926978
71485698
84134354
117557682
117545362
121871746
256085378
256089490
255960562
255959539
524394995
516141522
507752530
1040429107
1040289843
1040290851
1040317479
2114021413
2114136109
1850809641
1859194713
2073102024
2140210888
2106787528
1569916488
1569947224
1553035080
3700518732
3432249308
1284624892
1288720869
1280327911
1282490598
1295143030
1295151442
1299343202
1332962850
1332966962
1316180482
1313952258
1309766210
1309747009
1326655317
1331050356
1339496292
1301616612
1301551093
1286879061
1286869845
1291257157
1299383765
1299387797
1230060983
156314039
189868470
190003638
188956598
173224854
168891286
168887190
170968038
170955238
187736423
422618400
944807200
944872752
953399312
953399312
953399312
953334800
1498592336
1599271137
1599213795
1598161314
3728802470
3728807591
3754106623
3749788365
1333799629
1301293775
1301490383
1301486282
1301352346
1305477626
1326453226
1295053290
1295053182
1295028510
1295033102
1295034127
1307623196
1234287388
1234418460
1234370316
1221754628
1221729556
1220681013
1220746535
1220623654
1221672246
1238580502
1246903558
1242701062
1245842694
1254311170
3401602358
3397710118
3401904422
3393499494
3410801006
2345443822
2307437006
2374739917
2374940636
2374932444
2245429080
2237106040
2172094264
2165823288
2164716824
2164747544
2152147256
2152143144
2152077624
2160466233
3234282814
3235247454
3252523342
3277820238
3277754742
3240071270
1075810402
1074573426
1074573378
1343000659
1343046725
1343102021
3222157382
3238930806
3281926758
3265075814
2193361486
2193364558
2193363662
2193421006
2191385086
2191319535
2211242476
2169262572
2153530860
2153074668
2148948732
2147908188
2152082956
3225822732
3242599180
3242598669
3238474079
3238334575
3221557614
3221650942
3242682846
3284528094
3280329678
2189938062
2189804958
2189742526
2190799342
2207637998
2174018031
2161439076
2153038116
2153041764
2148924244
2165763652
2203512516
2252766916
2252822164
2261194679
2261204902
2395422118
2396077478
2396007846
2412783026
2379227314
2372956402
2373042642
2368897475
3442647361
3446776064
3444614448
3444616480
3444615520
3440425313
3306330481
2265096129
2265358273
2252769217
2261223376
3331651296
3465866980
3482644196
3486805732
3477094117
3439464181
3439462083
1275212243
1276322034
1280319714
1280319714
1280319682
1280472130
1280496706
1305711938
1301331250
1301331235
1301397283
1301395251
1301411635
1305606003
3444823907
3444760417
3440527713
3478276433
3478288833
3327293377
3327345617
3335586803
3465638899
1318282199
1318277631
1322304879
1326499883
1292953643
1278273803
1278470411
1278470411
1148441867
1156759885
1156759884
1150472556
1167253860
1204871520
1204855136
1188148705
3326195683
3259013090
3267397602
3284239842
1136825699
1094902839
1090643253
3239105813
3243463949
3243409165
3243409164
3243440924
3506543404
2432732012
2436925144
2441118409
2474672777
2458366601
2475074217
2475143851
2504826603
2500626985
2535233833
2520754232
3060705288
3060720649
3061215241
2520645641
2518549355
2505966315
2497585902
2627674878
2631673534
2633766831
2633764007
2363754679
2359629958
2360487046
3436326018
3289523330
3289522306
3306303634
3339870678
3339806150
3346031942
3354420502
3350230807
3350460188
3316840220
3350320920
2209404728
2194720040
2186396968
2185478456
2193871672
2193748793
2210517883
3252012026
3235365882
3226895738
3229058362
3224736826
3559240730
3559304202
4096175114
1948761098
1965393114
1999013370
1714852282
1714672059
1714491883
1714487785
1718817064
3891475240
3885049640
4153421592
4153421576
4152376584
3548384520
3548710232
3554083160
3285651800
3285660504
2178356024
2178290488
2174104376
2178377512
2177132393
2244247529
3351530427
3351534490
3351533978
3485752506
3486782634
3478130874
3474002106
3474002362
3474076650
3474076266
3440386571
3427804685
3432016389
3432020481
3432086067
2358410018
2358411042
2224184594
2224178434
2245149954
2278802706
2280702242
2263920930
2253500770
2262022099
2262276035
2262142865
2270465953
2270465957
2399444901
2399451109
2365908973
2366104189
2403754829
2403754829
2412716332
2269917480
2270953768
2270692664
2270899464
2270915848
2270783768
2266519928
2198425048
2198556104
2203010376
2211299672
2211299704
2173546873
2173281131
2177414122
2177406890
2445909930
2437650874
2505816762
2535177882
2669393562
2652607130
2651550410
2652512778
2535138074
2503548970
2498306090
2494170158
2494172191
2628393039
2360895567
2358831439
2363010895
2228987206
2237387126
2237612150
2170486902
2169897330
2178025250
2211579443
2211583489
2203394560
2203329040
2203330352
2199336208
2203982913
2212382915
2191280338
2190265570
2190266854
2190266862
2190275054
2194448746
2212275033
2178720584
2170355544
2170346104
2172509048
2172574584
2204006776
2204007704
2203980824
2206150937
2172596537
2172465515
2171417578
2172475370
2203932666
2202886042
2202852762
2202336666
2168845787
2168975835
2177298891
2177295307
2244994971
2244241067
2245279658
2236881834
2404719018
2406694330
2402432154
2402504858
2402382042
2402349338
2335237386
2335223562
2314268426
2308046622
2308177214
2308177198
2308101422
2308359470
2346370319
2306590029
2306441684
2289611700
2288559024
2296947600
2288563088
2355729844
2352717220
2352658596
2269026452
2249635973
2255923653
2264050373
2532413140
2532345596
2519765628
2519781932
2536788524
3072676396
3043447597
3047432558
3047428582
2514747830
2502165918
2502364318
2486569150
2497587358
2493393038
2492868742
3314952326
3315018950
3321303495
3321315782
3312534358
3307258662
3307265831
3307453239
3341986567
3350309189
3348150612
3331366004
3331379244
2253439020
2265989164
2268271916
2400331565
2379361838
2375093790
3447983646
3431468606
3432595246
3436788142
3428370598
3424159878
3357059207
3407457413
3457066116
3457065092
3456540868
3460800532
3348230188
2276548652
2242076968
2174895656
2174895656
2174961193
2170603131
2205206474
2165360010
2165552522
2164499914
2164438490
2147720570
2165570842
2165570827
2169761033
2169742600
2180162904
2213778296
2247328616
2171700072
2169606441
2152845353
2151804985
2168463417
2168532089
2168596969
2244098793
2245135081
2245462751
2228489935
2230584911
2163479319
2162258198
2162352438
2174918962
2208477490
2195886354
2195821874
2188686370
2188677154
2184495202
2182431862
2198078582
2198158694
2168798070
2177309206
2160532998
2160934406
2156738119
2156880453
2161042372
2162078148
2181005700
2206040964
2189267860
2189267876
2187178916
2187179951
2182395310
2198138286
2165636538
2148924894
3222797582
3222732047
3224825101
3229017349
3228951300
3228955461
3245855429
3277243089
3260433041
2185642931
2261210531
2261607587
2257871011
2257871267
2262124467
3335865986
3335616130
3327160242
3327190434
3322996134
3322994935
3342065861
3342065732
3312705604
3253855292
3232820268
3232888892
3237148732
3252836653
3277998399
3277999902
3261154846
3538179694
3529798378
3546575594
3543450618
3526673850
3526743455
3524719757
3524452556
3260113116
3276816748
3253813544
3237098264
3232900632
3232902712
3232918057
3232783979
3236972139
2163266298
2154939338
3228795338
3226566986
3228669034
3228671082
3227761706
3244813322
3274105865
3274100808
3257287000
3258339640
3262534200
3278262840
3278266920
3253821992
3253757465
3234907929
3234973465
3230791481
3234948921
2177984313
2203154217
2203276601
2186694937
2186694937
2186760473
2193899801
2210677033
2206486827
2206486827
2172924202
2160341294
3235197246
3226939702
3227398422
3223262230
1075647606
1075780726
1142824386
1144920450
1194203522
1177357186
1181047698
1189174674
1184986514
1185149394
1185149394
1186197810
1183899938
1183899938
1199629089
1149298464
1153563952
1142150416
1142146320
1142079936
1161216384
1194774912
1194771840
118703505
121722291
96501154
79756706
1153496482
1153480178
1153475922
1287695666
1304472882
1305586995
1339145235
1339276305
1314100561
1179882833
1179813717
1179813749
3334707045
3326131301
3326127141
3321930785
3322146865
3322036225
1157758995
1140985891
1145180451
1153634851
1153503778
1153512978
1153515026
1153645074
1146296835
1146173955
1098124803
1126483459
1113950019
1122337619
1118277907
1118277907
1118221617
1118221361
1185391712
3328549984
3325408480
3325138352
3323106224
3327300272
3330446225
3330512273
3326211251
3321916579
3338677409
3339926753
3306304992
3310495329
3314755105
3316723217
3316678145
3283147267
3281033747
3268459827
3268453411
3260133409
3275870257
3271770131
2164457490
2168656930
2168785186
2168719650
2168720230
2168937286
2160520006
2156308294
2156307399
2156171732
2172948644
2177138852
2202305696
2198308000
2198246560
2198271136
2164417953
2164483745
2151884515
2219259635
2227648210
2227512898
2244226630
2412068374
2412584758
2413567270
2346458150
2346466326
2346656782
2312856846
3386402077
3386434860
3378311468
3373044092
3373240796
3373248980
3373244884
3373115284
3377309365
3645746869
3645898431
3645832863
3645865695
3679328223
3679326719
3687780477
3687780477
1607274588
1607282776
1330394456
1330462200
1326397848
84293784
67590297
72632461
5555341
7373197
271757727
288535191
326275671
845329943
845393170
845261842
841200691
857968691
858230835
825737250
823394406
805569954
1883508386
1892092579
1887903411
1887581905
1350705860
1435640388
3616744973
3335740943
3327220510
2249251630
2253711662
2257906986
2258432298
2243477850
2375795593
2361054120
2365155240
3426236844
3359115684
3359250612
3359520913
1211510211
1211508034
1210458946
186725234
259068690
242307842
256959235
255893809
218150257
218151777
67156257
88185121
121804865
306355393
307400899
307396803
307265650
306217058
306226274
302115890
318924867
318908611
285616305
285678500
272959140
277742244
293995140
327549572
293618380
30462524
7378476
7383592
15772200
280144392
280144463
278052814
332497290
1381007514
1377206458
1379303647
1378279453
1395056668
1361568060
1365631548
1369826860
1369820733
329567807
318040878
308603950
371683390
104202254
104202246
120979462
68550662
73273718
77471335
77531747
77404674
77457922
76912130
83137042
83137106
73699954
1298502386
1265022690
1248309170
1248168354
1512556706
1512396978
1512398002
1512911026
1516843254
1525314022
1588229094
1589310439
1589175203
534308257
492365221
352906676
353000884
273293200
274341824
301862656
293474048
293342992
293357344
324821796
324915988
316572428
316314380
315134252
1388873581
1388874731
1372117738
1355479694
1422584462
1422584710
1423633798
1559803126
1558745186
1554677810
3702173779
1609343169
1584177344
1445896320
1982742672
1982202784
1982207648
1914902176
1924207264
1924141732
1922053060
1938825484
1943019528
1936872457
1911707913
1911605547
1351675690
1351664922
1905639882
1356316875
1356251595
1347864523
1343672315
1343549163
3491031802
3512159946
3556132746
3539424158
3539423646
3602207214
3618918894
3618922990
3585565038
3300352365
3300255029
3303134484
3294872836
3290942724
3290942724
3290946869
3307646261
3311840519
3345407047
3353855175
3328558295
3329578167
2255951351
2255886327
2263224887
2263814695
2276209191
2276205091
3316392481
3299615521
3300667681
3304329505
3291743523
3291744567
3291924935
3308690311
3325471623
1182182277
1185189765
1184924084
1185977252
1123070892
1397797805
1360262063
1393715183
1395811631
1377985839
1919083583
1927341085
1923129400
1939906616
1910542616
1366589704
1343604280
1342623272
1343113773
1343105559
1343102470
1347227414
1356595318
1352614102
1369325702
335442054
58617987
57595331
24092403
285129443
274524899
282914723
298640802
307216514
306888834
303714434
306065794
305017266
40776610
313467362
296559907
279735601
279211268
279242516
283612692
1357287956
1357287964
1366726204
1916188444
1916185869
4064250189
4061957103
4065103534
4065101482
4065325962
4061061514
4062130366
4067688622
4084470958
1945576615
1911956917
1911956357
1374823297
1404179328
330437056
313684289
316720161
304131107
320907301
287480837
824347653
811764741
812024837
556237829
1631357988
1629272108
1629269036
3776355612
3759593220
3759555268
3761636068
3832873636
2767467172
2778997415
2778997422
2779000750
2779527342
3031173310
3031239838
4110292174
3565101262
3559137354
1411719178
1415914555
1147484221
1156003900
1155934261
1168517431
1189505335
1189917958
1189904706
1181384898
107655362
371896515
371896531
388936945
1966054497
1966061600
1999617120
1730983008
1730994400
1732239824
1698067441
1681785505
1685914291
1953313490
1953313362
1956918882
1956921187
4037294435
3500480963
3501603009
3581175936
3608472980
3608667524
3604382596
3602350740
3602354932
2528490084
2528420453
2524227117
2537334319
3074328127
3074328127
3074094719
3078219339
3212437194
3212441594
3212434922
3212432746
3212407930
3178853470
3178852446
3178852478
3178852478
3178983934
3210375646
3219022791
4292769735
4292859383
4259173879
4252878039
4253013197
4246695117
4246564093
4280118636
4284448612
3730527860
3740889620
3740885781
2683953429
2684088631
2650525815
2646331766
2512384342
2512360310
2516435838
2507981615
2668908845
2668913021
2671190361
2501326201
3713996153
3705608185
3705608153
3705608139
3705419226
3707532666
3699176794
3715994890
3716064522
4236223755
2088744219
4235497787
4231303227
4248080443
4248224026
3742783290
3746967342
3755421230
3671408430
3671866686
3663467806
3671851022
3667788126
3667538398
3736749021
3686318772
3686576812
3657212588
3625760424
3625823208
3624921464
3624331576
4178503688
4182699017
2102317065
4249796873
4250501897
4228481625
4228420329
4228687597
4228688621
4228774637
4228831933
4249804429
4157490573
4154328205
3551921308
3551921340
3539090604
3526568364
3526569404
3526442397
3528467645
3536871581
3532890317
3533877276
4070605100
4091590444
2707729964
3773140492
3836714509
3836655135
2901324590
2888786990
2821458990
3090746606
3090815150
3090815150
4177137598
4256827278
4254602894
4254622340
3716736644
1304991652
3440106980
3424311604
3424307459
3424307458
3424546050
3428742402
3437052210
3432792354
1285112098
1318736130
1253716225
1256915268
1248331236
1244150252
1512597996
1530424296
1528359896
1499000264
1497933256
1531482568
1581879768
1581941689
1590331311
1586214830
3734742446
3737879966
3730555038
3726229662
3745169550
3699032526
3702186254
2628510014
3702056238
3706217262
3697828655
3697828397
3697947192
3724161544
3749381640
1601703688
1580796216
1312491560
1312491560
1316694040
1316496456
1316765896
1244414088
170836376
258896792
216949433
1286538922
1285835434
1285946026
1554054058
1558243754
1546694058
1544594571
487630031
487826509
489858085
494055717
1551020835
1551012403
1416659507
1414570515
1548854786
1544793858
1560411410
1547852850
1497504866
1539708130
1520304374
1520043206
1589315015
1589132637
1610116397
3711495980
3711493672
3711607320
1601872392
1568199240
1568203480
1547199164
1547321021
1545222830
1415191470
1423575462
1436502182
1452788870
1454612678
384937990
376680455
372416563
372482081
372351009
389193745
355651585
339100689
1547586401
1551764133
1556036261
1555896983
1555372679
3639631494
3639661206
4166034150
4191199846
4220559718
4220559463
4219510885
4219510885
4177588324
4160836836
4160881892
4161932652
4229045884
4258401805
2140347917
4270947851
4271173195
4271156811
4157912778
4123300842
4098683882
4098675194
4098839514
4095611866
4116583402
4116578666
4124902763
4120649082
3583786074
3621551178
3621614666
3615487050
3615487258
3615483162
3615219994
3757699930
3757699963
3757691769
3757700073
3749311465
3581506552
3587797496
3579408889
3562631673
3564851705
3565076953
3565077977
3581934969
3716001081
3716001592
3615342360
3615332168
3615265609
3623653887
3590308078
3044987118
2508087470
2503958710
2503942582
3044947366
3078506470
3086966774
3082649590
2543609814
2547540935
2547544903
2539385687
2541408573
2675692845
2674449709
2657675565
2666134845
2657744157
2658922765
2658857293
3747205453
3713651033
3713793897
4252695085
4286306861
4269407036
3732535325
3732468749
3730329613
3726462989
3726536765
3709759615
3697168887
3701098231
3701198583
3701197495
3701004967
3701010087
2623071975
2669212663
2652533191
3726258631
3726254535
3730453487
3757651951
3585683439
4122574815
4105796559
3573087563
3564686683
3577267515
3610890555
3615224635
3606999611
3604836907
3621529195
3611567851
3506704362
3494315514
3561387226
3582390491
3582390731
3582308683
3582767451
3586962473
2504829993
2484927529
2485058921
3558799177
3558765257
3579728585
3587785417
3724067833
2646136297
2646142185
2683874537
2675486025
2671425353
2520417865
2537472585
2537542248
2508059496
2508026345
2516414953
3051124219
3042731259
3076285674
3076521198
3078544894
3086931422
3086938574
4160745934
3078091214
3044406142
3044406127
3027628847
3027596591
3027533607
3044310839
3044374295
4118173511
4126561223
4126561239
4124955135
4259108351
4233483743
4233624781
4246728141
3709693277
4145903485
4135392828
4135268924
4143526908
4143527420
4076420540
4093335964
4093630876
4060011420
4059471516
4059529880
4084237049
4067463721
4062229291
3793789242
3810648346
3777130538
4029035562
4033748010
4037938218
4105047322
4121824586
4160515915
4135382795
4133283081
4133459211
4135571723
4067873099
4067873738
4084614810
4033218235
3506313913
3506388648
3505733288
3505665960
3505660328
3505660136
3501994232
1371279835
1371283930
1370238442
296568938
1363003498
1363004650
1362998346
1360896010
1360826378
288720139
292919098
1426040622
1426040366
1423672895
1423607423
3705308911
3705315055
3713707647
3682330127
3682264847
3749368607
2674578207
2674840413
2684212089
3221018489
3185376745
3184916969
3218463225
3210055003
3077871451
3077886747
3077952283
3086471994
3086471979
3052917547
3045016361
3044885817
3040705881
3040701785
3045027289
3045055961
2986167771
3019654602
3019654618
3018592762
3018658810
3010409466
4033831419
4033835113
4033859693
4033843245
4033851445
4029521941
3762069509
3879510031
3862859790
3862873358
3862875678
4001238574
4021948014
3921157742
3925360494
4177012174
4235797962
4261094842
4290454974
4273595807
4273597837
4273710476
4277711756
4276658876
4134052524
4146705128
4114248280
4047181401
4046981739
4085000554
1924073706
4070901998
4075096270
4067701966
1395925198
1362522318
1345741134
1366712838
1370907158
1437942326
3350483502
3348914989
3315365160
3298649400
3305073944
3296606488
3295545672
1080887752
1080834441
1080826297
1345129913
1361463192
1362547608
1379390360
1378989049
1379050189
305238541
309363501
317776175
317776175
317845547
334688361
272019561
1882627401
1883147017
1883081229
1887214125
1903995181
1648146749
1648206861
3794710541
3794702597
3878585093
3845046821
3832464099
3831788259
3831771107
3832819170
3832883698
3849805010
1744262354
1727493318
1651991750
1645700550
574049751
578244071
582442095
582442047
582833165
578576397
573333531
640540715
644804907
665769515
1689224747
1823442699
1823323401
1819075657
3962363993
3963482601
3963450089
3963433641
3967616683
3992782523
4021622459
4273223418
4271122138
3197380042
3197396170
3201823946
3201758410
4292260938
4258705739
4109799755
4109795417
4109877369
4101264425
4097053737
4030479465
4047449065
1933454059
1920868075
1929185022
1924661982
1922577230
1939349838
868999246
868790343
331907427
323528162
319333602
319597730
319605938
285559958
1359105414
1354923975
1367535317
1937960693
2004921892
1925230372
1925228852
4064380932
3795880964
3792014340
3808855044
3842408469
3825631543
3826172454
3827196514
3829269090
3841786482
3840677602
3836485094
3853261287
3853457813
4122881412
4122422660
4124386692
3586400653
3578126543
3611350222
3619720574
3619731822
3602950958
3602956078
3598882574
3599139086
4069966093
4093079912
4084556264
4080367016
4078372264
4078372024
1933915288
1896095896
1879318681
1879384217
1879441819
1892025050
1356138234
1354509914
1354509850
3502070298
3501719066
3517382234
3517376347
3248874457
3287413721
3278931448
3530593768
3526407528
1379116376
4067602456
4067602456
4063670328
1916252200
1396095032
1361496333
1344690701
1345195573
1362036262
1399652902
3552313894
3585606118
2494038182
2225736834
2359957634
2359957954
2360023554
2359835170
2360878630
2377671462
2394480942
2394485038
2260516911
3338436717
3330048216
3325919304
3326063688
3342793800
1144977608
1143925192
1143926409
1147915915
1420347019
1420350107
1420350107
1421660858
3621647019
3596477419
3596378603
3596185947
3612963162
3623613786
3724277114
3707499898
3707303802
3698911098
3430479354
2354958811
2380251611
2380256217
2381837305
2413290473
2404870125
2404857341
2404857341
2404726253
3419747837
3403027837
3402761597
3396535613
3396407613
3392172829
3390075661
3411075869
1270933291
1237624175
1497736558
4182685022
4165639518
4178230623
3913918847
4216896127
4210661981
4198219285
4282036757
4231746131
4231729779
4231664098
4097446114
4109041826
4104852626
4104791170
4155124866
3601481091
3601403265
3605798805
3605802661
3605802917
3622053869
3571722109
1424233245
1424257309
1432674585
1449436441
1445379336
372672780
372673549
372632605
373089342
373088318
1430024230
1413349622
1417543830
1157497734
1153324694
1153156790
1153171094
1471785606
1454947015
1454934885
1987623204
1983424548
1713939516
1714003980
1714135052
1731112988
3845042236
3828273212
3962979175
3963028207
1815351983
3962835627
3965981355
3970178731
3970186235
3986962651
4289149019
4289936458
3736085578
1586503946
1523642650
1272049979
1238495515
1221783819
1213396249
1213453609
1477694825
1477695337
1549006811
1547741131
1564522458
1564522490
1572976122
3721500090
3587413402
3621229978
3614889402
3614888362
3608670634
3596050922
3612746235
3621654873
3254649113
3237942076
1090331436
1081942568
1082095128
3497975560
3514534664
3531180348
3526990124
3527125325
3525879757
3525870219
3525935803
2469053082
2440745658
2428171178
2962813358
2962814122
3029890282
3036210250
2499404874
2491080714
2491342874
2487173418
2503886138
2638116698
2638112602
2675931130
2675922395
2675856843
2684253641
2684351945
3724407129
3724407145
2633888105
2499375465
2499375995
2516154235
2507756907
2541311355
2539353435
2547742041
2547634521
2516177753
2516185724
2499408488
2497311480
2497417945
2505823181
2539635167
2539508223
2675761647
2671601135
2638046702
2642245102
2642367998
2650723802
2650796490
2650665034
2675830859
2675954779
2659185787
2675832187
2675306875
2675274619
