3570438318
3504377966
3521163311
4058030103
4058031125
4058029345
4045576993
4028799523
4029079059
4030090754
4030025298
4034157922
4042546290
4059911250
4093596754
4076827715
4076827843
4076828149
1929213413
1652061668
1668840932
3780935133
1635606493
1618960093
1904180989
1904047871
1903982335
1912371166
1912371158
4059846102
4038936054
4043251190
4059966966
3523112278
3547229526
3547233623
3555679559
3538900295
1391416645
1408062805
1409046501
1400641517
1903957997
1903961455
1899834719
1899838815
1904155999
1945984345
1945959801
1945435612
1912387036
1375581660
1356707293
1356695029
1348306423
1350417894
1346220006
1363083126
1396628822
1937702214
1929280583
1928215559
1927756885
1927771253
1936553316
1936483684
1937536876
1903969885
1903543901
1903550173
1903554301
1903488765
1903492863
1375010783
1375065567
1375196534
3505912950
3505843254
3513150518
3513150774
3513154838
3546701590
1399742279
1383024455
1944930247
1944934357
1944901605
1944868847
1903982575
1899784191
1899833183
1899839327
1904156541
1911520637
1910861180
1910828412
1375008093
1358738525
1358795861
1358926935
1895798070
1886754102
1882692918
1899928854
1933491462
2000596231
1983835399
1988033877
1988089333
1988089316
3881653732
3881596389
3881072117
3881129973
4157954039
4158068471
4160173823
4160042718
4160042974
4126439390
4124341622
3566523703
3570791703
2499142935
2633364759
2633487671
2633489719
2650209590
2675375446
2658590022
2656558550
2656435702
2656433510
2656433510
3201815927
3201684503
3212178453
3212178453
3178624053
3176660348
3176660860
3176595044
3176652516
3168128740
3168067252
3168075413
3167813303
3159488502
3155281398
3172193746
3172136274
3174196242
3178396690
3178395666
4259412274
4259412339
4292966769
4025712080
4008957376
3998472128
3998348176
4262589360
4262556576
4279269280
4115671024
4115671009
4098897381
4107353575
4107476339
4105313622
4055069766
4092687366
4091639047
3546760455
3546694919
3546695431
1407604245
1407671845
3555024685
3554967357
1408528157
1400139021
1400755549
1367328093
1367263229
1350490079
1350490079
1348401047
1347811223
1892988391
1892988391
1892988391
1884595699
1886707811
4046975075
4147564627
3610670147
3598083395
3598150995
3606544178
3606535970
3619114790
3618987862
3585439046
3572888642
3572880466
3564500051
3562398803
3570902353
3587682672
4124475760
4152329584
4148135248
4131233040
1983753524
1998433572
2002640229
2002767221
2002474325
2004579829
2000368117
1971007959
1971008503
1979388775
1962873447
1958680183
4106057238
4106051334
3573341462
3573340534
3581786486
3615473494
3598622278
4135556679
4135555655
4135433045
4135117088
4135116896
4151894112
4117680368
4100900048
4100900304
4110341585
4110409681
4127053813
4152156021
4135382327
4135447831
4134399254
1987049527
1987042343
1728037925
1728040981
1727377477
1735761997
1733795956
3845567844
3845558244
3828846324
3828849396
3828743925
3828741877
3828642549
3832836839
3832816231
3849597799
3849651047
3857515895
3840744823
3837622742
3837749702
3841911238
3858755014
3883791814
3883779526
2818408950
2818426215
2818372967
2809980725
2776491805
2776588863
2776576623
2776564718
2759655934
2759595518
3833339118
3858569454
3852294398
3885889550
3869239306
3869222922
3869094922
3864322062
1712709646
1729622078
1698623598
1681805550
1685997038
1690259046
1688817206
1688952326
1710845199
1719411727
1715284997
1981757460
1998457200
894897888
1976895200
1960051360
1957958320
1958081152
1973871232
1973855872
1470533249
1474661009
1449515697
1445297827
1446258339
1999905447
4117766567
4126150894
1957703790
1956643870
1352758286
1356917774
1373678862
1474534686
1466080319
3596786719
3596784655
3598156045
3598029149
3598029693
4160197613
4160149485
4157994477
4116505965
3044930925
3045029757
3044505469
3044374079
3044374303
3044931359
3053311359
2516571519
2648700287
2648700287
2650658167
2625228887
2625302615
2625294358
2624246902
3161191527
3178886263
4252628471
4252628437
4281955797
4286273477
4252718805
4261115639
4260968166
3724359414
3724359382
2642360022
2684319447
3758053333
3757954517
3757897173
3757899253
4286377461
4286377205
4286506229
4286510327
4269719671
4131373143
1983762519
1999958391
1999954295
1966601559
1951848279
1951848279
1960802167
1960672759
1977449927
1971281351
1971264983
1430074871
1434269687
1434412663
1962595926
1962657286
1961414230
1978187639
1969794391
2003479619
2003487811
1986707523
1987788881
913916133
658247909
658252005
624898405
629080677
637342325
619983381
636760861
628372751
930352399
930495242
871770650
867596858
868208154
868206282
331121354
297566922
301831067
282964921
1356707752
1348316844
1885187756
1881122460
1897838476
1914615181
1914607005
4062151901
4062086173
4064195869
3798902588
3815614252
3823953708
1676539181
1676629309
1668219959
1665073207
1665007655
1698562406
1686045030
1690112867
1687951217
1971617729
1988389697
2126830401
2118306129
2118573377
2118575425
2118542723
2127456147
2094683799
2092650118
1957236358
1957170878
1961373358
1416114094
1411915951
1416241317
1416499397
1357186048
1352674304
1352678673
1084246289
1088670995
1088851219
3332814595
3332810499
3332802371
3336931043
3328483043
3597971175
3597971175
3614961350
3514756822
3548378535
3547190439
3530540199
3548300423
3548116101
4085032133
4083985637
4050500965
4084176173
4084171071
4075790607
4067418143
1936580639
1898836030
1882148926
1882151982
1882081582
4100901422
4108769838
4108835599
4160198991
4134913103
4131242189
4263497949
3732918765
3737121381
4273857125
4256981543
4242298419
4233948979
4229819683
2082404470
2103375942
2032023622
2065570886
1528695878
1530790982
423559654
410526306
1488462435
1486565971
1486361299
1486378691
1486417602
1238953682
1322950018
1322950018
3738864834
3738928242
3738731826
3738740002
4271613475
4271617573
4158161492
4114129604
3828920980
3826815652
3827140516
3776892324
3776366756
3814090900
3813828757
3813746901
1664101887
1647326719
1668354558
1668354550
1643188706
1626603746
1626603746
1890848978
1890922818
1891504898
1354634752
1370418688
1404038656
1391237632
1109957152
53002080
322764260
289195172
287130789
274601109
276706437
293479553
334391185
334489329
1387132531
1386513970
1390711346
1927586086
1919197478
1915003174
4066875198
4076310046
4074015294
4090821166
4082620974
4049533486
4049501994
4057405242
4056159002
4051718943
4051718509
4056007916
3040922860
3036740828
3036802252
4110937228
4110941580
4111388357
4098543319
3159031527
3167416039
3163156199
3163090915
3164139377
3168298817
3696961216
3557499584
3557504753
3558475171
3562669218
3587835010
3585736834
3552465090
1409273922
1407488002
1373930516
1358203940
1349838884
3491031076
3558336548
3575048196
3612802375
3734392262
3736553414
3740615574
2667398054
2530702246
2526536678
2526409718
2525295607
2529486693
2521100068
2516904756
2449992508
3540413741
3506859309
3490071871
3490121487
4031186765
1891895109
1891897188
1891895652
1883519076
1879844980
1879862340
822998084
860525636
843756885
843818325
843627767
843615447
856198358
823035094
1880028358
1880023430
1884186518
1892511654
1892441766
1368148654
3515403006
3549036238
3549161167
3620594383
4157580253
4157514237
4123959804
4123374072
4114924024
4110730232
2130925176
2130851384
2130849592
2097360185
2102406201
2085628955
2094488586
2094451786
2096612810
2113767322
2143064986
4290294170
3602485403
3606753499
3598639323
2520707195
2537484585
2541680425
3053381224
3048694504
3031757528
3029652120
2496971448
2505327272
2534688441
2537504443
2520591786
2519477482
2536250602
3614252250
3580769354
3580765194
3589149962
3572368954
3299092014
2225350190
2241881646
2247161663
2415129375
2396238605
2396107551
2391843103
2660278567
2660282671
2683359533
2486488557
3560917933
3560852365
3560840076
3558751116
1968975756
1910269324
1943990668
1946087821
1902637501
1935992045
1935977709
1935980589
1936558143
1668274239
1668218143
1668211983
1634657567
1634661183
1634718511
1667553135
1663367167
1664417725
1930780093
4081405372
4056272308
4056401396
4041131828
4043235124
4125945620
3584863508
3618417941
4138641717
3069094195
3194657075
3195702579
3193603346
3195699474
3212480786
3208483106
2905466674
2905505602
2888703682
3157135026
3161198498
2900627366
2763005350
2763008406
4122028502
4287654199
4270909463
4270910467
4270908417
4132696065
4128428081
4128424161
4145432039
4095086263
4094824087
4099018373
4118904533
4152387317
4135642852
4135645172
4153470356
4099398036
4095138180
4095134596
1947618949
1947686615
1880364646
1886664230
1635002150
1675961398
1659206678
1659329558
1677186054
603243527
601653279
601719085
600737133
592356601
588047577
588018904
554434776
554565864
537276904
1616257768
1620456168
1620410072
1620376265
3767843530
4120152778
4120349642
4158042058
4149650250
3075973978
3071734650
4078363502
4078330222
3809940839
3814131175
3822519527
3801568485
3801578709
3805642180
3792993732
1646065604
1646024660
1662796789
1885145047
1885214071
1893088358
1893088358
1892952102
1909729302
1938045958
864230406
864251138
868476274
1900210019
1896265699
1879412723
1879869395
1900840387
827295171
860794945
861840449
928953361
1993850145
1993713955
1716840739
1850009635
1845820422
1845883974
1040606406
973481158
990262422
960892854
953618086
953487011
949296881
949300800
965799424
999353872
986752304
1045541905
1040356355
1040356354
1040614402
1040696546
2098722018
2081901734
2086604214
2086604462
2094599854
2090403502
4238087869
4238091980
3701237452
3705433804
3697078140
2622811444
2622877492
2630348597
2647129909
2508576055
2542064951
2525320247
2529624087
2270036053
2237530581
2220753893
2229236452
2497696484
2493357772
3029121612
3029121628
3049564780
3057953644
3053895117
2987823303
2987839686
2987880614
2989760678
2989961382
2993030566
2729313938
2747143810
3015651974
3015467654
3014976135
2985613271
2985598439
2976951653
2976951149
3039866653
3039936015
3073621519
3073568287
3073566271
2809331325
2809319293
2917355357
2908839381
2908778453
2908874581
2910057333
2918445887
2951803199
2951803182
2951803950
2943482926
2909986078
2910055694
2891312926
2891280175
2891405183
2908178397
2941584285
2941522364
2941522364
4023649468
4023588093
3851582719
3851679807
3855673375
1699802127
1695673359
1695802383
1695740943
1628591135
1627522303
1610810879
1631781295
1631978159
1640432319
1670121151
4086060701
4086095581
4086693597
4086738527
4120291103
4126582559
4126647583
4118132031
4044745855
4044745951
4044844511
4078312895
4078307245
3814655661
3823044271
4087157407
4092863119
4050921359
4050925015
1898992887
1903391959
1911776455
1974723655
1974596871
2008339735
2012525879
1987421494
1987486998
1987241238
1987245343
4285723935
4285791519
4252097887
3558038989
1410498509
1416779743
3572716543
4122264558
4155818350
4143224110
4143229998
4135430174
4135561230
4152277006
4084108303
4080764189
4080648509
3879268653
2805588268
2809915172
2818393892
2778482533
2895460165
2895537989
3971364165
3975611748
3967028709
3962842021
3962841781
3960879789
1825971887
1820595870
1820600206
1841571274
767829450
767636986
1036082554
1036025166
1036053839
1061219791
1061270989
1061402013
1027782044
1027774396
1028052925
2110113725
1564788447
1564825310
1564698462
1607626558
3755142446
3750944046
3750878510
3751083294
2677337358
2409100574
2413811007
2405418349
2373699069
2373547444
2381899172
2579101092
2650535844
2648413612
2641987052
2636743997
2619966751
2637016078
2637016094
3173362750
3208101182
3208100126
3209869598
3217202495
3217198383
3217196397
3083175389
3074785677
3042439580
3042375100
2769802660
2769667492
2769671588
2769380837
3847447893
3849544965
3849544967
3849544983
3816191254
3816250630
3816250822
3881782727
3881783287
1734168551
1742557159
1709004767
1642014671
1644111695
1635067167
1632927023
1641053487
1641086253
1641086269
1674639133
1665196829
1665261887
1665397119
1631830526
1627702686
1627671966
3775662526
3780057518
3788389294
3783670447
3783667391
4053216925
4052838029
4054869645
4059096973
4050707861
4050710005
4084460791
4067622007
4067611991
4066526471
4066722567
4066710103
4083626599
4092016614
4058455526
4058057214
4057995518
4059052286
4092603598
1936811342
1936811342
1366385502
1366418302
1348990847
1885855615
1885704029
1886162780
1902937948
1903007564
4050630412
4084184348
4083653932
4083661868
4083542076
1931869460
1931894021
1898348311
1902542646
1634096934
1635075878
1643435318
1641857366
1641857486
1665975199
1665455039
3808753599
3808812463
3813137903
3821271407
3821268335
3817073933
3787713805
3787712268
3779454780
3779438124
3779565116
3779561044
3779969733
3779970005
3775710199
1628198383
1661826286
1661934718
1666063486
1657678910
1658727486
1654027295
4074077519
4091346381
4081909709
4048541436
4031235772
4039627420
2961699469
2961306333
2961307629
2978020845
2983225837
3042142717
2505276791
2547076215
2549368055
2528396534
2532823254
3061309654
3056984310
3073889522
3040249042
3187049538
3166092290
3166022662
3161517111
3174100004
3207687460
3207747108
3211920940
3216049708
3180332604
3163563540
2626711061
2643492662
2683324710
2658143526
2657111142
2657244278
2666672326
2658283654
2658215046
2523933831
2540912037
2498911140
2498910868
2230475396
2221964932
2217764485
2217796325
2222187063
2225267223
2493731382
2493793830
3567545126
3295443302
3308079334
3341686918
3324909702
3459128455
1312690567
1316884869
1315910117
241770855
241706273
241724433
258599937
225115393
225090817
220957969
493461297
493469489
493468977
493403425
493403488
489209201
1026203089
2099942865
2100987377
2105382241
2105319777
2104796469
2104931589
2104942341
2134821397
2000669237
1983896117
1987959597
4135386415
4143772703
4143830095
4160672847
4261074399
4261332975
4244621167
4110276221
4118673023
4118640447
4114427711
4114427198
1969044798
1969044526
1960647742
1889350687
1889350687
1889477917
1892496725
1892497365
1892540149
818465717
835226549
600345527
591956887
592358789
608611525
608609397
604480548
604019748
604015669
604022885
738371685
755165285
759351655
792840407
725645511
725624919
721627237
725752101
726866725
735255077
735250997
697371157
697313797
679488007
679553558
679483910
679492102
696266438
964755078
964736662
998290838
998289814
1065398422
1031902356
1032035476
889371796
889629076
889633748
823040796
588180236
589200140
571874061
576589085
576654637
584844589
583798845
583794751
868745279
818479231
814420479
814363103
277418893
277612189
277617341
277625517
277625501
282016653
30309261
63863693
47120269
316273565
316257021
309900012
309895916
309895916
847033068
847032940
863811108
905754159
886421038
2096604734
2096554558
2097111342
2029854762
1492656170
1509499946
1509571643
3654949977
3654945176
3640200088
3370737289
3370679947
3437770378
3437762186
3303543466
3303764906
3303698538
2158678122
2175504475
2209067081
2209002696
2464849112
2452327912
2452589288
3526331032
3526274696
4063211145
4063209097
3794720443
3794785195
3794563241
3798749353
3807252697
1659777225
1659773273
1668032361
1634477867
1902916907
1886262331
820908095
816709759
1353650239
1353650191
1085091854
1085027342
1085021198
1085020190
1085020222
1085225990
1085158662
3232657670
3232649486
3232715550
3232748335
3253584687
3287254293
3287254277
3287254493
3288106237
3246167228
3245126844
3278879932
1131396508
1110440349
1110399997
1110392701
1177432607
36594207
36692511
304980591
304915438
304652462
304648366
308841646
845712558
845913246
845853838
858431567
825155595
288251931
271458329
271459593
275652377
284035625
279907881
279774761
279712265
279712265
283902473
65995289
49164809
49161737
40777225
40637976
40662568
309130793
376215337
929863545
862754777
862754203
862753979
862819515
862827707
841847995
841979067
858715323
862907819
293498347
285091179
276635961
274477341
274535189
274616881
274653729
281977377
277852721
277775107
315523139
845119682
842891410
841842866
841994418
841904290
841887971
846144867
871181923
816659187
820980359
820996743
816839299
816810627
833587843
871206273
858363009
841594097
573284449
644587552
644472864
640442401
640426033
909058275
1982473191
1995047590
2007565990
2007572118
1437150926
1437085262
1437084174
1202219534
1202322975
1118418701
3270084365
3257762077
3274539293
3242164549
3223225541
3222176965
3226371269
3234788565
3234784757
3231707124
3233803956
3233672860
3523083933
3556105917
3547651759
3543455151
3526685870
3527237790
1383036062
1382884510
1378626814
1378626734
321727663
292437415
275650295
15599299
15533763
15480387
11281970
11281970
11501074
11525906
11378450
1085259010
1101961474
1135512835
1122930003
1122864625
1114422705
1114479792
1115655344
1111477425
1111488739
1111189602
1109945378
1109943330
1114206482
1122660610
1118499586
1135251970
1135251989
1118408228
1122536044
1111014380
1178118652
1176152268
1461364940
387636420
389726292
393920613
393928805
393896053
393900529
392917457
392909249
392905203
493371879
493363566
476587306
476589882
485108250
485112346
480905738
497551882
515385866
246951435
244925784
245056888
249250152
238768504
255512920
255521096
238728028
106541420
106472749
108571687
104376375
372946951
371898375
371886087
321554439
19646485
23840881
7030881
6887537
2693233
2955536
7281200
15677985
11418145
11418129
11483649
11352577
11296321
15503345
91004401
124632499
124761523
40744371
40736179
49264050
49280434
49280466
40728018
57638354
24083955
32403443
32468979
32331345
15483473
32330321
23949905
23945809
57484145
57480049
40834933
49223541
49100669
49035229
49035231
49026522
49038746
49077690
1122827690
1118613418
1118683067
1118805401
1118803352
3266154680
3265573032
3269763240
3261571305
3261505787
3269894382
3286687982
3244814822
3227895270
3223834614
3223818182
3240472518
3244600661
3244600628
3513040692
3513228052
3513687572
2439951892
2473570868
2481828388
2481844772
2481836581
2473448303
2423051630
2422524270
2418526334
2418473038
2489772302
2489706766
2489625871
2506478367
3068318493
3068326741
3068257109
3068453221
3069470053
2540981735
2541161975
2541100486
2541102470
2472945542
2482321318
2482255266
3555997090
3555998899
3606387955
3613858883
1197946883
1160062979
1143421187
1143421203
1147346195
1148389123
1156711937
1288898049
1288967712
1288988192
1289514784
1285487872
1285217728
1167773056
1203293600
1122565536
1114372272
1110100097
1114278019
1114343826
57383346
23838706
19513330
19508722
304721106
304721090
841717826
841582674
841844850
841850083
573351139
641523937
641556709
1715343717
1853502063
1878663726
2141791806
2108171838
2041062942
4171836938
3634900746
3634904330
3634904346
3656998202
3418054427
3399080713
1255735049
1255726873
1515752761
1515820088
1511698488
437956696
437948489
974815433
991854792
943621272
943688889
674991291
674995371
675017915
674882811
674882795
674849131
679027051
679028011
679028539
679294491
687683131
951916155
966592123
966620763
965568202
2039277258
2022485710
2026745551
2043657951
4191133439
4224555005
4199323389
4266504956
4266627708
4266644092
4266513261
4266947949
3189011567
3189593198
3189719294
3212755406
4261331918
4244554446
4240432838
4244495063
4244437991
4244433381
4236044645
3206409028
3189698308
4263438085
4265604917
3191690023
3195818790
3195885430
3179173830
3170770822
3170830742
3166505398
3165460662
3165984950
3103078646
3103075430
3169856630
3165676662
3165676663
3164628213
3164627348
2623559056
2619361168
2620477104
2620525216
2624723616
3102894817
4189284931
4222774018
3672276226
3663877379
3663941907
3663810853
3664785701
3664786725
3658497317
3658497847
3675602751
3679874847
3655230727
3651138821
3650729284
3652826580
3656957428
3648556532
3644362196
3644497348
3711614404
3711610196
3715806997
3715880753
3707490867
3707458099
3707319843
3707322147
3564707107
3296200739
1148717091
1148917777
1157241857
1157235969
83563264
75174657
75174657
70997761
205244163
220825426
258572786
267104690
250327218
250327187
115979411
241826961
241817777
241949105
250346145
267102947
1307159155
1290315283
1281925651
1282257683
1496297745
1513009425
1513063441
1512932624
1512932704
3661481441
3680301025
3680268001
3680451249
1532893825
1600068291
1610550211
1576869235
1559565363
1559691283
1424441347
1424445443
82306067
82209795
90572803
86837250
86837266
69930018
74130979
82518563
212541987
212414977
212338241
212356801
233361105
225031859
220836787
153736083
187266034
187249618
187252050
254753074
258943010
267331634
233646098
233113602
217367874
217363394
234136466
225944498
1342084002
1190101410
1189709234
1185521586
1185528754
1185921971
1185921457
1189964128
1193552160
3290704928
3290771489
3290898721
1147543859
1156981523
1155930050
1206849410
1189874563
116132227
116197777
100604385
83700001
75246881
75310384
75445520
74388736
74384640
74253584
86885648
86609169
86613457
220831187
258579859
258578867
258578867
258718195
258718195
258734579
267090291
99318067
99319603
99348258
90828642
91877234
91876162
91867970
91999186
90917747
90798961
90782513
90782512
90905392
90913584
90913072
90782000
90773840
90790224
90822993
90822993
90954609
90946419
90811219
90806867
90823539
90823538
90823538
90962930
90962930
90962866
90823570
124377490
132766130
132774322
132774067
132741267
132724881
132856017
90908720
99560736
99558688
99558192
99427088
99435025
267208209
266952211
266959634
266930962
1336478482
1336613170
1336486194
1340681522
1336485138
3483971922
3483976018
3350020467
3350041955
3333201251
3354180067
2280503793
2280635793
2209330608
2196616624
2196288672
2183967904
2184035488
3257858192
3274586560
3241032560
3224255011
1081027106
1089220130
1156329234
1156527362
1156519170
82510850
99163202
233381058
233397698
266980754
258579891
258588083
258866610
242089362
242087314
250607026
250602930
250604978
250605010
250080722
250084818
241539570
1315223906
1315224930
1315220770
1340128546
1302379570
1302445074
1302436914
1235606642
1273492595
1266574417
1245590784
1262094080
1266292224
1264133680
1264068129
1264068131
1264072242
1264127506
1266241042
1274564386
1241042722
1235877138
1235920130
1286251779
1307227457
1307151728
1332250976
1332447600
1596627024
1445632208
908695792
926457072
655922416
655986928
589213920
656335072
624881888
624706016
627835367
627381238
627390334
637349502
620576342
620567062
884808198
884809222
481902086
1555770886
1287333382
1287206402
1286084098
1286079042
1302876738
1303081794
1202385345
1202410960
1206408672
1181244900
1177116132
1177189844
1177253828
1178137564
1178112748
1176277741
1193063162
1197319914
1308403434
1291632366
1290573566
1290573694
1282250590
1282323790
1282321485
1567538428
1580120292
1580120292
2116730100
2116720084
2120978644
779653348
779653348
792375380
605724740
742056000
742056161
742093025
607654119
611059111
627838887
670894774
670907094
633289414
632961542
632969734
632946182
632873478
632856838
905486358
859361318
859324470
859308054
1899627622
1881808230
1353326310
1353325286
1353398998
1353267909
1085811396
1083715268
1079514756
1091045044
1124668068
1124950709
1125082774
1124984450
1095563154
1103943074
1171047842
1166398882
1167499666
1167499394
1200792707
1205048784
1473355248
1464969696
1980999792
1980934160
907123732
638616628
571506724
573616164
573744160
556985376
539102496
543559457
543559379
552537794
619650770
889142994
882720466
882654914
345779922
345978610
362682050
532616898
1315831490
1600495554
1600494306
1592240866
2124918370
4272401922
4272262659
4003759616
3999565360
3995379488
3995448608
3995579744
3995592032
4012236256
3828829664
3832958448
3833028048
1693809104
1689574880
1705368816
1743189185
1718019265
1713795265
1714307281
1714229729
1730950113
1735140967
1709981223
3853261366
4155316758
4155325206
3618581250
3618515714
2544774658
2276328962
2242626130
2242429682
2225640162
2226696930
2222519971
2218352339
2218400195
2218342627
2235050083
2268802147
2264544323
2260603139
2260603713
2260550481
2260521825
2277293539
2281486563
2239535267
2235472051
2235210131
2235217795
2235212417
2273223297
2281632384
2281554608
2273089248
2239539168
2239541088
2491264305
2491263027
2491201571
2486999075
2487191602
2503904258
4113478658
4117409794
4100636675
4234887203
3693608995
3693621539
3693623138
3630833250
3630828098
3647609410
3689618002
3421190738
3400220226
3400216130
3400103490
3400062658
3400054497
3400050400
3404244640
3412637584
3374896560
3374898336
3374939297
3408541090
3391763906
3395950402
3400140290
3400074770
3400013346
3416811303
2309547303
2296964149
2297152581
2288764101
2289628647
2285499878
2306529222
2306524806
2314919879
2313740279
3387473381
3387469284
3387536612
3639325892
3630740548
3626546224
3626538019
3710555186
3744124930
3727355906
3731505170
3735699810
3668464609
3685229220
3690473124
1534607012
1496846012
1497111196
1530206892
1530272444
1500659340
1500671693
1509091015
435204678
433103398
433103398
416326438
407942435
408146993
408124465
135478305
152189987
185736259
192021955
183633859
179701442
179652307
177534707
1268033523
1238674899
1230417346
1230409154
1226284530
1228201954
1228400354
1266053842
1274430147
1274495697
1541460833
1499505952
1491119136
1492237360
1559346176
1550887936
470856720
470856736
487765040
1024627712
1026720768
1060275473
1064537393
793812771
793816355
1850846515
1850905858
1846706434
1847034130
1846907170
4011123490
3979732518
3962981942
3963554342
3966504550
3974893542
3970701286
3987486150
3987559877
3987723716
3987533264
3991711184
3984438720
4013856192
3997086144
3861828032
3878536560
3878438368
3844890080
3966517217
3966582771
3975118786
3975118658
3840933714
3853448514
3886994754
3886993730
3892302273
3883782592
3879527904
3845975520
3845978592
3832400352
3857566176
3853377008
1743707456
1718019136
1713824832
1713829184
1713886560
1847874913
1852052965
1852063207
1853108199
1852911575
1861303126
787815283
783616819
1052187153
515258881
515255809
177614339
194389506
194459138
194459394
198647618
200757202
167103378
163433362
163433362
163175315
196729777
196737440
192473568
188279264
154724832
154757584
154888513
138025795
141167363
216664851
229313299
233380147
199830835
191442194
191585554
191612162
191481170
157932882
166321650
145349106
145357298
1219099122
1219099634
1219013474
1219013474
1223207778
3370692454
3370687846
3370761330
3370757218
3370695778
3370761315
3362364641
3358301409
3358233824
2284487136
2301526976
2659091392
2667493056
2665328448
2665261936
2665261424
2664278064
2655627296
3729303584
4127774752
4127900688
4127870996
4128141360
1985900832
1927182177
1927241571
1927094131
1920802754
1933516226
809377218
809441730
813636562
813636338
822033122
817707618
278731362
277690963
277625344
1082927616
1103904272
1137445728
1133271904
1099717476
3247233892
3247299428
3247423332
3247423332
3247224163
3286021602
3278749170
3261970674
3261970674
3257383122
1109899474
1110882626
1125562690
1124531010
1090973250
17231682
4585426
4513251
21290467
21257699
21331443
21395923
29784515
30309314
63863746
1137667922
1137475427
1129117539
1129116130
1129116130
1095684546
1078907266
1087279490
1154063794
3297622434
3301947890
3436100083
3436116337
2379086081
2412571905
2328649989
2324627765
2324107559
2323981090
2323981090
2391025186
2391023138
2391018019
2395212337
2277772032
2244221700
2244218196
2245281140
2220147045
2220147175
2356974055
2357039590
2357040598
2239733214
2273286622
2256517630
2256517534
2386475150
2384373902
2384373902
2384375182
2399577558
2366039030
2617647734
2617455142
2617315878
4232122918
4236255791
4236256024
4236518152
3649840392
3679205640
1510541592
1510475864
1527257176
1527278808
1539892424
1502191755
1502187658
2039058938
2022290923
2018360553
1745795321
688306249
721856520
1778822152
1778561033
1778548798
1778548782
1778565230
1795346926
1745306342
1749370530
1759315634
1755121314
1756962466
3971554978
4021885585
4005112704
4277873536
4269353600
4130942592
4130955920
4135547552
4143960740
4105630340
4038517380
4038428293
4042559463
3765742063
3765741615
3761547311
3761743903
3778456591
3809915919
3809984783
3793572174
3793695086
3799986542
3808232750
3803972910
3803977022
3820822799
3787415823
4060079373
4041198877
4041050940
3779890044
1665960796
1645067212
1645129156
1645142468
1645146245
1646153861
1662910887
1618874790
1627338734
1626147566
1623014110
1622960734
3770477150
3772050958
3772110414
3780442062
3813996510
4061427118
4061398446
4061594798
4132836526
4137039342
4139132398
3065918814
4139546447
4156323663
3623641693
3581796908
3565089340
3560854028
3560850956
3560917516
3577542948
3608995876
1444210724
1448403973
1381417029
1377190023
1396588679
1367228550
1416526246
1425013158
1957026214
1957018022
1692707238
1827972430
762617870
791978014
775200814
774348847
774287397
1848045604
1848954924
1848926252
1865769784
1868035704
1842798120
3990276664
3986082424
3990145609
3981757003
3983575626
2775682410
2909901930
2918289658
2918445275
2943541375
2941444477
2941444477
2941448565
2941514212
2943382756
2910082276
2910129381
2893417973
2893422551
2901814999
2918530806
2917408726
2917416406
2780065238
2779867574
2784198039
2784116103
2809280391
2807247751
2807116215
3075486119
3085963751
2817529318
2817553911
2784030023
2784209223
2784082181
2773530893
3847269132
3847466508
2809312796
2805110397
2805187197
2805060335
2805004271
2771441126
2775633382
2775698774
2784165190
2784161095
2784226647
2817649717
2817784853
2809386004
2809381904
2776002608
2775998768
2776003108
2776060453
2776450599
2776391223
2776464150
2785007958
2952645110
2952583638
2944265670
2944329671
2940129863
2939601527
2943861351
2943674151
2918246183
2918251815
2918305063
2775764247
2775774533
2809390421
2807092469
2790315253
2790487253
2807264501
2916234487
2916488694
2901811062
3975618358
3967032886
3967565622
3967631126
3967429895
3975932951
3988388949
3988364741
4021854085
4000884357
3994789505
3996817025
2923071153
2923267809
2926888805
2943665509
2775602484
2775737348
2775739412
2775653428
2775780404
2784107540
2765239349
3835106359
3837220150
3853940502
3891623702
3883720022
3877424630
3877424342
3880766870
3880681350
3846596231
3846583943
3846583943
4124522214
4124321766
4124323302
4124322262
4124387526
4123273438
1992567038
1992571007
1992643615
1385054302
1385066511
1390280718
1383866582
1109927078
1110052022
1093282182
1076497030
1084951190
1084951222
1084824246
1084766870
1084762805
1084779172
1084811940
1080601252
1076411108
19503716
36411956
36280852
36219412
36223540
36223271
40478758
48998694
48954118
40520262
57281222
23726722
7019442
1088960674
1088956578
1084958898
1084886146
1084886146
1084961986
1084958162
1084827602
1084817395
1084799456
1084795360
1080605156
1093188068
1109965300
1110030404
1109956628
1109952548
1109965860
1109961764
1110090772
1126856449
1080694275
1089080850
1084885602
1084758626
1084766818
1084762594
1088960739
1080768640
1076521088
1076800640
1076804992
1093637504
1093507056
1127001632
1127001632
1114417696
1391245856
3555314227
3286915634
3253418722
2447915426
2431125666
2431143074
2448149714
2448079874
2477435904
2460659200
2460527104
2464717360
2456328736
2452150816
3525842982
3525839014
3526035622
3526232214
3543013510
3559794822
3565054084
1417603972
1425911508
1424795188
4100760124
4100760108
4109148712
4109218344
4243054120
4242852395
4243348010
4234939178
4231792954
4164761930
2015307850
2018979018
2094474458
1020727530
1037185262
1027739806
927072390
926946438
859843718
843119030
851507623
851491255
843102647
843168183
843168183
843299063
844597463
842369271
306022647
306169942
306108422
24049926
24013062
7285022
74201382
82328358
212539958
213531154
146418194
146287154
146287136
163085088
167299888
187353344
188401920
188401920
186312960
185264384
185264384
151976192
151968000
151701824
155896129
156944705
159091153
159091155
157911537
157920225
166308848
435137232
1508870800
2065140368
4211378848
4211387040
2869209761
2869209763
2869361314
2907634338
2911554210
2813905314
2812856738
2728974757
2733177236
2724785028
2720590724
2720656020
2720717540
2737495028
2703916020
2708045301
2691452261
2708278655
2708408606
2783590686
2783521054
2783455294
2900891694
2901084222
4020897806
4205455374
4205407262
4205370398
2057873420
2057873420
2053748748
2049607692
2049607756
2050657356
974831052
991602124
962323932
677107196
677105132
679070700
678157295
686545822
687557022
685328830
675834030
671624366
688399550
692991390
701372318
697175710
697109142
752102038
743713430
743713430
618019510
882252438
881199751
813959815
813968023
813968119
281345015
289733623
289790967
298179574
332385238
332386294
316525942
308069758
39699774
35642654
39755034
1205246234
1150728506
1151318811
3433019913
3432954380
3365579268
3364399668
3381160481
3414695523
3393724130
3394962914
3396994274
3395947730
3404336322
1256851651
1332418753
1328113856
254404992
120257408
19585664
19581824
19549056
23808400
32197040
32229552
32111792
23719344
23702928
2735504
2727249
1076468529
1093188384
1097378336
1139321376
3534465552
3534404096
2460649984
2464845328
2452133408
2452137504
2972251872
2955628192
2955611808
2959674020
2968001189
2963831462
2963827622
2963864486
2968050598
2976435190
2993216342
2993286918
2993418006
3060395830
3060494134
3194645302
3194644790
3194636326
3135850550
3941091382
4209604630
2049533959
2049599493
2050648133
2048534725
974792902
974072022
961493470
952769246
949619422
951716558
951782093
1017727700
1017694964
1021897700
1027139812
1043900532
907782228
907716692
839576052
844037623
852446614
860097942
319556998
286067094
269093586
13245042
9058866
10107443
26749459
26750465
26780161
64721665
56262913
56263105
22708353
24805505
24871312
20566932
3751612
1654505
337193515
343484970
351021866
883697962
883697722
917010506
917031050
313035914
313033866
313053339
317313208
308961448
305848744
289071784
270201512
274453176
274241212
282630836
282888884
819825396
836602597
855411238
854110246
845717542
841539622
841506878
841625626
824840202
808061450
880413194
888801818
481827354
481835530
213395978
146285578
163053594
196608062
196616230
179855393
177987696
177905984
173716928
1262128576
1262129024
1328188032
3442117248
3312159376
3316353680
3567880881
2494143139
3031018146
3035146979
2755177059
2771954211
2805508645
2920852005
2920855852
2920908844
2923022381
2923153469
2927282239
2935683134
2866473758
2858085150
2857954110
2853763886
2853751573
2870627140
2874833220
2841540948
2885486676
2952530164
2951547124
2951547108
2783910116
2699958500
2695764220
2695772828
2695772815
2695772814
2695642814
3773575854
3764916910
3760718522
3777499322
1630482618
1634155674
1709389898
883042314
883107850
346236938
77735946
216165386
216195338
164876554
198422826
180593454
180593454
180597054
180400446
1250996286
1251062842
1251392570
1251916826
1251588154
3403197482
3396897834
3395980379
3681191307
3714745736
3723134872
3572204204
3035337388
2959651500
2955449016
2687014584
2687147688
2687146664
2687171244
2703882924
2724780716
2725005231
2725003694
2725007535
2725081261
2708366572
2691591284
2691587076
2699957252
2695771392
2695766535
2695701014
2695635494
2968007214
3022525226
4096263210
4100524138
4239001802
3702143182
1554655372
1554525324
1291330700
205275532
204882380
219333068
252863501
240282934
248736054
114420086
114354662
114351534
43040942
41992350
42094732
42098828
55992492
1336484
3988900
4116148
271486708
275554020
820817444
816097828
832879124
837192196
560372228
539344436
1613016612
1613016613
1613020901
1614057383
1633456039
1615628981
3763178161
3764230800
3764366032
3766462992
2691672608
2708384288
2741960208
2993583616
3001950720
3001954819
2997686562
2997354530
3064463398
3064463402
3605528682
3739882586
3756669130
1575626954
1550526664
209201608
205003400
205328008
137757384
137511624
135414350
139653694
147972902
147906854
146841894
163623206
1250005014
1250070534
1250071566
1250335758
1250793518
3402410030
3402147882
3394805049
3680142664
3657074120
3657074136
3723068840
3756572072
3731402664
3727212460
4264208308
4130006948
4062865315
4062857122
4079617442
4083814290
4058660738
4041878146
1894464129
1886063233
1357455009
1357395617
1374168035
1407721826
1390944278
1390944262
1391080462
1122637838
1101666318
1084889102
1151997966
1152063518
1151883294
1151925526
1286136149
1286119924
1286120352
1282384288
1278644656
1278383264
1293149344
1326706160
1175616977
1175592787
1177689682
36913106
40975842
43023587
311459041
311490756
47249604
34646092
34650204
37199128
306087176
305824024
1383825720
1920565544
1920505640
4051286568
4034640392
4034566668
2956630540
2956655116
2956615220
2955424292
2959618596
2967998820
2963800292
2695385251
2712268946
3014251670
3001601462
2993261494
2989071254
2720774798
2721049550
2721049550
2737762254
2737765838
2708469086
2708336990
2708337022
2708337150
2708403710
2708403678
2708370910
2691659230
2691524062
2691524095
2691659263
2691128670
2690930814
3772807407
3772840175
3789815039
2749552077
3798131661
3793936972
3794887260
3795067692
3798208812
4075552809
4075557931
4071435306
4071561274
4071507998
4071290894
4058707982
4033518862
4033513230
4041966158
4041773791
4041843452
4100645596
4096451252
4096382628
3022552740
2691461093
2699320815
2699349247
3790036430
4083312078
4080428878
4063650630
4063716118
4066668839
4075049007
4071374893
4138487869
4138689548
4138630157
3605945359
3580779790
3560836366
1547636190
1547437294
1551631534
1560024239
1553868189
1553343900
1557407636
1557165972
1548809108
1565778837
1601414102
1601352470
1584632598
1583387446
1583392046
1583408430
1583836478
1592147230
1525554490
3669626171
3690532667
3690465051
3690514203
3757675867
3757680091
3753420217
3753424312
4260927416
3051927224
3026958008
3022688920
2956624536
2956624553
2973483689
2705122987
2709317033
2708798953
2716327128
2716269896
2707877128
2707924760
2707937080
2703742520
2703749688
2703582008
2703504169
2707685675
2716139818
2716210298
2716216442
3789896810
4159442026
4126016602
4109242442
1961762826
1425350667
1425285129
1421156633
1423385913
1423387961
1473396489
38952713
38981129
38913609
1114686201
1366590121
1349813161
1356169641
1356177833
1355129769
1355199439
1396868687
1381144079
1376960319
1378987310
1987095598
1987093550
1999877194
1999814858
1999814858
1999880426
2003980522
2003968106
1978803231
1978804493
1961974076
1961949492
1961994548
1962127124
1685291520
1685160640
1682997968
1729335985
1711452833
1711514337
1711399569
1711361969
1711356833
1729112480
1741695392
1737574560
1737704580
1855013004
1853911180
775970952
