3855849641
2782103721
2782103739
2773716107
2775810187
2754777547
2687680987
2686645099
2690786155
2690852718
2699243374
2984385006
3013806566
4070640806
4074833030
4074963078
3538104454
3539018967
3539019239
3555927347
3522392323
3312668930
3312578834
3312836914
3303534866
3303985414
3303981319
3303949573
3304804124
3580460860
3714613096
3714872680
3749475832
1585214936
1585207256
1585242088
1583669224
1583652841
1583646713
2120259035
4268859867
3732054491
1607640027
1573037049
1573053433
3695371257
3696423417
3558003181
3558069743
3562261998
3562133886
3562142046
4098996486
4115774726
3589317910
3622940695
3622998037
4143087637
4143104117
4132946021
3595923687
2522178806
2539089126
2538961382
2505382374
2505509318
2488672198
2499246022
3568825303
3585463271
3585364965
3589562789
3581206949
3577075109
3610693044
4113989572
4113919940
4113835997
4247877149
4252063547
4260480827
4125155130
4125157658
4158777626
4150524186
4159822971
4159751657
3891282360
3880784280
3843040184
3826328232
3826389736
1680999144
1692533352
1688211017
1704999435
1704991306
2002783178
1998600634
1998728378
1965170842
1977757834
1973551258
1973469434
1973461339
1973461273
1977658648
1977723704
1935784504
4083255816
4079324680
4062676488
4079403528
4146512440
4117152296
3043423528
3034965033
3034901611
3034954842
3036126282
3036120138
3027617114
4118135802
4114051818
4113965818
4147520218
4147520458
4151718362
4160172218
4122293418
4122229947
4122242201
4126539145
1433919433
1429591753
1429530315
1462232011
1935856635
4083401707
4158714731
4141934441
4142987097
4143183128
4143179064
4143046953
4159762729
4260458809
4243747097
4242686731
4242686523
4242756138
4235224874
4251985706
4279252298
4262553034
4262622666
4266907098
4292074746
4292083195
4258527643
4258463129
3721527257
3704674265
3570418633
3570422777
3587383785
3587318251
3578933743
3578925566
3612541406
3612357086
3587203422
3586154782
3582061850
3566311738
3570764074
3052767546
3053291547
3085941768
3069089096
3061617352
3073933992
3071853224
3037594284
3037598380
3037078183
3050581414
3079936166
3216246950
4139137158
4139133126
3619040454
3622973510
3614458727
3610301293
3592467325
1444979049
1987092841
1987092520
2010168376
1960024120
1951569944
1947392008
1947389192
1882672393
1882684683
1966538538
2012673642
2008536810
2008334986
1995752331
1448395659
1465303449
1433817561
1442193885
1375084925
1354178861
1358178095
1358184303
1358176223
1349991819
1347773835
1347745179
1432192393
3612837257
3612841929
3545601545
3547643449
3556025897
3556042537
3556107049
3556135725
3556131181
3518378479
3518308839
3505725926
3497350374
3509929206
3510059222
3543613510
3543625798
1362583815
1366714117
1349938740
1349876324
1431587428
3579169364
3621084741
3335804759
3335844310
3335840118
3335909734
3621245286
3318923622
3302154566
3302154566
3302090071
3293640037
3289447781
3289505109
3306347845
3306347853
3579041629
3620980703
3618850526
3623081678
3488859870
3488696302
3463475694
3480314111
3488833615
3455275085
3438297197
3706736685
3698418732
1550970173
1550970669
1429404509
1446174541
1446170573
1446102477
1448395229
1448395769
1448465257
1460986665
1964368683
1964499759
1951850783
1951839501
1960283485
4107636223
4123365375
4089810910
4081422286
4064577278
4074033902
4074627822
3001017070
3068093166
3084743151
3076288741
3076317429
3009212628
2975552644
2975749508
4049487748
4049553076
4049564581
4048904621
4048908541
4051124303
4051128334
4033045518
4032916542
3504433450
3495975210
1885622110
1886736095
1886869197
1970718413
1979171789
1442300381
1467281525
1466228855
1982324759
1983045639
1983049751
1987236151
4143170087
4136687143
4153468455
4157662783
4115719999
4098086717
3024279357
3024606765
4107654693
4107597349
4250367813
4250301765
3746975173
3747024119
3747036406
3744930966
3744865462
3748795574
1601311126
2129875846
1991365510
2123424439
2127618727
2127620079
1607509998
3746755950
3713193278
3578877214
3564190999
3564322071
3564248885
3572911973
3572975588
3587524564
3621049220
3604342660
3604326292
3604326389
3604463095
3598179702
3614759974
2541020198
2506384422
2506503478
2514883862
2510685446
2443576598
2448710951
2448719141
2440363805
2434062092
2438321948
3512190940
3512059292
3546138012
3545095612
2471361964
2454582692
2454706100
2471417780
3008287733
2975327205
3052774261
3035997047
3035997023
4118132062
4046755198
3776298350
3877088638
3877038366
3843488542
3843554111
3845652255
3845289759
3845378079
3849437247
3855728767
3837903094
3837903350
3837806198
3837871734
3829558839
3829542455
3847434069
4015405509
4009101700
4277538180
4275379636
2127832997
2126783397
2135172055
2135171927
2034512670
2035553590
1836916022
1845439542
2113546295
2109373783
2044419469
2044221325
2035873679
2030622623
2035013054
2043606446
2110629294
2106893678
4258592543
3723878925
3698848268
3705852692
3706909988
3702707492
2492581156
2492521732
2492591364
2499214663
2515979750
3547778278
3547776182
3547677846
3530834054
3530649814
3526582614
3593626431
3593691965
3593496125
3591433788
1464917532
1438699277
1421931805
3569411421
3569476063
3569865150
3586576830
3586586046
3611717046
3611786678
3578088870
3579135479
3562501589
3495392085
3503645525
3503580917
3503580917
3503619767
3549945495
3532836486
3537029014
3539064246
3530600687
3525353583
4062295071
4062229533
4062227737
1918954809
1919056169
1914854697
1914831993
1914896473
1936081369
1903358425
1894970237
1888718397
1888525117
1892723517
1884334365
1896918285
1899222863
4046899151
4048996263
4124492199
4124332455
4107592115
4107657667
4099400003
4099274003
4099200818
4101271346
4101467922
4118163218
2508078386
2547979570
2543654198
2543662903
2476570421
2476496725
2476524885
2472330709
2434565621
2434762229
2467202965
2471466901
3008216725
2991435445
4060982949
4062050213
4129157605
4129255927
4130762823
4130763078
4150661398
4117108007
4125457702
4125387070
4109691214
4109758286
3036151502
3036665566
3030225663
3030168303
3030184557
3034378861
3040629373
3040622173
3040554879
3040492911
3044744430
3052997886
3048934606
2512268430
3586073743
3516736669
3516749237
3549811157
3551908309
3539317077
3539316773
3530862629
3529543717
3525546005
3525750797
3525768461
3508993293
3493251405
3497446365
3501706237
3501577725
3501515261
3505709567
3514098671
4051608174
4047426110
4030580254
4028421662
4032587582
4032591151
1885172783
4032648239
4032648319
1881101518
1881101518
1896760462
1934509982
1942902462
1938781886
1938585278
1938583199
1943826335
2010480541
4158095292
4157822956
3612563436
4149441500
4149470157
3579045837
3587303151
3583043303
3750815726
3750782974
3717560318
3723834350
3715567982
3715563886
3715567918
4251930907
4260197641
4260228360
4252297480
4252285304
4248086888
3709118808
3742891272
3742811400
2669069576
2673262888
2681725229
2677498669
2643948319
2643968799
2627064686
2626999278
2626994606
2488583598
2484456863
2500971663
2500979919
2534665423
2534600013
3579245829
3579233543
4124439813
4124435733
4032294196
4032223540
4049520916
4049522436
4083109380
4082894340
4066120212
1914450469
1912877863
1917072678
4072936486
4068738166
4068758598
4085552326
4086076614
4090267094
3821836278
3800863446
3800601286
4085879415
4090139181
4044027437
4027199013
4027198213
4027198807
1879719143
1893336231
1889076375
1889207439
1888427149
864942220
848083388
315408044
307009164
1376232076
1377149516
1377100589
1379196973
1898249263
4041533487
4037470254
3518425350
3535197446
3531981638
3532440486
3528278438
3528139174
3544916391
3511362999
3494784989
3494521309
3494451485
3494398237
3494431005
1364778249
1398379273
1398772233
1406980637
1401471599
1367917551
1405928870
1196383398
3339615398
3322817670
3322293446
1313238470
1338404294
1304850246
1300590422
1300594007
1334269429
3486897637
3478450660
3472941540
3472990708
3443630548
3703612917
3699418597
3699490279
3703741799
3703805221
3695285557
3708007189
3708007189
3707876897
3708016161
3707952689
3691175425
4228120323
4232244547
4257406401
4258450561
4258382977
4285584785
4285653409
4266812321
4266791857
4266726291
4266668534
3738183014
3738184998
3754962214
3757386014
3723902214
3719698190
3719758606
2645836575
2645844783
2647974253
2639585645
2638468605
2621607421
2630062077
2629877469
2629871325
2621679181
2617414156
2618523964
2618327085
2618352685
3205620789
3188948037
4127358165
4131548583
4131553191
4139927191
4140975749
4158079621
3587666565
3587666823
3715454163
3715380323
3715114018
3715116066
3715310642
1475486994
1458709267
1456681683
1456681681
1455489937
1447039909
1463838133
1413541269
1950611917
1891801423
1892849935
1892911887
1903464223
1920243005
1920241709
1647611949
1645723693
1661452335
1627865135
1611017263
1615227695
1623353903
1619151422
1619021390
1619023438
1640036046
1942016670
1933693614
4081251238
4081247655
4081575335
4056282549
4056270228
4056270212
4089959876
4089903061
4082263509
4082329079
4084231399
4084300903
4050865271
4048766047
3545457999
3620955919
3618789135
3618785039
3617814342
3588302166
3579854310
3558868455
3559999463
3564259269
3587335877
3620987717
3620791093
3597721893
3597705525
3610420487
3576943895
3576743015
3557874918
3558010326
3562208710
3587622854
3620881094
3606270535
3597787735
3596739127
3596673575
4150322983
4117802303
4235438367
4235639055
4101413647
4101478991
4118120013
4147429981
4130652781
4134851436
4134826348
4141035884
4157748324
4115799125
4099030213
4099030229
4107614455
4107549927
4240710902
4257504646
4257703366
4287030214
3734430662
4271068150
4275065838
4283445743
4283446767
4245703145
4245768681
4233227225
4249938760
4249939464
4283545096
4275147528
4275409720
4267024680
4150108460
4112422204
4094330644
4094332692
4094607349
4098866933
4107075575
4107132310
4157002902
4140224694
4274471078
4265939110
4279701750
4246147542
4095158262
4101320551
4109647719
4256436197
4289994693
4143212493
4141343693
1985147853
1984021471
1983968111
1983964971
1985015595
4149345579
4149401899
4149397818
4149431578
4115690762
4115882250
4107424010
4107682058
4107747643
4106515753
4106513773
4106513517
4098710637
4115481933
3578741069
3578745167
3578745678
3578602478
3561236462
3569628654
3569812990
3565569503
3582383565
3565610445
3569722700
3570182108
3561863133
3578771421
3612260317
3591288255
3592410559
3592345023
3592345053
4133459421
4158100845
4157968685
4157965116
4143231768
4134840089
4130647419
4130668010
4128623086
4128624110
4145468926
3847647694
3830866382
3839291726
3839815983
3837767973
3854406948
3890060564
3999071492
3994873108
1847340852
1864318516
1830686324
1813382901
1817577127
1825768358
1821376934
1820332214
746594438
1015079055
1015062671
1019264205
2084616285
2080618525
1964161036
2004007180
2004007692
4134962716
4135043597
4130783821
4130751103
4130755183
3061179238
3086279782
3079984166
2794753046
2794757127
2798955527
2807540757
2769726501
2752953637
2752941943
2752956119
2752955075
3843998419
3877585559
3877585558
3877393398
3883151847
3857987055
3858048127
3841404239
3841273103
3839180063
3839302943
4107738447
4109841869
4109841869
4122428925
4155983837
3602269125
3602281413
3606410231
3606340071
3606372582
3621052646
4157993198
4158113022
4149712094
4082548174
4078354383
4078345805
3809975837
1662297629
1662314041
1662317353
1662316841
1662308395
1631962158
1640349822
1640460510
1640456414
1640395231
1640383485
1640432637
1640313836
1640310764
1640003436
1624332124
1624332108
1624598285
1624598287
1616215823
1884638527
1884769583
1901419903
1901549391
1909872463
1909879759
1909879759
1909813751
1884615143
1893003751
1892012503
1908920773
1908921685
2010625333
1993715005
1985342749
1987438879
1987439903
1983380798
1983366190
1985462382
1985331454
1716908254
1724375262
1741087213
2009592812
4115002092
4114969340
4111819516
4111823452
4099371612
4099372861
3839325981
3835123485
3839221533
3839164255
3839164415
3839164382
3830831070
3830962078
4114957790
4110697950
4116448366
4250735726
4252705902
4261028983
2113544663
2113549269
2109280981
2006459061
1469605783
1473865671
1474035655
1473961815
1457258295
1381625141
1918694709
1918760245
1918759189
1935528245
1933852965
1900299621
1883587943
1879524727
1883723127
1883535223
1900311383
1942446919
868737495
835183093
1900335589
1900332541
1883538909
1883735500
1883680204
1883696333
1884220557
1902050445
1902007437
1474187677
1470046653
3617530877
3588043373
3571410477
3573540413
3573399101
3568086845
3567561997
3617953039
3606544462
3598090446
3593912830
3593957870
3593937774
3610714734
4118165102
4126613038
4122238766
4122271502
4153732367
4157910279
4145521927
4111902471
4044788247
4044259879
4044210787
4081894115
4081959635
4082057939
4081931249
4081865184
4056184032
4031210736
4031112688
3762614228
3762618324
3779431892
3821443525
3871782981
3871512597
1715574837
1711643669
1846014981
1845948437
1845915685
1845899493
1862668451
1749161122
683812258
683884210
679552658
679487122
1753244339
1770054339
1854988547
2129780741
2121326613
2120246317
2133880111
4252203835
4170635818
4170631722
4187933242
3919366874
4020026778
3999048890
3993276586
3993407675
3993141385
1845751949
1845617068
1845682604
1845679596
1867760941
1844466957
1844538629
1826827527
1827020087
1827015471
1828653694
2097089278
4243984118
4193734358
4227319366
4210423558
4208260406
4275102758
4275101750
4266680406
4149620935
4116054516
4107667428
4040428196
4038408868
4038400676
4038875892
4042579652
4046758853
4078412741
4077171653
4077163351
4077683495
1930216231
4048438567
4057885989
4053675301
4059965709
4059965709
1944979725
1383992653
1384071501
1381785805
1914495097
4061982824
4061975784
4048341224
4040133368
4036926168
4036926024
4103898696
4106003016
4110197355
3892093802
2801639658
2801586410
2793194734
3862773902
3862311054
3862306958
3879084430
3828758191
3841394350
3836942014
4105379546
4105444938
4105463306
4122275594
4155813130
4143228203
4143821865
4143879224
4152267800
4148003896
4114122040
3845764376
3829053208
3778991896
1669252893
1660863342
1727943022
1717371118
3860607230
4128056542
4145947870
4116589822
4108127423
4103933343
4104064911
4104001167
3701355151
3720307407
3753665151
3736887854
3736888110
3757859118
3749474351
3711915055
3695068187
3695068171
1547357193
1551563017
1560205641
1576900939
1610455498
1593411066
1593364650
1585213610
1580990874
1597899162
1546523610
1550725738
1554919979
1555576361
1555573289
1605954072
1589160456
3740907784
4269312312
4265124904
4269322616
4252664520
3157951176
3023733452
3023749844
3023819508
3022549729
3035129314
3031194854
2813085926
2813155474
3069082754
3057546371
3074302339
3040747911
3024036774
3027511206
3035897254
3035961830
2499025266
3568597251
3568627457
3568625409
3568674561
3568735507
3749101859
3728003362
3728069410
3728130578
3728654914
4265509314
4268721298
4276718738
4259880115
4243175573
4234918020
3832135156
2755198700
2755192428
2753062444
2774218284
3051294252
3017543212
3017543197
3017541135
2979792734
2442933758
2442933422
2442927294
2442935486
2274113710
2261522622
2254052494
3462012047
3464115340
1312499084
1328096524
1294482716
204225292
204286220
472197388
472197500
471869868
873479596
872418732
893390765
625020845
566303679
566254527
567311167
568356159
560065855
560069951
560061759
560040255
828737855
291866943
290818367
290294079
290295071
290293471
1363654287
1368884879
1907467951
1906411181
4121015989
4122129325
4115837933
4111573805
4094743821
4094816013
4094884109
4095142207
4232505646
4257671550
4257738190
4291290510
4283289998
4283220382
4157391295
4124045741
4125025708
4116670444
4146014196
4145484636
4128715100
4132844860
3000441916
2995800124
3011533116
2474658108
2475019788
2525426188
2525409805
2525409903
2529989230
2521596910
2538373614
2487665054
3024541598
3155585946
3155585978
3155179962
3155175835
4244843915
4250018953
4258402509
4260560911
4260708383
4294307886
4294305070
4285916462
4283755831
4250199837
4179033868
4179021324
4185280028
4184870460
4184868396
4193256045
4222632943
4222873838
3146834158
3146834158
3109060858
4244672650
4227917194
4228214730
4228263882
4228262906
4228258282
4232448234
4107667674
3583446154
3583777930
1469850762
1468854425
1468829848
1464697244
3575484828
3709707252
3695027812
3695029796
3695160869
3694566929
3715554819
3748843011
2666677779
2666616355
2664461155
2593186915
2593191011
2592183335
2593365029
3130498101
3142950165
3138690580
3139223060
3105663492
2820581904
2820602416
2820033072
2820016688
2824081008
2849259360
2882811232
3130262752
3130264816
3130272928
3130272929
2608868515
2608864422
2609974454
2614183126
2337526982
2337518662
2345905158
2576460806
2576460822
2614475878
2606210150
3675686390
4212557774
4212037326
4212043470
4211993311
3914132175
3896830927
3896897485
3892830205
3892823805
3897017085
3922183165
3955352573
3956336093
3956303357
4283465197
4282523069
4282517949
4290906527
4253096382
4253105598
3720559870
3721534718
3713467518
3723826462
3723765006
3719323918
3752911118
3484545302
3436433702
3436298594
3427833058
3293623538
3288448211
3557932177
3558063233
3557997761
1460845888
1987219200
1994556928
1986299408
1982113588
1982129461
1982164253
1981946927
2116160559
1056050219
1049697339
982725643
982605835
986833163
986964233
995284281
995591449
964660509
964529181
964410492
942406781
960101501
960093311
960068846
997797358
997928430
962277374
945495774
1492846302
1488652026
1488519930
1488525050
1488525018
1488486090
1538845337
1257827304
1249442296
1245305288
1529502024
1479170312
1479154968
405493016
405496600
405529400
946598760
947435368
997764584
978889129
974694827
974846395
437975450
436885914
508197306
517635514
513428874
513428953
381275448
385412412
375975196
371833868
304778252
304778508
388663580
359303996
359369053
493455709
1030342877
1009371389
1026283772
959184124
963339756
963339244
971580140
971711052
954794569
954794521
954806843
946348843
955854650
955984394
951781898
949553786
949496570
948448218
952643018
944264650
944330187
692802523
692810475
692937323
726426217
726528873
734917481
718140264
718058472
718058348
717533820
977647192
977649528
977582377
977582123
977647659
977771561
977771560
973509656
973517832
973518088
973506056
990285384
956747336
2030456392
2015299192
2021459304
2020343912
2028744808
2024739032
2024673480
1488860616
1486712248
1485597096
1489791416
3636751289
3628429211
3653703306
3452375690
3452896154
3486450538
3452436778
3452436522
3436773434
3365548314
3367641354
3367707402
3366462987
3370655257
3370650232
3362265944
1214791512
1214784888
1231566200
1227387256
1227411832
1227403768
1227465144
153723320
455713176
438943128
438941880
451524792
451655865
510309531
507162761
1044025545
1044021464
1983545448
1966782072
1950268952
1954449928
1954515464
1954385416
2105333016
2138894376
2115788840
4129034280
4133359720
4141495208
2010781353
1956323003
2092768906
2092706442
2094804618
2086420154
2086417322
2086412666
746070042
745037850
753493018
745139482
745073434
740879162
740880154
758667099
723076059
723063227
727388587
727258539
802766315
769210603
765016315
765008091
798577867
664387786
668594570
670802330
939238330
939112378
913890746
913889722
385448378
385558713
519715033
519707913
518655243
510543114
242046218
191163674
191163674
200142618
195946266
196978473
177178472
177113068
172855788
168595820
1242083388
1242148940
1225433165
1209721935
1222268366
1218053114
1217987178
1216946730
1217077802
1218118154
1217924618
1220045371
1232657193
1245218921
1513654473
1513654411
1513655433
1513980041
1518305672
2062975672
2021044904
2018960040
2014241448
2014241497
2014307311
2018304494
2019321006
2036100270
2051898526
2060401870
2060333262
2060333534
987640090
987640603
1071452985
1037841208
434059064
417140536
500963864
504900104
437792264
169375240
175637259
175636762
250085434
208338971
208285963
208282889
208282889
149513545
149472603
149456362
141067690
141071786
174765466
174764426
183144842
447386010
1521005050
2057875817
1773712680
1761258792
3898257192
3894062632
3910903304
3910898184
3894067720
1748648552
1748633192
1747468013
1751649775
1777075390
1806434462
3938324638
3936231582
1787125894
1787060358
1787061382
1791258518
1782987446
1799764615
1808145045
1774599908
1804017452
1809059116
1005849628
980696077
980691981
980740111
978626574
986029070
449158350
445095067
449289400
440906988
436647164
437187788
437186636
453922893
1494896991
1490702974
1488605918
1488605914
1488650826
1486373498
1486377514
1486370363
1490562619
3629656682
3675806058
3677997306
3661220042
3661138058
3673721994
3668477067
3685450136
3651834840
3635065576
3639272168
3630948968
3626590824
3693815404
3699060077
3715706343
1568226534
1601901782
1601835206
1595879630
1595879630
520958410
525086987
532988681
1065722632
1032306440
1069849400
776256296
773106456
773176585
773165321
638943499
641057034
640499995
623771945
606999849
615132456
548037928
615011656
883443017
883427147
2095585226
2095725242
1575627178
2070555818
2070618298
2053636234
989331594
999817403
429462504
411705960
415900200
404431384
136061452
136061452
136078108
139785004
142988076
142925096
142899512
193087817
176310602
176327114
181832170
439651818
1512342010
2049225034
1781900043
1780458296
1779212840
1779212840
1779213868
1779220076
1779285996
1779365103
1779331246
1779302574
1780351150
1802895530
1777729722
687214986
683545290
683618827
683483656
683418120
697837080
970730008
2061003288
2060024344
2060114456
4204452360
4275684680
3739009369
3757883899
3707585530
2562343642
2562331338
2562331242
2562209322
2566401834
2566401066
2558028858
2581128266
2581177545
2576983176
2610668680
2616951944
2604238248
2604189096
2602292649
2602237931
2606395114
2615049962
2682085114
2681765850
2673373131
2673596121
2681915016
2681856648
2681758361
2673353403
2652386218
3728278762
3732538410
3731506218
4269425690
4286307338
3749440522
3713788939
3747261513
1595596233
1595526651
1595438507
1599611323
1574576537
1574581241
1557791336
1557856872
1559826024
1559771768
1549282008
1477978824
404302536
423239624
456803144
461128456
469549881
469033769
433365800
408199976
1481942316
1480899900
1480890716
1480956381
1481038285
1489435079
1485200838
1501955526
1535525366
1518715878
1522897894
4194669567
4195194717
4195137308
3926699580
3926699564
3926698524
1778953740
1778955788
1778946604
1779159343
1780355118
1782448174
1782514734
1780878382
1786133630
735453262
680666062
680665678
679678539
679805513
679768600
683992616
683977512
700824376
1808251656
2059844424
2059835848
4199320776
4196172248
4215063033
4164879098
4167701226
4172952170
3099206186
3099076138
3099077930
3099077674
3120102522
3117999306
3151602890
2614862985
2614797448
2608497800
3678127256
2669366697
2669297067
3743035370
4258932458
4259002090
4120581882
4124579547
4124604364
3587734924
3587759516
3512262028
3541595548
3541574044
3541705629
1394222042
1373270762
1368114155
3499673449
3499658104
3503864072
3508054280
3541936392
3525225224
3525244680
3531522571
3539878410
2476605994
2509972330
2509775210
2492995050
2629310714
2633508939
3694684233
3711453449
3709586697
3675967753
1528467721
2069725464
2069664056
2048763176
2047386920
1527309420
1493983484
403648764
407777493
407769301
407768567
415631975
415632102
411376338
142944962
163839618
181633922
173114306
444040150
437682807
437621541
436511012
973381924
1040491564
1044823068
1044815064
2118622456
2118573240
1984351417
1984414905
1984283129
1967505881
1959195609
1960239963
1960208251
1960081259
1960072554
1951683946
1968588126
1968591183
1976988639
1976919039
1976857597
1976849113
1935038169
1935081113
1935044249
1918203833
1918129657
4065608169
4065608059
4067906939
4067845946
4093536058
3556599674
3552343418
3518517754
3518546170
3501834490
3506163962
3506173179
4034651384
4034504152
4034508632
4030301976
4047083032
4047349304
4080903800
4080903800
4049073784
4049061625
2966931195
2966799855
2968835181
2960514157
2960579868
2959518988
2976296716
3018323772
2732967548
2732901087
2732978846
2724557486
2720285614
2720270254
2738098606
2742497726
2750902718
2749722970
2749653274
2741790474
2708221706
2708220170
3857660202
3836614698
4239264810
4239262746
4257153034
4193595403
4185350171
4183187481
4191674649
4225032984
4215596568
4211406360
4194629128
4194825736
4266587736
4274968425
4274963817
4291808635
4291812811
4283361482
2120125530
1981647995
1981595755
1981595739
1981669577
1998512329
1948176600
1948173816
1952335864
4108308072
4108187496
4108116792
4109656409
4122276185
4122264059
4122331115
4109817514
4101469866
4097136314
4113843162
4113846602
1999925258
2004316170
1969676555
1969677595
4109889337
4126531129
4124364313
4157955657
4283921993
4269102923
4269032315
4143731050
4156322090
4156379498
4139415546
4139411194
4143539962
4135064314
3593994714
3593998538
3594068186
3615170618
4126814266
4103762970
4103792906
4105960203
3703085579
1559793225
1558742729
2087486152
2101183176
2134553336
2117773288
1987749096
1994239208
1985776824
1981592728
1981587608
1914544265
572424329
591319227
557773739
545183403
553635513
549313177
553517053
553446909
545023101
557605983
591287327
594433327
602363695
568603431
837034775
878977799
880157445
878576149
885981813
348993141
349122053
480131589
1553926677
1555905045
1555917317
1488838469
1509215557
1525990741
443831285
443904887
1524036199
1523839590
2060510182
2059445222
2067833839
2034278767
2013307263
2013377869
2013377869
2013524045
2013425677
2017620029
1489113391
1489109295
1489109311
1489437454
1547969294
474227470
524628250
516292890
517342475
519439627
376898827
376180043
376201083
921491435
921491451
921475067
929870811
929337819
929411547
925282811
929493995
929489897
929559465
930600873
930608569
931000729
394228123
360149403
368013723
351236571
351172442
351207226
351203130
904916794
829990730
897102794
930648539
930714043
914075817
911978729
911855849
911994921
845083947
1920906539
1937679675
1937220379
1901442841
1910478424
1893701368
4040138424
4056784568
4049376952
4082996920
4083143320
4066308792
2994729641
2994557609
3019199465
2984727033
2959565145
2959565065
2959598877
2967991581
2967989533
2967858461
2967862589
2967782703
2984624959
2976371262
2959602270
3023426142
3023402590
3040165742
3178577262
3220511846
4277474390
4277604358
4210495494
4218826766
2037784846
2035687727
2044010863
2077500777
2076470344
2076503112
2060237832
2060234040
2077009208
2076751128
2043392280
2043314488
2018165033
4162573801
4162516459
4166702507
4191866282
4223307194
2059113930
2063316426
2052699210
2048504858
2048767034
2116002874
1847500858
1846997018
1846984734
1865826398
1698120186
1685389803
1685402601
1693923064
1693925080
1693924952
1689599608
1689523768
1689530904
1689530904
1957974648
4105487337
3841230331
3841236474
3841235418
3839203802
3856113626
4015961818
3999179354
3995001610
3997098266
3997098026
3997130858
4000937067
4026225897
3975828680
3975836808
3975894152
4244329881
4244337577
4244186859
4260898522
4294452826
4277874234
4277878570
4277737274
4160231242
4126750667
4110103433
4108014232
4108015544
4107892664
4099536824
4099790268
4099790780
4049466300
1935532956
1918759901
1916137757
1916625215
1915577647
1932492075
1936677163
1944799515
1928026442
1927933386
1928979914
1996018170
1987625450
1987625450
2004603163
1969906971
1969906971
1969972539
1567569210
1576997694
3724476991
3703378495
3701289503
3634181645
3364828940
3364765452
2291088652
2290957581
2290883949
2290896751
2291943278
2308752126
2312950494
2312499934
2346185470
2346185710
2304086510
2304083182
2299890943
2299836493
3675629900
3657935180
3657871308
3657873356
1510446028
1510331340
1510437244
1510350892
1510354988
1514537004
1514603581
449264651
449260555
180825355
180829979
197613323
198657611
165134921
158843611
1213579931
1213568699
1220914859
1489366714
1485172378
1485266570
1485115066
1485049770
1556364778
1547972075
1543777771
1543513599
1543513311
469987551
339985615
339789007
339799134
356560174
398638358
381861638
381853446
1388547862
1388351270
1941997350
1942065958
1942139750
1908581206
1891869381
1891664596
1883293412
1879104228
1879075556
1879124964
1879194084
1925318869
1921125447
1921123398
1925382470
306196838
306192742
314581349
327159909
327357557
1401107669
1405183191
1111549431
1195414903
1463846774
1438877014
1468243270
1468119110
1602258999
1589741607
1577228325
1577248821
1510108225
1510106433
457322816
448988016
444618720
448821216
448848865
440594753
1514336579
1510191187
1493217363
1476441587
3628252147
3632437971
3632696019
3632777939
3632651987
3636749014
3646173910
2605974246
2589213158
2673131759
2680472815
3183803517
4240763980
4232358220
4232423772
4094140252
4095205197
4095102799
4111877454
3612755438
4141220206
4141220214
4074176518
3537698822
3604770934
1993106535
2009887847
1992807653
1992741077
1992749189
1447424133
1447354549
1459908781
1459901933
1460108783
1464232811
1598220842
1589766718
1585839630
1586992910
1603703566
1574342927
3696656671
3696727341
3708140653
3708071013
4278559061
4261867973
4266050501
4291216381
3720827629
2630170221
2621713965
2554604077
2554608175
2630302255
2627149631
2643793678
2677277006
2391081422
2391027934
2395234478
2395271342
2386935982
2387050687
2403706335
2638521855
2638522351
2621804479
2621935503
2621938574
2621946782
3171200958
3171282863
3204904943
3205645165
3205644589
2926690621
2867978557
2867914044
3939542301
3939558669
3946902797
3976393053
3959583612
3959560060
3964804700
3964869500
4098952044
1951406444
1959869501
1976767503
1938952206
1938948110
1938887950
1401953583
327175527
327175655
314758581
1380114823
1380114823
1379983799
1379963303
1371570663
1354794479
1413660013
1413656445
1422044957
1438773021
1438697292
1438762317
1430506829
1560452381
1560455469
2131142957
2118561085
2118624525
2118627652
2114290629
4261774325
4261786607
4245021423
4232504302
4165367790
4173811686
3099938662
3167048998
3166721334
3100669238
3100665175
3100697951
3117606367
3151156695
3134375815
3193096069
4266772373
4283495333
4245743085
4228935133
4229130591
4229052799
4229052710
4250017574
4141029142
4138881542
4138881798
3063136534
3063202086
3083133991
3041192999
3024485415
3024543013
3024536869
4098343908
4098212852
4094017940
4094017924
4093994372
4093996469
4098128357
1959053797
1993263415
1993271303
1984883719
1985930245
2120192005
1851764789
1846386725
772650285
776967469
793611581
755270719
738521182
1812324446
1812340862
1812345070
2080773358
4232515558
4240902886
4236577510
3700886263
2627149509
2358720197
2408915649
2408604352
2408616657
2410714081
2381353441
2354090213
3423842421
3289572445
3288524893
3556964733
3608304477
1444043721
1450367561
1995558473
1924449097
1928647001
1918169401
1913942059
1912954923
1917313323
1942418794
1908854126
1908788606
1908723679
1908729807
1900390349
1900525437
1900517229
1632604013
1632472941
1632501119
1632496927
1632496926
1628437566
1628359742
1627802654
1627801886
1632065854
591878446
600275238
600275222
600062982
591660102
558105670
826672230
1900420454
1892106214
