1358699583
1356598303
1372392455
1380910421
1380959733
1376228277
1376227989
1376228245
1912640421
1916834727
1925226935
1656989079
1648536735
1644346591
3791886463
3808593965
3875711021
3842156845
3826690861
3830894396
3763847709
3760014109
3759960941
3760005999
3776787431
3780969447
3813474942
3821355550
3787740682
3787783690
3771001355
3770739227
3762350619
3762346507
3774897675
3775143435
3775143515
3779332987
3779336554
3812965483
3821485163
3801035899
2995728474
2995728474
2458853450
2190221386
2206991438
2206994302
2173491822
2173483886
2173548902
2177743206
2177743222
2169485398
2170534103
2172631239
2171582685
2473441436
3010312380
3010443452
3006183596
2737813692
3811162300
3812276460
3778722028
3778701484
1664755885
1664756221
595278815
561712095
567876223
567884349
563685949
549136957
565919261
566050317
564931077
564931077
564922885
627964279
627964279
627964279
627964279
627964279
627964279
627964279
627964279
627964279
627964279
627964279
627964279
627964279
627964279
627964279
627964279
627964279
627964279
627964279
627964279
627964279
627964279
627964279
627964279
627964279
627964279
627964279
627964279
627964279
627964279
627964279
627964279
627964279
627964279
627964279
627964279
627964279
627964279
627964279
627964279
627964279
627964279
627964279
627964279
627964279
627964279
627964279
627964279
627964279
627964279
627964279
627964279
627964279
627964279
627964279
627964279
627964279
627964279
627964279
627964279
627964279
627964279
627964279
627964279
627964279
627964279
627964279
627964279
627964279
627964279
627964279
627964279
627964279
627964279
627964279
627964279
627964279
627964279
627964279
627964279
627964279
627964279
627964279
627964279
627964279
627964279
627964279
627964279
627964279
627964279
627964279
627964279
627964279
627964279
627964279
627964279
359528823
23968245
23968183
57522623
1131265470
1131264446
1131265470
1135459774
1135456702
1135456702
1135456446
1101459626
1085730985
1081237928
1077101960
1075019736
1074944728
1301192
1108936
1306568
5425097
7782857
24527177
24527113
7274797
7152941
7152941
6890813
15287567
15418631
15614215
32494023
49205719
49189271
48665023
49780669
47488941
39108524
34913964
303345324
303342268
1920311948
1920434824
1920369304
1920434856
1920771816
4067208940
4079873772
4046415453
4029547103
4033741438
4033680174
4042010926
4037816362
3501010986
3568184346
3567724574
3571918862
3295094798
1165314058
1341412362
1320534090
1318486090
1318486345
1318552040
1255978472
1254926824
1263315304
1528671100
1511757788
1511965644
505402316
505275384
505209323
504193386
1594844522
1564932394
1556543806
1557567514
1305974794
1318361098
3331621898
3331751946
3331768330
3331768362
3331833899
3352589353
2220649769
2220784440
2222874120
2220774984
3294458584
3294372856
3293323705
3301712313
3301921705
3301852841
3293007529
3288685225
3288660665
3288661641
3293898377
1163387849
1123472331
1115046859
3258336251
3258406378
3275177454
3245686126
3320851838
3320851518
3316654110
3350278158
3349352462
3349299262
3349303599
3315753772
3320018492
3294743132
3290483324
3308571388
1194651612
1175970252
1175888332
1314292172
1314292221
1314362733
1314237549
1578477613
1578477613
1582611485
1582596111
1582661647
1578553371
1578557547
1560699242
1543907306
1548094202
3704036090
3565517566
3565451966
3565477514
3583296138
3616834186
3600122570
3604190207
2538775535
2488444271
2484256047
2486275359
2486213919
3023103263
3020972830
3041993566
4149359359
4159832809
4159833000
4159767976
4158655964
3614447820
3610278092
3610275276
1462887884
1463018444
1460917196
1448330204
1985147372
1993532525
2127817773
2128084031
2119562255
2119561230
2115366974
2047963178
2064851242
2014459706
2017596986
2025985578
2021733931
2021668411
2088779097
2105556153
2143320233
1983936685
910260381
910392461
910308749
893547165
809947823
273072751
1884127791
1885114919
1887215127
1881447173
1881512213
1618393396
3780282852
3804400532
3796014724
2722275972
2718147268
2718274084
2719265316
2738139684
2737108519
2741302822
2725004646
2724987126
2724528350
2724593822
2732986622
2716209178
2699436298
3773181706
3764808202
3773295114
1625811722
1642436682
1659144394
1659159690
1651294426
1647100154
1647235178
1647239210
1714315306
1701765166
1684995350
1693436438
1694353942
1688001030
1637211654
1943425550
2010534686
2010460543
2002006125
1951670380
1951736172
1951803196
1414991388
1423706636
1425869340
1421806108
1421811277
1153203791
3316428494
3333199822
3332736398
3332735375
3332735383
3468014013
3467960813
2415158253
2354521069
2354193775
2350067055
2354265471
2362654038
3453100294
3482538246
3482337607
3448783175
3435155765
3422610725
3422858597
3424037351
3289811415
3342241159
3262612871
3262480775
3270869399
3270894005
3270992293
3262591397
3547539365
3497095077
3497060773
2960505253
2968893844
2968821188
4092892996
2725548548
2721427972
2721493508
2720444964
2720444964
2720376356
2737109541
2741295655
2724481319
2725006551
2724662479
2724609182
2732997822
2749766847
2716220598
2700508566
2700574598
3824447366
3805573078
3805568054
3799260214
1650727998
1646535742
1646668862
1650863134
1650883654
1894141126
1895226822
1888985030
1955962702
1960091422
1960091438
1976868142
2004348206
4134989103
4132863023
4283896887
4250218517
3695517973
2621907829
2630292053
2626094613
2358189621
2358057511
2359048743
2359044627
2224896515
2277363459
2259980099
2264171463
2264187862
2253714326
2253713894
2237133798
2220291047
2354505711
2350185469
2215705597
2216032732
3289836996
3306612164
3310842308
1146360132
1142231348
3289866533
3289802085
3294031207
3321289159
3271002502
3270806918
3270804870
3270885782
3266830774
3266834855
3266503141
3266437605
3522224484
2423559460
2419367284
2436344276
3006770116
2987761348
2986708677
2987361863
2987316758
2987061806
3009111598
3019466286
3014159662
3014163502
3014194302
2997417183
2461582559
2482619613
2474558973
2440486781
2418437685
2418355735
2418358807
2422684211
2514954531
2279881763
2263092275
3328443409
3325494273
3325432833
3323388928
3323372608
1196862528
1162259905
1145412481
1145932673
1142787985
1159696305
1197395425
1467993569
3598054755
3598509347
3615290147
1434313235
1417667075
1413444099
1142756162
1142699090
1141648610
3294374114
3571386594
3567126706
3569240454
3250446215
3333985925
3333993349
3338183668
3329815012
3257648100
3245011813
3320472357
3320540455
3613948199
3324528678
3324987414
3324910598
3325891654
3460051278
3464377102
1342071358
3451843183
3434926701
3701252837
3701253092
3704399844
3691818388
3692010884
1544473988
1476820420
1493575109
1494627669
1498809655
1498481975
1506805031
1502621487
1535126847
1518349583
1518347535
1522562319
1522594109
1518448937
1518776619
1535545643
1501925743
1489278319
1476705535
1476704463
1476786639
1493630415
1510356943
1514550239
1514537950
1514537950
1514406266
3670293866
3485739370
3431213370
3431213322
3431234314
3431325450
2357523210
2240058170
2274853163
2274853161
2206499177
2210696680
2202307068
2198178765
2198272975
2198269951
2265343870
2269520766
2277908790
2273579302
2241073199
2224361580
2228490324
3296465988
3424389188
3424389380
1277041156
1277045316
1277062724
1283286597
1291637447
1308394435
1341948867
1316852179
1323147763
1323278835
1323233639
1339549031
1339516263
1330996535
1330992215
1326793943
1326797975
1192588431
1309955215
1310023071
1175879615
1180106431
1188552382
1186255550
1186263743
1118888703
1123050235
1137730154
1104159723
1087453679
1087449519
1079191727
1343416463
1393739919
1377206671
1377141133
1920762253
1929220588
1928111084
4067205988
3815548452
3810836004
3777399332
3777428004
3777423972
2703649381
2707844839
2741454823
2749646199
2749645943
2716648471
2716726303
2716790047
2708467519
2691554847
3782204943
3882810895
3867143742
3866684462
3865631782
3865592870
3865658390
1714054150
1714054214
1719280838
1719278726
1744440454
637406615
637423511
615468741
632278597
904775197
938274351
2003627311
1986847790
1983706142
1983733790
2000560158
1969103710
1960706774
1889403638
1352598263
1352468069
1351884341
3499371029
3503581445
3504142597
3512712453
1382020423
1380831559
1380729287
1389183479
1406087655
1355751911
1347368423
1347231735
1343037319
1359703942
1129015174
1120629638
1133040519
1099486087
1099559895
3231359351
3235620135
3245979429
3288172327
3270346559
3539308829
3539259420
3530879004
3524550776
3507774696
3491134888
3491121576
3495348888
3503803017
3520372360
3553932936
4067726024
4067726040
3001332328
2994053740
3010830956
3010962029
3008820845
2975327847
3010850406
2993976806
2993968230
2724480054
3001402422
3018245175
2985221141
2969497093
2961172996
2956787204
2971459077
3059742261
2799559975
2795299878
2929513510
2933670950
3997060158
4013841438
4013833230
3978181646
1830698054
1818193239
1825402839
1824812759
1824906967
1841680031
1875236511
2126898591
1992615103
1992586431
1992570047
1933980847
1879442607
1880491951
1883113111
1358892694
1354571414
3500945142
3500420630
3500436998
3504664326
3521486086
3282535686
3534193925
3533996292
1390707060
3279213028
3241668836
3224794213
3224771623
3291355190
3291363350
3295553798
3320459014
3349882374
3332985351
3332981255
3333210677
3333223205
3355236325
3319578028
3310136236
3309678508
3238430620
3540500876
1393934732
1359450508
1342681292
1342547244
1880402220
1884662572
1979165468
1995881741
1995882765
1450557455
1446854734
1981694206
1981690350
1969104878
1960718062
1960803070
1958575822
1960634319
1977409999
927227983
923017343
923017711
890119661
894310381
885393133
1015351005
2105804509
1568954079
1602610911
1602545246
1338304286
1313136926
1196744990
1163321814
1154904566
1150703078
1150274983
3297758629
3298676132
3243560340
3256206532
3258368005
3258892293
3257848085
3262112037
3555517733
3522996004
3502096180
3499999028
3499994676
4039945956
2974586532
3004007092
3004072597
3004072599
2970538679
2970481326
2702995182
2707188462
2740739055
2723961183
2734512335
2726132939
2725082315
2725208219
2986303675
2984194490
4057936830
4057936830
4090835374
4090762406
4059305206
4059305158
3504815190
3504761910
3504763926
1357313031
1373955077
1365549061
1365549060
1429577780
1412932629
1410839573
1410764085
3558248245
3562458645
3612790277
3740659204
3736463132
1519740732
1523847524
1515458660
1511272557
1494619247
1482036606
1482036766
1492518430
1492588038
412423686
412901958
411886439
432857447
424437095
420275711
420402591
1498322359
1506712999
1535966614
1569505158
1569562502
3754794918
3469588390
3461345782
3336458502
3338555654
3337433390
3282903342
3517919531
3502181673
3506194712
3506227480
3543980344
3527251992
3527382280
3525218632
3524105160
1380746200
1372357352
3503265513
3503206251
3494817258
3494766058
3494695118
3494695054
3511668894
3519991967
3553031565
3544638932
3545690100
3512070132
3545560948
3545290101
3528511831
3545354567
3545485686
3545421158
2438128998
2421423958
2421284694
2438059831
2470573879
2470507351
2462110551
2463224679
2530440175
2530437102
2547021294
2538610174
2501070158
2503367950
2490791182
2499245854
2515924822
2515924422
2513819087
2539111901
2539125940
2522348724
2524315028
2524307428
2524444388
2524406356
3598017092
3598021396
3614789925
3614920743
3587535911
3570756967
3570755959
3562469655
3579235591
3613377815
3596472599
3596480775
3596603655
3613380918
3579828078
3563061222
3563052758
3707755206
3707756254
3573405406
3573334751
3590112191
2547839469
2531058157
2539447789
2541610477
3577705725
3577660637
3581329485
4118278413
4118110493
4101333277
4101469453
4101426505
4100377451
4125608939
4159036410
4151631578
4151613390
4151612382
4118073694
4118606206
4101890095
4118798639
4118700335
4118701375
4152247583
4135537983
4143799679
4160583167
4160583135
4158485981
4116542349
4099765133
4108211901
4110309101
4126635757
3052691071
2540986175
2523264831
2464670495
2464543519
3538277247
3606434167
3614830967
3579179383
3562534391
3562525943
3562468567
3562534103
3562534357
3579147765
3579278293
3512161221
3581302725
3614920549
3623189861
3622137717
3622174535
3605526295
3605525303
3606373183
3597979965
3597975853
3610755119
3564557375
3564561503
3562269790
3562270174
3562264030
3562522078
3562391422
3562395486
4099270470
4101371718
4101496182
4126666214
4126537174
4151694806
4132946422
4132950518
4132958711
4141707639
4141637989
4141638951
3621547303
3587995943
3571284279
2514385685
2505465685
2488682309
2513781189
2513785301
2547331541
3612807637
3612742615
3547739110
3514180582
3505861494
1354044255
1353979709
1089742652
1081356092
1077690120
1077763848
20825864
54314248
35471688
35602777
308199897
316592633
312463849
312267243
312238443
332952939
291069210
291191066
320543002
320538938
322584378
305799962
310059786
855183882
855314970
854328106
921441067
669778795
627964279
627964279
627964279
627964279
627964279
627964279
627964279
627964279
627964279
627964279
627964279
627964279
762165623
762165623
627948918
627946998
627945983
661500351
1735242429
1701687997
1697493688
3844977336
3828201144
3828219576
3828234920
3845012456
2813210089
2813201483
3064470538
3064474714
3064478810
2531802186
3593100490
3527038090
3527024794
1381703834
1398743179
1373507977
1355678617
1355694828
3504205421
3562842661
3564939829
3564943895
4101811719
4118578702
4135486158
4135240398
3598336390
2523530663
2523413669
2523670948
2523671972
2548508108
2514883020
2515861852
2224042268
2224055348
2224087061
2224070935
2224063270
2228322854
2236778030
2383593086
2383649534
2383907774
2383870358
2652301462
2652298373
2654422148
2620911748
2620842308
2619797772
2623993620
2498225700
2493574692
2493640212
2511470132
2541018732
2517946348
2517913068
2521058524
2529639485
2277911599
2245405742
2230727734
2163609878
2158383378
2158940978
2160034658
2159839202
2155646882
2168229778
2199756418
2183048835
2181475971
2517038979
2516866467
2521069031
2531028071
2543676463
2545773629
2544729117
2548890637
2506681357
2502554893
2486850317
2621067789
2623173213
2648662765
2644272877
2661056431
2665270703
2656357822
2651309262
2651255246
2534924750
2501370318
2484527582
3562464734
3570858463
4107782589
4107585981
2505374716
2467684300
2467713804
2469794572
2469729052
2436117292
2423530796
2425693485
2442466597
2442608693
2476720375
2274149559
2257357990
2269940902
2266799526
2266939270
2233394822
2233132742
2505762374
2514085670
2509831974
2516122918
2516118822
2499411223
2491046931
2222589009
2220426480
2216428784
2233406960
2269001168
3325966272
3330160192
3333834304
3333801792
3350525777
2226433906
2226433618
2228590178
2220132066
2483328738
2483331810
2539037378
2522256067
2522777541
2524810724
3057450468
4131187940
4114410724
4097604852
4097782996
4099290517
1951805877
1976973239
1976973207
2010519431
1995906439
1995666837
1995564501
1458692436
1475391508
1475383348
1467015204
1467016237
1464886319
1467102502
1475753510
1471545894
1472070198
1572602422
1576810038
1568423447
1564223757
1295984909
1299589197
225867983
1601625310
1597489630
1561625534
2098496175
2084872879
2093261549
2089067069
2110038589
2132059677
2115363333
4279661061
3744596772
3711369253
3698589733
3702391863
3702393862
3702406150
3718936582
3753564486
3602485190
3602419110
3602420911
3604525229
3591938205
3591938204
3592069276
3608851356
3071980268
3042637549
3034087149
3034087133
2967223897
2967412569
2430474233
2429884409
2431924201
2431923631
2429828527
2429820335
2161384887
3235126470
3237217730
3237417219
3236307203
3236308225
3236308241
3227983121
1080433937
1076247809
1076247809
1097225473
1164346625
1164412353
1172801427
1206230419
1197981075
107461043
102865395
103021011
102971666
102971666
102969106
371270946
375660834
920921378
920921378
669269255
669780231
627964279
627964279
627964279
627964279
627964279
627964279
627964279
627964279
627964279
627964279
627964279
627964279
627964279
627964279
627964279
627964279
627964279
627964279
627964279
627964279
627964279
627964279
627964279
627964279
627964279
627964279
627964279
627964279
627964279
627964279
627964279
627964279
627964279
627964279
627964279
627964279
627964279
627964279
627964279
627964279
627964279
627964279
627964279
627964279
762182007
1030602103
426622455
426620406
158183862
158183862
158184886
158185398
162381750
145604534
145603510
146652606
161398159
1506721165
1498328460
2030616060
4178095596
4211648364
4211712540
4211782168
4194996792
4195070520
3927700008
3943292456
3944283113
3956898027
3952756906
3954855050
3953857674
3949474186
4215017930
4215222762
4181599530
4169018410
4171115578
4171109386
4171182090
4187549710
3649610030
3683164525
3683432172
3649935036
3687679676
3674571452
3674591916
3641123500
4161217192
4161155241
4165338347
4169533499
2022119435
1486104587
1481910283
135736587
136196879
136184591
140395293
1213187053
1212982700
1481418916
1498196388
1540005764
1586151052
1587185293
1587250895
1589151343
2117643818
4265141802
4265140522
4281921562
1698426890
1843118138
1838858347
1838863481
2110438909
1968111069
1963814797
1963747213
1963545295
1951007454
1960445566
4237952638
4237832046
4239927598
4258818366
4183386126
4183546126
4216966413
4216948540
3940188700
3940192796
3940135468
3930628652
2852692516
2852695589
2852699686
2869533230
2869676590
2873740590
2882131038
2861162718
2861134078
2877882601
2883256505
3145340091
3145337258
3144288938
3212450474
3203951258
3193465738
3201885642
3197739146
3197796489
3065675960
3086655656
3040454140
3023752604
3023753100
3023761052
3024021244
3028150012
3028084463
3028088831
3044329471
3052848639
3052860783
3052922157
3186943292
3220497692
3212175116
3212244748
2943800844
2944323132
2910834220
2910641708
2825707069
2825780761
2826561049
2826499641
2843263547
2843234875
2843234922
2843235050
2839024570
2843226522
2910332058
2918726842
2914847914
2914979002
2812152986
2812161162
4141231242
4143326347
4134937737
4134891709
4133777657
4150649305
4117225801
1952969227
1885729339
1894052651
1894045483
1910865211
1978038283
3580262427
3580319806
3580878126
3614373134
3748581646
3749626702
3757425630
3621049326
3755272174
3721717742
3721910239
3721582223
3704873615
3695305429
3695239797
3696358949
3696621349
3724016676
3756512292
1592116240
1584250880
1580158980
1581215748
1597911044
488534789
475939413
1021198933
1021068855
1014814271
1014812207
1014861117
2113838093
2147400716
1602223180
1581046988
1581044892
1581109676
2122248876
2126443181
2126496447
2125845150
4273320894
4294813102
3984439470
3846023326
3828722078
1681238942
1681387194
1731613402
1848705754
1847591930
1847599594
1851793647
1856184559
1856114159
2107771343
2091002759
1554131654
1554063046
1558234870
1558230630
3706757990
3706758438
3723535655
3689983253
3679566597
3662846469
3662862901
3671252533
3671228213
3667080311
3671078118
3662679206
3675262118
3625127094
3625074054
1489120902
1484992134
1484797655
1484813925
1490089765
1500570933
1261478925
187737101
171160591
169049375
168893726
172170038
176306726
176306982
193084215
142809351
138615047
134372615
134387015
138576839
146834423
465609703
448831975
1522573797
1514192365
1510062591
1510063103
3674389343
3640851038
3628236318
3636597310
3636597614
3632272239
3632280047
3632280815
3632338095
3653257407
3678460041
3657562315
3657611531
3657603353
4199792409
4208042504
4224754184
4215312968
4177576552
4177531624
4160828137
4165088235
4186050795
4186113258
4219542730
3682613450
3678480586
1526806778
1526929482
1493317898
1497513226
1498546442
1498485050
1498493226
1498489130
1237393706
1237332266
1237332270
1237340990
1237537147
1220792699
1220670843
1216460889
1233238233
1237563864
1262729624
1258535833
1258396553
1262520265
3410089931
3393450362
3393347882
3410125098
3410129198
3418518334
3414389534
3414225694
3414225727
2340484477
2344918508
2344917228
2336721148
2337180108
2337200588
2303655373
2303612879
3376894975
3376772078
3376751086
3376755183
3372290559
3355509215
3355460063
3359666649
3368152521
1489038233
1489038329
1497406201
3640888025
3640823497
3640832713
3644957385
1497412573
1480651757
1476458477
1476425189
1476605412
1497511029
1531064405
1539440655
1539440655
1535253535
1535130687
1505765423
1497376811
1476409370
1476475914
1493267466
1493422362
1497535018
1505931882
1501803102
1501606495
1501606527
1501606509
1530984169
1510104825
1510083275
1514281947
1539455467
1505835243
1505769579
1480596555
1212158986
1224749066
1262690586
1245864250
1254289774
1254151150
1254134766
1266717614
1266725803
1233239465
1237580217
1229101529
3372386779
3372386586
3376584970
3754079498
3670245642
3670118666
3670057274
3670057257
3670058856
3678663404
3624022716
3624010428
3624010409
3624011177
3636465067
3632277659
3682609291
1535125643
1254303881
1271100633
1262571608
1498468696
1481896760
1481827112
1481892476
1481765500
1480651485
1480610813
1480603117
1497447915
1497577835
1531066666
1531066682
1514281226
1515264266
449871114
449892618
461426955
461418873
1539421160
1531163624
1531089900
1526895596
1514385900
3661672956
3661673721
3661675609
3678533915
3678558522
3644996394
3628218986
3637656186
3637644922
3637511134
3637511134
3636519390
3636503007
3628114399
3640701431
3661672917
4198741460
4207127764
4198738004
4194547812
4194474084
4211248244
3942817108
3942823221
3922892581
3918776101
2844843821
2840653087
2836686095
2836866142
2870415598
2870411758
2882994670
2878801902
2845249534
3096718287
3096734669
3117902669
3143040845
3126249085
3134276141
3134214717
4208206709
3654558069
3629457893
3696627957
3696624853
3696641221
3696580037
3713328597
3713527109
1599528263
1599523015
1599397063
1444179159
1444226271
1461584350
1597899262
1568277486
1572549230
2092511791
2092446255
2092458555
2096685593
1549312840
1549318104
1548455928
3691743976
3708525144
3742018060
2602215948
2589634061
2596196927
2662777406
2662744666
2595492586
2591302314
2587100586
2602829994
2339703018
2346063946
2312513546
2308269066
2291965962
2560532751
2562633996
2629736228
2646380324
3211299124
3190327616
3190401472
3190468032
3190465664
2922045872
2855158177
2871984546
2850313122
2829537942
2829472454
2830577350
2834574038
2891213543
3159648879
3159710317
3159772893
3176613581
3176495053
3218599261
3197566063
3198012462
3200048190
3204246558
3191141438
3189096566
3191226822
3208000134
3187024534
3166110374
3165651623
3165651887
3169848829
2641385741
2675173645
3195185420
3203574028
3203442956
3195055372
4264595469
4281565197
4248207437
4231413901
4231397519
4229370287
2081694127
2085888942
2094281646
1956054782
1956056650
1955933706
1955883534
1435806223
1475652878
1467464718
1447005198
1445758046
3592733934
3613836718
3621935023
3617727149
3617661588
3618644660
3620741804
2512478956
2646696684
2625666797
2629860079
2629889006
2639325678
2668689646
2652097738
2652029130
2652275146
4275470810
4271285226
3197413359
3214192493
3218386748
3210001788
3205872924
2937568284
2939589692
2939585572
2939601956
2906018869
3157668883
3023443026
4095086034
4099280306
4241952674
4254403234
4254416530
4254543490
3719771779
3753120657
3753124772
3748946932
3744785164
3732395532
3756325437
3756321327
3722767150
3697588526
3693517846
3693510662
3698753542
3707666439
3723984919
3755319333
3746865252
4261782644
4278688196
4278634964
4110863332
4110864365
3579142141
3713365325
3692376327
3698786566
3698459430
3706852134
3702732326
1572013591
1588661959
1592819655
1592915399
1584497845
1584496869
4266766565
4266696924
2131796044
2081595724
2081597148
2081662701
1813112493
1815113391
1831886511
4012920237
4025601197
4021542061
4021548252
4021510476
1878090508
1830838796
1831019117
1868702319
2145585134
4293922286
4293922014
4293934302
4260441310
4260717790
4239909198
4239913230
4239704847
4243900221
3707103021
2633494309
2633170725
2633225509
2633057559
2630943814
2563841110
2580626790
2580905447
2581026791
2614575701
2606617157
2608652805
2608653061
3716014343
3724010871
3704940646
3696556262
3709192686
3708996062
3742552014
3729970894
3729900494
3729801694
2656064878
2656068910
2664525102
2677108079
2677225337
2677151561
2677213021
2580551677
2580559852
3687855589
3687857381
3679456356
3675261972
3675339780
1527921924
1494361860
1477862916
1482093060
1490326053
1489806053
1481417133
1498195373
2030877885
2031074453
2034678197
2034678261
2034670551
4182154071
4215708439
4199451959
4199978007
4267110423
4262871059
4279697457
4279440481
4245886945
1593974497
1606618849
1585647345
1586699843
1318268675
1318530307
1324817411
1324813315
1190071555
116215059
116382995
124779827
120585555
121623891
125687763
125671411
92116977
92116977
225285617
225285587
225295859
225295859
225294707
1567602995
1567602963
1567604019
1567604017
1567599921
1567604593
1567481585
1563369137
1564413619
1597447843
1601519266
1609837986
1605647522
1605713138
1337343042
1336294402
1340550403
266676739
258026003
258030387
123935009
123931697
124193809
125125649
120975377
125034833
91730385
91722129
73761171
73761170
74286482
74288562
74423730
1148172722
1148173298
1156574067
1155918643
1173678627
1442115427
1433723763
3614831443
3612852722
3755442659
3721896163
3717703153
3721898305
3721890560
3715467792
3711740448
2671570464
2671535648
2658931233
2658931235
3732739938
3749578098
3749578050
3749583938
3489348674
1337531442
1337670706
1337537555
1341662227
1333355523
1328213059
1160432963
1164626243
1173343187
1173343185
1198350321
1198342065
1199387571
1199387570
1198862754
1173692834
1173696946
1156937090
1156046274
1151704530
1152236371
1169009489
1173137776
1199352164
1195158564
1195224180
1193272660
1193272628
1193243441
1193231139
1461666595
1465864994
1442832738
1426056514
1425986754
1426034118
1424985031
1156303573
1156172405
1148811877
1165782629
1178347361
3594264945
1451168211
1182138867
1190527475
1203126610
1203131714
1173880130
1149107522
1081993682
1077799155
1081997747
1149230483
1157602707
1174246291
1434227667
3615339378
3610227506
3614417458
3614418483
3622813203
3614038545
3609844277
3743968100
3745000932
3749199012
3724088484
3720283317
3720283285
3721856215
3755283831
1313875234
1313874226
1313939730
1314092290
1339284738
1305730370
1305672130
1148361090
1148620162
3296167298
3296035218
3570446755
3570443171
3570444001
3570527969
3570523889
3562068579
2486238819
2486271523
2486261539
2490389555
2498786323
2494653459
2511551505
3585285233
3589344483
3312520611
3344113585
2270314385
2278696833
2278978945
2279036368
2272580912
2272580881
3353670417
3336888849
3336888881
3336987153
3328602627
3345369031
3311553975
3295758758
3295795382
3291732110
3289774286
3289704526
3344231487
3327157293
3327218732
1314074660
1322655764
1322656004
1318465841
1318204195
1318253346
1322424114
1328975618
3476459458
3476983746
3442448834
3446644178
1299161010
1282250674
1278059250
1546511090
1546643186
3693604579
3706182496
3723807008
3654600736
2606000144
3674499073
3642106881
3440775491
3428188738
3451257570
3449881250
3483375522
3484427683
3471892643
3457196163
3474104449
3474104449
3440550337
1276284865
1547078227
1550682663
1559079463
3723275047
3723274535
4285312055
2117910535
2118107207
2118045943
2115924195
2132422819
2132481186
2099191218
1566523378
1574640242
1572538898
1570310658
1570254355
1603809041
1339582224
3487130880
3478906176
3487227856
3449474944
3451636352
3451619984
3484011169
3488152289
3479760867
3408723171
1261435986
1328438274
1294408770
1277508818
204940498
204612082
477242082
481497762
479285890
478204610
142667587
159426835
226535457
260159521
265549841
240195585
104137989
104137575
108921575
1191072497
1186910785
1472108032
1437971984
1425319536
1417454320
1413456528
1411351169
1415365283
1414267554
1414267814
1439438254
1473128686
3604883502
3604899871
3607095311
1451141133
1584376845
1600950541
1601995533
1568506685
1568572031
3713987574
3692975590
3692312034
3692307682
3696501986
3705091538
3432388050
3431274466
3431214706
3449646595
2409413121
2413333249
2390269232
2398859056
2398791168
3468329472
3336077936
3340292704
3306742368
3560567393
3560697891
3560687651
1416349746
1424672770
1475016706
376105986
371945474
371736642
371806323
388714721
1425682913
1421555363
1421555331
1421416067
1425872514
1174214274
1206730390
1185758902
1185234855
3332664743
3602148773
3606373877
3606372828
3621036508
3621757916
3319698013
3319759477
3311179749
2507990501
2503796197
2541745317
3615150261
3755659669
3757830615
3757695967
3748390526
3714828094
3693841686
3694103574
3693984790
3693915159
3698174983
3706641413
3723418645
3741314085
3730793573
3730653671
3730768370
3730768290
3730780578
1465856930
1414992530
1415001730
1415001730
1422210707
1417967281
1434740465
1439983297
3587534401
3320938001
3312549649
3295772017
3295698405
3293631973
3318994423
3317089159
3619082887
3350721174
3350509542
3597972966
3593524262
3542139958
3542250503
3508674823
3496092421
1356993085
1357055597
1893813997
1894842349
4033919465
4113612283
4147418187
1983152459
1714782539
1732096891
1698554473
1813870121
1813982761
1818111529
1759456815
1759459119
1761547583
2046755087
2044530703
2044469255
969678903
952950823
944549905
2018488321
2018488581
2018488581
2018483988
2035268468
2051980116
2051971909
2047777733
2047790535
2047803798
2064449958
4161733030
4174315942
4170122150
2022453895
2022452935
2026122181
2043116005
3687209189
3684063429
3671510213
3671573957
3661939157
3661951861
1514464053
1522901303
4224164135
4225216806
4225077286
4216696886
4211453974
4211520775
4211523399
3926301535
3930430335
3930389359
3938843887
3938841854
3930411230
3942711486
3909288106
3892445614
3896641198
3905033967
3900716783
4185940607
4185940751
4219527437
4190233869
4181914909
4177973117
4178038397
4161265373
4165398221
4165367503
4182050526
4190380014
4190387375
4291058862
4282715318
4282868870
4283621767
4292010375
4287791605
4287922213
4292117541
4115967285
4111772933
4095143175
4095663366
4097721606
4097705830
4110287846
4127064814
4156490462
4155782095
4143199183
4157894991
4149507417
4116145529
4124470648
1977056600
1977447880
2002544088
2002576856
1981669833
1981661513
1987953019
1987953963
1987966779
1987700507
1987699483
1987835673
1987823481
1979697017
4109284856
4109280729
4109280713
4100436425
4101280217
4118053353
4118069737
4099273195
4233585003
4233569646
3159758174
4233497982
3705016318
3755351806
2660712142
2660728526
2660591182
2660558654
2593448238
2597629998
2606006318
2551492670
2551619598
2554765389
3117331804
3150874596
3151792100
3126628324
3122634708
3139415892
3139301236
3105881709
3105805933
3109967599
3210573567
3210221215
3210223263
3210297279
3185515966
3185509558
3164406966
3164345495
4239664279
4243858567
4235666581
4247942549
4247933845
4281496517
4285752133
4284540693
4284544309
4259376421
4259380525
4259446077
4259771660
4259772172
4259796508
4252327468
4250230317
3697090095
3697221246
3697221598
4233983390
4233982142
4258123966
4253937822
4286965135
4270172037
4275480213
4132869877
4151805941
4117006119
4112822567
4112818471
4112830759
4112896309
4112937237
4147015964
4146991372
4151182604
4117628188
4260171068
4255932200
4255971896
4255955481
3219433993
3195318041
2926878009
2924778873
2924913467
2923868987
2950071066
2908128062
2903961902
2752634926
2754662442
2754723882
2754824235
2752661529
2773674248
2916280584
2945710424
2928953160
2933130057
2924741323
2939552459
2906010282
2909217450
2829336234
2829322730
2845841658
2880452810
2880727242
3142870218
4212548042
4279661531
4245844971
3981595113
4023637480
4019440744
4290807848
4265650248
4261456968
4262634824
4279419853
4248224462
4251370222
4255597294
3164890862
3165939694
3170133455
3159827911
3159827911
3176478135
3176998327
3177129398
4259132838
4254864550
4238087334
3701216439
3700700565
3705087381
3723913092
3749115780
3748919236
3748902853
3757094375
3757090150
3748700454
3748770070
3744567574
3710965014
3576917255
3576854853
3581070197
3589458917
4159721381
4159760005
4159824773
4155675589
4155670885
4158685477
4150309159
4146110743
4280345863
4280741135
4280704318
4280696174
4285939054
4291954174
4287825230
2106593614
2094015758
1557145358
1548838782
1557299055
3705067511
3704997847
3721713607
3721787351
3747608535
3747534535
3747534407
3747610135
3732766503
3732696359
3732698215
3732231271
3606528087
3623276999
3585520583
3583484885
2509741412
2505345316
2501150756
2534706212
2536826116
2536956420
2503348741
3027632838
3030778534
2627997606
3164870822
3181643942
3220442262
2658548870
3744883847
3711328711
3694551927
3697631526
3697561894
3697542454
3714336006
3714536710
3756416279
3752263477
3752328981
3753768725
2415715605
2407379413
2407432663
2608235415
2574681815
3646410487
3646226151
3646189159
3679481127
3679464501
3662808084
3664904196
1530343428
1528127796
1494733604
1482155876
1489299156
1489809364
1489809360
1481420640
1498216224
1494152752
3645297168
3645264400
3654173249
3638445763
3654797234
3653553570
3653547170
3687097510
3678708886
3678855302
3674665158
3641069894
3646358822
3713471782
3723961638
3723959599
3757514015
3753314127
3753838543
3753854927
3688658943
3646710767
3642549247
3641504255
3641504255
3641566719
3712939391
3645832471
3654156087
3653560119
3653613367
3654652695
3688337751
3688272215
3680425303
3676226838
3676228886
3676200054
3676142710
1528570102
2065441270
2136744446
2145264607
2141078237
4288071660
4271163880
4275345768
4262766792
2115300424
2115330376
1964114697
1951531530
1955725866
2089955882
2089838378
2094065962
2102438218
2131864011
1595059659
1595244937
2098495885
1947500764
1949745404
1949720812
4235616620
4260767020
4294319900
4290055756
3740540617
3740565209
3757866747
3757889274
4261271546
4261197818
4261197306
4261192058
4250710362
4250710362
3982467962
4011762493
4011766301
4263428893
3189069116
3188995116
3188995112
3193246760
3193373737
3080065337
3046581017
3046453849
3046392411
2493269599
2493306495
2489122351
2635910949
3711913237
3745477893
3726532933
3726537159
3728617926
1585320326
1585316742
1575551406
1558779310
1554595754
1488727962
1488743307
1488776091
1490874345
1482466793
1482469755
1495052571
1495105803
1530822939
1518247999
1518247983
1591583791
1591534847
1582167295
3729716415
3746484415
4249797055
4233544637
4241900189
4241834717
2094293529
2096390715
2096390955
2104783147
2138076459
2121366555
2117295131
2117192731
2119228443
1850793289
1802538313
2079819208
2079753672
2079757784
2063053160
2079830377
2069753961
2065555577
2032132223
2015289711
2082404206
2105429718
2113818310
2113865350
2138911366
2147230646
2113414054
2090607015
2090668453
4238165476
4242341220
4233932084
4229737748
4246514964
4279745796
4279666437
4267083335
4267083463
4267106998
4266943398
4266927014
3193713071
3210547631
3185447357
4257158653
4256972157
4261162269
4260130061
4285359375
3748623631
3748610319
3748610399
3714973919
3716022479
3699250639
1551775183
1560156119
1291654903
3702273623
3702285910
3702324854
3573350246
3573329398
3590174166
3346503046
3329737606
3325543302
3325510646
3459716070
3480691046
3455393830
3434422327
3434095671
3434101797
3438312741
3429957396
3446781764
3476199364
1316127172
1314030020
1314107476
1330749557
1326506021
1292952869
1276339493
1278366999
1282819907
1291241411
1303758483
1337251475
1324675735
1316287383
1316340631
1316340215
1316319527
1316843567
1316828205
1315712045
1315711277
1315515709
1333489423
1333482255
1331282703
1339802383
1306182479
1306181983
1289482751
1289282983
1280861613
1279884709
1280007589
1280036279
1279909271
1548533143
1548533174
1565308406
1599580118
1582736854
1524019526
3673591830
3673673782
3665096743
3665092901
3681870628
3640653412
3638480484
3638382196
3638328900
3629936196
3629672020
3629737524
3629724453
3631812965
3716088309
3757969813
3690862467
3671996294
3671424918
3670310326
3661954534
2588210278
2589847606
2617241622
2683023622
2645274903
2645275957
3723099941
3648577525
3677998487
3675970967
3659455670
4200518838
4208378006
4292333782
4292145399
4283736181
4245725236
4245807124
4229166356
4161959188
4166139700
3637911077
3650489895
3650424359
3683942198
3673450262
3673682695
2599863047
2593555271
2597688183
3126110063
3137646445
3137650541
3104155487
3104220623
4182173151
4182168831
4182132223
4177855991
4177868791
4182713207
4182651767
4225700151
4225450263
4191899909
4258943237
3705295620
3696850460
3705235052
3696846444
3696825948
3696756317
3699115599
3699114879
3699114347
3706454059
3723231291
3757912075
1593712651
1593730379
1585345867
1585436123
1584711098
1584697770
2138354106
2146743738
2113384891
2104927227
2105008987
2105008411
2100650299
2083860795
2083991611
2083917883
1953895465
1979063673
1438007257
1438086857
1471436427
1475625611
1458881211
1458885547
1450635755
1450631275
1448538171
1465147419
1431626779
1431688219
1465304091
1599526171
1585378587
1585440059
1593746201
1593807689
1575322312
1554498504
1558627288
1558626728
1551193512
1551197353
1549086123
1549020602
1574186906
1574196634
1574192554
1601983914
1601991834
1467904142
1467375758
1467376063
1463116207
1467249063
1456755127
1385226663
1385292199
1385423287
1385334166
1408665043
3513097571
3496258849
3496258849
3496328497
3513685781
3547235843
4067329539
2993655298
3001859634
3001859683
3001857893
3010254820
3006120916
2956444356
2956388036
2956422756
2960489312
2968811808
2967742768
2967808368
2976259441
3018196931
3001422786
3534116802
3534575058
3538705634
3538705634
3530316898
1378817110
1378512902
1378508802
1344959490
271219714
275700994
284154706
284154482
1357905778
1408169282
1383002306
1383055555
1378861139
1382895971
1399612001
1357653732
1353524964
1353522932
1353531076
1357133764
1349851100
1348949981
1365727037
1365591615
1399184923
1394933274
1394928186
1931783018
1937022442
1937015994
2004193434
1968672922
1968677022
1733730527
3881214237
3883314492
3879189284
3878001188
3878140452
2770778676
2771885597
2771751455
2771685935
2771702319
2771699247
2775893295
2775862565
2816822644
2816882020
2818451300
2776507252
2893820884
2893813205
2893808855
2902265078
3166374006
3166312470
2629449750
2646223879
2411342853
2260346052
2260415620
2264469636
2281197700
2247684501
2281220007
2272835502
2251921326
3325726110
3325726158
3325738062
3325733902
3325996047
3576603663
3559829583
2486096223
2491400559
2491175791
2631689003
2648465963
2543608379
2526901818
2528466490
2528398890
2532626235
2524235129
2654323785
2653307976
2636534856
2619766024
2557372184
2565482040
2565477944
2561148472
2565346857
2565350954
2556962602
2573739306
3682153514
3678082138
3409645658
3409457243
3407355993
3411550280
1272520776
1268457560
1268458616
1234795624
3382212713
3415792121
3415858649
3420181977
3420124633
3378237945
3377055737
3377068024
3368677368
3368644601
3369678681
3386586395
3378123066
3380232234
3380297770
1232650298
1232662874
1232642378
1232839114
1228583882
1228642266
1228441562
1211672522
1480306634
1480245195
1480232395
3707406793
3703217563
3724197307
3757750203
2667291583
3195773855
3204092863
3204375470
3204374958
3204301230
3203778030
3193392618
3189079514
3189531979
4280035147
4231931467
4231925259
4235071034
4243261802
4238888042
4255700090
4289257547
4294504655
3715879119
3713721341
2623464173
2631852717
2631791277
2631694061
2623303660
2639584748
3184905340
3220692281
4286049560
4269208844
4269261068
4264939532
4281725053
4279623789
4246167661
2080845933
2085028973
2017858911
2026258015
2027363927
1490296375
1490828854
1482434070
1481909830
1507205702
1507213894
1536574150
1536672454
1536488178
1539630050
1539629542
1531240806
1229447526
1229877622
1213076818
1213142290
1212495634
1212626739
1238267763
1271814101
1255036869
1256083333
1247694209
174017939
173831331
172778658
185360610
135028834
202305618
207548482
207536450
1289651010
1289585522
1339875955
1314710099
1316943431
1585366551
1593755181
1589495340
1589440040
3739017000
3739004712
3747391288
3743196760
3709436488
3713647577
3701130171
3701138346
3701023146
3696763306
1410871466
1427833002
1430143130
1463701706
1466356810
1458031883
1457843483
1457892666
1449633594
1445438218
1462600458
1428980491
1949074235
1953337643
1962845225
4257131563
4290685963
4278103055
4269786127
4265460862
4265427438
4285473711
4260242095
4257158063
4244374413
2094273437
2085954477
2085822959
2085843959
2087744454
1559257542
1557194182
1557193982
1548801262
1565775103
1565717981
1576195852
1575141916
1575076380
1566622236
1600156188
1600153113
1600218939
1601322282
1582501098
1582369978
1582505118
1599558798
1607880846
1607913614
1607893391
1610056029
1609937725
1566876460
1566877484
1432727340
1433923372
1433927420
1566564252
1600014237
1598968765
1598902717
1566339519
1574921727
1576951103
1575832895
1571089719
1571088181
3756385029
3748066053
3714499349
3711419236
3715560292
3696677749
3705132629
3704940053
3704940087
3704940070
3705468718
3699234174
3699230079
3716013183
3709852767
3743339855
3742811471
3742876942
3746940214
1540673830
1540673574
1523900454
1523966006
1515642902
1511936070
1511931975
1532908887
1532982629
1507714917
1506604901
1506606389
1531768069
1515123973
1515115783
1516160262
1516160822
1533006710
1532883830
1531246455
1531241957
2076501477
2076567028
2076571028
2068182420
2035152789
1498379927
1481537175
1548638102
1558054326
3705603510
3705406902
3705415078
3705415591
3705530021
3703502549
3619063365
3605499397
3605368323
3596981523
2518979623
2518982695
2518999079
2654412829
2641768477
2633372973
2629699437
2629764845
2628518637
2628522749
2628530909
2360108763
2365353663
2365352638
2356968094
2369592206
2403213198
2403209614
2386440398
2390634522
2394828827
2394894361
2394711352
2411522344
2382142248
2369554984
2369620489
3476983305
3460273931
3460150043
3743256875
3743392047
3709771871
3708461269
3708466325
3692725397
4246372741
4250845825
4252942983
4252975798
4252775142
3177980526
3178769774
2507679854
2499291359
3573033117
3568904348
3569028492
3585802636
3619160460
3601351564
3333411743
3337527799
3262030630
3257704230
3257711398
3261639430
3538594054
3605703991
2531964215
2531902487
2523418821
2267632855
2234127863
2217358838
2221547350
2225737494
2225606455
2158767911
2158767399
2175560997
2209203508
2192475412
2192541508
2196543220
2204926692
2204926692
2167247588
2418914980
2418914981
2419047413
2418932215
2418895350
2418878710
2435721462
2473470038
2465084418
2192445698
2192441602
2192323379
2192335651
2192339749
2196291879
2196291671
2213250247
2171516119
2154802423
2418908375
2419038679
2418981575
2420043463
2420043463
2434754246
2472305494
2455511382
2463961398
2482975038
2210276671
2176724287
2159942959
2159873327
2159807871
2159822287
2176635343
2210177471
2214371759
2189210543
2184034237
2184091293
3527319180
3526287308
3542969820
3542887916
1395401964
1394943101
1365647455
1374049614
1374864718
1911590238
1911590246
1911602534
1676914006
1674753351
1658033479
1666416981
1662488933
1631024613
1614226917
1613117349
1612846757
1625428653
1621164717
1621099437
1704989645
1705010504
1977658632
1965074697
1965140745
1998764553
2002946569
2011350537
2011349787
4293087531
4260716909
4244054509
4241888735
4165410143
2018258751
2018258727
2019508022
2036209414
2036205318
2036274439
962340119
424420391
407659559
407663667
407862531
407862531
407862530
407838482
424623923
424558355
457580291
457578241
457573633
465835297
465855777
432301345
432340273
407240529
407240561
407238513
138803187
138916787
138916755
139441042
155693458
440841618
449222018
1518771330
1518771330
1518705042
1518713302
3729242423
3726096695
3728186423
2670187575
3207066670
3194441775
3203875111
3199664935
3197502231
4271256133
3739169365
3730572133
3726115309
3742904797
3575277005
3558533069
3571113941
3570991077
3569920469
3569921477
3561594311
3578692999
3613316487
3596535703
3598631831
3615445991
4160054247
4159971687
4260630895
4260634911
4260634911
4260700479
4260832558
3562083646
3562036606
3562135039
3561218015
3561213903
4097939405
4114921165
4114985948
4156920684
3084228396
3086466860
3061235260
3061300796
3054886452
3054851692
3071636093
3071620093
3075814319
3052732846
3052668334
3031702718
3048570046
3048728766
3048728766
3050683598
3084235854
3075843086
3071779854
3073811479
3073826855
3073823525
3076964909
3086467629
2981446196
2968810068
2958304980
2958311156
2954185636
2956413357
2960607661
3010873743
2993085903
2994140614
4067808070
4076135142
4076102374
4076087022
4074192814
4065541550
4132449446
4149294246
4157736070
4159844486
4126285959
1978671287
1415591333
1415589813
1415584453
3563260613
3563211463
3588410951
3588486678
3617630006
3617630014
3600858431
3617692991
3621911845
3613453605
3576034661
3576055797
3559277525
3559277527
3580285943
3588482551
3621905877
3621891269
3613502533
3613633541
3579951124
3579951204
4116839908
4049854436
4083310324
4083291797
4083353269
4083156663
4091553446
4091553702
4058060262
4058005750
4049629302
3521143894
3521178950
3516955974
3521148743
1398879095
1394749797
1394766125
1394757692
1398951960
1365499144
1373694216
1373694233
1415625019
1411504394
1411632394
1411826954
1432781130
4126573050
4160140271
4155745261
3757155293
3757082076
3748709885
3744529901
2670784487
2668717926
2675074934
2683467574
2645704998
2645639462
2628056407
2629100753
2624644305
2620642768
2637612436
2671166900
2520172020
2524182485
2524178245
2524046869
3614762549
3580158517
3714376229
2506421037
2506477613
2549077053
2532232223
2524633119
2524633183
2539309263
2539573198
3615442638
3581702878
3564909214
3564974783
2491364015
2499753903
2499762095
2516407775
2516346326
2506941766
2540565846
2540567830
2548559158
2548557174
2548561271
2549470711
2507626391
2490783623
2490783383
2490850999
2498191011
2632218599
2648733175
2657153334
2657145142
2657145142
