1358699583
1356598303
1372392455
1380910421
1380960245
1376228277
1376227989
1376228245
1912640421
1916834727
1925226935
1656989079
1648536718
1644346591
3791886463
3791820845
3875711021
3842156845
3826690861
3830892348
3763847709
3760014109
3759960941
3760005999
3776787431
3780969447
3813474942
3821355550
3787740682
3787783690
3771001355
3770739227
3762350619
3762346507
3779087883
3775143435
3775143515
3779332987
3779336554
3812965483
3821485163
3801035899
2995728474
2995728474
2458853450
2190221386
2206991438
2206994302
2173491822
2173483886
2173548902
2177743206
2177743222
2169485654
2170534103
2172631239
2171582685
2473441436
3010312380
3010443452
3006183596
2737813692
3811293372
3812276460
3778738412
1631217900
1664755948
1664756093
561724255
561711647
567876157
634994237
630793790
767238718
1841238558
2108437070
2108482254
1571325582
1571405242
3718888378
3752442810
2678700731
2645211784
2650455688
2642063032
2637864616
2637889257
2620094447
2620085742
2624262374
2632585446
3169472758
2632609991
2649322567
2674515013
2590661901
2586475789
2586455311
2586520846
2590518574
2682797358
2682787114
2645104426
2645120826
2510935818
2510942987
2515054937
2548609400
2540228840
2267594984
3342554604
3342497260
3340375972
3305834465
3293251297
3297465041
3297432513
3431654208
3436897089
3447383877
3476750151
3476748615
3464198646
3464002030
3480762862
2415410538
2381853994
2381926714
2376815418
2376725306
2645078843
2649274169
2649273976
2640875224
3160968924
3162093308
3158030060
3157890028
3038478820
3038433508
3071946853
3074044021
4147786805
4151979301
4092214572
3819576092
1940593420
1941519116
1943550216
1935179097
1934122491
1934149018
1934147994
843628986
306958782
1380639142
1380705702
1397519778
1472486818
1204182930
1187409730
1188196098
1190554882
1323656466
1323623730
1319494706
1336340498
1303285762
1290698753
3429597200
3430514740
3426454644
3426466132
3694901716
3692800980
3709856500
3743276789
3730622199
3730621438
3741144046
3757928942
3724374894
2640271230
2564478494
2564552254
2564351806
2560156991
2560163199
2564349437
2581133293
2606295020
2589684716
2589606396
2589540604
2589474925
2589533293
3663408191
3646630927
3625659655
3629788433
1490697488
1486509312
1557873920
1549320976
1545114208
1429910480
1446687104
1445627009
1445692546
1445823634
1445958802
1445909938
1458497510
2012212838
1958542895
1962733103
4126993967
4160548653
4143949693
4141855053
4141732173
4267561053
4284469309
4246687853
4248794221
4232013167
4232013694
4236116574
4244505166
4242360014
4242302686
4124897278
4158451055
4141743597
1994194333
1994192268
1994182812
1987920028
2000568476
1967010236
1950228908
1949705133
1961230975
4104603167
4104441374
4104449598
4242860591
4242844477
4293310733
4209430285
2063582477
2061320460
2052923901
2048598247
2048475302
1796849830
1769705894
1771740582
1771604935
1754835459
1750641153
1763355136
1799011840
1866121728
1848590641
1848377377
774112291
778308643
1860634674
1877350610
1823881346
1823877762
1823877763
4239866499
3702921859
3567520385
2225347089
2225343011
2242198071
2242263335
2225486119
2225088551
2225080375
2230585463
2155104471
2171984085
2170018245
2170485189
2244929989
2244995541
2228091361
2229066211
2220661219
2357041655
2373950934
2373893586
2373894098
2373894098
2373959634
2356522962
2356521682
2352327251
2299898451
2333534803
2315680339
2315659793
2315659825
2597268277
2597071157
3666622773
3687594021
3679000613
1527454773
1527323671
454638615
454573063
524036165
1060898887
627964279
627964279
627964279
627964279
627964279
627964279
627964279
627964279
627964279
627964279
627964279
627964279
627964279
627964279
627964279
627964279
627964279
627964279
627964279
627964279
627964279
627964279
627964279
627964279
627964279
627964279
627964279
627964279
627964279
627964279
627964279
627964279
627964279
627964279
627964279
627964279
627964279
627964279
627964279
627964279
627964279
627964279
627964279
627964279
627964279
627964279
627964279
627964279
627964279
627964279
627964279
627964279
627964279
627964279
627964279
627964279
627964279
627964279
627964279
627964279
627964279
627964279
627964279
627964279
627964279
627964279
627964279
627964279
627964279
627964279
627964279
627964279
627964279
627964279
627964279
627964279
627964279
627964279
627964279
627964279
627964279
627964279
627964279
627964279
627964279
627964279
627964279
627964279
627964279
627964279
627964279
627964279
627964279
627964279
627964279
627964279
627964279
627964279
627964279
627964279
627964279
627964279
627964279
627964279
627964279
627964279
627964279
627964279
627964279
627964279
627947895
762164599
1030599159
963490230
997044670
997044670
997044666
963491770
959298490
2037234618
2037234618
2028845754
2042297226
4193976202
4191773610
3654820794
3680056202
3679986586
3679986682
3688375146
3654824235
3638112555
1490751529
1490747417
1482506504
1482481928
1481417992
1481420120
1481615832
2014222472
2014218376
2030996617
1780384905
1781891275
1781891273
1782022393
1798742505
1796399592
1796433832
3943919528
3927056297
3931246521
4006807451
4006675147
4002419403
4002423451
4002423467
2928763563
2794681001
2811712185
3084178057
3084183241
3075270393
3084707369
3067893289
3070053929
2465140539
2465017146
2465016874
2465012778
2456751146
2188250122
3258854410
3324650506
3261740046
3286893582
3249161230
3250275342
3250179454
3235446638
2153561902
2220735258
2229255950
2229256015
2228076415
2228004717
2228003309
2244780268
2261557484
2521609452
2517406956
2668547516
2668548044
2668519116
2640189133
2641958633
2574792553
2574791976
2558096408
2566480904
2566612232
2562450696
2564421400
2564355689
3629678315
3629678314
3646512874
3680067178
3680042330
3663230026
3659125770
1511706698
1511710794
1511710939
1510667449
1514861976
3729424024
3712712329
3695910537
3695779483
3704559290
3570340538
3566015210
3567022442
3566526506
3583291434
3532948522
3532950607
3537144013
3524757708
1461098652
1427568828
1410792596
1410526596
1947401668
877819344
877749712
879814096
896591312
930346352
919787376
919783184
382945040
384852784
510665248
1450189344
1450381844
1464992268
1439826456
1553085224
1553145128
1552944440
1552955656
1553231624
1553462792
1557448201
1416938009
1965834795
1982681706
1982682730
1986818922
2011976554
1953256410
1953289162
1949095883
1882045912
1882044584
1886238888
1894627512
1940651912
1923773064
1453994634
1453994634
1458205610
4134072490
4129857706
3060314154
3068832778
3082528776
3082332680
3052972556
2486741564
3023809084
3023760908
3026869804
2968014317
2963802287
2963802279
2443794615
2427156885
2422947461
2418687621
2435465095
2469017766
2481465510
2460493990
3534235798
3538499734
3542685854
1344996494
1344929950
338296910
875504654
875310094
887384078
476359950
476951838
527413519
527344397
451846920
448701192
462193256
462197480
428389992
432666152
424293896
474625547
470423306
336397338
337380394
337380394
272368650
372048906
510526794
443424587
451829723
451756010
183268842
418148858
409760218
409465306
409399546
149942763
149811689
196735977
176878424
181055048
181119592
1271442408
1216919960
1285065096
1555597704
1455132312
3534393016
3534657208
4075458792
4129919017
4129927210
1982439466
1982570538
1714348074
1982754842
2116943898
2121073710
2116818030
2116826222
2117746015
1048194637
1052387916
918239820
397097549
329849485
1407732125
1361594541
1344924836
1346039684
276733572
284135060
279808645
279550534
870898198
845723686
841525286
841542694
841671686
841671686
925549637
875185285
875238837
1550532278
1558919862
1426012838
1421810358
1420761750
1353521814
1353465510
1353459110
1353457829
1416372372
1412227220
1412210836
1949082964
1949083924
1881975348
1881717300
1885964852
1902873108
1919670788
1919581892
1927947924
4071170215
4071100582
4072161446
4084973734
4046356686
4029580047
4029525512
4033407496
1894296072
1890167337
4109036075
4159634218
4134421770
4134387722
1987571806
1995960558
1993719982
1984224446
1980033166
923166854
890659975
873910661
873907092
1952367604
1694356276
1693232948
1961668132
1961668148
1961790996
1953415680
1949184512
1412313600
1416565303
1426002214
1419582566
1419578594
1419578578
1421804738
1090516038
1077773318
1379697975
1378720052
1378789444
1378789572
1915587972
1915520660
1982436020
1982567076
1735062190
1701503662
1869443438
1852601390
1852584998
1848384534
774794246
774794254
711912478
721354014
704565067
685723022
744294542
739580062
738535854
608513966
616900271
612709039
545723069
546771597
547173001
549203609
821832377
595339769
590100697
556533833
539889417
820921865
816738843
883708475
883221051
904180282
912561434
912702522
913681450
911517742
911522846
911653902
907453454
842437647
842449935
840355039
857197821
860309933
826740141
809961407
811016863
811033343
836072191
836073086
871657278
850717998
850721855
854967359
846614541
858935308
269627660
274084376
274084408
282531384
284499544
351550088
352066219
1421609642
1420560810
1454247306
1458460042
1458525066
1458361290
1454175210
1437377002
1420599786
1560125673
1574806744
1599909320
1511964429
1511955981
1513807375
1512738350
1517129518
2062324782
2062328873
2054988840
4217282632
4182672524
4182672780
4182607788
4178355884
3154945708
2886591148
2752443116
2757645036
2698970856
2696679080
2700872329
2700880523
2700880826
2700872106
3783002282
3816639642
3794464970
3865829450
3865616394
1718132794
1718137902
1714076703
1714088973
1848306764
1852468940
1793724140
2074740460
2024474367
2028484318
2028479294
2028474410
2028471338
2028473402
2028596234
2028514058
2024319499
2028515035
4168648379
4182278811
4199133883
3200889513
3201151656
3201299432
3209590056
3177075752
3027962920
3035499816
3035499833
3182038299
2661965066
2666087690
2598912026
2590507050
2586312746
2603094138
2557087962
2558145498
3640272458
3640274507
3640142409
3640158937
3631807960
3648570776
4269506696
4269441160
4269453720
3195642520
3061359272
3077092008
2955445992
2955595432
2955598507
2955864750
2959894958
2968276143
3031254207
3064905863
3069112775
3060720391
4264456727
4264321574
4263780646
4263781422
4218698798
2079591470
2044005402
2034641930
2017864718
1489923406
1489917519
1485689423
1485632095
1506603903
1498214909
1493979581
1493726636
1560898984
2135620264
2127231672
2123030152
2122962569
1992872347
1465438379
1429786731
1411924011
1412120619
1412048683
1424894522
1420700186
1420704266
1554979402
1576816522
1593591194
1591591306
1591660938
1593766362
1593827818
1324933610
1324933354
1316511978
1316511978
1243099194
1262039050
1214920458
1223327242
1219156507
1487653433
1487444792
1541975352
1517855800
1511555288
3659169932
4196040844
4196053948
4195918508
4278756012
4228641452
4095406780
3025859256
3030009512
2963032808
2965129897
3036425146
3028036506
3078388666
4131147258
4131340362
4134420490
4134162442
4142522426
4142522410
4142654568
4269468888
4265273548
4263112076
4212876940
4183439068
2046431996
2025456237
2024276526
4172035886
4176231466
2020083754
2016020506
2016024842
2020239886
1751707150
1760077325
1752740393
1746436843
1766359723
1783476906
2051908266
4198871706
4198888139
4215764681
4165418360
4173731880
3167094824
3168143400
3170765832
3182117896
3752706315
3668820746
3673027386
2590831402
2587678314
2654787498
2669475242
4280149402
4126692490
4122494090
3585672331
3522835641
3522833577
3547999400
3547997368
3547010200
3547148680
1399612313
1400365753
1400365801
1366815485
1365635708
1365619228
1399304732
1399173948
1407571512
1407568408
1399835416
1399806232
1932486777
1966028923
892214363
896401418
1013776394
1013710906
740634666
673521962
673457982
678239807
679295551
702032447
700987967
696785823
734542731
734543243
793271707
793331135
759912383
634083263
634091455
600403647
597553085
602274749
602205053
593804089
577080633
577733913
594252057
594252059
594120986
594252090
577475898
573283610
573540666
574589306
572493050
1917748474
1917767802
1914597402
1914577930
1899899930
1882073914
1894652458
1907182122
1940703803
1923908873
1991016456
1991016472
1445756969
3727540265
3710832699
1412313435
1949183706
1961560746
1957235371
1890130601
1890335416
1891379848
4110184072
4101305224
4101427608
4095140264
2086003689
2085937705
2104780329
2104759855
2104757822
2038367806
955917615
955917359
955855917
953685005
945302601
990407881
973930377
978172827
978172315
977649051
977583322
977572986
994476122
961450314
969843018
969668474
952659562
952662634
411597371
411761209
998963753
986357545
978879785
974684184
973647880
973643785
973643867
973775051
973779082
957255822
1008635038
1010813358
611273647
619543213
615348924
901610140
868052668
872179612
863856068
863987140
862967284
837797863
833607654
1940903414
1944961526
1903022198
1966071830
1949295630
1949267214
1953324318
1961713450
4104732458
4104730154
4238880363
4243074777
4243074696
4239084184
4240165560
4256751288
4276678280
4268287688
4134069112
4129874216
4130038057
1982477339
1899633678
1882864670
1882930222
813186158
813184238
822023318
821958023
821888901
819725969
819725969
814485393
818773393
819821969
828173781
561901396
560442932
635874876
631615036
635746876
769964601
774158905
774220347
708160043
706521642
705477674
705467434
705270827
705400875
1779093625
1796927708
1748652236
1815740552
3967422360
3967486632
4107868840
4103682728
4036569752
4038601371
3501730490
3501731518
3501719982
3233284270
3283615934
3279503550
3274293470
1126739982
1126735887
1361618185
287943944
825138952
829333000
1898876424
1898880520
1898953224
1932298808
4130114280
3862728617
3861743033
3861811593
3867062681
3883835903
2910757615
2893996654
2893997606
2889743910
3980156454
3996933430
3934010390
3934008374
3934007334
3940356142
1793011759
1792942141
1792679961
2077896969
2027557128
2027642696
2027674312
4175035096
4175035064
4170840760
4170774153
3170423433
3162030731
3157803691
3158049515
3162248811
3036429933
3036426029
3032230948
2964087892
2964144261
2997796997
2528035207
2532230022
2523808662
2519486886
2519478438
3593216238
4146864170
4109250570
3702406154
3702401034
3702401034
3706530074
3630967066
3648802058
3688418763
3684205977
3684270488
4221276568
4204503480
4200375720
4196181480
3926697960
3926894136
3926894140
3926827564
3926831660
3926849068
3944666661
3944468277
3950562357
3917006885
3914954869
1775990871
1774861511
1808415958
1800027382
1850619094
1850619094
2119119286
2127500966
2122778278
2005208758
1971673734
1434843782
1417984710
1434749510
1464306182
1461100310
1444390262
3593975014
3610768614
3577167030
3560381574
3693545862
3697740214
3706129382
3702595430
3701485366
3365938950
3365938966
3366010662
3365932853
3365931796
1215302612
1209027476
1225849236
151234948
151169412
218278276
251767220
234924452
503361444
503426996
386055556
387104132
926072260
925089141
925087781
925087777
908310579
908310578
908236818
908236818
908236818
908237842
908250130
908215298
924976339
1059194273
1064502945
1039470240
1035296480
1035304464
1073184256
1056239360
930409745
930376737
1064709137
1060522243
1010256131
741853971
746049059
754401831
615891495
615355095
615363271
619688835
606918051
1680636323
1680624034
1680800162
1692858786
3970361810
4020435394
4003655618
4003577794
4003569554
4008818338
2932908707
2924520096
2924520420
2920325988
2920325472
2920347104
3862160880
3878839700
3849481620
3849469365
3847360439
3843165111
3780316087
3782217702
3772800294
3768608050
3835715842
3839975682
3831718659
3827524355
3828429603
3832546657
3855747569
3868330368
4137027969
4139194769
4137953703
4137952422
4143194310
3606388942
3623162062
3616821694
3583305134
3583305646
1435889567
3604475791
3596091325
3593981421
3592785389
3596918253
4141919740
4158694900
4150374740
4146299220
4129522004
4129534320
1998696480
4112679968
4095908913
4100127763
4100118546
4100119602
4100152610
4100160818
4150402818
3059896130
3068347971
3064152801
3063993056
3199267428
3216040476
3161518604
3156473368
3156339497
2887837993
2887821611
3961567531
3979512283
4000484811
4000744395
3996615625
3996619773
3994394925
3994329389
3994345509
2920801317
2922791973
2922794277
2926972199
2952072678
2919173622
2902329222
2902332038
2898137798
2898023158
2914842479
2914840365
2948393788
2944183052
2904402700
2904533768
2887695112
2887687481
2891433259
2891235626
2887053674
2887045482
2903917562
2937484250
2941740030
2950002106
2928953786
2928953786
2950514842
2916972955
2891939227
2891347343
2891343247
2891260365
3964936701
3967038957
3983873389
3991274853
4020374901
4020637013
4021631301
1874077957
1809066245
1809262853
1800542981
726797831
693241351
686883351
682636135
680534439
679485879
947921287
947966087
952209799
407081350
474198430
474083774
201586110
206728703
74590495
81931037
82194189
82196237
82182924
82166540
82280716
65437960
115773704
115774728
115772697
115838075
115641594
241999018
1579990186
1579981994
1579521194
1583789482
3739395818
3739656762
3702452746
3703501322
3707413083
3707495147
3707331305
3707257513
3705165737
2631461288
3160074412
3162146988
3156183196
3155659148
3059201740
3193152076
4266844684
4268913261
4264759919
4268753774
4284753262
3186952302
3186952446
4126505166
4126501007
4118276239
4250123661
4250109837
2102572685
1834133199
1817355903
1832105510
1836160294
4016078894
4016078910
3995119630
3861181454
3879032862
4013303982
3977653166
3982363310
3988653742
3854500510
4122739338
4053541386
4038861322
3500941610
3501156665
3501189128
3501033496
3513550904
4079781896
4079846600
4081025480
3810496968
3780088808
3763319529
3759059567
3759060846
3827230062
2770232366
2805802094
3879679055
3879089359
3866500559
3874885543
3870624423
3870560183
4138999687
4136904583
4136969607
3612696965
3575079813
3560339333
3560392405
3496304229
3504631589
3500158245
3516935461
3516939573
3550551061
3550559543
1407270182
1461786919
1428163879
1428360999
874647302
874712326
874786054
895757061
636225799
627964279
627964279
627964279
627964279
627964279
627964279
627964279
627964279
627964279
627964279
627964279
627947895
896384375
896382455
896382388
359510452
359510452
359511476
359513776
1441642160
1441641136
1441641457
1475178998
1433285078
1416507502
1148070958
1149110550
1082013958
8207110
75246343
8141569
3982593
71270657
107905281
116297987
384733267
384733267
913281107
909086803
640595155
640597235
657439971
741326051
741326051
741195235
741144483
1680668582
1684829094
1684829094
1684878006
3840218806
3840351894
3840359070
3836160670
3853871775
3853806303
3820776399
3787221325
3791480653
3791610492
3779031804
3778884316
3778294524
3776197613
3780378989
1624506413
1620312094
1620517894
1888889094
1893083398
1356282114
1356282131
1351559667
1084111233
10362240
27133824
62849920
45986209
41787809
36544611
304582707
304582658
304391170
840999954
841196755
841122947
539133075
606258339
606232227
740522663
748686061
1822427692
1822435868
3974113800
3961530888
3978329912
4016230440
4003643436
3869425708
3868246237
3867197582
3867173006
1979806126
4127326638
3876979114
3828745706
3831892234
1689659658
1823746315
1825843977
1007954745
2080638745
1828864779
1833091387
1820520747
2088952171
2088821225
2088807885
1489021895
406911879
469965191
469899762
469895202
352504866
374508578
855016450
849781762
849715202
854556738
841908354
841908370
858701986
539955362
539442338
539048870
551565991
547371693
547371692
547367564
565194440
598745800
582033992
579867225
865137259
867218155
904955643
888180682
888244554
896636958
896641086
1026664511
1026762783
926029839
930225437
896668221
900870701
363991597
365953581
79692357
71329733
71342401
71404305
71424817
80207665
76011281
76464385
76448001
126779651
106864947
235907363
504273155
370051074
369526786
302286850
839162886
840204294
1930919966
1883127934
1882075374
1886270382
1890390694
1890328231
4037810852
4037819028
4037556868
4050132612
4046402180
3509461660
1899897532
1898848888
1886134840
1886135867
1358178842
1358178602
1366620202
1366685738
1400764426
1409070090
1388150986
1388282251
1388216745
1386140072
1381917096
1392976296
268894712
406808
403740
1517853
3418373
7351045
7543555
74894851
83264001
132547073
246317889
246317459
250515635
242192531
237736082
237670546
510325138
527069618
501952930
486093218
486024610
475538854
471606679
337387975
341582149
349643524
81146372
79036932
79103492
77884932
82177541
98999046
90605830
124751174
237800854
238929302
176059798
251556246
247271863
247272421
245326180
248799524
236216612
236282132
219402500
201383220
201390373
201353509
201341235
201465089
201463041
71434497
79839683
264659329
247898499
248938883
251102611
241667475
241405363
241409171
259236977
208774193
204514337
472949792
1544596768
1544597024
3692215856
3742539264
3732063936
3736584832
3735306929
4138480291
4138021554
4137955746
4142145762
3613663334
3560177710
3560383503
3558156301
3558107148
3288656132
1141221700
1145539060
3314453892
3332277125
3332277125
2260369792
2260390304
2264686816
2252087392
2252087328
3325960469
3321766662
3300796166
1153181990
1148463398
1142163746
1276921858
1276045570
202288386
118399298
114196931
114196611
106856595
102674579
104235154
372670610
388399250
354664547
342086435
351364643
888170273
351282469
342895669
338693125
336922629
336988930
215353874
213270242
1337403090
1320428162
1320424066
1319371138
1320108210
1185812914
1185822625
1185824416
1169976992
1146941088
1142728416
1159504480
1158456080
85762304
69181713
69116209
68065059
67914531
67635747
67832515
71961475
80361859
97133697
261685393
267927697
251191729
108831153
109028305
108437825
108444945
108235827
89360434
72386594
68212770
68642866
68578354
1142310386
1305954034
1318539954
1319002769
1321194112
1321190080
1320993504
1319682656
1323852320
1315447588
1299718447
1283142699
1278876718
203098158
203098126
68823046
69101831
73391879
81756931
83854083
74351555
124682626
107905426
107909554
107450803
107475185
108475509
104278053
121055269
70592805
72624421
72624933
83115541
83674625
100631043
112099907
112099778
112103570
49189010
305107090
305115282
304787602
321581234
808415394
812609964
548372072
548174376
549251624
551348760
605874952
622091529
554958859
555614410
605946330
610141099
613294763
613294761
613365417
613165705
898398857
936176265
927787657
890038921
889507467
876921483
885342907
886457259
886444971
366092719
357769639
390144167
121839843
72486995
72482835
74448931
74457121
73868545
82247424
82230016
133085696
107911936
40536321
308971521
308907009
841580547
841580627
841658579
590000355
539685091
541029603
541007330
540875490
551303910
547109615
545537775
545537631
545533519
545533517
549727817
549781081
567148153
567065305
567057353
566533065
591894987
591903707
587579323
587577279
554152895
537309886
537309871
541505447
1640150949
1673575829
1656806791
1648415878
1648546950
1933718678
1883382998
1342647362
1356216594
1352018210
1085684514
1084504626
1084505603
1084503553
1088754176
1080428032
86382080
86390272
86378241
90507027
91047251
91051347
91223377
99614065
99589489
99458387
99458418
91069810
1328397682
1328397682
1328528722
1324333394
3467614546
3467614578
3333265906
3333274082
3333209570
3333209571
3271343585
3271343584
3531390944
3529293792
4078813024
4078743392
3775442272
3758734816
3758669284
1627974132
1628010980
1628064231
1632242662
3783921638
3783991286
3767023046
4035454406
4039648710
2429232598
2424976854
2156543958
2156858358
2156727159
2156661589
2156150533
2160389892
2177219844
2210905349
2194062613
2194062645
2194118965
3259336741
3527772197
3524107308
4060984380
3809326108
3809321020
3775837228
3775829804
3775827501
3788278349
2714540623
2706152007
2701974087
2701998711
2714647143
2710453095
2710453095
2711427447
2713467223
2713467223
2717661255
2698901587
3763320899
3763124418
3779901890
3779902403
3809254083
3809458753
3792616001
3792616017
3792616032
3792632416
3792599904
1649351012
1650268276
1650210900
1717319764
1725708372
1860048964
1862154308
1790851396
2058304324
2041526852
2091858500
1420630596
1420630596
1353529941
1354578535
1083976294
1100753766
1096558950
1092360566
1075710550
1075710662
924358
990918
269229767
273436359
290246351
269341391
269480927
273675261
281981437
281981433
281981019
281849947
273462395
806131819
269326442
269400187
269412427
269417801
1344163144
1093474136
1131223032
3270457080
3266261752
3266196216
3266261753
3266130687
3266065006
3316396646
3303814118
3295425446
3292296102
3292395446
3292438423
3476986757
3460209284
3459168900
3463421572
3735860884
3736908516
2663162605
2661065327
2656416303
2652226095
2652181295
2652311855
2652315967
2530549807
2543673390
3583889518
4120747262
4124608702
4145580222
4060645534
4061043854
4061048974
1913557194
1914617866
1914576942
1899767086
1887186223
1621044015
1620970029
1621035533
886843917
886845197
903688973
919540495
918962950
1053279046
1589674726
515932902
515932838
515932838
1606529766
1573234389
1556523988
3704011220
3704006900
3704527092
3696134364
3579741644
3579740869
3613360837
3546055541
4082937957
3009193005
3003968557
3003967533
4077795341
4083026189
4091416325
4091414055
1943811622
1943810862
1641812798
1633423662
1665929518
1640759598
1640780110
1640813510
558662350
554468046
554209946
537501370
541850282
550173675
562751976
1636493544
1674231000
1934271688
1917362376
906526920
906526969
906527979
906611950
1040866406
1040848086
990524886
425337558
433988294
2023645895
2023614149
1503456981
1535946484
1519167844
1519168868
1540138020
1498199076
1477219361
4161451313
4228560739
4232754915
4241131234
4253713042
4275733122
4263236226
4265296515
2050687651
2050494883
2053648615
2079859823
1811688555
2042570761
951461897
949365001
412297737
412231177
142742027
142606859
146817595
146858858
163619691
1266722667
1266724203
1250147163
3397565259
3397573387
2323734330
2323650362
2323649306
2323714330
2323829034
2324926762
2326824235
2331282731
2322369899
2322367961
2322437065
2590609865
2590749065
2586423481
3123297449
3123296425
3140155561
3106564521
3089769915
3089772939
3095069130
3170444238
4239991790
3701023726
3566806702
3566734239
3570940813
3294116741
3238726021
1124739461
1109010820
1113208261
1113457421
1113408319
1392300839
1391764263
1404347173
1368764709
1373409573
1363968295
1347191027
1342996627
1343000723
1880060147
1343107175
1343107119
3578406191
3586796349
3717863949
3436841485
3436841543
3436722887
3438833349
3371758549
3434643924
3450503572
3484070544
3467551408
3468599984
3472721585
2413612707
2367432418
2216437474
2216436002
2216628258
2218393618
3254386690
3282763778
3265994755
3333155845
3334048005
3331885565
3327691181
3322452393
3322715577
3322713993
3322786699
3591156634
3607991274
3575575402
3558793518
3558794543
3558796567
3564830021
1425706436
1977320900
1901626836
1883800804
1879608549
1896533221
1930095735
1914364982
1645892662
1646085142
1646003206
1646200066
643696179
668864035
613094949
612906597
617357957
616833677
742404797
1019217069
1031802021
1065556133
495139973
494936193
499146945
205705479
205689095
206737679
72529167
89308175
357673023
353483039
386046223
323131657
324177673
321946905
322224441
825520427
823488811
823554347
836657455
564093231
597455151
579354927
583582007
843628663
839439607
856217063
822730213
826973861
831430311
831495863
831299206
1905049494
1938079158
1933962486
1929903350
1929571558
1933764070
1942152694
1938030551
1937899460
1937833796
1933634388
4076924516
4076990052
4077057652
4077049812
4077115333
4043363829
4097897957
4098086373
4106409447
3028481527
2491673943
2495671639
2512447863
2512513399
2512583639
2512572374
2512570070
2545992438
2546004726
2656281335
2530387799
2530389367
3060898149
3056651509
3073694933
2973070727
2973131143
2960535990
2960523686
3497264550
3497270674
3497404866
3505793794
3233233682
1084504626
1084501507
1084502785
1088881409
1097204480
1097209600
1097213696
23478016
23547649
23545169
23971283
1097719251
1097858546
1106230770
1139776978
1134926162
3265632530
3269836082
3269586210
3265391650
2191785010
2192825395
2190564641
2190503264
2193648992
2185293664
2185289700
2185289700
2185289388
2202050493
2160301981
2160235935
2160243127
2151780519
2147582181
2416022885
2484583701
2484448007
3558124039
4095060534
4144413286
4131827702
2798036422
2793906566
2793910463
2798096815
3879765421
3842019245
3842084781
3843198377
3843223017
3977374955
3979437131
3979568139
3982681147
3982679083
3991127339
3990996283
1843459849
1769006601
1768973832
1831954040
1829994216
1834176232
3981529000
3989849592
3855615449
3889178059
3889243338
3855820126
3855820158
3839038742
4107410694
4103215362
4036106514
1353912098
1353715507
1353717505
1357977089
1148323328
1160922880
1161229568
1165423889
1298629649
1575322705
501584209
359641553
359643088
393197040
388863376
908956848
908955808
908964000
1982723232
1647307936
1651502241
1676671457
1676532707
1676016627
1668607831
1651828055
1651864055
1651855847
1651855845
1660367285
1660367796
1658271668
1674927780
3822419620
3822417653
4057294533
4057227847
4040520518
4107621142
4107630358
4099223350
4099222054
4233566758
3707046450
3707051538
1559574018
1567953410
1300037906
1241461042
1241392147
1304310851
1302201539
215946689
215754161
214705569
231679408
232685440
232181632
267898752
258068368
237100976
237104544
241298848
249652656
245458416
245396961
250668515
133227875
91284834
74495346
74497378
74497378
1148238946
1144239571
1194505667
1181913410
1181909314
1190297858
1450411282
1466015010
4112562466
4045519138
4049844514
4083597111
4133918485
3861349125
3861234628
3862283157
3862381485
2788505519
2817789870
2780105662
2763471822
2896260558
2896194894
2917262686
3991131150
4024620046
4016305439
4000621869
4017414445
4017414445
3981828956
3960926812
3960919644
3960948445
3959429117
3977257452
3981451756
3973120493
3834839549
3834709471
3834670431
3838863679
4098943295
4233361679
4252166406
4159896838
4158801158
3621978966
3588428786
3588436706
3568513954
3568374690
3568333219
3570459123
3578917953
3574707200
1463002112
1446159360
1378001984
1378024512
1378012608
1915145617
1936183217
1911015137
1910888167
4054116199
4055164774
4088718630
4071943207
1926349879
1917961271
1930683447
1899126839
1882616085
1612140885
1612006389
1615152868
1624065700
1640879828
1670248132
1670250180
1674440261
1674440261
1665951535
1674343726
1674391854
1667178810
1667178506
1650402314
1649227802
1644959803
1661733177
592186169
600247897
562517707
562315978
1669645274
1673839082
1665454506
1665659306
1933767082
1942155690
1904406975
1887692188
1887500684
1891761116
1883433708
1879239420
1879305804
1879230020
1879228997
805565127
805429975
536991735
1611105783
1615301731
1673829477
1657058341
1657250820
1648795652
1648795972
1644532708
1644480429
1648644015
1648693167
1665477038
1640312238
1640447422
1624667294
1624666447
1626726671
1626661125
1886446869
1885400372
1886444592
4051029041
4051092499
4093035522
4076266754
4076267058
4072052258
4072050290
4076310226
4074086274
2991895939
3876893841
3842290097
3825529253
3843548901
3843452517
3843456551
3881114166
3847518518
3855904054
3839654966
3839841558
3839816967
3856590151
3855609813
3888967157
3872194021
3863797157
3880607159
3842930646
3842922454
3842921462
3855303014
3884471398
3884473395
3884473345
3821688833
3779749888
3830081808
1682669104
1682656848
1623869120
1665816257
1649112785
1716286963
1716311267
1716311267
1716311271
1733153879
1682961479
1682371847
1682370327
1682370103
1690697255
1682234935
1682235143
1694826247
1732766995
1732668770
1715883890
1724843970
1724728002
1724732146
1724732386
1724667875
1741444593
1740963057
1707932768
1691343968
1691282512
1699669060
1733289029
1712323957
1712311655
1716506086
1716375014
1716346742
1741641558
1691244118
1691252311
1691248135
1682927125
1682762613
1682766181
1682753889
1691143537
1699732801
1733289281
1733288273
1716506737
1716502645
1712280821
1712159985
1733110199
1741585063
1737378470
1737312934
3867958918
3872188038
3863864966
3863455702
3871649638
3888430375
2776997171
2760290051
2765532675
2757223987
2752902691
2768598631
2801997799
2801995239
3074493671
3082816741
3082815733
3078962373
3045534917
3045467461
3045472085
2508526549
3582202837
3582399445
3582333909
3721789797
3713270117
3709079917
3709100313
3708185867
3708221707
1564920074
1598339354
1598335322
2118429002
2118419530
1992589386
1993834619
1985388649
2002165868
1683398780
1678168140
1678229972
1610929580
1610935725
1610934701
1610893743
1631931839
1632591775
1640920799
1640920791
1619939927
1625257558
1700554246
1733045782
4132182838
4140632358
4140698918
4140773430
4140114198
4140114198
4286931742
4286960479
2005258236
2005203452
2143594988
2131011820
1996916988
1980140748
1980137676
1980203212
1980137629
1913561519
1661904815
1632612007
1615829671
1615825654
1615825479
1615699463
1633477399
1631379749
1631346981
3778830645
3778966821
3839249703
3835054374
3850701174
3850722630
3888604486
3871826246
3871695230
3872158062
3872146799
3867954541
4153309545
4119734585
4107156745
4098176331
4094439755
4027331034
4027519914
4040037290
4035909290
4035727290
3498855311
3498957709
3503210381
3494819788
3494749020
3511984988
4082934076
4083000620
4146052461
4144929149
4144924949
4111437077
4115498293
3830296853
3831210261
3844006165
3977113909
3977074471
3981395815
4014899175
4023283687
4023338967
4023146311
4014765511
4014761431
4014761445
4014831077
4014765557
4014831071
4266620767
4274945886
4270226766
4270292302
4270157007
4274334943
4132256991
4149026047
4149155327
4123924479
4107141727
4102504990
4106572574
3570726174
3561288990
4093967678
4093967726
