2624816182
2624756758
3161631766
3161636114
3161627922
3157495555
3172177409
3205674501
3189171717
3189174853
3054977781
3071541733
3075736805
3084129445
3084197053
3080068237
3080076493
3067555295
3067424223
2530570206
2530570062
2546329422
2512774942
2497045278
2497164127
2497675645
2497692149
2489173237
3025982708
3176981748
3177178596
3042895829
3042899541
3042866775
3042801191
3044898343
3044890165
3053412117
3053420293
3044371732
3044306228
3042204708
3084373076
3084305749
3083326805
3217421687
3217421686
3201676662
3201611238
3201611238
3193230694
3188998390
3188805854
3188860126
3188862110
3188857015
3193047189
3200465301
3217254805
3166922629
3168203717
3163984197
3170337101
3170152829
3044845293
3078401775
3076124335
3042627241
3027947193
3027979913
3026742985
3026740856
3026744617
3026720041
3035108411
3035321370
3031135294
3169475646
3169504318
3170884638
3179144198
3212289310
3212215583
3209856269
3205682445
3205692685
3205757197
3172068669
3171970349
3176430957
3218343277
3197960553
3198091769
3197834621
3197842815
3202159903
3193707806
3172220222
3088330110
3088459742
3087165134
3099784910
4169199310
4219514766
4202736126
4202805487
4270168173
4274294012
4128038028
4129256588
4145938588
1883111596
1881014700
1885209260
1888957096
1888821929
1889854185
1889835545
1894025737
1885645321
4083198217
4066482441
4062352393
4062613513
4062609435
2993078315
3078021483
3044434799
3027638111
3027722079
3035978751
3052698095
3052698735
3086341215
3084243407
3042268105
2975290061
3033954047
3034021551
3033820839
3033803687
3025419686
3021280455
2503344327
3576058055
3613811909
3622200769
3618013123
3618070211
2545243891
2549409506
2482300646
2482300902
2482365910
2482501078
2482427350
2482422231
2481308021
2447692133
2439836013
2959921516
2955769720
2955885401
2955880793
4029577723
4033763771
4058401226
4091958474
4075045066
4066689370
4066697578
4066763054
4066828590
4066833166
4066886407
4159165205
4160223013
4160222500
4116051252
4116043028
4115134260
4097996629
4039264085
4056368919
4056175919
4057259311
4057267247
2975329343
2974215175
2974213383
4048012551
4031039287
4047783782
2974635622
3050292854
3050229462
3050233542
3083859927
2546788215
2546786597
3620266276
2512941360
2496213008
2621973520
2617781280
2618960160
2618952032
2642021072
2667185856
2663252608
2394899073
2394800775
2394747566
2528961194
2531028906
2539411882
2669508762
2652858522
2652793994
2520671434
3598676042
3614396426
3614367802
3614105898
3588923707
3702173961
3702099208
3706296632
3697908008
3694823896
3694824904
4229600713
4246372809
4246241785
4281893369
3996688873
3866863080
3866879464
3866748408
3862525128
3879433416
3829286104
2755546600
2767605608
3837148796
3837097548
4105462365
4122239711
3046429430
3050619366
3050627302
3042235622
3042298982
3075919190
4132894470
4128662022
4130808391
4130677703
1932797159
1899306150
1895172262
1890977942
1890715783
1890670983
1370549637
1404084677
1391501765
1383301381
1379107621
1914810917
4049707559
4049710631
4041272870
4109430310
4126207790
4149337470
4149445983
4132540447
4132753439
4132828189
4149736477
4084626493
4051064173
4101900141
4099802877
4108256975
4108138207
4108071679
4108071931
4108067323
1968972283
1968447835
2002072923
2002060635
2002198347
2010594651
2010463739
1439989211
1439982795
1423208906
1423753674
1440729082
1440651114
1474209642
1474143599
1459401055
1451003983
1451077709
1446424669
1444327773
3591819645
3608597869
4145468783
4149599599
4160093679
4126539263
4126602703
4126654927
4126523599
4118561275
4118630891
4114577259
4117591659
4117524091
4125912667
4109133387
4109203147
4109354971
4118758363
4152185851
4151603707
4134826362
4134891562
4134887482
4151665722
4118279195
4101430553
4101430553
4102020376
4102018824
4101887752
4101997400
4110259064
4110209897
4116239209
4116243307
4112245615
4150162414
4150150126
4158604282
4158457850
4158396378
4150077402
4116653919
4099831647
4110316829
4110250269
3573313820
3573347644
3590121277
3612796765
3596023629
3596015567
3596077023
3596469759
4133340414
4150252798
4116702430
4099925214
4099929566
4108310014
4124922350
4124840430
4150014462
4150075903
3621728619
3621728617
3621723513
3588062041
3588057945
3579702233
3615358941
3615282893
3621569231
3604857823
3604988926
3596612590
3596607854
3596087342
3612861502
3589778463
3573000461
3497441549
3498019612
4030565948
4028401212
4028424764
4099531380
4099658597
4108014053
4098576871
4115231203
4115166690
3041613282
3075102674
3083531714
3080582614
3063739638
3063739638
3067983063
3218974151
3210602455
3206407799
3072194285
3038770925
3074414317
3078604781
3086959996
3082571212
3082579405
3053284813
2507615743
2507612142
2541166062
2549552638
2532512254
2528186622
2528145518
2528178295
2545020933
2548277252
2506334212
2502137148
2502004028
2502138716
2503125852
3039996541
3042090621
3050430047
3050632783
3052722046
3052716070
3044327462
3043323942
3043385350
3027656710
3027694598
3036077366
3052652839
3086338357
3086080261
3061181764
3054887236
3054883285
3054846437
3073769893
3040219621
3028227047
3036485350
3032233718
3030214214
3049029198
3086778206
2524737022
2520546558
2520204543
2524337359
2539009487
3587581903
3587520223
3589539439
3589559150
3589562750
3589759318
3572954439
3564553543
3562524503
3562405749
3562405749
3579111381
3579111365
3612734421
3612788215
3612853735
3579170279
3588029927
3621578071
2547901767
2539626757
2541745429
2537542967
2537473335
2503920919
2508115735
2508119639
2516572150
2515850742
3052729847
3084181735
2681729255
2681730279
2683663415
2675010583
2669755414
2636455206
2636582694
2641499670
2649896518
2645698247
2643539671
2677044917
2677071781
2681266167
2681257431
2681322839
2681388374
2641798182
2624951334
2486292535
2619592727
2620544325
2637322196
2639421156
2681436900
2681301748
2664458965
2664464341
2530276855
2543055359
2545078526
2511851711
2515588279
2503001271
2486224053
2486359444
2486368212
2486365780
3560144404
3564138000
3564170768
3580947985
3613845265
3613839617
3597058049
3732389971
3746944117
3747085429
3721918805
2648176981
2681600373
2681601397
2681558397
2681491837
2681491839
2681492335
2648007534
2631361134
2631365230
2497004286
2496927454
2505326302
2501132190
2501056910
3608370318
3612564639
3612459263
3612459231
3589386315
3589513481
4126385929
4116889116
4112755261
4113607213
4113628717
4111844973
3042427901
3042329053
3050721759
3050819951
3084252527
3086345573
3220694359
3193435463
3193229575
3189043223
3205853239
3172889653
3177067829
3160282997
2633897589
2629768821
2629574391
2627477462
2644258774
2648450518
2647991798
2673178086
2673821174
2657010887
2665411781
2665321716
2667361764
2658968932
2673123668
2669060869
2635510325
2635518501
3172189999
3037775663
3041983791
3050437935
3050829183
3050820943
3050812239
3075855199
3071657307
3071659355
3071769979
3071633903
3071618543
3075939838
3050702798
3046507471
3046507165
2509571005
2509513141
2513707253
2505385205
2648143093
2648139223
2643846998
2643785574
2677337958
2681532198
2675309878
2675301654
2675295510
3749041159
3749098771
3744904465
3742807297
4111906049
4111898385
4111906577
4115829312
4115894848
4111712965
4094937045
4093661092
4093671844
4097862053
4106250661
4102380725
4119151749
4137091525
4141228485
4132839895
4132843878
4143392098
4160038242
3581228530
3581285318
3581281222
3589685959
3583275991
3583272933
3717230565
3721722879
3713326079
2639584222
2668723038
2656138590
2658365726
2658390302
2666709054
2679226430
2679169327
2679169327
3186664749
3185024876
3184955372
3210201772
3204766348
3204770445
3204968077
3171346397
3175536127
3184968023
3051343895
3051212855
3084767255
4160712791
3579797847
3579781623
3579652071
3579781095
3561426943
3570863095
3570731479
3570761159
3589629383
3589530822
2549338183
2547109975
2538721655
2675168567
2675070839
2649911142
2645651046
2628808294
2643492838
2647676926
2505098750
2538717558
2522009719
2532483413
2532483397
2547032340
2538645284
2668666404
2668793396
2652020244
2517818900
2521945877
2656073013
2656329781
2673303655
2621849727
2621849727
2630227070
2630171902
2625923294
2625923550
2646960574
2648080318
2648070046
2647720591
2647655391
2647659501
2580620652
2580620589
2607818045
2603626783
2603839807
2603807534
3675362090
4181758810
4190154698
4185959305
3649088393
2646981561
2638658489
2636042137
2501822425
2503656445
3044995437
3049185645
3049255420
3049059804
3049043188
3044842740
3040644597
3040775639
3040802646
3074352966
3078615830
3070096190
3070095662
3086864702
3086865790
3086876031
3044929020
2910649852
2904423900
2904419804
2937584972
2939608396
2927023901
2927022895
2935452462
2935321406
3086299966
3044348222
3027572078
3035979110
2767571302
2765474167
2782369813
2916592644
2950013956
2908205060
2906034436
2889270068
2888188452
2904949348
2905015012
2951021221
2929985190
2930515374
3198958766
3198974110
3199170702
3221154958
3212766415
3212764367
3210666463
3177173503
3042952062
3044885374
3044505198
3027723886
3036118654
3034926975
3035909503
3036446047
3053217103
2505926479
2640147326
3747435502
2673202158
3210212822
2673276230
2673267782
3713523015
3713326551
3713036263
4245776357
4250031829
4258415253
4258485173
4254101932
4258296236
2672850428
2668654077
2668850653
2639424861
2639494429
2513460509
2643557661
2643687199
2645816638
2645677358
2679160878
2674966574
2670841910
2670915590
2668797958
2681385223
2681380637
2681264700
2655058556
2655058556
2650857068
2652067836
2652001244
2656195549
2673046013
2622710205
2622711039
2622672351
2631060943
2631130590
2626743774
2630937854
2647715054
2664555758
2656237054
2675360734
2675360471
2675298903
2541023863
2549408365
3086280493
3061120813
3061112117
3073702229
3078090069
3044441285
2507556037
2641772757
2641363045
2641367141
2639339829
2647795477
2647795221
2643670581
2643472941
2643473007
2643489391
2647683835
2622543835
2618543577
2617424329
2617420233
2622732681
2639371675
2668746122
3725652362
3725652378
3725848746
3729973486
3218252014
3214064767
3180510477
4260473101
4285579020
4147156788
4130575669
4130521365
4130525301
4130435303
4149244135
4115882215
4101394934
4101424838
4109813254
4108815874
4104174099
4104170289
4125157680
3059804192
3190877216
3190898720
3190947909
3190948806
3206677126
3168932518
3164685990
3164654246
3181427622
3214977511
3198200005
3189812420
3190011076
3073552580
3040010693
2754765221
2754753957
3832743335
3832614311
2767273430
2784046534
4126355270
4126228294
4260376078
4251987470
4260439614
4289803886
4290074495
4290073949
4290041164
4275361244
4133281276
3596611028
3604917716
4141852148
4133335541
3057500509
3073885007
3023487567
3022444062
3035037230
3030895150
3030698863
3030707183
3035951069
3052789213
3052914172
3084370412
3069301244
3060854836
3056623668
3055575077
3055772709
3055686695
3055701031
4150676694
4108737991
4108742535
4108738181
4109586053
4105260725
4103085735
3029348006
3035639718
2507156902
2536520886
2539787478
2548174934
2543976470
2543863094
2543873302
2644568839
2648766981
2623703580
2623703868
2623708476
2640559404
2574353724
2572195132
3108021716
3108020693
3091325367
3087267238
3154302118
3154298086
3175271654
3175283910
3208899654
3193105734
4132631879
4132623701
4149401429
4116117333
4116176213
4116176213
4116176181
4118797605
4152221493
3078477589
3077960261
3075854933
3075854965
3042276964
3042273124
3025661940
3034049872
3033789777
3050800145
3050816515
3052788755
3077942371
3073834339
3074349045
3074311877
3073970821
3040359061
3044553383
3082360494
2812812718
2813074862
3081513150
4154748110
4125486286
4116878406
4113732678
4113805319
4147240983
1997791253
1997725717
1997722645
2001880340
2001935636
2002198292
2002132532
2010515068
4158015196
4124525261
4124426959
4124374751
4107576814
4098141678
4098141678
4115115391
4148604255
4140213599
4141331549
4141346941
4135047421
3057111277
3074414063
3074316271
4112402159
4150150911
3889514207
3858002511
4126434119
4126417271
4101448039
4101386622
4109762942
4109829471
4109718815
4109729039
4126501215
4126533983
4126538075
4118146379
4149313483
4149434059
2538816218
2549301866
2544976686
2544914734
2511364398
2511364142
2498785334
2490581014
2484262151
2488726853
2505496516
2648098772
2681523924
2672094972
2651123452
2651123308
2652241453
2656425775
3193295162
3193008474
2672910426
2623009918
2622934238
3168192990
3168192862
3168139647
3168070461
3168071484
3218400092
3201823580
3193258708
3188785909
3188921063
3075678886
3083939238
3046115494
3046115494
3050330247
3042011269
3037883525
3038176645
4114011077
4118201077
4158964455
4150576999
4150581118
3060066078
3060262207
4142327087
4142396733
4150751501
4284817677
4252250381
4235269417
4243731753
2633121065
2626837819
2630962507
2646658506
3754030538
3745637834
3745571278
3745571326
3712082414
3712153070
2646777342
2648088015
2513935823
2505416133
2505422805
2501227477
2539107285
2539115511
2534765542
3038077926
3044353510
3044480482
3052799346
3052799303
3052870981
4159991125
4160023860
4143312212
4135042372
3061290308
3059062084
4145330012
4111791724
4094817900
4099143276
3025294957
3025360495
3025229678
3025169774
3050339438
3050364158
3050427614
3050763471
3050763463
3042440391
4116174327
4149731055
3075989230
3059207934
3061145438
3061150998
3060823318
4134561062
4134625574
4134687030
4160114966
4155928902
4120338757
4103566661
4107750724
4095166732
4097198908
4114045500
4118113836
4160054908
4143280732
4141105864
4149498584
4149498617
4149565419
4116045290
4124376298
4124376186
4120378586
4124501194
4116046922
4115980618
4145398138
4129211882
4133418986
4141803518
4160681935
3086337997
3052787661
3025532924
3025532908
3025655660
3021469564
3042305852
3042207532
3052762924
3086435884
3086370356
3086431764
3212129812
3212063293
3077837631
3086225470
3086287102
3084189950
3084190894
2639535274
2618653850
3691408522
3712379274
3712477578
3720740827
3754287099
3755313147
4294214619
3219435867
3219628411
3212292397
3178729773
3178739004
3176637756
3025643316
3021338404
2752894500
2752988708
2752929332
2757123685
2766098023
2782676854
2782680390
2774299974
2773283862
2781148198
3855406134
3846986838
4115487814
3075366342
3058597318
3058054614
3200659895
3200733687
3200733693
3200610781
3213123933
3179570525
3168137021
3168140073
3159738923
3038105146
3038240590
3071800654
3076387918
3218461935
3180713197
3183990013
3175536076
3204904388
3205980628
4279710708
4279374821
4149351399
4157804910
4119859566
4107279742
4097845598
4097927550
3569510782
3587602910
3621244366
3621012942
3621011790
3595912062
2522337902
2530472494
2664686127
2677137983
2677143389
2647717373
2622813693
2622878940
2623001820
2622735805
2618476477
2618490813
2635329437
2635198365
3204509621
3208767381
3217291221
3213095767
3079918375
3082146598
3069482278
3060044838
4133788711
4129659927
4130782215
4147557445
3877033157
3877041309
3877008541
4128658877
4132919277
4141156333
3872654317
4141101389
4157939981
4109857565
4110317341
4239293967
4239022607
4238957407
4235737455
4231540223
4248315339
3711574474
3716034906
3719709530
3753329659
3753138155
3750815467
3738234603
3737169627
3754079947
4290951113
4250043849
4250109433
3174401385
3040195945
4114063677
4118143261
4101370141
4097270077
4095160621
4095152431
4229366059
4235658539
4244053803
4256570138
4290124298
4273412938
3740556234
3741113738
3732717962
3740844442
3740979642
3753571258
3753567146
3753632687
2646139885
2650335213
2650591868
2674180732
2674229820
2641868348
3711280956
4247891228
4279352348
4279285780
4262714421
4262646837
4262614068
4262678580
4262596692
2098336212
4233237444
4241621660
4241688285
3699384061
3699388141
3699388015
1572892207
1438676798
1472295694
3620762378
3604017418
3595616554
3608593706
3608582458
3575036170
3561462602
3561265739
3561262795
3561259723
4123362267
3049501611
3082986415
3083002543
3041391295
3041392279
3041261239
3024483815
3025525991
3042301047
3044529246
3044537358
4151835678
4135058495
4134730815
4134731069
3866296093
3866347037
3882927708
3880841980
3847250604
3847320236
3846390701
3854762429
3846250941
3846250679
3830784182
3833017710
4100873518
4109324062
1978424078
1995205390
1986816526
1987018303
1986942527
4143858303
4158571485
4107793309
4107662237
4107569117
4099246044
4099260012
4115967789
4149521709
4141132847
3066350639
3058027567
3058123838
3070653470
3042337046
3168166262
3168162679
3164030711
3163903733
3162865397
3184910053
2681527925
2530541397
2522150733
2522214861
2522214909
2534756589
2488746221
2488681725
2497068253
2631351519
2630957311
2496932095
2513710270
2541043102
2541164430
2473985726
3556181678
3547665070
3547607775
3547653071
1400152333
1400217869
1932967221
1916180772
1915062580
1915001108
1915525124
1915587588
1647215620
1714324485
1714340887
1852234791
1860500518
1861547046
1878320182
1826086982
1750556742
1746359510
672601298
740236770
761083874
805058209
784138912
1858015872
1857430144
1876828804
2111726212
2085573316
2093766204
2093770281
2094820923
4242303547
4236007979
4236003947
4234955259
3169585371
3635152075
3652063305
3651559691
3635831082
3636405034
3640402478
3629651502
3625469551
3641407223
4178305927
4211991429
2064442765
2068637085
1799733151
1799863199
1799732158
1799682734
1765867198
1761662942
1761858334
1761853758
1762116910
1767228710
1809181750
1788865558
1788865542
1787821063
1804434437
1766800644
1762278676
1745493300
1745493804
675946285
684396333
696782623
696840015
702066510
1808316366
1766363550
1774825919
1774957495
3905664933
3897147301
3892886181
3909720820
2837094116
2870662756
2944029220
2927231532
2927166332
2927368157
2927439357
2933733549
2929531071
4288419999
4288489615
4288556175
4292219022
3755344094
3755151582
3755159902
3688063326
3687870302
1532029790
1498475134
1506851454
1490066271
1569822031
2106823129
2140377577
2144441324
3593507757
3725615039
1594899086
1561340814
3691133342
3696363902
3566341150
3568697358
3568058382
3567837471
3584598844
3316163128
3450581560
3437815352
3697855016
3697924904
3710621992
3710634089
3609970891
3593127050
1445642638
1445642638
1450098846
1593733294
3741311142
3707625638
3705533926
3707696950
3703485975
3702494741
3702302244
3584861732
3615270436
4263292452
4263296612
4263427729
4280221569
4282303875
4286498178
4142908546
4142646402
4008434835
4008309987
4008223971
4008486759
4025262631
3974996519
3967264279
3967259910
3962608694
3960519718
3960532006
3960601638
3960654902
1829952599
1836250199
1819530751
1819529215
1819496447
1819500447
1819361214
1836135870
1710298622
1743861142
1743994774
1726168982
1726029494
1654726323
1939944113
1940075216
833827520
816915136
278094400
282251780
275961348
270752260
287382356
1361394652
1361402876
1374014396
1940245180
1923471000
4070888072
4071395976
4071391912
4071396072
3001852649
2993480303
2737697342
2737697322
2737656362
2741834554
2741843226
2733602875
3002071083
3002062889
3002062872
2993674248
3002071816
3002058248
2465186312
2532201017
2523796075
2456424938
2456355050
2464747690
2431266986
4041879690
4041899146
4041898378
4034423690
1884842922
1880649642
1880646538
1882734986
1881735626
824772057
841558377
309012585
308948073
317333531
44707851
44761098
44761098
65753146
7004202
1080747034
1089116426
1084918026
1084983562
1084792138
1135125963
1185449401
1185449385
3328935337
3324675496
3324761512
3593073832
1428776360
1412064152
1412063880
1416290968
1550447288
2087248552
2105058024
2138612457
2138615659
2137565995
2137700891
2120940042
2116745738
2049596939
2049458457
2066219049
2036940841
2028662840
1760206872
1760207896
1760076829
1761126175
1761519415
685682982
692421666
688165922
721480754
704706594
704829538
704825442
717408370
1855375682
1857474497
1861664384
1831202432
1814351536
1814415008
1680168612
1692750564
1689522788
1689523235
1687436322
1691625490
1683236882
1981163554
1981155682
1996360385
1924007552
1923744384
1386951296
1403613840
3500696224
3500701348
3500760743
3500703406
3501730478
3505924782
3496749742
3492625374
3492616278
3496807446
1349458950
1366193158
1399775238
309174278
304918534
304910342
306021446
306088158
303728862
303729822
303744142
286945679
1350198217
1349153369
1357469224
1357442600
1353247272
3500714552
4037586441
4058625545
4092301835
4093346571
4093280570
4084969774
4084768814
3812139050
3812413499
1665024011
1631453209
1696993320
1680282664
1684487544
1692876152
1621442521
1621385161
1621381001
1638162313
1642422153
1675712409
1667249819
1935880891
1935811242
1927422634
1927492266
1927361450
1927553434
853811418
845423866
862217722
862447067
1927804747
1923471114
1403294490
1370272570
1357689406
1349374478
1349480974
1349391110
1348867367
1088820263
1088822309
1088820225
1080427521
1097221121
1097323777
1197978901
1206236437
1323668757
1315276055
1315411217
1248319249
1517244949
1525613173
1525625573
1516708581
1516704485
1517623276
441722860
457451004
994321912
960767992
969209848
969193211
969193178
1002749690
986037754
977648890
977640542
709203038
709137470
705015854
705081405
706129948
706129924
706117684
708232228
708168996
726980900
727054692
794294748
1834475421
1834471317
1750550405
1752647317
1752630967
1760894631
1760902886
1760902774
1759845942
1776627254
702574390
736193814
716307478
718326807
708897799
771812438
771779734
637697174
620889238
541197718
549586838
549521079
545275573
545271477
545270452
814754484
816851605
867445429
853809909
853810151
849624574
853884382
853883998
308624478
308755550
291911775
275126607
275192799
275192543
283450079
283384574
283147006
283139071
283179391
291551615
861976959
845200765
845264189
845263165
845394205
845328665
308711449
304582681
304447513
304955419
288296991
271462427
271463707
275651083
279857867
279956107
279939721
330078857
850181067
854364187
841781306
841789482
841801770
841883690
825106474
271450154
275645995
279777019
279779995
279788187
279789195
11288203
78442122
111982218
107779482
103650490
103781595
376090905
384479545
384344360
384344104
1449698344
1982442536
1982508328
2116726044
2116716364
2120909436
2146009836
1978237823
1953087950
1680462022
1814876386
3962369250
3962370273
3895351520
3899554496
3907402432
3907467968
1755724352
1755790849
1777608242
1810900514
1810900258
1808800806
1775244326
1770009694
1803575374
713072846
713072842
713073099
717337547
973189963
973336922
973287482
973221931
939668521
943864856
949356552
950930184
951044680
481073736
531143368
380149448
384357051
371741610
371798186
505946282
506011818
372121770
342761610
283511950
278989446
278993542
279018135
815836839
547401383
547401383
552644197
594585381
577863732
594776080
539205680
539066416
539312176
539426868
539889964
544093740
816713261
816712269
1890454159
1370241673
1370253961
1403820952
1118607800
1387109000
3534667400
3534665352
3534594744
3534595048
2464719336
2456330344
2452156456
2452189544
2435458665
2418687583
2422897230
2431310710
2964117862
2964102182
2963586086
2984558390
3001325110
3001455110
4133925638
4129611782
4129579046
4130078758
1982726190
1948909630
1948909582
887751690
883564042
883505690
1018767898
481896970
414735946
414762570
430489802
438849787
438834427
170538235
187318265
191512296
197011176
1253910268
1268527820
1251222236
3397673960
3397706221
2324013167
2324078718
2323877998
2323877990
2390856038
2256830958
2194964718
2214363306
3278668953
3274479752
3274545288
1110415496
1110349960
36633800
36627529
305061898
321700922
272432425
276671276
285125420
280931868
330203660
1391231556
1458356804
1458557524
1475244583
1441411622
1416115750
1416117038
3693624110
3697965898
3697998537
2095758028
2147003020
2126033564
2126025403
2058981822
2057023662
2043273454
2014109798
2014077990
2014140454
2014210102
2018437910
1003411973
983485956
987612740
978108996
973886436
1040982180
1040982188
911155368
919477401
814614665
1887832459
1888897674
1888864923
1891403451
817664747
834450027
855417387
844931627
840819498
1914622250
1916686378
1916678186
1933448314
4033743050
4042131594
4037987210
4038056666
4037393113
3030695432
3030689288
3031736872
3035935272
2757015080
2752816684
2753013292
2903954980
2805974564
2787919396
2733393188
2733395300
2733399524
2733463989
2733340853
2724952247
2733562006
2733570198
2733604022
2733456566
2725190838
3794681054
3811458078
3761121294
1613703182
1617766414
1617897502
1621522750
3769556525
3837625868
3834417676
3834413580
3830219468
3826098940
3977093868
3993805547
3993887466
3993982186
3994944746
3862826074
3865447498
3865459787
3840289992
3840306376
3836112840
3837263560
4105567880
4105696904
4156027528
4142191323
4142154474
4142153962
4133753066
4134285418
1986932826
1987977290
2122195018
2122195018
1568612362
1550660875
1550809881
2096093720
2091883064
2091751960
4239171160
4239176408
4239168152
3707536057
3697205930
3692962474
3692503470
3692368046
3694592230
3697675286
3705808902
3433179398
3433376518
3416549894
3399801351
3399782149
3399778900
3403973332
3405087476
3663045348
3658768996
3657704036
3657708132
3657445988
3674222959
3644855406
2025860190
2021664846
2021713950
2038544414
2076425230
2067969038
2046996750
2047054415
2047185503
2047128543
2047127006
1778759806
1778890862
1778817070
1778817071
1783023629
1784073229
1786168332
1848623116
1848594908
1865356217
795411371
628687530
1694045870
1693988527
1693269661
1622097548
1890922124
1890856636
1890856620
1907371500
1924146380
1387275343
313532494
309342318
305475694
271974506
270926666
275123786
15616590
11328095
11319911
10795751
14982903
6656707
1080464065
1076269761
1344721553
1361502961
1395122913
1382380531
1382373363
1382373234
1382037298
1382039350
1382034710
308291926
316684502
316750038
316767454
312599806
316776702
316780799
1918996604
1918939180
1914740780
1646371388
3760373300
3760365108
3760360996
2686686756
2686497316
2753606180
2754654764
2809197103
2800796906
2800766186
2799700202
2724661370
2720406554
2988844042
3005621258
2959484170
2963682826
2963691081
2963726024
2963791496
3031275144
2532083352
2518975144
2518991784
4129608169
4129580138
4263993386
2116427818
2116427786
2116444170
2133286922
2099666954
1009153034
1014380810
1022843770
884431610
347545242
346298250
1425281934
1358168989
1358369452
1354130092
1354162868
1353111236
1407501824
1122272768
1122280753
1122280482
1113907238
1109913638
1378238502
1462632530
1429078150
1550717830
212210311
212276885
212145812
207894164
203697844
203501236
140734188
413199996
429960764
446735901
447783453
451981853
443593533
443592751
2050007079
2047909927
2047915047
2047335463
2047269923
2051464481
2059847169
2043561472
2026784257
2027904579
2019155555
2021248995
2035863011
2043446755
2077008259
1775018115
1758241921
1817164944
1682897056
1678661792
3760081313
3776842400
3812493952
3794669184
3794669184
3798802096
3819712224
2712432228
2695654956
2695687692
2696723972
2696715776
2696912417
2700065059
2699933730
2691532834
2737670194
2720987154
2720983298
2720983555
2720979507
2725141027
2733394467
2733394465
2750171735
2707999575
2708003670
2691430742
2691431254
2691300214
2691300214
2691300214
2691292150
2708331510
2708331382
2708331382
2691562358
2691562358
2691562326
2708339542
2708339030
2708330839
2708330839
2708330839
2708306295
2708306421
2708306421
2708289973
2725067189
2733455797
2733455797
2733455541
2729261236
2729261236
2997827764
2997827764
2997762196
2985175172
4042139845
3501074758
1353521942
1353460518
1349269798
1345067302
271321126
808196150
808269878
808331318
812394502
543959046
543950854
627964279
627947895
627948919
627946935
627946934
611168694
611168694
879605174
879081910
1952823478
1948629174
1982183671
1982183541
1982265376
4134960417
3598065953
3598123809
3598013216
3598078801
3615388609
3573433729
3573401984
3707619760
3707754912
2625075632
2625073040
2625070800
2633065073
2628805158
2628809254
2627757606
2633002598
2641390198
2637421394
2668809554
2673003602
3755185234
3755062339
3713049665
4245742785
4245874160
4279425009
4279420817
4283614899
4275131299
4275070899
4274021815
4265616871
3728747749
3729865828
3755161652
3723704580
3715315968
3715309312
3715241728
1307710977
1303528003
1303593938
1301303794
1305506274
3444598258
3427855858
3427925362
3428056435
3453214033
3486768449
3486629633
3469852433
3469778723
2681257762
2681253666
2639308578
2622617202
2622673618
2631059154
2631288498
2648006563
3713297827
3746851249
3746651344
3742588112
3711071440
3711100112
3692295504
1544598800
1544598832
1544598832
1548858641
1548989715
1574108450
1565678898
1565661506
3742505794
3476163522
3480423410
3488685986
3484689810
3484624258
3484553667
3451060691
3450947443
3449878323
3437293345
3437292833
3429936417
3446713649
3446799697
3413298673
3411201521
3411267057
3411140081
3645960049
3645957985
3679577969
3679647601
1515361617
1515428977
3658587249
3658587249
3658529809
3658722305
4211258625
4182955313
4183017313
4166047585
4174440163
4173590259
4173487858
4173482738
4258384882
4258286066
4258290930
4249910482
4249904323
4245906883
4245837795
4250027745
4249966193
4258295377
4258295617
4258327891
3713072499
3746651507
3746725315
3729937730
3738309970
3738387810
3740292451
3740292451
3746643011
3444714499
3430038785
3430047041
3438467952
3433290336
3433159281
3437485569
3438530049
3455174483
3446732131
3446728034
3446728162
3425723874
3423760850
3440538562
3478320066
3469919058
3469853458
3471898386
3480284946
3480353586
3446798642
3295930674
3295861778
2222113794
2239218690
2541208642
2541192658
2528544674
2528612001
3065355936
3065296544
3069490868
3056899828
3056900068
2788667876
2788614580
2939576501
2888179877
2892305575
2900628643
2900366499
2896232930
2896364370
3164812034
3164824070
3219350022
3194054406
3194056454
2658401030
2549340967
3052657447
3052718903
3053244191
3078408143
3061825933
3061502349
3061502341
3061498276
3067728804
3066622629
3075269287
3041714870
3024937590
3025036822
2497607426
2499177746
2495048754
2510650418
2682551314
2657899570
2658975779
2667167777
2667233620
2516239300
2499441604
2491119044
2486720980
2486983140
3560962532
3565087204
4100909508
4159700932
4134393796
4134392197
3594514817
3594444945
3592319136
3591123104
3595313569
3612090785
3586602929
3565631123
3565231827
3565173330
3432000018
3432000274
3434097938
2364613906
2363700482
2380402946
