1405946895
307053951
302859757
302502837
1376228245
1376228277
1916834725
1916834727
1925226935
1925293470
1916972190
1644345502
3791821054
3791816751
3808606255
3842156845
3847400749
3763779388
3763782428
3759489852
3759502125
3760137005
3775861549
3779920495
3813474879
3779936779
3788259851
3770992139
3771006475
3770984987
3762616859
1610930699
1610897931
1610947097
1627724409
1627724648
3779402088
3813096552
3805230200
3801034872
4069470296
4069470280
3532464200
2190221384
2206991452
2206993261
2207013741
2207087463
2207087463
2177858406
2169469798
2169469814
2169469782
2169338710
2169338710
2177726806
2177759574
2173565302
2177890662
2177890662
2178808310
2172516823
2171468229
2171599301
2206202309
2206202309
2206185815
2204088695
2204089831
2204087783
2170532261
2170401188
2153623956
2153362820
2149162884
2151259012
2151267220
2419849893
2436512742
2435464038
2469014294
2536189710
3614125342
3619434254
3317445894
3300659462
3298301154
3298296993
1155007664
1142426768
1141381520
1124956544
34498944
34498944
38726080
34072864
37026081
304146467
320923699
807688499
539248934
540821799
541870887
558713383
567135799
567121527
567128919
567128927
550344159
543005151
543013343
559790335
555727101
589281500
840874188
840367308
1913009356
1376134636
1380263789
1384392495
3263632942
3263570478
3263636078
3263456110
3246687198
3234693583
3234827663
3234773391
3234773391
3494877631
3490552239
4027562943
1913563023
1645126543
1645130703
1645052909
1644471789
1648667757
1665199215
1627442266
1627475274
3775012394
3775016494
3808570926
3888328254
3867160158
3867155486
3867149326
3816817678
4052206799
4035374292
4035357876
4039486868
4093939600
3825700768
3825704416
3825707264
3825707264
1678158081
1728493825
1646173953
1646185745
1646153009
1644891169
1644698663
1645751335
576469039
568199483
551423770
547298891
546059867
546059081
546067401
546068425
545577677
549837533
549837437
541383295
541915655
537786886
537851158
558818358
567256166
567137378
550489203
541968835
537778883
554597107
554597091
592325347
584007283
583802435
583809603
583801681
583801201
579673335
579671255
579612887
579612879
596455567
562376843
549802123
549802169
541552808
541556200
1892088264
1887894344
1887873544
4119243272
4153780744
3600072200
3606360584
3600650763
3751723770
3718173354
3705598894
4233426342
4094020002
4094073218
4094077314
3825380738
3842223683
3858998785
3859001875
3858993682
3859018258
3858887202
3808449058
3758100450
3770944930
3767273634
3767011571
3767016691
4035591235
4053412931
4032441539
3495569603
3495450785
3503836321
3515564464
3549053312
3536515456
3529236864
3527139792
3597329664
3530213908
3555707429
4059871783
2986125863
3053251183
3040666317
3040658063
3039740303
3077456301
3215880421
3199168613
2662145317
2666278167
2657889591
3731631142
3731389478
3731584022
3732591686
3749363910
3699278018
3640562114
3640637249
3640636977
3631595040
4164218480
4162154193
4161945555
4180807650
4218619298
3153135074
3218092514
3217039842
3217056198
3217057221
2676288900
2647055284
2648079252
2631293828
2631814020
2633977589
2633811494
2632765998
2624377390
2624381742
3186401598
3186335774
3186273334
3178993749
2906228804
2939796420
2937764428
2938027532
2938027580
2938013229
2937374255
2937382447
2939479599
2939994671
2944189309
2875933149
2884309213
2884121773
2934441129
2934512825
2934846683
2935891163
2868781307
3935707243
3935572091
4204016651
4219940107
4186319627
2110139146
1560746842
1560545786
1560546458
1544295578
2093896842
2089742730
1418654616
1418506920
1419551404
1952232060
1899266876
1932825388
1930753836
1930843949
1935030047
1909859615
1440097596
1431768428
3561753068
3490188216
3490204312
3494496904
3498739272
3498750732
2426052876
2495390510
3032261166
3031215654
2754382374
2687076918
2703923734
2737487158
2721751410
2721767490
2719642051
2719621505
2736464544
3776459424
3763865252
3787263719
3819903814
3819517958
1638410242
1906846738
1907909634
1882939394
1882873858
272265283
289293763
293490419
829377170
829184642
1902968498
1912465058
1941824162
1925046962
1924518530
1924518530
1928680066
3531035347
3547670245
4034146277
4042534764
4042595708
4059498252
4160034572
3614520844
3614537228
3620812344
3587522344
3566480745
3566480890
3587522042
3587446250
3587457194
3621634234
3617558778
3584012539
4124877149
4099712380
4094996284
4095065660
4095135260
4044752412
4044751391
1930834494
1935024958
1943408942
1373044782
1435762746
1422135306
1422140426
1417964554
1166313545
1199999944
1184272008
1188468360
1182249608
1181782680
3337655272
3335631336
3621234152
3587550696
3561336297
2487719387
2487719899
2489287674
2488238842
2496639614
3033375294
3025969718
3038552614
3038618150
3072308774
3072312934
3055535862
2988396438
2992600982
2992444822
2992443831
4082962613
4082970813
3780604124
3788992540
3790988312
3824544824
3820283960
3824478233
3824539657
3814180939
3776433371
3776431291
4043784346
4047917210
3787854010
4056363242
4056232298
4090831146
4090847518
4092846366
4059161402
4057069355
4057046571
4047604251
4148214345
4144032329
4127322059
4060347867
4060312815
4081307887
4089627119
3784753647
3783709695
4056277975
4047823813
4043629509
4043831253
4043692021
4043659237
3775120869
3780298093
3788689437
3788763151
1674637323
1674637339
1674834969
1649634328
1662068760
1662007353
1628637545
1612058603
1616250795
1888813722
1890845386
815010506
278663695
1352413973
1351377701
1355801892
1355787760
1373550016
1390327685
1381926277
1384088965
1383957911
1918737895
4066160103
4066158439
4083017575
4049592919
4045402743
4045239031
4116673255
4150212326
3076331510
3067878902
3067878646
3063756022
3063886966
2543808534
2545938487
2512232501
2512233748
2499591940
2491198212
2621291284
3156188020
3156123108
3042891237
3042886101
3076341959
3078451671
3078452711
3061671399
3077393831
3077537175
3078579591
3087000967
3045057991
3042964951
3042825591
3044857647
3074225967
3074221631
3056465471
3195893311
3204277791
3202098974
3214751006
3181262334
