1356532742
1129972743
1112409463
1376736245
1376244625
1376223889
1912705969
1916834721
1916842401
1925226963
1656856775
1648534615
1644346423
1644337191
1661110311
1661118759
3775310631
3758533413
3763785269
3763849047
3759522775
3760026615
3775754983
3808776935
3812967143
3812905599
3821303327
3787783707
3787782683
3762612763
3762350618
3779164699
3779140123
3812957707
3812888091
3812888443
3812887915
3812957291
3821878395
3801035899
3802018939
3012441210
2475635786
2207003726
2206993486
2173438846
2173492094
2173492070
2173565286
2173548902
2177743206
2177874422
2170534359
2170534343
2172632461
2473442460
2473441436
3010181308
3005987004
3007035580
2738600124
2738534636
3776641260
3776604396
1662658669
1629104509
1629108511
559548959
567872031
567877181
630793789
630793854
1958426358
2092446338
1554527874
1286375042
1222750386
1218556338
1218572722
1218572722
1218639490
1269988994
1253272485
3396349349
1242566020
1259349124
1225859212
1276125324
205529596
202383660
202453804
204617244
70399500
70399756
69345036
73533196
90391821
90424580
23167244
23167260
65114396
65253692
66302268
66311485
66311485
22107453
1128255
1128311
1119230
5321694
14099358
32977822
62329822
44499934
44515614
44528958
44922174
61633838
32273711
7140671
2945343
3002655
3064143
3048399
19829727
120558559
116372446
112178110
112179135
112181183
111524799
111475641
111180793
115358569
106968873
103821609
103887145
372318249
372252729
909123625
908075049
644088107
627964279
627964279
627964279
627964279
627964279
627964279
627964279
627964279
627964279
627964279
627964279
627964279
627964279
627964279
627964279
627964279
627964279
627964279
627964279
627964279
627964279
627964279
627964279
627964279
627964279
627964279
627964279
627964279
627964279
627964279
627964279
627964279
627964279
627964279
627964279
627964279
627964279
627964279
627964279
627964279
627964279
627964279
627964279
627964279
627964279
627964279
627964279
627964279
627964279
627964279
627964279
627964279
627964279
627964279
627964279
627964279
627964279
627964279
627964279
627964279
627964279
627964279
627964279
627964279
627964279
627964279
627964279
627964279
627964279
627964279
627964279
627964279
627964279
627964279
627964279
627964279
627964279
627964279
627964279
627964279
627964279
627964279
627964279
627964279
627964279
627964279
627964279
627964279
627964279
627964279
627964279
627964279
627964279
627964279
627964279
627964279
627964279
627964279
627964279
627964279
627964279
627964279
627964279
627964279
627947895
896381303
896381431
896381431
342733247
476950975
476950975
476950975
476951999
476954046
476953019
476953083
477035979
485162959
502949839
503018989
494495229
427618781
423424221
457044447
461287903
444507103
520008671
517329919
525657085
1599366125
1563709933
1551303167
1559626239
1555436015
1284583919
1284530687
1301374415
1305703502
1330824526
1332987230
1332991358
1332864510
1341252094
1341190495
1299300703
1299403743
1297249277
1280533101
1280402021
1280407285
1280669685
1297446805
1330996629
1314747807
1325389214
1325385118
1324339646
1324348414
1324217214
1324135214
1324130602
1609343275
1575789865
1442622776
1551739257
1547614333
3577666783
3577627855
3309174863
1161756686
1148518718
1156977455
1151738413
1151739445
1285832245
1285832311
1291635679
1308461469
1602129293
1581221324
1581089228
1579516748
1512551004
1512415852
1530192429
2031412783
2017783598
2026175790
2038955310
1501754686
1535295759
1506984719
1498645263
1493211007
1493217127
1530965350
1522707687
1585623263
1585627341
1586937997
1584742541
1580532925
1597389997
1563835309
1568029357
1537678013
1537480397
1537487436
1269051916
1239773460
1214767412
1223156001
1224204833
1224057377
1221894691
1213510162
1209400834
1208351234
1208080946
1526847778
1515444258
1582468209
3738599488
3730145472
1578401984
1577361632
1581556064
2126948193
1585878338
1585890562
1473757202
1427898402
1413218338
1413025890
1413099746
1416247282
1558845139
1554712195
1554716291
1554591363
1302916739
1340644819
1323863539
1592376819
3740116977
3740116817
3740120820
3740120804
2659035108
2656544756
2652365813
2652197349
2652312039
2658604007
3220505574
3182691238
3182704550
3180621238
3721686454
3746886854
3742884934
3726041095
3749109767
3615485965
3615487007
3614956591
3577175407
3577175919
3581300479
3721807567
1576354383
1576293199
1576297247
3707199785
3696620841
3696622889
4250401663
4250319711
4258765391
4258569935
3209995983
3210011214
3210596959
2673791535
3195958061
3221123885
3221045541
3220980005
3216799077
3214206053
3218400501
2673145047
3742847175
3742777543
3709206727
3694526663
3694536151
1551247351
1559584495
1559584511
1559559759
3724345165
3724320077
3757874525
3758073213
3732906461
3728602077
3728589527
3728622327
3749597926
3724431974
4244404070
4244401446
4242304038
4241779831
3705072725
3713457220
3747005508
3744973125
3744842069
3725713781
3755467621
4288144999
4287100518
3197491046
3197423975
3193225303
3189555406
2654990542
2654889199
4286471599
4286516719
4252831711
4286000847
3747030605
3721863693
1574773509
1576800535
1551634487
1547513895
1547575383
1547579719
1549670087
1558126275
1553825491
1553758962
1574240242
1565917170
1567981906
1601536322
1601536450
1601286611
1584636273
3730023521
3729898595
3725847667
2654207059
2658618711
2667005543
2663207526
2646434407
2629595749
2629583589
2633516021
2633523703
2625201381
2621011169
3694817745
3711590853
3711624647
3711694151
3715759415
3716149015
3716136727
3749559830
3730685462
3730699783
4200453703
4200415829
4267656165
3730641381
3741127077
3757310373
3755291061
3755304117
3746849959
3745833143
3746033863
3745968199
3747078159
3723878415
3715621919
3715554366
3576089902
3576089902
3581300606
3589752414
3723838030
1576031055
1559261983
3707069229
3698684717
3696580397
3696754485
3696688661
2623004229
2647973461
2682054229
2665342533
2665476685
2661270140
2663367268
2662716260
2545217892
2549403684
2515832868
2507453557
2505351511
2501239254
2501304534
2501267702
3558277366
3558211830
3574994134
3581291742
3589684558
1438014926
1470496718
1605697486
2113183199
4260664575
4252476671
4286488797
4282364253
4282368605
4281258541
4281233965
4251914799
4252775278
4252773742
4235471086
4258609390
4254489071
4288040399
4294363085
4260676429
4118070092
4113949556
4116177764
4124567397
4120241765
4137154279
4137145079
4141335510
4132717014
4130619902
4130608366
3593805039
3577101421
3564518733
3572897036
3568632076
3568578844
3568574781
3568575790
3568588070
3572784422
3423960870
3424012114
3424535106
1277129282
1281352514
1298129267
1600119265
1583212001
1584911825
1593278913
1593278913
1593168337
3746948597
3746882791
3742688487
3725616367
3725796831
3597797199
3623223903
3618964205
3585352429
3568579325
3568568319
3304342895
3430415727
3426155607
3442922567
3476549958
3459637575
1317003591
1333785431
1300165429
1551561525
1551553333
1551488820
1551431476
1551426868
1568236820
1329284357
1245398293
1248544055
1525356343
1537816422
1538815614
1505519230
1507620830
1499231198
1532981727
1528222159
1528218077
1532346877
1532293615
1530963439
1530963439
1526769151
1526968830
2068025822
2067896286
2051381246
2051391486
2127019502
4274502766
4274437246
4266054742
4267622423
4267687959
4133470261
4141805605
4143903077
4160673140
4152216949
4118601173
4114480597
1899910615
1899386327
1904162199
1904031142
1904033710
1904025518
1895643838
1895771806
1906261663
1906136719
1906111375
1939661213
1943859437
1935462637
1897910381
1899950397
1899951421
1903097117
1902995229
1357719325
1349334845
1349459767
1416502807
1425411591
1425409559
1425479187
3702874691
3702809155
3438604867
3480605553
3459762033
3458713425
1315423569
1583699317
1593140597
1525966181
1540646373
1507157367
1498571103
1494368591
1494467351
1494270759
1494279974
1497425710
1497687422
1531224438
1531441494
1531433302
1531441495
1531310455
1497854327
1506767205
1489466725
1556503637
3705031885
3721809101
3721874653
3480503741
3463737757
3740619661
1605845967
1337410558
1337402350
1173430638
1164992814
1160803614
1158898958
1158872335
1427631439
1414901599
1425383263
1425376735
1442677215
1466794063
1445965903
1445900375
1445900535
3593400550
3593397734
3597031398
3757523942
3753120743
3719570415
3723764735
3723768829
3707057149
3707187836
1559695964
1557398364
1549023053
1549100301
1549167885
1568079183
1568132447
1601554271
1609942879
1609942751
1542772479
1542842109
1540745085
1532355580
1532486116
1515647476
1515635156
1532346836
1532293605
1531240935
1531241958
1531438566
1531377014
1531434326
1531286902
2069149046
2069212502
2068692311
2135932247
2136915287
2136380487
2119615559
2115420246
2115289190
2115264614
1985241190
1992778854
1992711526
2010602998
2010599367
1943948679
1902069127
1902056839
1885156759
1885157287
1885157031
1885148839
1895634599
1891440311
1891399383
1908205253
4055689045
3555505469
3547108413
3509556252
3509507132
3513701692
3580818748
3580846364
3580715292
3580703036
3715043640
3699250712
3707127304
3702935064
3703037497
3700747867
3705464522
3713856202
3713843930
3709654010
3692950506
4229919723
4234049515
4242498937
4259148121
4259070297
4292694489
4292862297
4284478809
4284253563
4283796859
4267097979
4269254491
4269060571
4264874459
4281717211
4113977595
4099281067
3562418346
3562414506
3570804154
3570732474
3572764602
1425348506
1425089930
1441821146
1475375562
1475408330
1466167627
1197658443
1197651257
1164174637
1164043565
1147203645
1415639325
1415704861
1424150813
1425208124
1155725116
3311662972
3311656820
3345205205
3345205205
3346057045
3748712789
3757105527
3757171558
3488867110
3757298470
3748905750
3665249046
3665257238
3665257270
3673514807
3690819959
3657286135
3638416831
3638425535
3629973407
3624198047
3624198047
1476718559
1477830111
1494741343
2033697055
2037760287
2071425343
2079745343
1542939959
1542812983
1540633975
1540698359
1507143927
1507266710
1498878102
1599549598
1599541406
1598502334
1607953918
1591177182
1610088270
1609027406
1340131086
1306575646
1306579771
1558496057
1558704680
1483104808
1484153400
1484085052
1501353788
1501424956
1499331869
1499321693
1532610045
1528402397
1532597213
1532859357
1608495805
1608442815
1608509423
1607333359
3747476719
3747607807
3730199775
3732357327
3732865247
3481211391
3456046591
3439269743
3439277951
3434428223
3434435391
3434468159
3451249503
3455427407
3455357405
3478435309
3406095853
3406095847
3641636855
3641590351
1532625423
1532559887
1501112094
1497050414
1501228335
1501477151
1501530117
2044497156
2035596564
2034540820
2063901652
2047128276
4194742933
4194742919
4211495858
4010149282
4011593122
4017621158
4026014182
3870960070
3868928262
1725441806
1993876239
1985602335
1994371439
1989997039
4143759851
4143236491
4159457673
3590257067
3590224299
3590220682
3587644302
3587698094
3587499438
4153442494
4119892127
4124151965
4099121373
4094927197
4097027901
4096965157
3827481125
3844193063
3865181495
3860919423
3860971775
3866247358
3866248366
3866240190
1852976286
1868709086
1835211102
1826691962
1826688634
1822506618
1822500586
2090930923
2090865291
2090869385
1555050121
1557150393
1548762105
1481653005
1483831837
1491253805
2040704572
983799308
719369996
710980892
707834908
707894332
707893276
705738767
1778829374
1778792686
1795565742
1745230254
1745226414
1820723902
2089749150
1955339926
1888235188
1887710900
1350844036
1358186884
1361350020
321234324
321364436
321036572
857907516
1931654972
1633913645
1642367549
1642367517
3764754973
4033251853
4033256965
4029064725
2955338295
2955236899
2955347811
2959486306
2967878754
2963672402
2963672386
2963681090
2431067842
3496441538
3508885458
3529852338
3529851298
3538243762
3538899074
3538899138
3538506835
3555228707
3622332449
3588909073
3588909825
3588914688
3622520320
2548679184
2532889120
2532888864
2532897892
2530962516
2530965701
2530798551
2530863846
2522578542
2522564206
2522366766
2532851758
2528698478
2526602350
2547577982
2500349134
2617904326
2617904455
2623155780
3633983028
3636143668
3656918548
3749197324
1597507100
1597644140
1597647084
2134386860
2134395037
2105075855
1549314191
1544269445
1548396177
3704272625
3565860385
3566765601
4103638561
4122655264
4143622688
3068832257
3203049473
3203045392
3202931744
2653424672
2653424672
2670595120
2637040960
3157139136
4239002304
4239121091
3836320402
3836263074
2762516898
2766715046
2770898062
2772149390
2772361358
2755551375
3828229037
3765317284
3768979173
3768584951
3785370359
4053806791
4049612231
4146144327
3614594055
3589432326
3583175942
3585273606
3585400326
3556544054
3537405478
3529017190
3596191207
3596263607
4135232647
4135239045
4118465925
4034846629
4030582439
4029990566
4029989486
3760517678
3764708158
3772835118
2694882351
2694884396
2695085356
2717294092
2706820620
3003502159
2986725086
2986725102
2718715310
2732344558
2730246382
2729406654
3014553757
2980995212
2964219020
3026986396
3022802600
3023010472
2955836136
2687381208
2691065547
3789874122
3823419898
3816075626
2742392090
2742398474
2742332939
2738137627
2738731579
2738724409
2708066105
2708195129
2699711224
2699703032
2699703996
2691180220
2691182509
2959622125
2976386157
3010006077
3001617437
2997433373
2997575711
2997526607
2997592286
2997399982
3002631854
2986904254
2986982078
2988157630
2721754103
2737744885
2737761092
2737753604
2741957124
2742010420
2733425188
2733430308
2733434663
2725052278
2725240166
2741751278
2716846574
3765307870
3764795854
3760664014
1612784862
1612718190
1616977966
1621230654
1621244956
1621239820
1621125132
1621420812
1940167180
1991150084
1996396100
2130690756
1584988918
1585132262
3723113326
3697946862
3706266862
3706383610
3706428554
3718817930
4290292109
4288195212
3214457500
3210328684
3206123052
3208365612
3174696500
4248450580
4251588437
3840804338
3970176162
3974374562
3974376610
1825574050
1968180358
2134919302
1040247175
1040235141
907147925
1448214198
1456601062
1452654630
1455276070
3589128230
3572097031
3572146437
3567952653
3567956764
3299524377
3450526489
3484076889
3464055274
3459828202
3459828218
3728321610
3744116746
1953136666
1961529370
1957339150
1688903695
1694076956
1681433644
1681435692
1830525164
3994732716
3862580644
3862580900
3866955429
3871147711
3871149759
2797551262
2795318942
3065783990
2998675126
3002869399
4076680087
4076680069
4075566501
4067177637
3547073701
3496950943
3496355014
3496354886
1357374726
1352979206
1369764390
1403839014
1370288941
1374597417
1345237032
1344986152
1344981000
1345058824
808237064
808224792
825198664
858190024
908312968
908247704
657642168
1741861608
1870708328
1837165096
1837165067
2010245642
2001890890
2002195146
2010907114
4292346026
4288164010
4254737642
4256836859
1572416588
1575499788
1567112204
1496904973
1534832703
1534820398
3755574318
3671632926
3671697695
3663444285
3663370556
3662657804
3662603524
3662574340
3646820988
3630043885
3630041069
2552106991
3692497407
4233496719
3695667597
4106546060
1975839372
2005184156
1988473500
4085691069
4089876908
4082401324
4080304428
4079780364
4063015436
4079804940
1932460588
1903107879
1912277094
1352337574
1352272038
1352272054
1407060102
1123419270
49676678
41022082
56664675
291545635
274768162
811639842
807644178
807581698
824351746
572687363
573739059
571768865
570736741
587469037
537342189
537277805
541473391
612776494
882117150
1016347150
1016343054
530454030
513409614
513475150
513458894
1589215983
2126033640
2142810088
2113448424
1596492248
2134555084
2101001548
4246385996
4112160076
4112434524
4095657445
4158541287
4139650279
1992033510
1992040518
1988042822
1983840614
2000093734
1953956390
2096498230
2096433670
2096372230
1558457142
1568410646
1576715462
1555726470
2090500486
2089456023
4236885412
3968383396
3905726900
3909920964
3926304964
3926308292
3993158084
3993109478
3858956966
3858769574
3863293614
3851751086
3835431854
2963019934
2425890959
2425890957
2224565325
2222484493
2217250063
2238291719
2276370183
3333336855
3468541223
3468467491
3464283425
3408658737
3358458128
3358466832
3359515408
1216226064
1214190336
1212955905
1212951873
1208248647
1208483719
239523719
247646093
109219724
110202780
1183881656
1188084136
1443932328
1443931304
1446223945
1444974859
1428455706
1428529962
1575478063
1571709741
1571184933
3718672677
3650356257
3628350513
1477736465
1477769475
1549707521
1549708032
2113833216
2120125760
1981580528
1981587616
1980539028
1980674180
1980743830
1896153262
4026866862
4027001262
4031199918
4057926318
4072606430
4071163598
1923670735
1923654220
1927840300
3525874236
3542856452
3610158852
3576620340
3611229223
4147464230
4149561398
4124567574
4103532310
4237751862
3718169111
3751592453
3717777156
3713811744
3694931232
3694931297
3694949857
3695100401
3699294595
3707147139
3719731074
3619065666
3605303042
3592736051
2518969697
2518969696
2519150048
3068530656
3065382816
3065267108
3063215012
3066360308
4148482143
4148486158
4110804014
4111985774
4245878890
4281518282
4264708298
2115112138
2119173322
1850758378
1850957930
1852989466
1861378842
1687384635
1955690043
1955849753
1955853849
1884575448
1880364700
1880884892
1883047852
1904084388
1943934116
1407073413
1406020739
1372480706
1364119554
1348452626
1417503010
1424777506
1554866978
1571709714
1554937601
1559629377
1300106944
1293747920
1562134500
1599628772
1608052196
1587046508
517498956
517531653
106559495
1467667718
1467666710
1366999346
1348322086
1356698470
1368241123
3515713457
3548744577
3552938897
3544488353
3540310433
2471288295
2471313895
2479842246
3550372806
3583926935
3571331749
3562807269
3558607845
3558623713
3558328641
3562465600
3562449152
3562452224
4118184192
4117922560
4151476784
3866264096
3866273329
3862015491
3861949202
3861964834
3794827298
3795059746
3795189794
3793616962
3806208210
1654461874
1620954546
1621019010
3768490947
3767974850
3767909186
3763650354
3758400802
3775194402
3792170274
3792588066
3822012706
3818478821
3787150500
3787133060
3785887876
3778556036
3778556084
3778688420
3778690724
3791264421
3852147349
4120722053
4124847813
4124845637
3579781649
3581678369
3564904737
3573358643
3569233971
3573415958
3573437638
1442770118
1442810310
1442683894
2008660855
1991818101
1996013333
1983422740
1983422740
1983434804
1966739493
1949962273
1950228771
876485922
884936482
884936498
884868802
398346114
380486019
380404099
376275073
372151441
372167857
388986289
355428261
342714084
363685476
363602468
364651021
398222093
402415919
358375470
1411187742
1411275790
1415466270
1425984862
1425919358
1438176726
1203303894
1186509255
1186697413
1190838517
1316679909
1312481764
1312474997
1312546613
1312521779
1585151539
1585018835
527966706
527966646
494416279
476775319
476971671
216925845
78059189
77862565
78917285
76835749
349470180
290483428
286479444
320229380
320212996
303437060
322309380
322833157
326961717
293542453
301809189
832320044
832361260
294421289
298619177
315402027
38578730
1112390202
1120516411
1116453115
1116457193
1183517865
1183519932
3448386732
3432916877
3433967238
3433959046
3438544614
3423868518
3424413478
3424429326
3424562446
3428755726
3428690190
3435968814
3448543598
3465317754
3465381195
3335488841
3327099373
3327050220
3327026092
3328058300
3344565132
3290039692
3290090892
3292187020
1417316748
1417260428
1417192924
1416144093
1411953679
1429111839
3610156095
3592866871
3592832295
3597021989
3602260516
3619500580
3619435068
3619435068
3606585892
3598202661
3328719925
3459790935
1312389318
1327028422
1293864134
1549174214
1549185478
1567789382
1576108342
1609601318
1607508006
1607770147
2132059185
2098521153
2098615680
1963351476
1963330468
2009468832
1925594753
851579521
315818949
315622261
1406144804
1374707772
1355834428
1347546172
1355933740
1356172604
1352634124
1352570376
1371444744
1375700553
1375373051
1467717610
2004397483
2002304235
4145601739
2098783307
2082202717
2082136365
2082104109
2086339381
2093564471
2106155814
2124014438
2124080610
2128280962
2119798146
2115538067
2115546259
2114692245
2114634901
2135606677
4259239319
4259244023
4292765287
3220983591
2675724071
2658955031
2659020599
2667409207
2646175511
2645190407
2628399943
2628453351
2628256677
2624062373
2619867823
2621047482
2637832074
2637773130
3715917882
3715950650
3699157002
3707020298
3700727818
3700470025
3703669000
3691086120
4244734248
4278357288
4144147228
4131842844
4282841949
4291808669
4249682316
4232577164
4233625757
4229431721
4235863979
4244252330
4261031614
1606094478
1589120974
1593314638
1542987034
1543253306
1542219050
1509810986
2080281386
2063503674
2057146650
1788654875
1788656680
1791797288
1779214380
1779275868
1847497948
1864257964
1865810604
1849033389
1852965549
1855062701
1870728879
3984591742
4239665422
4243335438
3698273038
3706355214
3702146846
3718844734
2678595887
2411213116
2344302060
2344173036
2407009644
2402864444
2322251060
3672810788
3668616500
3669667637
3665342246
1578666278
1595443398
2081057926
873081990
874128518
607786150
611977134
616040110
613957310
629681870
898131470
848093710
843944462
843482654
1925613098
1926146794
1652988906
3817315259
3771173769
4032203657
4028010125
4030117452
3761283684
3761300192
3761300449
3778175392
3782345120
3784445344
3784444800
4057082497
4031916611
4028766722
3492022802
3505135394
3517719586
3551268898
3534622786
3266187458
3266187394
3266199683
1122878625
1139342496
1130932400
1126869184
1126873153
1378519297
1378455313
1915524645
1999413797
2003608364
1978046252
2112200476
2095365892
2088041220
2100428308
2131911477
2115166501
2115166245
2126626853
2143338589
2109795405
2084759759
2080569551
2080557983
1950796462
4123870895
4154196671
3619426959
3585880719
3590268589
2498439917
2498309101
2498571229
3568250767
3569115535
3585405103
3589570734
3579089070
3578045630
3578113222
3573983239
3508447237
3508455425
2436827408
2435589408
2473075488
2477265440
2478637601
2478785139
2476655298
2542699142
2542701446
4157442454
4282956214
4278761710
4263033070
4263045371
3994575049
4013695177
3980263912
3963499496
3969798824
3969671852
3968099996
3968134796
4257541005
4249151885
4249279663
4257676527
4258711038
4260840798
4252489550
4252366350
4252366367
4250199615
4258592557
4292113709
4292178237
4283920405
4284379165
4284370957
2136872201
1987976473
1996372281
1996163369
1920534905
842601721
842543305
842543243
288227466
271463834
284043946
280902314
278674090
278145690
277096074
293606283
332583369
301060457
283156777
274768745
274904905
274901965
274835885
342927791
357611950
398497214
398692830
399675726
401768734
400655662
400600102
1474603047
1457895477
1592178692
1584332036
1596882692
3710535268
3694806772
3699013316
3707389440
3573039664
3568853540
3568853604
3585630957
3585962922
3518977450
2445106346
2440612010
2436401386
2435549274
3509238794
4079657994
4083916810
4138447115
4138381353
4142575657
4286230585
4248486925
4229657949
4229528941
4162420587
3898564331
3906983657
3902789321
3919042505
3956666829
3947683933
3943490813
3943490797
4178408943
4216223471
4207816367
4203691711
4274854559
4266409871
4262215055
2655859167
2661167607
2543735143
2495500663
3501146583
3505145285
3223586241
3224706449
3275171237
3260491173
3537185957
3537181845
1389694173
1381305821
1114987805
1097725709
1080948495
1080423182
1147531550
1147524414
1148569398
3296103990
3294019126
3319262774
3464816247
3464816373
1317397396
1188024724
1197457812
1144915092
1077808260
1345718404
1345722805
276117861
283388709
333721349
853812485
308568325
308666677
304538405
326558497
290779683
273466083
273449635
281855667
13500338
30267794
332323283
315529219
315533313
316582913
1381805072
324836852
1365216916
1427823237
1427787398
1428033158
1562117798
1561602022
1977360486
2107121710
2107187310
2109219022
2109235405
1035529420
427342252
422087676
422181708
422128396
405613068
472787717
477505830
485886310
479210994
478178434
209779842
264287362
247705730
1187164354
1187418371
1186370833
1119151588
1134885860
1403505572
1388235708
1392413596
1449037228
1444193453
1446281259
1378123786
1378123786
1378329626
1445375018
1445390890
1462647326
1433275918
1558976206
1553736350
1285431999
1285423836
3300721372
3300673132
3304647468
3313019692
3241716540
3246173149
3242044303
3242104718
1094615950
1400275342
1408663727
1387565231
1991303343
1995498735
4147563551
4112959503
1966069775
1949101071
1948837130
1953166859
1823142425
1840169513
1806235179
2058940027
2061037386
2115534170
2115572842
2098139390
2081296863
2081821628
2094412716
2090013612
1417675676
3565174729
1434479371
1187150606
1112693518
1121078042
1119115050
3267130154
3267117370
3283632411
3237560793
3224895913
3222800297
1075322793
1074408333
1078864783
1150163343
1150688653
1152799941
3303436293
3307663365
3307713797
3475481873
3475481907
3471156514
2393154850
2394268450
2327229234
2325648162
2325529382
2388150054
2383941422
2400717598
2350517018
2356817194
2365203818
3451396569
3321368968
3321364616
3296219272
1142527384
1142656424
1141475768
1141480332
1141549964
1159379916
1446943245
1449571855
3596919358
3596919334
3592856358
2519114022
2653343778
2670608418
2642284578
2633892130
2629438739
2629507667
2495101601
2499291809
2486713009
2539390865
2531147953
2526437537
2526339249
2546262419
2534458322
3306275398
3291663878
3694291206
1546790918
1559631934
1559562303
1492391997
1509899292
1543491852
2080146200
2080150328
2077532712
2043978284
2026152492
2013569580
2013573736
2013583096
2080770697
2080783289
2101754283
4286974122
4270721178
4271705226
3734503818
3738698186
3461873930
3461885994
3453493290
3432521774
1285230598
1285234951
1285120276
1289315092
1280952084
1276873172
1277073844
1444850052
1444326276
1446156932
1446217348
1378910852
1378914964
1376871087
1896882926
1886397294
1893737510
4037022758
3517383718
3551399950
3555602446
3287163918
3279781134
3277380394
3252194090
3516435241
2444933384
2478483720
2528880200
2528674488
2524480168
2520351404
2518401708
2520384156
3594195117
3594002671
3564773614
3568968782
3568970830
3568970954
1419274458
1423501754
1364786058
1377340298
1381666697
1381729672
1381536936
1930994856
1899736312
1881849033
1881845067
1881843706
1886122878
1886384414
1894302014
1911078958
1974239271
2007801893
4155482133
4117667844
4114523908
3978206748
3978205725
3844000265
3877522121
3879537291
3812362906
3811061418
3815253930
1676153001
1655177384
1671954600
2007511160
1973968904
1911284744
1902815241
1898621193
858491659
590055962
595297802
593199883
1632272649
1883955209
1946837048
1947869224
1879647352
1879588328
1879575208
1888029353
1905134250
1921400458
4069847690
3532948362
3539243242
3524567274
3524632939
4061046553
4065312312
4073699880
4065245741
2988092955
2988106250
2990195466
3006906714
4051222762
4040708266
4103615657
4102569368
4106819980
4099553692
4097452252
4096399556
1949113540
1952720020
1977753748
2011308948
917648020
915477125
918561430
910189478
906027174
1980806382
1982897387
1982896201
1986046216
1994435352
1990310696
2124652348
2124448013
4288921614
4259463206
4230111270
4230378534
4230401334
4234596034
1827049094
1842843271
1841606293
1866772453
1845800044
1863625756
1863642140
1865903160
1865563177
657857577
1735790441
1874724591
1874724558
1874667214
1872504398
1838949978
1822174554
2093493578
2089448714
2089480970
2106278490
1602749051
1585971801
1524115224
1532504360
1501169960
1484396840
1484396809
1215969547
1222147403
1217970635
1217954235
1217954217
1306108328
1314824620
1310695868
1578082484
1578024116
1443817636
1443362980
1426487717
1427537589
1415468751
1417544206
1441726990
1424228910
1420063022
1420087343
1420087341
1420271628
1417126920
1410841864
1426561800
1460583240
1443805641
1448000651
1457438858
1476083850
1442316442
1425539322
1425867243
3304994665
3304992361
3304991321
3338607305
1181228745
1181246089
1189651355
3332940218
3350770106
3317207146
3573067050
3492325675
3492711193
3509496589
3542526732
3529950988
3538305804
3538305340
4143890733
4084199725
4085043503
4082938670
4082938586
3813445514
1934133642
1913231546
1913354426
1930127546
1896425614
1879730070
1962566518
1957315334
4104651010
3568066579
3572245555
3563993105
3744340739
3727034883
3664120323
3668260402
1521754658
1522278950
1520177455
1520197673
3670582313
3674777640
3641215176
1494845576
1496942984
2032897928
2033886856
2035982985
2072699545
2072699561
4224623529
4216238508
4282811564
4283335869
4148987017
2001511561
1699015817
1632041131
1661892778
1662671018
1664765034
1642742826
1642742794
1626099722
1693246478
1684595726
1814750262
2083185958
2088494630
4174956054
4174038726
4165619334
3642306182
3675795094
3662163622
3666420902
3666358439
3666608301
3666351277
3667401916
3390589149
3390666839
3390732342
3407493122
3376030722
3359121410
3430494514
3438965362
3434771154
3434791554
3300622977
3317204608
3337129616
3324546720
3592980132
3592984556
3525879340
3543705128
3493518856
3492695560
3492743705
3492555499
3492555178
3521973418
3535667370
3535667370
3601469578
3333107850
3338166346
1182329898
1199089962
3320425278
3320556303
1307291405
1298769676
1278996996
1278919236
1276793584
1281323744
1281192672
1289053856
1289189280
1280407456
1329659312
1577319808
1174601088
1175641216
1175702912
1175518692
1177611556
1180725036
3328334620
3336719132
3332754236
2258959660
2242684204
2226036997
2226032901
2226028823
2225897766
2229834210
2355660706
2624097954
2624163490
2485886642
2502860419
2536499841
2536467136
2535882064
2468744229
2472942631
2472819746
2440309778
3497471170
3497405586
3495300274
1347161234
1355551875
1137443201
1116078464
1116107136
1121382848
1115145024
1109688864
1113891364
1089249832
1353643528
1354681864
1358711336
1358449515
1887201514
1937631466
1668196602
1668255818
1630306314
1613004810
1614131210
1614193448
1614209576
1612644904
1881081384
1881087544
1356675640
1351887227
1418991802
1421084826
1421084810
3300227210
3300322442
3451298954
3471221130
3462836634
3458699578
3458519358
3458507054
2388959534
2393678383
2276369196
2276375844
2276231492
2397604228
2386274692
2520427396
2524622724
2524622757
3598378406
3598237862
3594010790
3594260662
1462505606
1412309127
1411786117
342243044
350619381
346305238
346301142
280240838
15737422
7476046
7490830
15812890
10545451
27322667
27441483
61247306
65373007
56918367
56918381
19705965
1093574701
1097785645
1097791263
1106135559
1173244422
1148013078
1147435554
1147431458
1147989810
1308393490
1321173010
1321107457
1325301760
1311211520
1311211728
1327927440
1278670768
1276587680
201600673
1287923363
1284449954
1284449938
1301024658
1201146018
1205348514
1196959890
1180363906
1186632070
1186628486
1184662423
1184662501
1123857197
1383899436
1395172652
1395174712
1361832200
1361721609
1077545738
3222932302
3222932446
3227138046
1086861782
1082654998
1082917174
1083777334
1083908380
1102799116
1122565916
1109953340
1126795580
1076598868
1076746316
1076688078
1076686926
7110750
1085182814
1101968926
1135525398
3266227798
3266099655
3270294677
3257700533
3261890725
3263140260
3533681316
3532628644
3532432036
3537691372
3543974508
3542906412
1345202492
1344678164
1345726485
1412835350
1417033746
1423400210
1419103490
1552718082
1569500418
1452182850
1453229249
1186894016
1392414864
1384116384
1379345568
1393962144
1343631264
1343625889
1347882659
1351956130
1367614098
327426690
327422642
277660578
273449122
268997794
269008327
268995911
269203781
324970821
316582151
310291463
310294599
840936807
844934503
576695599
1650361375
1650360335
1713344527
1715400718
1732141118
1681854574
1681466858
1681538730
1694108330
1688930986
3836283563
3971485323
4122502793
4122502088
3581669736
1417638252
1413429093
1413364583
1413364694
1413364690
1413430674
1367216530
1388204418
1387184578
1387168193
1387037040
3538724128
3526141728
4063011364
1933414948
1897841196
1881014792
1411002891
1350443530
1350442282
1357711403
1403783211
1407977513
1139349513
1131097099
1097351178
1080738314
1084944970
3232395982
