1358699583
1356598303
1372392455
1397687637
1380926965
1376768949
1376227989
1376227989
1912705957
1916834727
1925231015
1656858007
1648534670
1644342495
3791894655
3791886383
3875715117
3842156845
3826690349
3830894396
3763783196
3759489821
3759952765
3760005999
3760010215
3780969447
3813475070
3812967006
3787739658
3787775499
3771002379
3770739227
3762350619
3762347547
3779124747
3842004490
3825473114
3829663738
2755925482
2890218986
2907651242
2945399994
2928620698
2928374938
2928406667
3196772489
3196690568
3213404040
2673395384
2637887145
2620094447
2620085742
2624262374
2632585446
3169472758
2632609863
2632545351
2674514949
2590661645
2586474765
2586455311
2586520846
2590518574
2682797358
2682787626
2645104426
2645120826
2510870298
2510942987
2515054921
2515054968
2540228968
2267600360
3342554604
3342497260
3340375972
3305834464
3293120225
3301655249
3297432512
3431654336
3436897089
3447383877
3476749639
3476748743
3460004310
3464067566
3480762606
2415406442
2415408426
2377732410
2376684346
2376725306
2645078827
2649274153
2649273976
2640875224
3160968924
3162093308
3158030060
3157890028
3038478820
3038433508
3038392437
3074044021
4147786805
4151979301
4092214572
3819576124
1940593420
1941519116
1943550220
1935179033
1934122491
1934149050
1934147994
843628986
306958782
1380643246
1380574630
1380742566
1455709602
1187405202
1187409346
1188457730
1190554882
1323656466
1323623730
1319494962
1336865042
1286525186
1290764545
3429597200
3430514736
3430650932
3426466132
3694901588
3692800980
3709840116
3743276789
3730622199
3730621438
3730592750
3757928942
3715986286
2640271230
2564478494
2564552254
2564351790
2560156991
2560163199
2560155133
2581133293
2606295020
2589684716
2589606396
2589671676
2589474925
2589467695
3663408191
3680185359
3625528327
3629788177
1490697233
1486509056
1553614080
1557710608
1545110240
1411101424
1446687104
1446678657
1445625986
1445822610
1445843090
1445918130
1458501606
1471147622
1975316015
1958538799
4126977597
4152143677
4133463901
4133466444
4133458253
4267692125
4284469309
4280242221
4248794157
4232013103
4231997230
4236116574
4244505166
2094876366
2094819022
2111631358
4158451183
4141743597
1994194333
1994192268
1985794204
1987952796
2000568476
1967010236
1950228909
1949705133
1952846463
4108797471
4104408606
4238667327
4242860591
4242860861
4293310749
4209430285
2059388172
2061320460
2052923901
2048598247
2048475302
1798946982
1769705894
1773837734
1771604935
1754835527
1750641153
1763355136
1799011840
1866121728
1848590641
1848377377
774112291
778308643
786892850
803608594
750139458
615918146
548810306
548880066
548806343
548146887
816585430
279763942
23967998
23984255
1131247743
1139619967
3281926494
3280878958
3280940910
2206994030
2173459070
2173491822
2173483886
2173548902
2177743206
2177743222
2169485654
2170534103
2172631239
2171582669
2473441436
2473441468
3010443452
3006183596
2737748140
3811555516
3812276460
3778722028
3778735276
1664755885
1664756159
1669020063
595270559
593042399
567884543
563685949
565918268
565910044
566050316
565980684
564932108
569126412
560728845
627964279
627964279
627964279
627964279
627964279
627964279
627964279
627964279
627964279
627964279
627964279
627964279
627964279
627964279
627964279
627964279
627964279
627964279
627964279
627964279
627964279
627964279
627964279
627964279
627964279
627964279
627964279
627964279
627964279
627964279
627964279
627964279
627964279
627964279
627964279
627964279
627964279
627964279
627964279
627964279
627964279
627964279
627964279
627964279
627964279
627964279
627964279
627964279
627964279
627964279
627964279
627964279
627964279
627964279
627964279
627964279
627964279
627964279
627964279
627964279
627964279
627964279
627964279
627964279
627964279
627964279
627964279
627964279
627964279
627964279
627964279
627964279
627964279
627964279
627964279
627964279
627964279
627964279
627964279
627964279
627964279
627964279
627964279
627964279
627964279
627964279
627964279
627964279
627964279
627964279
627964279
627964279
627964279
627964279
627964279
627964279
627964279
627964279
627964279
627964279
627964279
627964279
627964279
627964279
627964279
627964279
627964279
627964279
627964279
627964279
627964279
627964279
627964279
627964279
627964279
627964279
627964279
627964279
627964279
627964279
627964279
627964279
627964279
627964279
627964279
627964279
627964279
627964279
359528823
91094390
91092342
91091326
74314110
1148055934
1148055930
1152250234
1152250234
1152251258
3299735930
3299866986
3299801450
2150562122
2167339338
2184115530
2188308810
2196762954
2192568650
2192437610
2209133931
2213328235
2204939753
2205135305
2280567177
2281615752
2214572456
2205990312
2205989292
2200811948
2184182172
2185115084
2184589644
2199269693
2211848491
2174116139
2174543146
2442959146
2447149355
2434566507
2468187097
2467995529
2450170761
2450236297
2450297753
2450310057
2450282479
2470846311
2475044642
2509122850
2509120818
2510038290
2512151602
2243720242
2381238274
2406138178
2401944002
2368390081
2238317456
2222532528
3296472992
3292282848
3292285408
3291924800
1412880640
1278650624
1282910209
1332849667
1316066306
1310752835
1311097027
1311195283
1312690339
1323184801
1318987425
1151221472
1151155904
1155280448
1146889776
1142695696
1142822208
1149130177
1148624321
1131911553
1122273409
1117817987
1117881490
3266416882
3264323682
3255869474
2182111522
2182227762
2165449218
2163343923
2159215137
2159280677
2159289132
2159291688
2159302712
2154088505
2150418537
2167179387
2201917643
2183045579
3524174283
3524244427
3536618473
2211218413
2207028709
2475146337
2479270961
2210851889
2177295395
2177295715
2240739042
2245940898
2516471426
2506903170
2636958338
2640697762
2675046819
2674944421
3746593156
3742378372
3741395332
1594961300
1595092436
1595024593
1597121587
3748869154
3719427378
3719409922
4239504130
4239439366
3165697591
3163602471
2895157805
2898299436
2902559276
2902690348
2903674412
2937243181
2937209385
2937197353
2805141803
2775843179
2712928427
2711880891
2695171515
3769441723
3773569931
4029430671
4029430159
1882077327
1344679079
815936695
815928451
279061698
295837890
61071618
44147474
48341266
48341266
115585298
115454258
107000099
389062947
319858465
1360068389
1359073061
1346555687
1355205890
3503707394
3228968194
3296072962
3296151318
3304408614
3350591206
3334334182
3333256838
3333179014
3467397044
3471592868
3471588580
3463199844
3459003428
3458670596
3458343107
1177690242
1160913282
1154634114
1149485442
1149272499
1149281696
1149283748
1413523812
1410374436
1428457764
1428465972
1428334597
1428337666
1412612098
3560161634
3562193890
3587368546
4124241458
3050564098
3083905538
3079712306
3079780129
3079770912
2811265844
2807076628
2786103092
2786364196
2786496292
2786493988
2803298860
2803262012
2704679449
2687840827
2687762731
2690910251
3764652155
3773106266
3768989914
3785812170
1671888074
1655017678
1676972238
1628737742
1611124839
1611067751
1611031331
1612063251
1681269571
1948594498
1953240550
1978407334
2007828902
4138666934
3601734278
3601611398
3333174918
2259448518
2259448703
2260607279
2260607271
2260672807
2260541733
2260496677
2260496421
2260260133
2264450349
2254999039
2255130623
2251988959
2252052383
2268837775
2216343439
2216342935
2484780503
2417737175
2417753431
2417753463
2417962343
2417962274
2422093091
2430469491
2430469459
2430410193
2421960177
2437689329
2471321553
2194591425
2190396995
2190343747
2190239523
2194433315
2194437155
2194560039
2195610663
2195606835
2203864403
2199674179
2165273923
2148458947
2152653267
2161030611
2161024977
2161023937
2168884160
2168953536
2168847088
2202332768
2202297957
2470716007
2437763942
2446247398
2430590182
2430401766
2421995670
2421725319
2434373765
2467232901
2450449857
2450404289
3524145747
3529454115
3537118754
3549701667
3549904673
3549845760
3554138368
3272973376
3271922752
3238506560
1074180176
1342607601
1342358993
1346559441
1363311025
1372748721
1406352307
3535879139
3535813602
3552587746
3510642546
3510703474
3225620850
3225563378
3234013378
3229688194
3313512851
3313517473
3313549985
3300967072
3288389348
3288383028
2214636036
2214701829
2220075783
2362616598
2375200006
2391971078
2257748230
2259911446
2264236838
2255848806
2255848934
2255918307
2264388849
2253683953
2249473217
3323215169
3256761713
3256756193
3528337075
1406079619
1099633539
1104884099
3235853699
3227456899
3229554066
3226801554
3235140978
3231512418
3231490914
3230966631
3230966628
3231033316
3235219428
3222638372
3222703892
3222707968
3224809216
3509759744
3543330065
3543323939
3547776291
3539387667
3535717635
3534740803
3538767187
1392331875
1383928931
1916743763
1914642515
1930174563
1934369255
869012455
869009383
869027829
1942806469
1942874565
1901046215
1364044614
1364171590
3511586374
3545161286
3553449590
3536607078
2458662182
2458792994
2207132707
2207214643
2211240019
2202847697
2169282001
2169353681
2437919121
2496574387
2228130483
2219220611
2231818883
2501728962
2669624050
2669554658
2669554146
2675518962
2683905218
2684040386
3723121730
3718923330
3652832594
2579033441
2576919905
2576919904
2566430176
2558041328
2574824592
4248413600
4282039712
4280221088
4267637680
4262869936
4145298416
3608162128
3574671120
2484220720
2496803364
2425422373
2425360919
2424339991
2424363799
2172700951
2172963095
2202503191
2466691095
2450961431
2450960759
2992021879
2990907767
3007615351
2969863527
2433009015
2416272711
3490129157
3490124081
3490059041
3502646049
3498451489
3498522225
2156732099
2156747459
2161101763
2215612354
3306655170
3342308802
3325530434
3329724483
3336041521
3327599649
3323798560
3323797536
2403144032
2373866097
2378094273
2361056963
2361106114
2310840050
2340200162
2654769890
2654507858
2654703943
3726348615
3726418021
3743278180
3693046884
4229847396
4229828052
4095629252
4097659844
4110205396
4122247644
3851911519
3852375262
3856116958
3843337726
3876896190
4013397438
4013348766
4013422494
3995172542
3999497902
3999481838
4007728430
2933929278
2933927966
3198165046
3215204646
3182764834
2645959202
2646479410
2679703042
2679637506
2667073345
2398703041
2389401040
2389334464
2338986112
2338986112
2305374352
2305309088
2313764768
2309701280
2309961376
2309240480
2310340241
2314256273
2305862065
2356193697
2349971873
2366871985
3440548241
3742546833
3742609361
3741427521
3741427457
4261536561
4262719793
3725844769
3725753633
3728873777
3594717953
3594521345
3619752769
3582080817
2491572501
2491605333
2492502373
2492510701
3029381549
3033570463
4026632347
4026632378
3775109290
3808663802
3791838490
3791845178
1645438762
3809551146
3782308666
3791089979
3788993851
3768016187
3766831934
3767324446
3784099614
2710426398
2710561118
2706366846
2702172654
2702108142
2974805486
3083684334
3083602398
3083602382
3075415246
2538217678
2514100727
3571130853
3568837540
3568837300
3304596100
3296278148
3296665284
1144929988
1144422212
1144192261
1164162309
1164023047
1172411671
1173394743
1173398886
1207281638
1190639590
1180665302
1449099462
1444773910
1444732982
3592282151
3594477605
3598590757
3623759396
3555592724
3287157252
3254585924
3254521588
2176636908
2427756972
2425663932
2424607164
2424607140
2428801447
2420421030
2416353702
2954274790
2956375798
3040269878
3039196726
3072747062
3085264437
3081008669
3013891869
3018086157
3009928541
3009928285
2993015935
2993015935
4066729183
4066845855
4067827854
4068421790
4065792166
4074058150
4140048814
4139783150
4156621630
3619774222
3615516934
3615516934
3619711238
3745569074
3741502770
3741761986
3708220354
3713459139
1557582787
1576158147
1576093171
1599106529
1599106273
1581280481
1581280673
2134926753
2109863841
2026026625
4173502081
4173438595
4164984531
4232096354
4232096354
4248878694
4283629415
3125966199
3125949767
2589072455
2589137973
2681289765
2643541029
2626769957
2628907285
2628821764
2494608148
3029373820
3029369325
3041954989
3037825215
2702346495
2702346494
2735900986
2735926074
2719182618
3792779034
2723230490
2732011834
2727817518
2727809327
2728198511
2727085533
2743881157
2743918469
2710568853
2697901989
2697897895
2697963447
2688866198
2684671942
2684385238
2969581366
4077008166
4043448615
4031914279
4036043061
4103086101
3565429829
3498380741
3230075333
3230534021
3226339719
3273023367
3260470722
3337998658
3333734659
3333746963
3350585633
2246435105
2238031712
2239203172
2239203060
2270660229
2278917767
2281039494
2239096502
2234902182
2218054566
2217787622
2217787510
2222051335
2242114567
2275585031
2527242551
2531502951
2522976103
3056699351
3188818373
3193012677
2924585069
2937102381
2886836269
2886906925
3960636799
3960653295
3977504750
3977340334
4015084975
3989919165
3973127389
3973127421
3975232893
3975357725
3840095503
3856865055
3856867102
4154932758
4087823894
4071570998
1387206167
1387075333
3538687748
3531347716
3256645428
3256676132
3255627573
3276576259
3247342082
3247342082
3247325702
3247247910
3247191590
3230412143
3230410857
3234805992
1077676236
1077692612
1077730496
1963456
1028544
1028433
273592419
298759235
315550787
308176963
303962179
303958482
302779362
306986979
315373157
327955045
294392439
9320019
9334610
13429554
1103940402
1104124754
1133427522
1116650050
1116659266
1116624451
1116509795
1116518243
1133290849
3515657317
3512580196
4078803060
1930201153
1930206401
856470721
588099777
588239041
554569859
537804195
537803681
547240609
564009603
564083331
596392899
595865575
595867111
595857903
595931871
595997389
562438813
834955173
826327972
268468644
272794528
281187249
8627155
1082174994
1086368274
1346406930
3561134594
3292703234
2274535938
2257759746
2259845634
2192737042
2191803170
2187592035
2187597155
2188647521
2197239904
2197039136
3262392320
3256097856
1108739136
1108234432
1108242816
47077248
30285697
925569
2038401
1077353393
1077099425
1087455137
1082146785
1082144099
1082188647
1082172279
1083220851
1083220963
1083278819
3503394146
3558050082
3560081666
3576867074
4147292418
4147293442
4063409458
1916174626
3807822114
3804120513
3804130752
3804184016
3808169440
3799797216
3795604832
3795838325
3814647637
3822892823
3821836086
3788283191
3821837605
3813645589
3809385733
3809406037
2735697255
2735684967
2735607654
2748190582
2743998070
3012376102
3013092134
3012048182
2441688343
2441616391
2441631811
2479413443
2471008451
2437528723
2504766867
2496311699
2496565683
2488178579
2215567234
2367568834
3474930514
3474926434
3460246370
3741134690
3736676178
3485018050
3451524546
3451536834
3451637185
3449326064
3482888672
3487084000
3411590624
3677926896
3678053568
3643449472
3643708545
3632170369
3640053168
3629218208
3624937888
3641715169
3641716197
3625074549
2622633767
2626884135
2626687543
2492490263
2491475461
2239807237
2239797508
2177075476
2165540900
2467530789
2467531877
2467476599
2986782934
2986840542
2449768958
2449785334
2470793590
2420519222
2420519207
2487689511
2497520421
2225022757
2361269812
2361200132
2361137668
3430735428
3426651973
3426652101
3475932869
1315934917
1319604935
1319474135
1315238119
3475255399
3475255399
3475452005
3441827893
3320194308
3317052933
3317587525
3351051975
3334258358
3338444454
2189199022
2196603550
2196722318
2196058782
2187343790
2183198126
2183181487
2457055275
2461179917
2996936717
2996871181
2996871213
2732623149
2703330669
2686881263
2686881199
2686619567
2686646189
2686641581
2686542333
2686542301
2690855389
2690847225
2699104601
2699113817
3768790297
3768723737
3785570569
3819125001
3806411019
3806411531
4070645531
4070643482
4070585114
3534762778
3264484106
3268150026
3259761434
3272099450
3276297850
2206752606
2206760798
2173271895
2173402996
2173397328
2173266240
2178505040
2179553648
2179553632
2154518880
2154461504
3229251904
3229515073
3244194146
1096571234
1092377954
1092377954
1091532098
1074688322
1074590018
1074327874
1074327890
1082782034
1082881346
1082883394
1082883398
3247078726
3280661830
3284919630
3276404046
3276394847
3251237215
3251238235
3234397563
3293108585
3309951352
1180424520
1180367176
1180331336
1190819144
108745048
104354152
102252904
104362344
104391016
104391020
925420908
627964279
627964279
627964279
627964279
627964279
627964279
627964279
627964279
627964279
627964279
627964279
627964279
627964279
627964279
627964279
627964279
627964279
627964279
627964279
627964279
627964279
627964279
627964279
627947895
627948919
627949047
762166773
778943989
778943989
778942709
644724983
640530615
774748279
1848490231
1848491253
1781445781
3912168615
3895354789
2834237157
2829654765
2829671165
2829671021
2829642349
2846403372
2885199916
2885199949
2874909773
2874843471
2870649727
2837168750
3980018282
3963224826
3962443754
3962374570
3966503098
3974895770
1841248410
1874753674
1857977546
1857929226
1790496778
1794760747
1786273899
1798856939
1765499309
3900329900
3904785068
3970910892
3971795644
3975735948
3963153036
3963334276
1832576660
1832510160
1832411857
1832411425
1815695397
1818902567
1827556407
1843791878
1843816454
1877367046
803653654
778356958
778364046
779931790
777830586
785359275
781099496
781100332
651988284
639425596
572318780
572514428
572420332
555614636
545128876
545194941
552408761
552417977
547961593
547961593
547912283
547908107
632057610
661481226
657864026
792135018
756352362
761073006
769613294
752873438
765437646
798994127
714915549
714910076
719104045
706586687
1847045150
1847065630
1849062462
1865823342
1819676654
1822822062
1823410862
1823296191
1688492716
1705306540
1730472140
639953996
641133580
590769164
557016124
540243244
544364332
553010732
548914748
546621980
546630237
566553039
600623246
592234638
575065278
587658430
587358623
554886039
628220597
668002021
668003189
650177333
650176788
650377492
651353365
653706519
645330231
644797750
657376562
623887634
741334290
1815072082
1819266995
1819265971
1819245459
1820294033
3976166289
3971840944
3971574688
3971578532
3971512996
3992465060
4260900516
4286080661
4277756823
4277756326
4143477990
4135373926
4131244086
4129732614
1999026182
1697032454
1684449542
1684446470
1684966662
1693418799
1693228332
1710009644
1718414380
3861703692
3861769244
3861837036
3879651244
3846063772
1820264076
1845300892
1878858493
1856834159
1856778030
1856777518
1856775262
1869374670
1831167182
1814492622
741787086
745965006
752125310
743746603
760522811
790407195
790542395
658429994
658427178
595217722
561972507
561972539
544933179
544932157
544809277
553198460
553333497
547051161
562678425
596167321
600611739
574921115
570529947
637713611
641905739
642953241
785621033
777053231
777055279
772992054
773215350
789988774
624887222
611125174
611124918
551880374
547428023
547438263
548503191
548433543
550562437
550562701
567389148
567450108
592677180
594922780
573883660
572842268
572907820
577167404
577130541
578764847
1666979130
1633433978
543034106
551422714
614140570
613948042
1687693018
1687691995
1708860025
1708745273
1700323961
1967711995
1967713279
1967950047
1976355022
936233102
919271566
785312975
786096397
779800861
712626476
710467884
706273324
706274356
723162133
723172357
723188757
723056949
723052837
706341159
710605159
727374199
727435607
693753943
693893207
693860599
693848502
727386550
693837238
693835198
1751058110
1761280702
1756037786
2024478362
4171972314
4171840091
3099073081
2562222632
2566449720
2558044696
2558115400
2581181128
2576917128
2564338412
2564403941
3094971363
3157888482
3156838642
3156846802
3158026450
2939860178
4131033219
4131307715
4130226177
3794681861
1647117604
1651255589
1676437871
1638919130
1622072282
1638828954
1639813002
1618772363
1631428939
1629335817
1631367469
1630310700
3777884973
3811566381
3815727917
3849274367
3832498075
3840363930
3840362906
2766494651
2779118187
2812664383
2795887119
2800021007
2792153357
2787958813
2788016173
2788082735
2943274095
2918107613
3975072085
3975137621
3849287957
2938465589
2921604141
2921603117
2925854846
2791768574
2817458622
2762933182
2762867342
2762610318
2762684062
2762538669
2763586284
2763565916
2818091788
2788731148
2787748124
2788075820
2788070717
2788081935
3861823822
3878568390
3845079462
3832349090
3840155042
3835976098
3835984370
3836082547
3836737539
3854477313
3883838465
3997084673
3997078545
3997162785
3997027619
3929853219
3949741346
3915732822
3899094998
3899086838
3907344310
3907280295
3907312805
3971283109
3990149276
3989170572
4022759373
3997591197
3864413885
2789033631
2788978367
2808970159
2750270447
2712652605
3787447069
3787307277
3791432973
3778847759
3778405423
3845575727
3879126062
4012295470
4016561534
4016426359
4016425461
4016429557
3991395829
3974618581
3974594517
3974526933
3991369692
3856934908
3890554300
3873904060
2800172444
2800040380
2799974844
2796501917
2796432271
2813229983
2779631582
2779354886
2762712838
2783682822
2804523270
2804458802
2787697698
2787693602
2787888418
2922269986
2775469942
2766819270
2762624710
2762624967
2762735573
2762537444
2766727652
2888362476
2906155500
2906216940
2910511084
2948257757
2948256734
2948121598
2939707870
2937610718
2938004974
2938002926
2950581694
2946452894
4020071822
3989597582
3981241486
3974032622
3974024431
2763443485
2780228877
2785013004
2772297484
2771706652
2771771964
2771866220
2771862253
2758102959
2783267759
2779011567
2812606847
2795886863
2797006095
3874906887
3866583815
3879170839
3845587763
3828811746
3833005538
3857993122
3887385762
3869625554
3869678786
4009141315
4000752643
4013270067
3962872865
3962940449
3963088165
3963084069
3962948900
3983855396
3991226212
3991357172
3991360212
3984028309
3983893405
3983828909
2910616557
2948352495
3886894463
3886617918
3891802398
3883409674
3845726474
1681531146
1680742186
1617759086
1621904366
1622002687
1638906319
1673309645
1653908685
1646035084
1646170269
1646178717
3793678765
3812550573
3778931631
3773103023
3768896431
3768896894
3768959246
2716201226
2770657546
2770624778
2804359466
2804301098
2817394986
2947352874
2913474986
2913540506
2913566602
2896816009
2913711752
2913703608
2913517544
2951261560
2939989260
2939986956
2940117053
2940137519
2905002094
4012261742
4000269670
4008529270
4008398167
4004117845
4005162324
4021939540
3975801173
2893801927
2889542598
2889506774
2888765350
2892760998
2917925286
2947289510
2947363254
2913939863
2779718037
2762761652
2762799540
3975465396
3975518660
3984042308
4013074692
3996297479
3996308486
3995090998
3995086886
3995083054
3995476334
3865445294
3887007406
3869839021
3869772476
3870063500
3870092172
3882658188
3845434764
3828788572
3828788540
3832984892
3764749628
3764425020
3760513325
3760648493
3760640301
3760607023
3764800495
3773254654
3785870302
3785869582
3823499534
3807702287
3799311631
3795640591
3795710237
3862909229
3862839661
3867083181
3865904047
3875477431
3870758582
3970111414
3970119574
1826824582
1827873158
1953571270
1961894166
1957699862
1957700887
1420832007
1353791751
1353804039
1085435143
1104606663
1098269127
1106592071
1105986359
1101796143
1101865773
1101997869
1081029949
1093524797
1093504349
19762636
288202188
325881293
309171677
309235805
375828541
371699773
371585069
371548207
371598399
371600430
505813543
519506532
1588924100
1605202564
1571672708
1555022468
1286259348
3433812628
3433658001
3433642674
3455593186
3480759010
3476564770
3476887330
1199444226
1207841026
1207857154
125825043
121609219
120489987
120555521
254773329
254778483
523212147
523212146
527413731
2104336883
2104341713
2016253137
2016253329
4163878305
4163895205
3895852709
3908365997
3904170735
3918851055
3952404863
3956583693
2874649613
2937562125
3977617437
3977764925
3960885357
3960865261
3962962879
3967222447
3967091374
3840149162
3835961002
3837033402
3853908890
3851795274
3885345034
3889473803
3881084169
3878985992
3845501208
3845574953
3845538669
3844473839
2770666414
3848540078
3856927662
3852798910
3852958622
3853417422
3852921806
3852857295
3852774861
3983574509
2905637357
2937299453
3977699781
3977634247
3977568743
3981963111
3969354021
3988752676
4021274884
4025477380
3995985156
3861865220
3861840684
3878486573
3844866795
3831759786
3831764410
3840149946
3835959482
3836164287
3835902143
3851623567
4254142926
4286669646
4290896398
4292059694
4258506542
4258459430
3713266998
3713123654
3696284103
3712053655
3712106941
3746693564
4283585980
4292050348
4140953581
4140953597
4132759373
4132758799
4151698703
3577206026
3581363322
4034333930
4034271726
4051049902
4057337278
4090824094
4086575519
4086588317
4153533373
4159894445
4118012653
4117799469
4113610293
4112553535
4112578335
4112645943
4112770343
4116902951
4243779631
4239577375
3717349647
3721610511
3721420111
3723582973
3623050733
3620892077
3620954013
3595648911
3594614667
3590354331
3590452415
3595756799
3604129021
3537081469
3539252540
4067730716
4080309516
4080501517
4046881541
4030133047
4101432103
4118106926
4118037102
4118102910
4158085071
4157961695
4124343805
4124343533
4099176573
4101434713
4101432651
4101337931
4101264207
4118102863
4118238047
4160188783
4159989103
4157662509
4157668637
4124298509
4116090125
4116162335
4116162335
4116091151
4149662030
4149657934
4116136414
4116137455
4116008431
4115942893
4124385273
4124913609
4115951561
4149503369
4149568955
4151783611
4151644314
4157866426
4124377514
4124521131
4107608811
4107626105
4124337689
3583272473
3618959161
3606375737
3597991195
3598158863
3593899023
3598093343
3598619679
3615400031
3565154373
3560886597
3560882501
3565044485
3565048631
4108134191
4108068655
4124847919
4116458863
2002606559
2002734541
2002472395
2002310603
2002310651
2010943979
4160590313
4158108155
4158042591
4158108637
4148405245
4248954861
4248891375
4244729839
4278278143
4266808686
4266804590
4143072638
4143399246
4143280590
4141180382
4116014078
4099105754
4099045322
4107423691
3570618331
3572521465
3564169581
3580947837
3614500189
3614699789
3621962061
4158816639
4125217135
4125156839
4125160951
4100128215
4117954039
4151500261
4132468197
4132464085
4134543813
4134609399
4151407079
4117845991
4117841639
4032024279
4057127623
4057070147
4090535745
4084244241
4067669829
4067664709
4083393141
4150387303
4150522855
4118004071
4117774711
4046474271
4080023647
4147325021
4147259517
2002926701
2011305215
1978794191
1978798542
1962111438
1962145102
1961074494
1973467950
1705033006
1709227323
3848385547
3845370123
3845370170
3843286826
3843225130
3847444014
3889235502
4140832558
3062903146
3063096830
3063289343
3080130045
2509574108
2492743556
2492823428
2497181124
2489184708
3558633941
3575608789
3581306327
3622190935
3601206101
3605466101
3596884981
3592437237
1445996023
1446011127
1431527671
1423102407
1425457478
1424459526
1415878182
1415882279
1415882343
3580146535
3580269879
3589702966
3589655870
3589597494
3588614422
3588685062
3622229270
3606495254
3606433903
2666848367
2664751343
2673865983
2668549582
2635005902
2639200079
2505954879
2514277935
3050624553
3186947705
3185041353
3218513865
3209924569
3205533609
3189036521
3189044715
3195527675
3195531641
3195400509
3195527485
3212240156
3176654108
3159876924
3168195900
3164001564
3164067668
3168139125
3159676773
3155478501
3155447783
3155521510
3159846902
3168174038
3167964630
3167963094
3184612178
3176215363
3176342275
3176341777
3176477025
3178513505
3220655347
3220589763
3203857794
3199659394
3203790210
3201619334
3210015926
3205817510
3174393062
3178690022
3186022375
3186545525
4293916164
4285326852
3194287892
3194289460
3060268332
3060194332
3060188172
3061175389
3075798271
3025532399
3034044398
3034006246
3034010342
3033887462
3025498839
3038066631
3073709511
3077914071
4160171255
4143873271
4160642519
4160542167
4124898759
3051135319
3051204919
3053302054
3044848934
3044848950
4118607159
4114437623
4112385525
4116055479
4116059559
4149690279
4157939623
4124385175
4124389318
4124403526
3618956614
3618956567
3606557703
1449563143
1449624581
1449444373
1445262369
1445262369
1462138145
3610657633
1366688449
1366692481
1375082113
1358304897
1358368385
1358368657
1358256545
1357938085
1357966823
1893789167
1902161407
1935713535
1919984894
1936753790
4050813038
4034036582
4034060854
4034060854
4100059686
4099982134
4108342590
3034605630
3034671150
2648860735
2682411295
2666715917
2664617484
2664546892
2663433052
2663428476
2663489900
2655248748
2673006076
3155353053
3155611093
4095135191
4095039447
4094977751
4099221239
4099823351
4108207863
3051310805
3051159125
3084707701
3067930485
3066351957
3066417477
3066478933
3083260023
3075996775
3042404583
3042339062
2977323158
4093004982
4092937663
4084482461
4082385309
4078228413
4044743660
4049053308
3782452765
3849365269
3849368343
3855647030
3838887206
2765276454
2765548582
2757127222
2773974038
2773839158
2807528823
2817938775
2784446279
3050665733
3050661717
4115949429
4115945445
4099229159
4099360215
4116170199
3848263127
3847091671
3881821397
3797939269
1918784517
1918792725
1916089365
1983198485
1966544733
1949701759
1962282607
1958022894
1957986030
4103136975
4119910351
4153577935
4156731855
4156790143
4148295023
4114671599
4097861103
4093732335
4233316334
4099360238
4099360238
3856006654
3889494494
3874871758
3874851039
3874856157
3874858204
3866468572
3862290524
3862356204
3862356196
3862062564
1733449189
1733363697
1733367697
3847432087
4115806103
4107427735
4103298999
4036188886
4042513094
4042391110
4042319382
4042323479
4058042935
4058109750
4058111271
4058118199
4058081335
4084295718
4084333614
4067939390
4067935246
4063739918
4061479958
4149499190
4124570918
3029754662
3029754711
2631349061
2622751685
2622752757
2622965477
2631038693
2626905853
2626744012
2643508940
2647690972
2674958076
2671099484
3189094220
3054999308
3073824573
3073832237
3074356575
3074380239
3078575583
4160574959
4159984813
4157953197
4157938909
4149558348
4111803772
4044842812
4051068733
4093010525
4088878927
4092904799
4090807662
4082418798
4131701822
4149662775
4149667127
4149667127
