1405946895
307053951
302892525
1376244661
1376228245
1376228277
1916834725
1916834727
1925227455
1925424542
1648536990
1644411038
3858995326
3858925615
3875711023
3842156845
3847400749
3763771196
3763782428
3759489852
3759501869
3760136749
3775861357
3779920495
3813474943
3779871243
3788259851
3770992139
3771006475
3771001371
1615133211
1610930699
1610897931
1627724313
1627724345
1661278584
1661279336
3796317288
3801034856
3801034872
4069470328
3532599368
3549179976
3280733256
3280735100
2207013485
2207021925
2207087463
2173533031
2177858406
2169469814
2169469814
2169469782
2169338710
2169338694
2177726806
2177759574
2173565302
2177890662
2177890662
2170419670
2172516807
2171468229
2171599301
2206202308
2206169541
2206185813
2204088695
2204089831
2204087783
2170532261
2170401204
2153623956
2417604484
2417598340
2419694468
2486811540
2485763013
2502621542
2502564134
2670340390
2670341382
2607428886
2611623446
2578068018
2292790066
2292717554
3433565585
3437759616
3425179776
1143748736
1195211136
1176398208
101607808
101640640
34072864
305453345
304146723
857794867
807467315
539281702
539282215
541870887
541904439
558728823
558871159
567260007
634237951
617461215
752720351
754817247
746428639
758487260
792180940
1849080012
1846967372
1846943836
4261814637
4261814639
4270073646
2659526190
2659648110
2391081574
2391020254
2374275790
2358018959
2229110157
2499778700
2491127948
2487203980
3156195756
3156126636
2921246604
3994986125
3994985165
3996550125
3996513645
4000637997
4000345131
4017177642
3979412746
2903713306
2903643694
2941457982
2932944414
2932878878
2927640342
2927627286
2944404598
2912292007
2912315556
3214403716
3067406468
4128557184
4127508624
4127627680
3858935200
1711451568
1718791616
1734584321
1696835587
1680062466
1679988770
1680063522
1679932706
1612830498
1612957222
1612926502
1613826599
1614809893
3770682164
1623275892
1619082612
3766694100
3783397828
3766944196
3766813396
2962031220
2961985124
3024935524
3020733012
3155012165
3177102022
2946407366
2946406590
3199514798
3203720366
3191107806
3190952398
3190960727
3190956645
3201442404
3213895396
3179560692
2625908420
2642684615
2609662406
2328742118
2665470182
2656958694
2659051670
2659166342
3212225669
4250314884
4246051204
3976513940
1829095604
1829103732
755460148
756492325
740698151
740763967
757996094
770574894
801049150
797461006
797477391
797477455
793283151
722049615
688626271
1762368125
1745590893
1745599085
1745463925
1745463893
1745480437
1762388709
1762291621
3943398565
3947840677
3934768309
3934701717
3934759063
3934562695
3951340102
2848434694
2823203346
2819013170
2818955810
2887043363
2887108643
2759247921
2809579793
2792803600
3860758352
3994908528
3999036769
3999036513
4015815795
1767405781
1767454933
1774852341
1775114485
1808668887
1791966406
1791845510
1791320198
1791386006
1791419830
1791092390
1770120878
3967940031
3967868061
3967876236
3963808908
2890316252
2756086380
2807024236
2799553132
2801662525
2800614927
2926434078
2939011886
2938917678
2905436735
2905502230
2909699702
2918022118
2847693286
2847689958
2885422294
2858317199
2852545164
2856740556
2856839900
2856643300
2865035628
2877618236
2877589532
2845215758
2849420302
2889277454
2889277998
2888222254
2888224358
2754071142
2758068990
2783246942
2783246927
2774849871
2775054399
2774988855
2909206583
2909272183
2842122359
2842057077
2842065269
3915807605
3915873141
3924253557
3924121973
3924049173
3924046869
3925094421
1775575069
1824923679
1824923743
1824926847
1824995711
1690638671
612706639
612837727
663095630
1652952142
1648754766
1645019214
1644953966
3792442214
3800920678
3800822374
3800601214
3867710153
3885535945
3818700424
3818891960
3776883624
3775769000
3758409912
3758311592
3759283625
1611805353
1643258553
1638015675
1637884603
631268043
564158731
568352779
560025625
560099384
627204152
1684168760
1684204600
1692596280
1692653848
1692531481
1705228825
1738718731
1721930251
1721991945
1730253065
1696780553
1630982425
1614207785
1616239401
1690622762
1686436138
1708578826
1733685258
1695858698
1679605818
605995054
608878694
617268066
613074656
613145328
633993936
1716120256
1846143424
1846504641
1846489331
1711616226
1715941602
1707545574
1686319846
1619081958
1619016421
1619016372
1619008132
1891900036
826769028
860283780
851944324
851739028
843350503
839156198
570725734
570946854
570877734
587654966
587621926
558131046
558643054
558632447
558636543
567238141
567172572
568227660
568227660
568096588
601677692
601148780
596106364
830958684
835150941
826740951
809906390
809906662
809965286
809834214
835018486
835059270
868537927
843372101
843437893
844490564
844457308
844594493
844586365
868703599
566615342
566613294
566595866
566604042
566599946
1640342298
1615642414
1632406318
1632143743
1632147836
1661599228
1644852732
1644851676
1649041852
1674240941
3788174255
3783889598
3783819934
3771504282
3779894939
3775183513
3775199945
3776273017
3778492712
1634151721
1642474537
1638277179
1671831578
1671901214
1676939326
1666973726
592203806
588039198
588024910
554207311
554403869
558799133
567192333
567193101
542113293
554456605
554440319
554435183
588125039
592318575
596512877
596324589
596131017
596179145
596163019
600349643
592222923
1661835995
1661976153
1661974105
1628353065
1628418601
1628434985
1628402301
1628320239
1628316846
1611607214
1624180910
1619921062
1619921030
1619942854
1619918790
1619836487
1674094085
1650042373
1645913604
1645917716
1644811828
1644746277
1644713829
1661867500
1632514540
1640833516
1640247756
1640236493
1635845593
1669537263
1669544302
595687774
566290446
557968398
558083102
558081054
541097998
537247758
537317390
537322559
554593581
554573677
592120557
600379133
583605917
579548815
579806926
596604622
600602622
834958830
826570223
834952447
835091933
830897629
830942685
835139549
860247933
856609661
860877693
1934467933
868525917
868532061
826576893
826576877
826641917
860813277
860776399
860776287
860778366
827277166
827203438
827202942
827145550
827069710
869029150
869037119
869037183
852292719
869258495
827250175
827258367
810350555
818730969
818731001
835171816
826719592
1665580328
1665506616
1665506568
1648733961
1649258249
1649385242
1649381178
1645118762
1645129854
1645142110
1661853918
1632630014
1615779310
1624165871
1615777773
3763197525
1615717956
1615849044
1615820404
1632393044
1661738309
1661737045
1661933927
1666063719
1669994102
1670001238
1636377286
1640506054
1632117454
1611142886
1883784678
4039898342
3767198966
3767186631
3783955661
3783900364
3821649092
3813390788
3813326293
3809132023
3775591782
3775845734
3775808622
3775796526
3780060463
3817813877
3817805564
1670059676
1657282188
1648893580
1644699548
1665930684
1674327213
1674535151
1670246495
1673850895
1665441807
1665508415
1665574190
1640406574
1640401439
1673955855
1661443599
1627760143
1627775503
1627808381
1627796077
1627849581
1615070575
1623458926
1636041838
1636774990
1636705358
1670260174
1938321358
1938345949
1942539693
1942736316
1900723596
1900782988
1900586972
1632352221
1632540253
1632540439
1632606007
1632613671
3809190181
3809190181
3809055013
3809056615
3809203831
3809214055
3809209191
3813538151
3813526831
3813002527
3812914959
3775161869
3775211069
3779475052
3779462764
3770943212
3770945485
3771481293
3785112831
1636572398
1636703358
1670265950
1670278222
1653402638
1657584910
1657773327
1649392925
1649257773
1661768812
1628213372
1628213469
1611501813
1611583717
1611586785
1611594721
1615788641
1687091811
1688205875
1690302979
1711254786
1719641346
1849524226
1847509042
1847513122
1847579682
1846869091
1851063399
1786009711
1794594939
729176155
695433545
695301497
1775330681
1775329784
1758689240
1817403100
1816222428
1816488701
1824877159
1824877158
1690655318
1690828034
1690625090
1700057154
1699005538
1699662947
1699662195
1699674835
1699703539
1733126899
1867348723
1867324019
1783437939
1791761009
1791769169
1791769169
1791241681
1791242451
1790972103
1790968023
1786970270
734142618
700588186
675487882
675488153
683814824
1753357048
1820740168
1821755912
3988032008
4020550152
4205624840
4209816072
4209807881
4210016890
4226728682
4176376750
3899945382
3893681570
3893819538
3892750466
3892488322
3896618434
3930107393
3926107649
3926046209
3926048259
3993214499
3994132003
3994077731
4015049507
3967076707
3967076707
3967605235
3976002003
3992975827
4026464497
4000667857
4000603216
4000666704
3998372084
4005720308
4005717236
4005717492
4005654524
3938543604
3917870837
3901159007
3905349198
3905347082
3897543434
3893230362
3893164858
3947678250
2856700538
2923906634
2856604234
2856612442
2856612458
2857656938
2933159531
2935246463
2934754143
2951531485
2951535581
2909657565
3983538653
3983538685
3966630143
3966105855
3983014143
4016568439
4017617015
4015454311
3997624679
4014402135
3980814935
3964107383
2890226295
2891205191
2893826647
2901166711
2901236599
2917948279
2951502679
2951502679
2817358679
2817358711
2817325911
2817317207
2808928599
2809002359
2809133431
2809133431
2809133431
2775447927
2775447895
2775447893
2909665621
2909665653
2893019509
2892953973
2901343093
2834168309
2850879957
2850879957
2846750967
2846750965
2850945269
2842131559
2939565542
2836801014
2870093814
2873231094
3955432438
3955239366
3956287686
1771059286
1773144118
1773602870
1771441158
2038830086
1501897734
1237591062
1229204758
1238117750
1233944062
1267561918
1233780158
1233763773
1233893800
1233763240
1239255976
1227722664
1227208632
1529979800
1528013448
453223112
989980168
721644074
788674858
760363050
1032992810
1016230955
1015070729
1015058696
1011069704
1007073048
1812773164
1834780716
1876461612
1783334996
1779079236
4196069828
4196016836
4212794069
3648664166
3636015714
3635156578
3635166562
3636213858
3633870930
1502128194
1317775426
1317709888
1313516736
1444580544
1446677696
371907776
372932032
389701088
358293472
1037900513
1032591954
1032591874
1066146594
1066154338
1066150114
1032595634
743188614
1007103111
1007037575
1006780087
1019348647
1015239335
1015083685
1031837316
1048620612
1455463188
1448130876
1450289724
3592530460
3727137292
3748580876
3702145548
3702129165
3636068718
3635941550
3634913454
2557005998
2554102974
3625957534
3624839310
4228819854
4245596814
4266633863
4266573381
4263416324
3055452420
3057483828
2789007397
2772230181
2759775527
2767867429
2767865380
2701018692
2692707904
2688315072
2688314848
2688306400
2691974368
2698327264
3784713361
4057867393
4090375553
4091416195
4091481779
4082646691
4091029155
4091044535
4086886791
4072445262
4072442910
4092373038
4083984430
3509381142
4029577223
4029553715
4029551649
4034794528
1908281632
1404965392
1386086913
1386152451
1103888899
1141637827
1141707494
1142750886
1144826511
1147439753
1168488889
1185069705
1185069704
3332548296
3332412136
3337659113
3308298985
3289441263
2215711215
3288536302
3292924070
3570272422
3586848930
3600477570
3736774018
3736703362
3735597523
3598229985
3594101088
3594175760
1981694768
1998418724
1997824804
1975865700
4102360573
4039379198
1883515054
1967401134
1967528366
2005274558
3615900622
3599123406
3600073038
1459413037
1446813740
1444454444
1981527308
1981457928
1985658376
1997184536
2097786377
2081009469
4228562287
4228560255
4107175183
4107044109
4107044109
4107192124
4115580460
4232995364
4232913716
4233044756
3696103700
3697083508
3697019108
3697035428
3755919796
3737029252
4273905285
4206658182
3669787270
3673989542
3659309550
3659325550
4213077054
4179504134
4179503174
4179438966
4166985062
4187903319
2040447941
2039333828
2072556868
2052891764
2048699412
2048850948
4262384724
4279129588
4245558756
4241426413
4236576429
4236605103
4236625599
3716472791
3750031303
3737431373
2663755037
2656482332
2656470076
2654389532
2520171868
2536920412
2536928605
2516547070
2499613678
2495353838
2499547886
2499613438
2499740414
2499613438
2498508790
3303810518
3430759511
3426491463
3426565127
3426643207
3716078855
3749416719
3673790237
3673789981
3673797149
3673727549
1515774764
1515725608
1494754089
1476927785
1477062953
3628729641
4165618025
4165794265
4165773705
3645680265
3662588553
3738076813
3733947023
3734864543
3623338670
3581297574
2486509990
2486509794
2490769474
3564511235
3572900867
3568708609
3300293889
3304443153
3295988768
3295986800
3426084288
3441944000
3458725829
3463431765
3471265653
3467071335
2393208294
2661310950
2528141798
2263896550
2278584734
2243977662
2269143470
2252366062
2252435694
2252525787
3334657225
3603090504
3595799880
3579022152
3564354248
3560091208
3560414793
3694495321
3694495545
3711432505
3728204605
3728073021
3732267325
4269273389
4277662511
4275557162
4284405514
4234075466
4236168522
4236102906
4236107002
4236014842
4235998459
4235994603
4233434539
2027370411
2044143529
2038506397
2038444493
1501565389
1539322365
1606444540
1606608348
1606612428
3754076108
3745817532
3712263084
3712263148
3720655740
2646979885
2647111982
3184965926
3187054886
3043921190
3077408038
3056189462
3060453446
4268376270
4285137085
4280815788
4247272620
4230556332
4230687404
4236193532
4244447820
4237566476
4237582860
3717284620
3750977837
3732958523
3732957210
3666241578
3737573418
3738618074
3732819082
3732750730
1311261066
1311261595
1279157163
1283335099
1282810526
3430356638
3436271614
3438343470
3568364846
3617631534
3332431118
3336627471
3470906636
3336750860
2279999356
2238056364
2222919596
2222720940
2231182236
3317637516
3350991289
3267101097
3262906859
3274515770
3241027850
1076766986
1076308234
1088759930
15026378
14992522
2392203
2392253
269975988
269595424
1882235680
1881178912
1885581056
1914874112
4062358016
4062358017
4062350851
2987575011
3059155619
3059483302
3051095718
3031961006
3031967918
2495166718
2512336902
2545302534
3606475779
3597983761
3593773089
3593769232
1578414336
1578541316
1595319620
2098628932
2102823109
1971292375
897435902
862768239
824980591
808202479
809369767
809378230
276701846
284045974
279320242
346492562
363289282
379976194
514689538
246201906
1319675186
1319673907
3467239445
3421126676
3374990628
2284406564
2551737952
2567497252
2592662100
2659754692
2659754693
2659758757
2525532847
2517141167
2520370859
2520439215
2988107949
2971314364
2954537108
2953484676
2953481924
2689107652
3771237056
3771368033
3783959074
2732238114
2725032994
2787954738
2787962914
3861860450
3861778658
3878031542
3827708295
1684411021
1693914844
1692737272
1688550105
1688480459
1973693130
2007308746
2006990282
1974482314
1978671514
1961910762
1959805418
1955807530
1955746091
1976787241
2001805576
1980835592
1443960584
1443956505
1444106041
1448234475
1456928250
1452602762
1471451530
1471447434
1442087323
3585119227
3585271787
3585271657
3585271080
2514674984
2514539816
2674147608
2675196168
3749146904
3757498729
3751174635
3751244266
3721741738
3711370666
3711387050
3711129562
3574691658
1427138058
1464886795
1463838523
1463870763
1464046953
1464238169
1473741003
2010481099
1972732875
1977058041
4124546795
4098997995
4229032874
4244863930
4244864442
2130787770
2134914522
2127902026
2077634842
2077368601
2077368377
2077433912
1532059704
1531998232
1497428440
1572929464
1572921000
1572921004
1556340396
1556256684
3695350180
3695346933
3561000005
3562052871
3564350726
1412623926
1428313654
3597009462
3605398070
3602318198
1452540262
1456734318
1447305262
1426337818
1410342923
470885387
475208969
475220233
475121755
206687483
223520203
1314300362
1324777803
1324777739
1591058729
1456776489
1456777512
1456778088
1456843496
1452718728
1469369993
1400111801
1932800939
1965035691
1948319915
1948389551
1952587999
1973551110
1436573954
1436574514
1151394594
1155589922
1156692258
1425185058
1418889506
3582167074
3615729986
3600198977
3602297152
3530457344
3526344960
1378832688
1378645280
1395404576
1933454112
1902000709
1909853895
1904477910
1888241654
1892467182
1892468206
1884087790
1884086719
1951260815
1967575455
2009519519
2009585055
1590157279
1590099551
4266065438
4267159102
4283541311
4249986063
4241592335
4241850381
4241854589
4232437997
4228342012
4094046716
4110817213
4111863469
4149676717
4149484223
4156845023
4153732063
4153733071
3600065285
3604259076
3598024960
2541584672
2537324832
2541528864
3078549024
3082477057
3065693891
3065758354
3065561762
3076018850
3021498274
3020696994
3020843442
3020843171
3025557601
3036563472
4277028096
4142711552
4142523140
4134163221
4129886511
4130878574
1983391914
4147792042
4100638858
1957349514
1957349770
1957479307
1961673675
1952756523
1952965163
1948705323
3827328557
3827330621
3848412701
3849457405
3855626157
3888131757
1707093645
1698705293
2009281934
2010329262
1989353710
1989349422
1991327790
1995493390
1446048774
1446030342
1446480150
1448512310
1465305654
3587623446
3569765894
3566630470
3432145606
3447940094
3447726510
2394957230
2394961070
2395028653
2260892828
2260890764
3335673228
3352774540
3228896908
3227848348
1080440509
1080435391
1076179887
1077170607
1077211519
3515421
271034380
321169460
853841956
853846037
845581318
841908230
841908230
841924614
1932148894
1948909742
1953182382
1957171885
4104655532
4106031784
4240193224
3701223112
3705416264
3692829272
3646888921
3646831098
3680381434
3681944794
3680960602
3681894426
3681861659
3675562041
3675562284
2605033020
2609296924
3683422813
3666653933
3670864622
3662230250
4266332906
4284155050
4294511786
4125838506
4101949578
4097747083
4095650953
3826692040
3843329736
3876619896
3880813096
3860238904
3860263448
3876987416
3843498809
3965070635
3975555307
3971221738
1840515226
1773611146
2079795338
1047855242
1046544778
1063321754
1029832874
1035083946
1033052591
1015050655
1019257247
499168191
482456061
348369213
349417785
1423160619
1440136505
1173855033
1438026507
1371441931
1438550795
1472113966
1475182639
1449951295
1446825995
1446760459
1178210379
1194992841
87690697
74059497
78318313
78192233
78405243
346881561
346865210
351123246
107913326
372154462
372154575
103710855
103727237
103698564
1312714924
1564372652
1557998316
1553738477
1553738319
1553755662
1287504654
1304285246
1304223790
1563217966
1546502446
1546571311
1546562087
1551805013
1979689669
2004667021
1915504269
1915487165
1915700159
1915646653
1944466348
1941185452
1939087788
1653874776
1924457497
1920394283
1920246826
1652335626
595559434
559842570
610176282
1691269434
1842329659
1875687482
1846344762
1846304794
1864245274
1830690922
1813906410
1826493098
1824195241
3969462952
4237828760
4237829832
3700976328
3558386312
3575159448
3592075913
4129205130
4066348170
4074602650
4074602650
4066279514
3812536378
3761168699
3761135901
3761119533
3760918829
3765108781
3766027759
3772515770
4039909258
4039384714
4039397066
4056207051
4052014601
3583436585
3586058024
3619614472
3756814088
3748424472
3728218925
3459850047
3464109326
1316618270
1325006950
1324888294
1316495590
1329094790
1277878406
1143660935
74089093
78024325
346409604
1152502461
1146108590
1158687466
1175464810
3323136362
3327593578
3336507450
3348901914
3317182474
3300622618
3300565865
3568869992
3568872168
3615001192
3594029944
3527248216
4064188424
1916709896
1916723208
1916665928
1899901177
1883120107
1885221359
1893402607
1887976191
1888238295
1367624263
1384434181
1384417797
1384614405
1451685381
1590157943
1578524999
1578500295
1581121714
1546587298
1546591378
1550781590
888085974
1017583590
1018459119
1016390509
1019536153
1006953225
1057287961
1040710459
1057446714
1057381162
1061374762
2139178299
2139111753
2139214152
2139267400
2139268088
2139136744
2139133672
2105653929
2109913770
1543674794
3691171770
4227976586
2080392586
2081424842
2086084938
2111185274
2107007275
2140561705
4292071736
4275106072
4265648408
2118164856
2134943736
2134947560
2135006889
1598283451
1593988795
1426215854
3577876974
1430651391
1431770318
1440167118
1172257990
1172121846
1172122854
1107178630
1140719750
1136525766
1135415678
61419819
61354280
128459048
90727720
2673976
2853176
2788120
2734856
2924040
275547720
317031112
317096584
318145480
313962552
1387569192
1408557096
1089880104
1075258411
1075120938
1078921770
13503082
13569662
13374150
13382086
68841670
70967490
69902466
74359170
82742674
94734754
1206159842
1197775330
1193590754
1182048994
1182048850
1190572611
1337377361
1341575792
1333229152
1295335264
1276459360
1280784753
1280523329
1288901699
1221595219
1213214963
1230053619
190013651
173171137
173437889
173496053
180637415
180645743
243559787
247754089
247751801
248804441
248792393
248792409
248792441
123557225
123565355
119394603
1195229530
1199362522
360501754
301240810
282433003
278380011
835103209
835168601
868583689
591889672
570855737
1644602153
1644601641
1661772091
1661767723
1661502570
3775564010
3876223214
3876202862
3842649086
3842649838
3851036334
3834263214
3835365039
3837265837
4105704860
4105715852
3560480908
3577324748
3610944781
2000334607
1983555854
1981393182
1725532474
1725860890
1742638107
1699663225
1829662009
1828990264
1812217128
1829060456
1833377640
1774654760
1808073048
1803813192
734269768
701244745
692858697
692664943
701106927
696982238
696789710
965226494
965285358
969609727
969765199
424538383
424538383
424128797
424064285
407223613
423665001
423663081
457349067
465737675
1539755978
1271188346
1271159082
3418700074
3418827066
3410372890
3464902410
3464893194
3347513674
3347857914
3248013481
3233321132
3237512364
3223881924
3223959620
3225151556
3222939844
3238668692
1124739988
1116343988
1116671668
1115948724
1115698855
1115715494
1111553958
1110492582
1109497174
1126411534
19114766
270772750
270899975
270895877
279300404
279824436
279759988
280874196
319736996
302963877
307031235
315608322
311346450
1389273378
1126146338
1092460838
1075619639
3222046407
3503064733
3515188925
3246818965
3280376463
2206643870
2206705390
2270670702
2268588334
2535913534
2535881742
2540069902
2674274314
2405896458
2405761819
2380530473
2382180136
2365336360
2365336440
3428605912
3437020616
3437003144
3453977480
3487466120
3478565549
3456541357
3724862127
3724863470
3741706234
3742821722
3747011898
2656537914
3738471738
3738477882
3738477850
3755324171
4116021513
4099391769
4094088248
3825646636
3825633324
3829827628
1699187757
1648731165
1648664605
1644470303
1644474399
1644462127
1645183087
1661894895
1628361967
1628370159
1632564719
1632531947
1709143547
1742698395
1711226778
1711222666
1711225754
3858578362
3791469498
3791468954
3820560266
3820558218
3803919242
3820561038
3818463903
3784844941
3789106829
3763153628
1616722460
1616714524
1633426188
1641298204
1674915132
601306156
593301548
593236028
588001292
655106060
654574909
625364847
629566191
763882238
763689674
763689930
801954634
734911818
734979195
726557819
725953659
721759353
721893497
721825129
726021993
700855033
696718041
948196041
948204233
952165065
415282137
415281657
146911707
147062218
1216543690
1220697034
1288051658
1279658874
1145440618
1154354442
1166999562
1117454347
3266969881
3266978092
3262849837
2182619941
2181568291
2181586291
2189969778
2190003558
2206764390
2206963182
2206970350
2211033519
2206044605
2171441561
2171445128
2171583112
2171058840
3240344248
3491936952
3509761688
1362277192
1898095880
1931601160
572550171
572614698
576903402
850578666
848446602
860094606
805568710
269885510
269886214
284566022
279320086
279186998
329542146
48556546
40294726
40816022
1122289062
1118093750
1352905358
1352839886
1352839711
1889579565
4037060140
4038107688
4084376120
4078088760
4044866088
1897153080
1879312920
1896614440
1900821295
1893468398
1956449414
1975390350
1442713742
1441681550
1571188870
1319530886
1319269254
263288534
256933478
1326464550
1191192358
1161831734
1166237751
1182982197
1182982148
1184281796
1180077188
1127123332
1093310868
1143708087
1143586750
1413264046
1415357102
1950671534
4123058922
4156613226
4124103210
4124177195
4117882665
4252034568
4252200456
4245847576
4245904952
4283456809
4291839017
4275258491
4271096955
4275164251
1993368651
1983999307
1996692827
2001156411
1942432041
1640459561
1636226345
1641464121
1633583385
1629327641
554479929
554479641
588023097
587762047
587848559
1661631086
1661631082
3788127850
3788062314
3787994698
3789313354
2711409786
2693641450
2693774586
2693773562
2693773531
2966218969
2970413273
2969984489
3003516328
2735080872
3813015996
3812971420
3821336476
3821381596
1640345564
1707387212
1698998284
1829021709
1812461645
738601037
671492317
671497455
671497703
683804391
680724195
680593073
680531585
679487105
696266369
981478273
449042819
448973186
448956802
449027538
448833314
448833318
515940646
512995630
511938846
511934747
511955288
532926936
486692344
335699448
1409736056
1409735976
1880933672
1885111112
1893513160
1906083464
1906151048
1906215560
1906215593
1905699499
1893052346
4032079754
4030038858
4045833018
3777409834
1663476014
1647223086
1651420198
1726388278
1727498273
1725221925
1850006549
1845881879
1845883942
771834982
771825846
755114118
738599046
742786966
748490406
748493541
1822169701
2090609188
2089560580
2144102981
2114743429
1443704973
1456345229
1468924061
1418593708
1418596012
1418603180
1548688044
1544817372
489974284
372304397
376503567
912376846
912348190
908096554
1060234282
1009952042
739419659
1010996745
1019252282
1031842618
1069594650
1581299738
1577109530
1594084382
1556268350
4169572910
4169573094
4170097381
4186805924
3112734388
3143142020
2602084996
2602232452
2602183300
4213059460
4212532644
4292214949
4019191975
4019242214
1854989518
1854973958
1850779654
773031974
773031990
772843526
772910086
772979719
789742643
756204579
760661283
676709875
693501427
693497335
727182807
727154135
727152087
727012831
727004159
735130619
701576187
684790778
684791482
684801690
683752090
679553690
679553722
679488154
746859146
746864267
1015812745
1033114264
500462248
492151721
471114155
472949230
489728062
526428190
450926622
983668766
983799822
983741447
987942924
979505164
992084268
942015020
941031976
939857464
944007768
944040536
952429400
969210313
994441417
977788107
977748171
977682634
977682938
977683178
986075882
986047210
985984746
985985019
985988555
994407881
424096201
407245257
407245643
138806107
138741290
147077678
1216621102
1216686654
1216756230
1283857990
3298625094
3267166807
3266249335
3266265973
3266270065
2192429409
2192372193
2196566497
2185032097
2182935973
2181889463
2198665607
2210724231
2206333335
2273574327
2273574823
2277636071
2404513639
2370955127
2373051671
2356276503
2287070519
2287066423
2303970679
2303974870
2336414174
3418552735
3418487231
3410033087
3389114813
1241632141
1241767309
1241769925
1241622469
184592327
151039831
155238262
222412662
230932342
230931958
230923766
1304665590
1300471158
1338244470
1329724790
1329721719
1325658999
1296266007
214053125
214053133
209850652
214106172
201327656
201329720
201529352
201472264
85093641
118914827
108514058
107776778
40667962
50118458
314090794
1385734458
1385800474
1385792282
1384743530
1921548906
4064850539
4060648043
3809058669
3809198061
3809127917
3809127853
3809193884
3792289676
3792280988
3792412076
3792346284
3796565164
3796630701
3796860061
3796794511
3813031055
3779471839
1640377086
1623665279
1623538239
1619343935
1619475983
1624587791
1625044495
1615607614
1615349550
1632159038
1632142814
1900582350
1900582342
1900582358
1909167606
1892333030
4039812599
4039814359
4048268741
4048263573
4048214455
4081777557
4081774485
4090199957
4090066901
4090058741
4158224365
4149766125
4116211581
4112021309
3038369589
3042629428
3025917748
3034421012
3050083860
3050078740
4115628564
3176067604
3176064517
2890854167
2890913890
2890713314
2757609698
2759772626
2759771778
3862844034
3862835842
3862901442
3878429426
3844879074
3828088934
3840671782
3836491838
4104992862
4155390030
1991174222
1454286926
1455336518
1182569303
1177387807
1177211165
1445621789
1445605437
1428828205
1416240172
1555765548
1555643245
1555639135
1490562895
1492911950
1213989134
1213530174
1212624942
1221009710
1489789742
1485693478
1485746694
1536139782
1519166021
1523360212
1523364012
2047653036
2047654060
2047850680
2114377912
4261829544
4282780328
4291954312
2108686985
2107642441
1570775593
3718259245
3718259501
3752026397
3739415580
3664873516
3662710828
3661666333
3670321163
1518840842
1518792714
1506684938
1477312554
3624534314
3625583146
3629778538
1490697818
1486367306
1486367434
1490578123
1499004632
1230747544
1212920200
1212920204
1212919964
1212789932
1212806372
1208608240
1208645056
135157569
139343617
139335427
139396371
139269427
139400465
139400449
147735872
140461376
156980544
156976464
156976400
159073584
159086384
165226288
165226353
165229907
165217651
165348722
159063538
158948818
158946770
158979394
157930834
157939026
191493618
191493618
174716402
174708210
174710258
183107570
175763442
184135666
184068082
184067554
184066530
1253613734
1253613734
1253617839
1526247661
1543041513
1509553128
1484403560
1484404584
1484404568
410730248
408566024
404363544
152771864
151860488
135012616
135016713
138739977
138872121
138878763
138882859
164048747
180762447
180769615
180765007
172966235
172773739
172777835
156001579
407693611
407894299
424606475
466541321
449830729
449304137
449172041
440783433
440484475
440406635
440410986
440410474
457388142
432164958
415486030
415281279
406892908
406896108
407091708
407288268
1481030348
2017901260
4215708364
4207320780
4207317708
3129901772
3129967340
3133993711
3133960942
3108766446
3087794922
4161607550
4162136190
3625265198
1481967678
1493108758
1488848902
197012486
180232198
184434758
175882834
1247462130
1263198946
1263231714
1271424994
1267230178
1267234018
3397942498
3398008050
3398138067
3399043552
3394783648
3407662512
3406816656
3390038164
3389890965
3389825463
1242341814
1242408886
1242546070
1255128798
1267580670
1267515117
1267514988
1271527016
1259984744
1528418152
1528384888
1528311064
1527262472
453585160
424360985
432946233
1003371563
994980925
994332701
994373709
994898125
990688728
990690748
990697981
990738941
961493375
961165630
961166654
969555758
969553726
969422622
969424655
961052495
961077087
961148413
961123839
961254911
961254875
962313691
962182587
962172857
425432985
425431961
408662409
407544201
415953373
415987197
416019775
407559485
408591672
1482341176
1481554696
2035259912
4199324168
4199325256
4207720056
2865607384
2865738456
2865730280
2865533673
2858205930
2877047402
2821456490
2821456506
2821534522
2821532698
4168034330
4176427034
2024744986
2024421406
1504315406
1508508750
1273561166
1266237638
1264251094
1263198706
1271587746
1267312290
1250475698
1250475698
1250540962
3398024354
3403455650
3658255523
3658255537
3658257536
3658260608
3658326192
3675255216
3708687252
2082086532
2088372884
1961429684
1961372340
1962683045
1979459262
2010391438
1985224890
911618218
930152618
895486154
341846027
350234633
350427416
362945289
379717131
383910410
375521850
505492270
505422638
455091502
993029382
963664150
963762486
963770678
963770678
972160310
435270934
428970263
412324311
415470069
474070453
474065341
469866909
474069407
524532126
373471630
373480846
307414406
307381390
307246254
332410287
301411757
301415340
301419452
309780124
303556316
305440476
35948334
35946798
36470830
36679710
36614150
23760902
11174918
11179286
1084931349
1084918020
1089178076
1345891212
1362799244
1379572364
1379573405
1384095151
853324974
855421165
847040744
842813624
841887896
539631800
539632296
539624124
543884024
552337960
548151848
548151848
547647000
547678728
547682824
551614984
551610889
552651019
542345354
541523098
826731930
843507098
843576730
843564474
844021946
852414654
853370046
847015150
845474943
845605915
845589785
846109981
854564125
854432797
309181469
304977933
305121293
305055757
305027101
305010749
305010989
309205549
317659711
330242591
330123791
330156559
300796430
300796766
300783998
300521951
292157663
292158687
288062653
288044479
288044462
275461806
350960302
351092414
346896030
346894990
346895005
346907352
346415672
279225128
275030312
807708968
824682760
824617224
841923401
854498185
854428041
845987979
304873611
305004682
305017002
305012842
1366171946
1089347082
1084952074
1084759562
1084765722
1084782170
1084815098
1084808874
1084805801
1105781672
1109967272
1110032888
1110093832
1110089992
1395303688
1361750328
1881774392
1881774648
1881840152
1881840136
1613268936
1613267849
1612677563
1612640683
1612640683
1616830891
1642000298
3823069866
1658612362
1658616458
1657589658
1649399194
1650421914
1669296282
1664032955
1663902203
1630478825
560871401
594479081
569118715
564927963
565001674
565130570
548353354
548371723
820870411
812480779
829241609
829241624
862787864
862788920
577705272
594415928
602870072
569114920
570164521
551290169
551292187
550260031
550260031
567070015
558750079
558750207
592304639
592435711
592419327
592427519
592428479
592428447
592427423
600816031
600684735
600684735
588232893
588232957
588184797
554642653
554577133
537798125
537798319
562954927
596574911
579666591
579605135
864817801
294412937
281318232
282565912
274110728
275167496
1357294344
1357818376
3522013704
4092369416
4142694936
3203170920
3198976680
3132093096
3148772010
3102483114
3095147498
3094156666
2620336218
2620336346
3698272474
3699251338
3707648138
1476275338
1457397898
1188966538
1184514442
1184514426
1117417770
1113154602
1127771178
1094215978
1094245642
1362857227
1364952521
1369147272
1368229784
3515646632
3549205160
3620315880
3595281016
3596329753
2539366187
2673847594
3210652010
3177101806
3185482206
3221133726
4269788558
4264935886
4265034062
4263973183
2116493615
2117411109
2117869861
2122064181
1054613525
1054748687
1037752335
2111490061
2094762253
2025495324
1488628492
1491766092
1483573196
1479332492
1479094941
3626709743
4243206830
4238946982
4104660902
4104662438
4104660374
4101531015
1429759375
1463510925
1379559309
1379560844
1378506957
1927825519
1923902511
1923933226
1923407882
1978650890
1424900362
1424622394
1558848298
476652330
476653370
485176634
409482555
409490715
1491660057
1491712280
1491712264
1484372232
4183788104
4200435400
4199388920
4266504952
4266636024
3873370872
3873424045
2801013422
2725516206
2724462826
2787901562
3056545818
4248182795
4235601928
4241893384
4237568008
2022967561
1486637611
1486638906
3638121242
3625669454
3373953486
3373982158
3406488022
2345263543
2341004727
3397943191
3397942198
3397990822
3465222574
3466135982
3470264558
3329754334
1178206286
1178210314
1194995738
1192779834
353951866
353169626
336366986
340036491
344296331
344316811
345365387
903272843
926082443
909304219
907190680
911315320
913350952
913351464
908108328
924907048
891296312
895687208
883038824
884149226
898632106
1032850618
1070665882
990974170
456204378
456220682
422633738
959571230
963753279
961647935
970167615
1020509662
752074715
751025115
742628315
608410075
625187291
591640923
570666265
571650313
571650569
571650651
571529067
571788779
575981679
574900351
584403167
578165967
847129806
845032910
308168446
315541246
311411294
1385005598
1402581518
1369155082
1085910795
1085909768
1102748444
3350907900
3329780140
3325573548
3325703612
3323601308
3306828700
1415197660
1354641948
1353527820
1352947208
1352945193
1348599339
1344335658
1362156858
1395972362
840222730
840747018
870107194
836749434
836689146
838262938
861397146
843366554
843366570
843333803
839143851
839204266
839268794
843987855
870198157
817506957
279587532
279608908
334102092
308852284
308848428
304659752
304651288
304715800
305109016
305051656
305051656
305059848
305055752
305023004
305073468
326044988
327098172
335486525
334432797
334301725
334305997
334306975
300752799
283710367
283718303
15544987
15544984
11350680
11350712
11351736
12334760
9708200
9724584
59032520
42452744
60215049
78825738
81983786
73459754
69265418
69242058
69239178
70484874
118657690
103981725
106079116
34775460
34636964
34646240
101972051
1114858770
1118926118
1118897958
1118897966
1123353902
1090331950
1086270734
1084911566
1101724558
1135119292
1122548648
1109952940
1110022588
1110096076
1110092876
1378528264
304786440
304741437
304634989
287971565
275389356
275385020
820644508
820578956
820517532
820521644
816327404
820521836
820537644
829212989
858573087
841869599
842001183
842000991
841935583
846134206
845991342
855428526
318735518
300847310
275685454
275685646
275751198
275559214
283948586
279756586
279759131
284023049
275741961
275660040
275660040
275660552
275652376
275520296
285014825
821869354
568106778
601851146
585077002
1657778458
1657581866
1657573481
1644990572
1628225708
1628324012
1628316836
1611541924
1629368228
1644038828
1672415901
1672968845
1672800908
1672784524
1670687372
1633459932
3776747069
3776942655
3778982446
3777815342
3777773614
3777765422
3777435694
3777366062
3789949038
3785754854
1639320518
1620453059
1955865155
1956405761
1960628993
4099838241
4116621089
4149919232
4152008193
4131035649
4131048001
4131113969
4269333991
4294469095
4294469095
3185123774
4258866110
4292424446
4183369430
4183371350
4183374390
3646503222
3654884406
3656921142
3652792342
3384487966
3365416990
1217925151
1216930012
1216915708
3368651756
3374025580
3407514488
3457845960
1310369480
1312465544
1602138760
1606206120
1572127400
1555321256
1549037737
1544709289
1543662825
1409444939
1409379339
1413569802
1417926154
344150555
1417810441
1435636232
1163264520
1161167145
1195126825
1195122729
1195131915
1197427722
1205849162
1184353786
1184282602
1184281242
1184277131
3331633801
3482616504
3449065896
2236923113
2232789227
3306596523
3239487626
3240012170
3546187658
4089349018
4072575930
4072649640
4139557352
4130644008
4062486572
3810832444
3777982476
1613570108
1613692972
1625948972
1622803054
1687814830
1956322990
1955080846
1950886542
1414032270
1347221646
1355599054
331730187
315025161
307683849
309781003
1382474271
1395061551
1361891631
1350346023
1346143719
1348242581
1414372741
1415486852
1423883653
3617500551
3602835334
3606979522
3605463426
3597599142
3606000038
3601670566
3619430831
3569099161
3571197848
3562826216
3558664552
3558774792
3577649160
3577187592
1466205960
1474343448
1453388345
1453527579
1453720090
1475740458
3612745002
3742641258
3709085819
3708053705
3708607688
3444359368
3449668056
3449275096
2375471704
2291593945
2291335147
2308107243
2303781867
2337327994
2319707850
2327995083
2328044107
2327909161
2345668907
2286944299
2286944299
2287017067
2285992154
2294376586
2361518986
2411982474
2395107978
2395079323
2253587353
3327197625
3327140009
3325042857
1177627753
1176578089
119547963
119548938
119567370
86037514
69321739
69373209
73575721
73639209
341942616
351310792
363889560
295814121
295781163
330461482
326268202
288501034
286469178
269564938
269489418
268698890
273481994
273613690
13570938
13521691
13562699
14612427
8369577
8168873
7120264
82740104
82743944
99522184
1190043272
1458486940
3605446396
3739663980
3739526700
3739525676
3739546204
3739615999
2657555118
2658149030
2653958310
2673869990
2683356326
3216016598
3199501382
3199509510
3200099334
3066017637
3061554797
3073084972
3039463964
3039464220
2771053356
2770954540
2687052076
2691586852
2716749364
2965259796
2963227140
2984006149
2984014358
3017556322
3084665058
3063677090
3063746706
2533171350
2549948598
2541618366
2508076430
2491295373
3565102796
3564906188
3573345868
3571248652
3571232524
3562835228
3558706988
2501813788
2520688140
2520684044
2519630348
2519631452
2523514861
2523452845
3069732271
3086574746
3053155722
3036246970
2499377067
2516137899
2541303739
2524723193
2524739052
2457628988
2474389532
2448760844
2427937805
2426823709
2431024175
2431010863
2422556991
2422593821
2447895309
2482433804
2478302748
2478105132
2481254956
2439299693
2435072749
2435269359
2439403439
2440388015
2482265278
2481216762
2481315034
2481388746
2481382858
2481384906
2472865722
2468661162
2435106730
2440550330
2440488410
2516018394
2499109982
2490178590
2624527390
2620341278
3694083358
3697681726
3647349566
3680641822
3663872782
2586953486
2584800015
2583734877
2604706429
2613094972
2340550168
2340516376
2340622904
2307068456
2290159912
2295332969
2354317419
2354317546
2354317562
2353277386
2261217226
3334923146
3599147914
3604382106
2520024235
2452393129
3526663336
4080311496
4027880520
3776286984
3808920328
3792086843
3805720110
3873352238
2801707566
2927610406
2923315718
2889499207
2889491140
3962188516
3962049260
3907781100
3903065196
3903084591
2829383742
2846341182
2862000158
2857806863
2852560909
3926302796
3927360236
3934177005
4008578797
1856572030
1860714094
4000064550
4264042614
4129829078
1982476446
1995059358
1453994382
1420433037
1554648716
1286160012
3433574024
3433578056
3433856536
2225891883
2226940458
2226416170
2243193450
2264162218
2262253962
2264285579
2264387992
2263900584
2255512488
2251346348
2268120508
2233720236
2233576940
2237705725
2246094335
2237773182
2237830526
2216853790
2216855310
2233652750
2237754894
2246143582
2279684975
2279808365
2279738476
2279738428
2279822344
2271310856
2279727368
2246172952
2246157117
2241966894
2241901358
2246100782
2271268142
2271594558
2250754078
2250701854
2384913422
3476463626
3724452106
3720249610
3720121849
3722217960
4246243496
4279802024
3994728584
3994722440
3994722696
4011520952
3990479528
1843094248
3965268712
3963102921
3828887387
3828951339
3833465135
3837659439
3835250959
3835230477
1738059020
1989714956
2123014156
1992994877
4127822885
4127835175
4127851622
1980367094
1913520342
1896743894
1951277726
1955472011
1955467977
1418663496
1418477128
3301718569
3289144105
3289155915
3229912011
3229977227
3297220235
2274333323
2258039467
2392253097
2398544808
2390049192
2385830056
2385567928
2402541688
2405687353
2372002107
2380309818
2380379450
2363751739
2355289387
2283981115
2285099273
2299788617
2303946059
3377538395
3419611483
3419615547
3419607339
3377660203
3444638011
3440390425
1292902665
1329688603
1338236170
1606662410
1589754138
1577171242
1577163050
4261447946
4262759690
1981579722
1980465594
1984598443
1992978603
1992962217
2001350825
1951080617
1952391593
2083914665
1953646264
4109552136
4109404680
4126190088
1987086856
4063472136
4130583048
4151808520
4118708744
3840573992
2766848553
2766851434
2766727402
2767775850
3782796394
3795337546
3793355274
1645871626
1914311226
1916417834
1928996904
3802675240
3819755528
4054816776
4054751304
4071524232
1923912328
1944883896
1944900283
4058919338
4029559210
4029427882
4029420718
4033819822
4042159358
3770545486
1637656331
1671210505
1654497032
1658763579
1646180410
3810441257
3776886824
3776878632
3760126984
2685234440
2685339240
2697855720
2693665512
2710508264
2710516457
2711364335
2711365358
2981900198
2981890486
3019708886
3019848150
3011394774
4085133526
4047450142
4047450174
1883189310
1881083914
1342990410
1359800522
290229130
323979914
1380944778
1389283210
1386123659
1402900633
1369284840
1352638696
1401875560
1108207976
3255601960
3255601960
3524233496
3524166921
3529216073
3529093579
3573199291
3569005199
3500851855
3500757654
3500684198
3496485286
3492290990
3492479214
4046061610
2003435787
2003711243
1433282825
392964873
494693147
492632875
500484619
528533003
1535214154
1535214282
1539474426
3678573546
3640764395
2566957689
2571151944
2579610136
2340681240
2340647448
2307068456
2290291496
2290090280
2295333993
2287208683
2287208682
2286164186
2286233930
2345020234
2328243978
2324050698
3403612506
3396862186
3392671914
3392676010
1228419246
1211633807
1211658383
137945483
135918153
136049464
136232232
135178552
138848264
1220974856
1338423560
1339460424
3470166728
3461844664
3457529512
3478430376
3486839464
3616817849
3617018811
3616945066
3599966634
3335528878
2253398190
2249412767
2251440333
3324232780
3324044300
3328222492
3349194008
3349264152
3349321241
3349321275
2275577642
2246167402
2237712874
2233597402
2233630154
2233619786
2401390923
2415030543
2410832671
2275500863
2275435823
2241879343
2380291374
2372099390
2372028223
2373059343
2364670735
2364748559
3438551327
3430166830
3425961006
3425962030
3426158638
3423746062
1276258318
1293035534
1339235534
244403342
126878870
126878135
125841828
62989220
50537376
33764240
33641344
33673616
34709984
34648416
309371169
309371169
317751591
309495055
304252942
321104140
1361357116
1899268412
1886817048
4057369096
4052127240
4068913672
4069958220
4074152525
4067746558
3795067566
3795067822
3810790574
3777824958
4084086942
4076743822
1928733838
2010522766
399975630
366218694
347344375
78069189
77735365
94512068
132260500
108147588
103940996
103879053
103839149
102786285
86044009
73576203
1147580169
1147571721
1424789033
1420603180
4104433452
4104957212
4105020700
2914825516
2921170212
3189670692
3189686784
3055420096
2789085856
2721972897
3823896230
3769372582
3768851902
3768859838
3768595646
4037030078
1886396486
1880104974
286482698
286482698
285214489
272682795
809929003
818317355
549894187
550480139
618441227
796691977
774866504
1848284872
1781174409
1781174443
1848422574
3995922606
3996004526
3983421870
3974509486
3970306798
4239667942
4239663862
4237567702
4237569671
3699714703
3699714701
3699649165
1337990797
1313015693
1309868941
1311835087
1311789887
1328570671
1299210541
493937961
502327336
531740952
385006344
372423176
909543944
908494408
908886776
1982628776
1982370216
1718137256
1987621288
4130910696
4130993000
1999319852
1953116972
1957307196
1957569343
1420699950
3568056686
3569092778
3562277034
1393842314
1377156234
1377738890
1914675594
1927119240
1924968680
4072449064
4076637224
4064259372
2988353324
2954813980
2954809868
3036594740
3032367653
3032236647
3032220390
3031171798
2485917382
2486582982
2620799479
2620799205
2631284945
2627152065
2627168385
2643979393
2392318337
2388116113
2386543345
3330167539
3329106610
3271500706
3288080802
3288085666
3313244322
3325884598
1447013510
1445899398
1445897414
1378779142
1378713607
1382846759
1399628071
292316462
1345138470
1413098278
1413103138
1415192114
1155139090
1150943810
1152910274
1152934274
1207492994
1181406594
1190036882
1185910706
1185939441
1169811040
1152919072
1148723744
1144529440
1144664592
1144664576
1144656640
75433729
100467971
268242194
232610866
232619058
224224530
253519106
171799298
176096082
183959922
179769842
177541363
193278193
159653985
142876768
138699876
134538340
134657092
134645061
256278981
257393029
240616852
242582964
242603453
238419390
236320958
236824766
505260222
509455802
1050321210
1051439930
782795050
782807083
782802984
640196648
640196648
640402476
641338604
591005868
557452204
545131180
548735670
546777750
546777750
546121350
546055814
831284870
848074630
315393158
315459734
307202198
307140822
307148886
307144711
307162117
303981573
840836116
859447356
809120060
809108092
813302488
817562328
817365752
815281913
815541993
814542571
814516971
835488745
332175688
333031880
333035912
327134616
327085992
327050152
293479065
299762314
31327198
64356398
57946158
35927078
36056070
36595974
40827142
49207574
48777710
66603438
10176910
9066639
9059725
9057676
4732332
1582948
1843748
289289732
289224228
293340772
821825253
838651823
567577519
566594493
566594492
566332348
868454332
844339037
1920181791
1919002134
1919259158
4066752310
4066768694
4083577126
4050006310
3504738598
3504735014
3572892423
3570869005
1413752588
1950673196
1950717992
1732622392
1725409288
1716955144
1715439688
1714192456
1714192504
1714401384
1714348585
1831739945
1814962731
1814889066
1819018986
1827420842
1823226811
1822693528
1822693532
1822431372
1050803340
1050845316
984789252
980595253
978362658
974168098
974168098
974315554
991039490
943064066
942541826
942082914
954538722
950352614
949238502
998522607
981754575
444916045
436506733
168120427
168108282
185479322
135150986
206445194
210635402
76499594
76860042
75541133
75546268
109085644
101876492
101888276
102228260
102031653
102146365
1448518940
1440647452
3571354492
4040133340
4039936668
4102863528
4102858408
4153189033
4137599674
4133356202
3056874154
3057398186
3190292654
4285071598
4255855710
3970575374
3970574349
2092591116
2096688396
2088284680
2100867640
2100998680
522088968
522064392
504104505
503590698
507983914
399906858
295439386
280757322
280872075
285132681
8279689
4079241
20856457
54345145
49034411
314319019
314319019
314310811
318513322
334979562
283533690
350364446
73611054
476064558
476064558
501230382
429927231
464531229
462893853
467080476
457446700
453272876
453274924
419757437
960887133
961018205
961018205
969251199
700815871
734370239
734248351
725859743
709080463
709210783
1795470015
1761973933
1745198773
1745206005
1745336869
1745287719
1746288163
1764163875
1802371123
1802371074
1810759686
1806565383
732826663
733878327
1000241159
965732359
952951815
940433413
941473805
943505469
674203501
683580013
733395565
716618317
716486991
708096079
708104271
708137198
708194538
708190446
727130606
684990439
680991447
681000517
949432896
948384256
411316736
411312640
142877185
142877223
147125551
147127662
168212811
168213323
168201163
238914249
103582409
107781865
107781865
384612331
384610666
116043882
107655262
237678662
237940806
506376258
439268434
455842915
992656353
988528353
984199904
1001362112
946852544
942437312
941895904
941887712
941962464
955594208
2022975204
2023171812
412493517
462829135
160697926
159653478
147072878
134490094
134489550
201835982
252022222
235309278
240556159
241085509
243106885
507281493
1580773477
2115743868
2065609564
4164854396
4168531492
3908475428
3903961636
3905990180
3942688293
3925927686
3925927106
3926024418
1778516130
1796604066
1769865346
1752043654
1760433030
686690958
682038942
682960554
682895019
680797867
680534731
948971275
948970763
433075465
410015033
410088761
410219785
410211593
410109705
139577097
139577145
156432185
188933977
155365707
138576203
138445115
147882283
146837801
146911528
256025896
503491896
503491848
504544520
1043631432
913084392
1068342760
1873132779
1873065194
1852092650
1781838058
1781965034
1780932858
1780884478
1801859814
1751581414
1751384675
1751396963
2019828259
2029003043
2022711347
948202499
964995139
981772355
981903425
977705024
1040615488
641500240
641503312
773820500
1782493292
1765732460
1748984300
1747198692
1751463652
1751582404
1751450257
1759777506
1755591394
1755591394
1756635382
1753489486
948379662
461777934
444999690
172423181
189175820
139368780
140283596
209487564
342655628
275747468
275681932
309253773
309264062
310371758
310141094
847016110
855404718
847012058
846987322
574377003
557709611
540977963
545172011
553561659
549360137
547128136
1703707592
1695323048
1695068904
1695136488
3842685672
3846879976
3851074280
2911545068
2911412940
2950210252
2940773101
2924197485
2785713703
2785709607
2785774131
2719713842
2736381490
2740575794
2707021666
2709245922
2692467698
2692336627
2692270961
2708261232
2708265232
2708306192
2716727604
2716858676
2716858677
2716695862
2817274358
2951479782
2909536702
2825720762
2825728506
2825862362
3899603162
3907729434
1756051482
1772763162
1807366154
714750987
714613769
709402632
973644136
990425577
944354281
944354987
940160687
1007271591
1007402723
1007402723
873119459
873135715
810221425
810209105
843730241
843730241
844025152
844090704
844094832
843971952
843906913
843889633
575454193
592427985
1615772497
1615854419
1615723379
1615723379
1615723363
1615625059
1615625059
1615690611
1615813459
1615812947
1615691123
1624112227
1640873075
1670159603
1670159859
1674354131
1665964995
1661966979
1628412595
1628371683
1661927139
3809378019
3792581619
3796775411
1649352931
1657741558
1674522846
1640829146
1624055242
1624054106
1888295194
1888434190
1888364558
814622726
277625863
281808903
281821205
281956433
332329424
315552240
315544048
315593120
315405728
307019169
1380752817
1380957585
1380887953
1397730709
1343073781
1880997375
1881013759
1885339119
1902045167
1902077807
2002613119
1977430335
1977430335
1977561405
1977577789
1976922941
1976848937
1968198201
1963987673
1962935961
1610614457
1883254201
1883252923
818097307
818035915
818041867
834912283
868454427
1942204427
1942336586
1925481946
1649183994
1661830334
1661895838
1628344734
1627824543
