1358699583
1356598287
1372392455
1380910421
1380959733
1376228277
1376227989
1376228245
1912640421
1916834727
1925226935
1656989079
1648536718
1644346591
3791886463
3791816749
3875711021
3842156845
3826690861
3830892348
3763847708
3760014109
3759960941
3760005999
3776787431
3780969447
3813474942
3821355550
3787740682
3787783691
3771001355
3770739227
3762350619
3762346507
3774897675
3775143435
3775143515
3779332987
3779336554
3812965483
3821485163
3801035899
2995728474
2995728474
2458853450
2190221386
2206991438
2206994302
2173491822
2173483886
2173548902
2177743206
2177743222
2169485398
2170534103
2172631239
2171582685
2473441436
3010312380
3010443452
3006183596
2737813692
2737420476
3812276460
3778738412
1631201388
1631201388
557459741
561723933
561711645
567872061
630799933
630795903
1706765951
1975262927
1470906063
1202506375
3345332919
3349527221
3349510773
2275752503
2242198071
2242263335
2225485863
2225416231
2230585399
2163476567
2155104471
2171984085
2170018245
2170485189
2244931013
2244995541
2228025825
2229066211
2220661223
2373818871
2373950934
2373893586
2373894098
2373894098
2373959634
2356522962
2356521682
2352327251
2299898451
2333538899
2315680339
2315659793
2315659825
2597268277
2597071157
3666622773
3687594021
3679000613
1527453749
1527323669
454638615
454573063
524036165
1060898885
627964279
627964279
627964279
627964279
627964279
627964279
627964279
627964279
627964279
627964279
627964279
627964279
627964279
627964279
627964279
627964279
627964279
627964279
627964279
627964279
627964279
627964279
627964279
627964279
627964279
627964279
627964279
627964279
627964279
627964279
627964279
627964279
627964279
627964279
627964279
627964279
627964279
627964279
627964279
627964279
627964279
627947895
896384375
896382453
359510517
342733297
342733297
275625395
275626419
275626418
2996658
19773874
1110292914
1181661570
1191099778
1184818626
3332235570
3334336819
3338524451
3354257185
3312437041
3312359185
3580789553
3581903729
3581904849
3577712577
3577716289
3577715537
3577592689
3577605475
3581799523
4252818531
4261205091
4261279075
4242531827
4234079955
4229944963
4229908115
4229519027
4235813539
4260897187
3187225010
3216520338
3216536738
3199755490
3204212210
3203165522
3219992326
2683125558
3613727542
3589086166
3590265815
3590266263
3590131127
3590067605
1442590869
1434202292
1434251508
1434296660
1361420545
1361356033
1361362193
1365282083
1366723619
1400278066
1465298194
1465316610
1465275906
1465779715
1432225331
1174341153
1299988257
1299983649
1299982385
1308064769
1308023875
1341572290
1341555138
1165460434
1165988530
1434432178
1434433202
1441772979
1441111264
2011536608
1937026144
1932848240
1662315828
1662316324
1662320172
1665158701
1631604271
1631608383
1614831422
1631655214
1631917438
1632048606
1673993694
1673858270
1673807006
1649169598
1649235134
1674506686
1673978262
1636213655
1636151957
1619297236
1623492548
1682155460
1677897172
1694674293
1694678397
1862441247
1862449503
1849945438
1867640190
4015125998
3977377278
3977508350
3977467390
3981661678
3990050286
1871779174
1808864534
1810965766
1802579203
1764961555
1769094961
2045906784
951259120
965808080
965818304
964769728
427845184
432074241
423669299
423669282
402702130
1476640562
1480761138
1489149731
1484955185
1489149505
1497554881
1493392835
1593908707
1593908451
1598233827
1585650915
1585667155
1585675331
1585570881
1589884161
1447212337
1447269153
1447068449
1459652387
1426102067
1409482262
1409744390
1409699334
1410731527
1415384931
1415327715
1439442339
1439184289
1976044689
1439649153
1439622529
1439098755
1472652931
1448526467
1448198866
1578162018
1584424738
1584426274
1584426274
3740396834
3757505842
3723924754
3703477506
3703209986
3703210243
3569058640
3573056224
3562596068
3558354596
4095224484
4095424932
4112070820
4149875876
1994264708
1993740429
1993687437
1455473661
1447084905
1448144697
370207001
909175049
909175833
909245723
2003997979
1953662219
1962051338
1960216330
1960216138
1950648043
1950652139
1694806761
3875836525
3875914348
3842490989
4249318253
4232455533
4233506255
4233505998
3721792646
3721661606
3751025830
4135855334
4135940310
4136034374
4136017926
4156989447
3579293703
1410839557
1411312644
1411275860
1426918884
1459881440
1464075232
1992557536
1988559844
1451295316
1468101189
1438869063
1413672518
1547889350
1547880902
1549125846
1549061358
1557456110
1440015582
2010575310
2002178910
2002241407
2002089775
1963222830
1459955486
1460086542
1460082494
1447301926
1456231398
1384923558
1384956339
1384956049
1384677520
1439600768
1414440320
1409723776
1410767296
1412876625
1412823330
1412491554
1412493090
1433462290
4151759362
4292264754
4271227170
4271756322
4271827970
4271569922
3202073602
3195552806
3195564261
4286067628
4294509224
4255842984
4238934716
4243067532
4234684044
4231800460
2084450220
2081827244
2081844124
2102487949
2134928078
2119401166
2115172046
2115162638
2052297006
2060484910
2142277930
4289766698
4021593384
4021790504
4025923112
3912732664
3910520728
3909471672
1745185976
1812161724
1812099308
1816281581
1824653813
1958807509
1958744007
2085628614
2102602438
4283574982
3738312390
3738308422
3734177046
3733999926
3734040886
2662375718
2679414822
2646388782
2646454319
2650375220
2642118900
2505676980
2534992052
3608705152
3608807552
3608808832
3608806880
3579646816
3588170545
1440621059
1163290370
1163386626
1162665746
1196203282
1464704275
1439612691
1439608659
1439543281
1565372339
1561324979
1561320883
1594707123
1577847970
1443110050
1447505378
1590050610
1585856051
1452617233
1203006977
1173712384
1282930176
1282852352
1293387280
1560643184
1594140641
3745818593
4282688995
4282824131
4249257411
4249259459
4228286787
4228369249
4229184481
4229180389
3964940197
3973856677
3986425253
3984852397
3884201149
3888407693
1732568461
1732617677
1732687693
1732413199
1699907335
1679011607
1678880623
1677835247
1677823919
1677758399
1728171405
3863184845
4005737981
4005749805
4023510335
3981468958
3962578710
3962646326
3962707814
3983678438
4021423014
4002482582
4002483589
4271058304
4271056320
3755156803
3715182898
3698536754
1550004530
1550923042
1290812450
1217411122
1217402930
1217415249
1217517632
1234232640
1259381504
3390210560
3390210561
3390214659
1322431319
1318305782
1318435830
1302112687
3437029549
3424418028
1276988668
1144995852
1143881996
1416553221
1432789781
1433838391
1431807779
1967492403
2001177873
2135858177
1863236865
3993996608
3993538033
3993603553
4010472865
3943311265
3910018721
3915191971
3973908131
3971813027
3971817107
3971295123
3853788563
4119864450
4153423042
2009099458
1459678530
1409329986
1409329970
1409333602
1950390626
4098133298
4106718482
4107175186
4140729603
4141792513
4141788417
4141853968
3059545377
3055345953
3020693793
3154972961
2752381729
3830383397
3834058549
3850787588
4001782284
4001815052
3997686284
3994344972
1846604328
1846567464
1846571560
1846546793
1800409448
1810977896
1806911720
1805764856
1805765065
1806826443
1777465034
3916554955
3916559067
3916559355
3916526057
3899994601
3899733481
3899801067
4241635754
4241632170
4241959870
3700696478
3700691078
3633660038
3650539714
3652628674
3753816131
3741230161
3732909424
3728715632
3727595345
3732898163
3732787683
3749454050
3711705314
3694931170
3694934242
3699325095
3707648417
1571690880
1604722048
1453733760
1190609792
1182057360
1175758817
1465165603
1433775907
1358348035
1357290755
1348902147
1348965395
1361441907
1395094771
1395004579
1396114595
1460930018
1474037602
1436358178
1438330386
1437281794
1437280771
1437231617
1441454848
1432996160
1428803008
356308432
354214240
354215264
895247648
928808736
861724469
861788967
601210663
591699751
574918455
574983943
591764743
591768839
855682354
1896141858
1879508322
1879442850
1879445410
1950760866
1954955170
1954963075
1955059585
1971623808
2009179008
1984012752
1979752784
1712370976
1714466084
1714481189
1717692455
1713891374
3878091110
3849768310
3849750358
3830744598
3772023351
3785130789
3854349104
3858686208
3878576384
4012777728
3979218721
3979086563
3983809251
3975416802
3968879090
3968883906
3967873218
3967869123
3972128833
4244824131
4177716291
4211268914
4212280098
4199750178
4208003682
4203814482
4203746882
4206891586
4274000722
3737400306
3670483955
3688247201
3651017121
1553926289
1287522433
1291724929
1283390593
1299551728
1165275488
1467261728
1467065136
1433511696
1433642256
1429453904
1429445841
1429708017
1427627233
1427492067
1426345955
1464159778
1465325090
1473717778
1475814978
1474635202
1441213875
1436944529
1437468801
1441155456
1474681216
401928112
359703520
359702880
812683552
808497440
808625457
1882369299
1882365218
1901305634
1943113506
1926466354
1993449218
1993387778
1985015570
1984976674
1979975458
2001143650
1950748514
1960196579
2090211777
2090237376
2094067136
2101405104
1577099744
2113970657
2114098627
2118290754
2118360402
2102651218
2085808594
2096290002
2096352417
4243639456
4233160096
4245742032
3977442113
3977433617
3983692337
4260647715
4293141303
4293142311
4268113719
4268628743
4286450439
4294773591
4254866919
3717989871
3700688349
3700717005
1574266317
1561750989
1595293141
1595022773
1595018677
1599145397
491848887
491794579
473964691
473964722
473969122
213975842
1304576802
1334994434
1337124610
1320414978
1320287538
3465854242
3466443826
3466572818
3482956822
3453519159
3453519652
3430516324
3430585972
3430601300
3426468436
3443016668
3476582876
3474548220
3726208492
3729390060
1590426605
1456126927
1456193359
1472771343
1431867679
1411092765
1880805661
1880781180
1880831468
1880634796
1879586212
1883780516
1892173220
1619576213
1619838407
1624022279
567065862
592423190
576629015
576628999
572452101
1645082055
1644818855
1644810663
1649377703
1669694887
1669629365
3783296452
3766523136
3762398464
3758269696
3758288432
3758255648
3762428452
3787852517
3885370294
4137097654
4141104562
4132722098
4128556466
4145280402
3880887682
3847268290
3855660819
3857819155
4126335489
4117914113
4112651777
4246865457
4246996259
4234427427
4242832418
3970254882
3971205122
3968977922
4236282947
4257326401
2135073345
2114118208
2048054896
4262545249
4262485345
4279303395
4022586594
4018390210
1837167810
1841358274
1833031042
2132213650
2132209650
4281752434
4281797394
4264300290
4268238130
4276625698
4272435490
4222156854
4222160902
3651674375
3655871749
3630775077
3630832229
3630828405
3630829381
3380152135
1299722575
1333289310
1339581806
1322837870
1591340911
1591406431
1610274125
1601946973
1568260444
1429852508
1427894620
1411117564
1414092268
1414034860
1414014380
1414018989
1414027183
1414023103
1950926750
1950932958
1900711374
1934276942
1926932807
1926933831
1926800855
1918411239
1914216871
1913238447
1644790701
3775891429
3771631589
3766912373
3766924548
3772097540
3759449108
3759189028
3758222628
3758279140
3779251116
3812772781
3821166525
3872613781
3864061333
3864060053
3880841367
3880899063
3847472930
3857893170
3856819730
3856819714
3890357766
4016183047
4016508727
4016312103
3983810407
3975421799
3970964823
4237303111
4237313089
4237348929
4237418945
4257407937
4282573505
4278351505
2130857633
2131839907
2001754534
2001754278
2001738902
2001745030
2001740998
2001806454
1473471782
1441953058
1374844690
1373853442
1373763330
1408300850
332760371
332825875
315016451
307690497
304018433
306168849
322749729
322760033
324857185
861916481
861855041
861918673
861926609
1902112976
1910501873
1912590833
1912066965
1911912341
1884635061
1880963767
1883192222
1887379118
1891442350
1958684335
1958495119
1956438733
1419568077
3571229501
3581715245
3581736749
3577085743
3610671902
3593624350
3606203166
2528268142
2527282686
2527130079
2527125855
2522911023
2518909743
2535883294
2640769566
2648941366
2644762919
2644566055
2631988261
2623554613
2619493572
2620542404
2620554133
2620553879
2622716567
2639297175
2671799190
2663444438
2663443798
3737380151
3604209973
3606180145
2532364561
2522992945
3542241569
3509731683
3492939091
3492941122
3513911618
3522238818
3517983010
3281025330
3281014067
3285243251
3251725121
3242354497
3242336064
1078004528
1078016288
1078077712
1146238976
1146230784
72555824
68232480
336605984
353637152
338958116
880033572
879496997
627964279
627964279
627964279
627964279
627964279
627964279
627964279
627964279
627964279
627964279
627964279
627964279
627964279
627964279
627964279
627964279
627964279
627964279
627964279
627964279
627964279
627964279
627964279
627964279
627964279
627964279
627964279
627964279
627964279
627964279
627964279
627964279
627964279
627964279
627964279
627964279
627964279
627964279
627964279
627964279
627964279
627964279
627964279
627964279
627964279
627964279
627964279
627964279
627964279
627964279
627964279
627964279
627964279
627964279
627964279
627964279
627964279
627964279
627964279
627964279
627964279
627964279
627964279
627964279
627964279
627964279
627964279
627964279
627964279
627964279
627964279
627964279
627964279
627964279
627964279
627964279
627964279
627964279
627964279
627964279
627964279
627947895
896384375
1030600119
1030600119
1030599103
1030599103
795721663
728611263
732281279
715504063
1793439997
1793439805
1780661261
3996300333
4013072429
4010983533
3976413693
3976418191
3976274591
3963709102
3967899310
3968294574
3968289502
3968158542
4258560270
4283721806
4262750302
4262943966
4267070718
4275454207
4271260151
4290171845
4256686789
3166037621
3100964643
3100966179
3100929315
3629394962
3627432978
3644198162
3648390962
3648979490
3656987234
3633918679
3633902293
3633884852
3635980948
3656952708
3682122692
2654642116
2654639940
2654634756
3191767828
3191816485
3208585511
3162449191
3170829671
3166651878
3166652294
3164438406
3160174470
3155979686
3172455846
3042334086
4149621135
4134941069
4134876045
4130613181
4282134445
4286528941
4261219823
4239133962
2095588618
1558734090
1575543050
1609281818
1605009726
3752493375
3752366383
3757617645
3713574893
3695947756
3712924524
3746470708
3730213124
4132867076
4135027732
4130705428
4129657604
4280726021
4230402567
4231938630
4231987942
3158056870
3170646182
3183216806
3199748270
3199924366
3199921551
3203983245
3191395228
3208167836
3175080380
3158302956
3162366188
4244103532
4109857084
4126503197
4118050109
4151639357
4151302463
4151232831
4151236894
4084169038
4085206222
4085206158
4044834190
1901483422
1968595390
2010341822
2010210750
4141117950
4141183470
4141142382
4149530926
4099200286
4110341902
4110351887
4110351901
4244434492
4236045925
4236046181
4250916853
4250812919
4250288599
4258678726
4126603222
4126408662
3052470263
3052465527
3086019893
2538730773
2540946741
2541207861
2549535028
2549543221
3086447895
2507498775
2649188214
2682681190
2683257638
2684109606
2675704599
3709608207
3692831053
3693028701
3697163757
3705539565
3705015245
3707177935
3723780047
1576329055
1567925614
1567925622
1551147350
4252476759
4258698325
4292777076
4267676788
4263507056
4263473360
4265480272
4265218400
4276826721
4289274598
3181904614
3181922022
3183007326
3195578062
3191645902
3190730702
3191123407
3191113181
3189147117
3172459965
3154470861
3155588813
3159758543
3036024831
4109639150
4122219758
4122297550
4109788230
4101989382
3565024262
3559781686
3564037430
3564037126
3563475974
3580314695
3610575943
3593934823
3598137063
3606476391
3602339415
3602142791
3618957143
3616860007
3621580135
3604348263
3604438517
3537247636
3528922260
3527349428
1379733684
1379872932
1363026324
1350460293
1357829061
1357876999
1357683479
1357687079
1407494183
1382329381
1382519829
1395053637
1411827156
1412843508
1416761076
1357061841
1356934899
1352672995
1369465826
1474355682
2002883042
1999733010
4113677570
4113607939
4095781123
4095782195
4045444387
4045570834
4146512643
4114006787
4118167923
4101243235
4100209767
4100209767
4100208983
4108790598
4109773382
3589742150
3623163462
3606393670
3606393158
3606532439
3602272757
3617986548
3585541876
3316912884
3321131764
3321123308
3312734317
3306484847
3290227775
3558861855
3294555415
1155458903
1155388245
1155285589
1146962645
1144656837
1144656839
1147799511
1148061687
1156535719
1173218727
1206707653
1189926341
1189905861
1181061621
1113956845
1113956861
1382543741
1382531181
1466286125
1432739887
1415962687
1415930907
1428642843
1428606234
1429129562
1466879838
1458493151
1453912655
1453912655
1453900607
3756572975
3723026735
3698910255
3698912551
3699043607
3699302215
3707684679
3716072263
3716006215
3745304903
3745378645
3749438821
3749440869
4286311780
4286307828
3749302212
3615315908
3581891525
3581739989
3590063087
3590075374
3573294062
3573426166
3573424086
3573419974
2498580438
2498551639
2491219781
2491196740
2541594452
2533204756
2532291332
2532213572
2532295541
2531836261
2532893039
2524767599
2541518191
2508053355
2508126810
2541682254
2550071246
2549929422
2549400030
2541011182
2541207662
2541150334
2541150454
2541150422
2541113542
2536968390
2501193942
3574932646
3562481062
3570810358
3568701271
3568766737
3567519489
3303307009
3294947072
3290949424
3426150161
3426678530
3443447618
3481176018
3330180562
3337012626
3337078146
3332883842
3349500403
3315868640
3300141024
3304335200
3295950624
3291813648
1143407888
1143346448
1143415809
1148134403
1156455425
100027649
133613891
132615489
132484561
132487121
124105553
124253009
86455153
86455153
69677411
73872739
99034595
94860787
94729683
98948547
132416979
132486609
98932177
90682833
124233169
120042993
119911923
119912435
124106739
124237555
132628467
132497363
132496851
107330641
1315419153
1579521073
1579462689
1445240865
1446486049
4130775825
4131291729
4146053873
4112339681
4095551203
4099679971
4108070243
4110171490
4105968738
4122942530
3590261830
1442647110
1467962822
1476289990
1459545031
1454854853
1588937284
1591001684
3738498605
3742690863
3708086830
3691440654
3691969294
3704528670
2644283694
2660794734
2660860127
2660941959
2667106469
2587387045
2587387041
2585408673
2656707989
2683971461
2646222469
2645261959
2628279991
2632765111
2624380583
2624902887
2622800607
2488591071
2501175295
3608178175
3591388383
3591510239
3547465965
3522301165
3518105085
3501601229
1358242252
1349804508
1343549932
1343525229
1343521085
1343589641
1365236489
1381956377
1451158302
1451157774
3598608654
3732692238
3728490766
3728228654
3707388206
3703235438
3703235270
3703227008
3367518848
3370649248
3358080672
3374844320
3374909600
1295914208
1295917248
1300111424
234758145
230637589
228361252
1306306588
1306306620
1297918252
1595714348
3726555916
3604907848
3600581064
3600581099
3599536618
3604787690
2522603758
3055285358
3057308774
3057311943
3074089165
4097499597
4101689804
4110043101
4110108415
4109981423
4101531374
4101514986
4095223514
4112058058
4099605962
3571324122
1421742298
1438519370
1438449674
1572671514
1576870202
1566336298
1566371098
1566350090
1432193994
1465552538
1467725450
1467523722
1467515787
1467515385
1429983469
3581603949
3623542885
3622461557
3585749186
3623552194
3612882402
3574082978
3574402978
3574206194
2546603762
3616159410
3617071798
3619168951
3349997236
3350003380
3311964052
2485750708
2485829028
2435755428
3509497828
3542524660
3542458948
3525607940
3543519756
4051096092
4034290477
3505859625
3572766761
3580102696
3614251016
3597539336
3597286408
3597275144
3605725192
3619246139
1421533482
1421533546
3568887274
3570990506
3558394286
1410911630
1427826062
1427826574
2101002126
2101268103
2102853271
2010312343
1993582583
1993445858
4141056098
3729842291
3729842291
3742392434
3692442402
1414935074
1419641378
1421738531
3569107473
3568066821
3563908100
3576616964
3576596740
3543042500
1932430212
1920831365
1920762509
1937560221
1903489689
4046877417
4046926569
4046728809
4046789405
4084476205
4088662061
4071965711
3533520907
2459812107
3533488587
3533042155
3621119467
3608672623
3591817535
3593914639
3593988447
3597970559
4134905037
4130705613
4129075389
4145852852
4095644292
4099601028
4244292245
3169669863
3161203303
3156484646
3026478374
3034872878
3030730814
3047610382
3081169102
3082152335
3067407295
2518634173
2518549132
2535326348
2537231085
2506641901
3052171309
3048005695
3047997470
2494423054
2494424070
3618499638
3597433895
3593276455
3593407511
3594392581
1581130757
1581131524
1568558597
1556008451
1553899011
1558023746
1548521410
1548526994
1548723346
1599530130
1595331730
1446396322
1467154850
1467294626
1440031714
1418994663
1419519781
1419520292
1436301620
383547652
370731268
1444645124
1377469700
1379565889
1379565955
1383760259
1374585218
1416463282
1952745378
4100234930
4100300466
4108713699
3034901479
3034868069
3043240309
3076786500
3076922820
3085320148
3047564245
3047502581
3047445479
3034895207
3026514215
3039081510
3039081494
4113020166
4146504966
4150699270
4159161630
4150709534
3076967742
3039231294
3043416894
3043942174
2783944463
2779561229
2813111613
2813113388
2951722012
2940187660
2940187924
4013930284
4011308588
3979777836
3979855661
3978609965
3882667309
3882667325
3849313341
3849313343
3983396223
3983361535
3982972927
3982898079
4016452254
4024767422
4007925178
4007934394
4009044410
2930911674
2930912154
2947759002
2947766923
2911960781
2911938381
2911938316
2916132380
2916202044
2903880236
2903814692
2937451061
2937541183
2906003438
2906000878
3916695790
3920365806
3970767102
3970840782
1824137423
2092572879
2090344907
2094543291
2094653883
2094574043
2111351114
2140711710
2126027279
2126163471
2126160141
1987744205
1983824044
4129226925
4146004141
4095606933
4229837703
4241889022
4239734334
4239665726
4239714846
2628053774
2628037150
2650578462
2680128015
2680062479
2679816781
2648424933
2625122532
2625118436
2486702308
2486834420
2491039060
2491029828
3571140956
3579333573
3344690119
3328110534
3330181062
3606938086
3606876398
2532614255
2532614253
3069550636
3067588404
3059199508
3055009364
3054935764
3054929540
3054879412
2788999589
2788425903
2805399726
2742432918
2707830166
2716214710
2716087726
3840157182
4104397278
4104462686
4108727118
4108718607
4108591631
1415849775
1415855151
3563329582
3588708382
3623278606
3606493199
3606492165
3757551620
3757543700
3720254244
3753804324
2683934244
2675482145
2654512739
2654594786
2671662562
2503868882
2508062914
2499675282
2494897330
2494835874
2496933282
2513710466
2279030147
3348510081
3331802240
3332162784
2273100832
2235335952
2217649408
2217125632
2221842960
2221847088
2222977568
2407391776
2396971537
2392774467
2392704370
2396832870
2383954982
2249987118
2269000970
2235445002
2357082890
3435006794
3435075946
3434359275
3432262123
2362713307
2354368587
2367455258
2367651882
2366541870
2639175741
2676793620
2676793968
2643305204
2580259540
2634647284
2635762340
2671442596
2671700389
2524895399
2524727478
2524712086
3531347078
3548258694
3514704822
1425941158
3573490598
1358894002
1358365074
1349992834
1365303618
1398842390
845196342
845195318
841001015
841201685
857914372
857911300
287494148
1362510100
1345650996
271852324
293023269
301873703
297667350
1402800966
1436355462
1435438982
1440667278
1440715406
1558024863
2094576301
2111350444
2010683116
1985713917
2115691007
2117787758
4265238638
4282069038
4248507438
4231674894
4235881742
4240076382
4254793303
3717783109
3751331524
3751331540
3747210996
3743147893
3745146749
3749346687
3757735294
3757787238
3715913846
3692832982
3692899523
3692983361
3692974400
3697234720
3571213088
3585897008
3619603968
3334391553
2394869507
2663157090
2667359586
2656873574
2669456742
2669583710
2636025167
2640287007
2539517215
2539409437
2535260221
2635862063
2619089959
2623482983
2627616231
2627620583
2627587799
2644281031
2681517767
2657007301
2652800705
2652872641
3725367779
3725388007
2584488167
2601463015
2602448118
2602438902
2642280934
2646540902
2629571182
2627482191
3700187727
3700221645
3431251677
3293355005
3290270205
3575613853
3608852877
3592088975
1444597134
1444856974
1444865166
1981670622
2115817582
2132602926
2132795694
2111742526
4255031868
4255090236
4290551356
4286115372
4248366892
4231591468
4231680748
4242166492
4237951641
4103603130
4103660010
4120440042
4116245546
4112103450
4148074506
4148079626
4148079882
4152329483
4152149275
4152215035
4152313259
4114240943
4118435245
4101723564
4109964188
4108268172
4108198533
3579716229
3623821909
3622572839
3752599847
3752599847
3719046455
3702401287
3706591495
3698198815
3627616575
3644526047
1601892814
1518055822
1526235534
1526235327
2054721711
4198018221
4214794479
4282038287
4282038287
4248480783
3174999327
2776532783
2776008231
2776532519
2784921141
2783938069
2808936213
2804741413
2804699173
2804879461
2720927927
3811455159
3815637175
3891200439
3786343359
3770627741
3770103436
4105514632
4105449160
4104416776
4108642824
4125412872
3622170136
3739739656
3739571721
3739501866
3740554282
3748934762
3749532778
3732919354
3741290778
3741225278
3665789726
3661406734
3661423110
3676239575
3625859782
3625851782
1549666694
1560217766
3703049382
3703058599
3719831751
3757625423
3732447277
3749224748
3749226300
1601744396
1580908044
3726293516
3730479900
3738880285
3604662335
2526759982
2530835502
2273000494
2352612366
2352612622
2356805894
2361000502
2361066086
2360877799
2361139951
2361143983
2382104493
2373717949
3443489213
3441424557
3441227949
3440162969
3741625481
1577427147
1578541387
1578541327
1578541839
1607832335
3721770805
3721838117
3696664101
3696660007
4229877286
4112440886
4145995591
4150185799
4135535959
4143805527
4143804629
4160712948
4118761700
4114428405
4095550429
4095031199
4094955183
4098108142
4102294510
4119141262
4152703950
4152649678
3600049038
3604243357
3596448696
3747475884
3714049260
3722437732
3707752756
3707539716
3706495748
3706511893
3723486486
3748657190
3614263334
3610134566
3593078854
3609860422
3609859014
1441334214
1437073916
1437086188
1420304872
1424515368
1429794072
1461438744
1444579640
1377405400
303864267
1377801610
1914605962
2004779402
1693356474
1693360619
1694475055
1694278445
1679598380
1679614761
1679041321
1679166778
1832270122
1870469482
1790904554
1789790350
2059279758
2059153806
1539052426
1505628810
3653165800
3365593836
3365463788
3378032228
3439896164
3708330620
1565057544
1473782280
1473843771
1375354154
1366964270
1362757742
1362757886
1346189454
1895566
18448526
31359375
98472326
96899462
96777570
1170514978
1162126370
1162735906
1162797314
1201332998
1301997062
3449474579
3434728033
3438860896
3430477408
3426280032
3443249728
3342517060
3329934148
3338322244
3539923284
3539924420
3531603340
3548183448
3548179369
3514624937
3514620331
3523008954
3514826170
3548308890
3547292058
3547099578
3509350778
1366057258
1349083182
1357504558
1357636646
1357577239
1374338052
1407883268
1399490560
1396284432
1126020144
3273650480
3273584896
3275670272
3544105489
3548239457
3555720929
3517885377
3517876611
3517548727
3517488295
2447959206
2468880550
2468880558
2469013414
2435720870
2448307942
2981036582
2980844038
2443993615
2448204557
3522143005
3522143752
3555502616
3538467368
4066937449
4063791275
4131060907
4131057818
4129976462
4129960078
4146999438
1550721983
1559111399
1554975447
1554788055
1487679223
1487679334
1487676710
1492923446
1493057542
1492836615
1492754711
1484301111
1501078077
1534633837
1599647229
3747134973
3747191037
3713783981
