2547499785
2547405625
2547397417
2508677929
2508677933
2509759279
2442638119
2442430247
2981400359
2985593703
2473363958
2469173462
2452478038
2453543030
2453551158
2467964982
2434411574
2982817334
2963160629
2426210900
2428242500
2428246596
2448218692
2168232308
2434636132
3507403621
3507403637
4044339781
4044208711
1632483909
1632484181
1632631669
1632631653
1628437477
1628404725
1628257245
1628257247
554514911
1628387582
1632581887
1909405823
1372403805
1368209421
3515824141
3247339789
3280988735
2207026734
2207029854
2207029630
2207029358
2207037678
2211297518
2203039982
2471409918
2467215614
2433662207
2971581661
2975841437
2975832252
2707339708
2703145388
2703210924
2703210732
3776888044
3810458813
3810454685
3810258109
3810164159
3810139582
3814333374
3822918334
3818732255
3787270687
3787270687
3770493469
1623010844
1622681148
1622684212
1895301684
1886978580
1884820036
811104069
810085829
810141895
810272903
290441623
323942807
1447456150
1447225222
1447223942
1455600310
1455665830
3749749678
3749750766
3716197758
3749756286
3749887295
3619861821
3608330524
2534588700
2533769532
3573970232
3578211640
3578211641
3578210617
3612834585
3528838923
3537358602
3537209162
3537212890
3527709166
3607396782
3573907870
3578188175
3695604109
3695585236
1480731492
1480796708
1481845284
1481849380
2018844437
969938183
969945103
953167935
968896559
960508975
960506909
960518429
960551261
960600447
960601599
960601599
960599487
994292158
994292671
994158527
985776062
977378238
977509310
994277823
994453887
960903487
960903487
952503613
953553197
953549117
952108829
943720205
960507677
956324221
692148605
692181373
692181375
692181375
692189567
692185471
692169215
692165119
692162047
692166143
700554751
968998399
960609790
423867838
423863742
407090622
1480824222
1476560062
2026017982
2021831870
2022155455
3901068461
3901134237
3922106248
3948318456
3928410664
3928193576
1780558376
1781541432
1781541400
1781610264
709951800
1787904040
1804697640
1803587608
1803591688
1770041160
1765841608
1761647321
1761712888
1761712632
3892485544
3892507820
3892452772
2885815716
2891059108
2767325872
2762148528
2761956304
2812296464
2728656128
2728568067
2728830466
2728699442
2732893794
2737080050
2737147538
2737217170
2737225618
2737306102
2737109222
3810809965
3815192620
3815123004
3815188540
1667578932
1676098580
1671836724
1672363063
1638800694
566169106
562765314
566763010
625483330
759701202
793254610
726145750
726146006
726407638
736041206
733354110
733427807
730872927
696317005
964736204
1002480076
977310108
708940220
1782685108
1782684084
1791072692
1791080884
3913526205
3909528479
3959857030
2886111206
2887174118
2889729382
2889635174
2909566247
2917492019
2917623057
2917563649
2919136513
3992874305
3992911185
3992575459
3992569315
3984152514
3984222146
3984218050
4251649394
4285275426
4285275491
4285280113
4286459728
4286472016
4290236368
4122271184
2813697472
2813771200
2812710336
2817492947
2808985570
2804196322
2804196326
2770663398
2770652654
2770619886
2808436974
2816825598
3873798231
3874974791
3874907461
3866518868
3883365360
3849802720
3833026000
3832944064
3849723328
3891481968
3874511713
2796584801
2796580451
2800872963
2817783553
2775832321
2767437057
2767437059
2767436035
2758122291
2758122274
2753953378
2805333986
2805325798
2788478438
2805222882
2808368354
2774891746
2783276146
2783411250
3856890899
3857874179
3849774339
3849774339
3983996691
3984056115
3992309603
4025802595
4009222131
2934427075
2926042563
2925884867
2921621475
2921605091
2942572515
2950979559
2950979063
2946850263
2913918277
2913922885
2918117125
2901278517
2901206901
2892818261
2888688983
2888588642
2888584290
2892778594
2901232738
2901367826
3975050242
3975078914
3975078915
3983469827
3983539475
4016950625
4016950624
4000171504
4000273856
2934929344
2934925008
2934798048
3194248928
3195358960
2943844032
2943839936
2918580048
2914375537
2897541107
2897522386
2901782230
2910170742
2906099254
2906099222
2939538966
2939483702
2938431279
2938430765
2942588200
2808431928
2809087288
2817475960
2783934456
2783802360
2783802296
2779533753
2779533754
2783269274
2816832954
2816867770
2808478138
2808469658
2808608906
2804410506
2808605898
2808538315
2808538329
2808606840
2774909240
2758267160
2758205752
2766594856
2762463016
2762329385
2766208297
2757819705
2775045451
2791753035
2791752971
2791753529
2791821097
2791702313
2791630633
2800018809
2816823803
2783265722
2783265706
2783429546
2775046074
2775055770
2774924698
2774920346
2774918362
3848791258
3848462410
3848429642
3831723099
3831587961
3831590269
3831709052
3831635828
3831635540
3831699024
3839955472
1692472080
1692480272
2091066112
2091065600
2091069696
2141655299
1051133250
514133318
451267014
442825182
975481246
975482270
975482266
774157722
1851831707
1852876729
1848681400
1848746744
3996295784
3996316200
2939351596
3072487981
2804028205
2774668079
2778923310
3047227694
3030384878
3030651054
3030651054
2497970363
2485388443
2485519545
2485532121
2502304329
3622183433
4154876427
4154843722
4154762826
3588537914
4096559402
4096559162
4230985739
3962480648
3962022920
3962020104
3961684536
2942468648
2926740012
2924651052
2920391205
2920342055
2920346151
2920305518
2920284654
2924746218
2943616234
2952070330
2913403034
2913341658
2913341658
2913407194
2914332746
3990171659
3973523209
3972474377
1816473112
1817472536
1813306889
1815384009
1697418633
1730972809
1848413337
1847954585
1848087707
1847759003
1848021435
1849078250
1849090858
3996574506
3997098794
4001293098
4001034554
4009414923
4026253643
3992572377
3908694521
3967542712
3967509912
3967776664
3900643224
3899987944
3967030248
3975156200
3975164393
3970962810
3904075034
3906137370
3908304666
3897687834
3947953674
3926978059
3926978313
3931242264
3931297080
3931263288
3931525432
3939979576
3940372777
3940405611
3940537195
4007326330
4007327438
4007326670
4017861006
3984167066
3967336635
3963211929
3963351193
3963547897
3963540969
3967113064
3975444265
3974391099
3974112586
1826633034
1818303866
1819352554
1819500010
3983760858
1878121930
1857093067
1857087307
1854973771
4006716187
3998413595
3994219291
3993170747
3926348587
3931599659
3932124971
3940448059
3942306575
3942306575
3958100315
3903426937
3907621337
3967537609
3963344073
3963483289
3963614632
3962926504
3964958121
3989845417
4023392249
4023588827
4023547482
3983767066
3916486426
3899719450
3899714842
3899780106
3897818123
3914456075
3948016955
3931361641
3931325305
3927380985
3931599849
3940512745
4003352937
4003119465
4022063951
3988513615
3975930319
3967545823
3963344383
3963213241
3963213241
3961517545
3965671401
3973927785
3973346169
3973326683
3973326170
3973328362
3964681450
3964673514
3964755354
3964755338
3990083531
3990083531
4019450841
4002669401
4006732635
4006666523
4265632059
4265685291
4266078255
4267053103
4275962157
4277797148
4273619276
4290433868
4240029644
4244221900
4244221896
3967533000
3967524569
3967653627
3961304810
3960780778
3960780138
3960509802
3977298986
4010918970
3996316698
3996312602
3996384603
4017184123
4017184251
3998293979
3998422939
3872602011
3872600987
3872600507
3872657851
3872666043
1721577915
1721644505
1723495881
1726641481
4142622025
4117327177
4100713756
4100709676
4109092156
4109353732
3840791044
3840270869
3840270887
3840275238
3975206190
3981495342
4010887262
3994179678
3996350558
3996351966
4000415226
4000347642
4006671834
4006671322
4006732666
3939591034
3939590714
4208027162
4208015163
4208014633
3201652008
3201652008
3202306328
3204116744
3204109064
3187312136
3170604632
3162087004
3162087165
3157901039
2893659822
2893592494
2902241710
2902233262
2910114030
2939536638
2922628218
2922640442
2922636346
2922505274
2926699610
4000415098
4000538618
4008925946
4006829786
4006829786
4006690506
3998234458
4000592218
4000657786
4009718139
4009644859
4009382681
4008342285
2792055116
3077268812
3026941260
3026935256
3027914136
3036632984
3032437656
3032306600
3031716777
2694075370
2694083050
2689922154
2687818810
3828799514
3827738650
3827738890
3844516106
3878133003
3860972873
3862020936
3861992440
2792567784
2809279208
2775724713
2767262379
3836752554
3769639594
3769640890
4038075802
4054857114
4059043018
4050719818
1361392714
1361404937
1428513801
1415959816
1417135880
343365129
343357017
342963961
342890171
359860155
525468843
517092523
517153979
515925151
517005405
510701597
375435293
392208429
1474342957
1440789549
1436657701
3585320999
3583154231
3586300390
3611446182
3590391446
3591504518
3595698822
1454510742
1454511011
1454387683
1609575459
2133878787
1579198471
1042524165
908175367
639928405
644188373
925273220
875744644
1947364996
1409429156
1413490340
3560973029
3569357351
3582988855
3585089854
3617677374
3617707070
3584278574
3584458794
3564077098
3560472651
1545176201
2082118792
2082121864
2098768296
2132388025
2138736778
2138754250
4285251594
4281090058
4247535658
4260229418
4121880105
4121880104
4121880072
4156408392
4141662872
4128817832
4128817833
4128772523
4128768170
4145808570
2085558426
2094934218
2090739918
2090756430
2092362509
2092209677
2108981772
4023681544
4200051224
4195787320
4195788348
4195722796
3121917484
3122461228
3122448876
3126611116
3133082876
3149544677
3099206885
3097108727
2560238022
2560238150
2560242262
2560165414
2312638006
2346191159
2331519015
2331517989
2348285996
2363031576
2363048008
3432620105
3432555467
3455692778
3711671274
3608840682
3592325626
3591809226
4128680075
4145448073
4147413129
4147937417
4147937449
4133417449
3063866345
3063833449
2996703533
3002343741
2989761820
2989829400
2971020057
4040567305
4035328539
4035385946
4035190490
4032055002
1913930458
1914487450
1914487194
1376538778
302871738
307199166
1397651606
1414461634
1414457410
1422846210
1419479810
1419292178
1419290131
1474012672
1593484800
1593478912
1584106976
3727199648
4264082848
4264290208
4264191873
4264183683
4285351330
4125914338
4110165154
4244384934
4244515974
3707644366
3703442126
3703507558
3753392741
3736627748
4276678428
4264097052
2050524220
1497013261
2017115149
2029693967
2029685767
2037945399
2050531365
2048450660
4196066276
4267361956
2128217748
2096760452
1954231941
1949901447
1954357934
1958020014
4104455594
4104130027
1956698345
1692444873
1696639433
1696639435
1696839627
1730314698
2132967498
2133246010
2116972586
2121211946
2137533486
1575558183
1558850341
1420439125
1554648705
1420447360
1420478080
3572139648
3588719232
3605111680
3605037952
3596714832
3525346852
3525339685
4062194285
4133497583
4154597355
4154591146
3080716714
3080716698
3076542602
2539708618
2535514138
3575708702
3563116814
3571641102
3567446559
3567446637
2497964909
2515590628
2540733780
2540930052
3056768276
3061034772
3060842004
3068182036
3068378645
3060184629
3060262438
3056369190
3056406374
3056471526
3056471286
3056540886
2523741266
3584496658
3567653890
3567658241
3567673856
3567567376
3311702560
3307512592
3240535364
1076276544
1348897728
1357875873
1357168549
3496257445
4033144813
4113876957
4134979213
4134960847
3598068430
2524326622
2522102382
2522095150
2538870126
2492952618
2495045675
2629627944
2629620024
2628567564
2360108621
2369537773
2368294573
2636762543
2506868910
2512050362
3048908938
3048908939
2514069899
2503576267
2537266891
2536154827
3073042059
3073042075
2804739499
2800524523
2796326127
2796522589
2797513741
3061769487
3074371342
3073191454
3157142318
3157141806
3102345262
3098150974
4171958302
4171761678
3651677196
3384288268
3380090188
3359113548
1209652164
1209590743
1208526758
1208528806
143174646
1216977878
1485412821
1535811012
4271549900
4263153100
2654707708
2654578428
2654512748
2653463080
2653446712
2670273049
2620007209
2632589611
2494169130
2494170154
2495233038
2226858062
2230847710
2218264718
3342551182
3325721742
1178268813
1182528909
1182462364
1448796604
1448862124
1461514732
1460986668
1429512748
1429250600
1999671864
1980990985
1980934681
4140017961
4135827496
4135946472
4136601736
4137536904
4141404808
4101526153
4097704634
4097192618
4096926634
4100989098
4243595374
2095057934
2103465998
2145413134
1591933214
1592162606
1588516910
1589300270
2130414622
2119798031
4263030029
3747131148
3682250500
3690642692
3682239797
3675832613
3675783463
3625460070
3696898774
3701080790
2629437094
2629390246
2629355951
2625173695
2635638925
2651368844
3725240204
3729434508
4283070392
4144697256
4111010217
4044032425
1896495529
1901731247
1910116751
1905996175
1939403085
1924702269
1920507947
1379442731
1379701786
1396475914
1362921482
1346291722
1344161802
1415457226
1423583114
1421345723
1421345453
1438126765
1421353660
1425793740
1425707596
1434092076
1463330604
1463330061
1463333899
1463387146
1463602218
1430019114
1413180682
1950015258
2095746666
2091550443
2091431673
2108203976
1873322440
4013470968
3996820712
3996820588
3997082908
3997074972
3996566061
3866477103
3864289838
2803114734
2937332414
2905878702
2910061734
2900626598
2896496806
2762348726
3031579014
3031580550
3031510726
2511369943
2515597301
2549147124
2540741108
2523959676
2517669140
2536748821
2536746775
2535964182
2535906838
2535915062
2506520118
2507020038
2632846786
2633895298
2632649890
2632459430
2649236646
3756531927
3756794053
3480036559
3481087311
3443272814
3440912750
3445124202
3448496251
1285271885
1285067084
3432546572
1289265452
1282978088
1144633640
1144764648
3610949864
3598625192
3598621068
3598616972
4131160972
4131161080
4133269864
4092895528
4059341096
4059345199
4084594022
4080463334
3006712230
3006712230
2740374454
2708929414
3782668166
3765874630
3764821510
3790052919
3798253367
3797987093
3793808645
3861115909
3861083173
3861069861
3865247780
3873570869
3890356245
1977754901
1960984083
1957829138
1421281810
1421285906
1353980466
1358184018
1104422786
1113449859
39761027
39748739
41848195
53447058
87005650
1164966690
1173221154
1173153058
1173152034
3354157346
3345965330
3622236994
3588670403
3585590963
3566515873
3565463457
3565200865
3569395172
3561006372
3574775092
3574778116
3610442500
3610442548
1446402849
1446317347
1446315010
1396117570
1396588722
1946087586
1939772307
2006880897
2008981121
2009045632
2012056192
1986894416
4130123297
4130137639
4130103591
4129562670
3861127278
3865510126
3840279710
4104526991
4104523149
4104261324
4037101276
4037046876
4037042780
3504662124
3496466157
3496339197
3497289471
4029959934
4051455982
4068341998
4075747582
4075744462
4075726031
4067402959
4063076573
4079915500
4029584108
4110325356
4127045164
4142720557
4134298157
4130087469
4264304684
4130078760
4146462760
4100328456
4238743752
4239800713
3700578954
3699440298
3699408554
3569377962
3573559994
3573617658
1427247930
1362244126
1903306255
1893806861
811807004
807481625
807751961
808767497
873763865
811372009
818711977
835683993
869176969
332321416
399405705
399405769
1440166185
1440031787
1423387691
1163339803
1163274314
89544906
123620494
58474686
66896046
66896126
66834655
57332061
23786293
19587605
2811397
6934037
6872829
16313279
16308639
1107003551
1407944875
1458347178
1458349210
1449435274
1458016458
1457946974
1457697578
4134576682
4134576683
4134579753
4151573288
4149406072
2001987800
4111686792
4111684745
4113642635
4114023579
4118160811
4126566125
4122138237
4122068508
4054898252
4054906444
4037080788
4042389479
4042420134
4042407334
4042341798
4050720166
4083220982
1931546998
1931485462
1931485455
1931682061
560147725
551807288
551614744
551590153
820296971
809273098
809206282
825918030
857375438
1930073006
1934140846
1925754031
1921620157
1938458757
1977257093
4124745157
4118734277
4118799157
4152156973
4152156973
3061610284
3078553132
3044997660
2908727932
2900143852
2900141816
2778497752
2778498009
2812051883
2807865770
2786387114
2786423978
2738291898
2704672142
2687897022
2699442606
2695109550
2695117310
2963553623
2963285255
2984256773
2482184453
2473664820
2482184484
2175930660
2207647524
2174187388
2441408508
2475473324
2475461032
2463082681
2471471769
2472520347
2434707163
2417932031
2420036350
2418983670
2435740406
2448187618
3014411490
2997634146
2997804082
3060717571
2540632069
2507057156
3052316932
3052317476
3085732644
3060304189
3057159231
3057169454
3057291374
3191521510
3191488678
3156935606
3157136006
3161339526
3161332370
4109118115
4109118130
4109117842
4126943362
4143391874
4143341698
3602309250
3602289027
3600975843
3613443941
3575705381
4112576293
4112709380
4150425364
4158789469
4158785005
4158719469
4126170607
4126440958
4116803022
4116833742
4049728974
4083271038
4091774319
4091655487
4049659165
4045466893
4045532428
4028822876
4033017852
4108507133
4058437597
2967816157
4058273773
4049887205
4049895421
4083429343
4066848703
4075173823
4075165599
1919291806
1919357342
1915039982
1919186030
1935963166
1944374286
1944366094
1944566806
1902554135
1881320455
4028804359
4028800773
3840052789
3857882661
3891568165
3872691765
3864393269
3860787749
3860742887
3860333479
3860333734
3879210166
3850176662
4105836678
4105845826
4240057346
4239008018
4243071506
2624071170
2624208386
2633649714
2629393186
2629336166
2679665910
2662879367
2667171996
2524566700
2541354156
2507013036
2502810300
2487212764
2486558412
3023349324
3044516364
3052573500
3051589932
3052442668
2784267301
2775878965
2803220277
2803363445
2803295959
2803294918
2803266238
2803106478
2773758382
2782138542
2780041454
2763280506
2763198475
3832688907
3828494091
3845204507
3845290795
3890378793
3869558825
3869559817
3869623496
3874472073
4134457481
4148065689
4145948075
4111804330
4099154602
4107600570
4103410618
4105245626
4105196030
4120966478
3584091486
3621895479
3613638423
2540082949
2535884037
3072759060
3072832820
3072832820
3072845108
3078088500
3044501284
3044505196
3050788589
3084341231
3084373999
3084242430
3061112286
3061118174
3061114063
3077957087
3044439005
3040236509
3023438557
3027703517
3027531647
3035915631
3048533039
3048535087
3047543871
2984760586
2976372490
2973234698
2973226526
2970961534
3038205807
3042403693
3050665068
3050593404
3051117596
3051353356
3051288332
3084842828
3084908381
3084703231
3076314606
3076314350
3042825454
3044734454
3044734406
3040540614
3023828695
3027887829
3027888085
3053053428
3052983540
3086867700
3070229621
3070162997
3204369703
3196046630
3194320694
3190121270
3206640402
3174134290
3161544226
3167841890
3100708435
3099668035
3091410499
2554478146
2579635778
2608992050
2593195298
2593132578
2593132642
2614104306
2681221270
2369806486
2369807758
2369840526
2411849102
2411914634
2395140235
2396176459
2264187963
2263141417
2271537193
2238048312
2238703640
2217725144
2490273176
2498664328
3571884680
3588719256
3613885112
3593836220
3593578396
3593576940
4130447596
4263620717
4263743599
4284653599
4293042191
4284589087
4280335423
4263549999
4264663087
3996646461
3996577049
4000773433
4009117499
2952152923
3187623935
3170637805
3170703357
3169785743
3169785487
3169654525
4242808813
4242817005
4175773045
4175703317
4175719685
4176768261
4193707269
2079782151
2055116086
2052889638
2052897830
2048436278
2048501766
974896131
976927811
974836817
975094897
1042204017
1046367569
1048006451
1056262963
988629299
997022002
997026098
997157138
963598594
963464019
946691827
956133107
955901553
955905649
953800305
953808753
953741139
945351507
962325459
962255826
995806199
1003473399
986569205
986508533
717546748
1782882556
1778753756
1795600888
1795589096
1767883496
1834993272
1828706904
1761204795
1760156218
1751669034
1768429610
1764236346
1797861402
1797992474
1802113082
1776944506
682231386
950746698
951660106
951660234
949497546
949513947
949513944
467168760
442002664
437808360
454786280
403330488
403330972
940209820
1019901588
1016626869
1016621745
882391475
349714563
299448451
291125683
291127201
326766257
325783217
325598865
870854357
870903509
871143285
862753589
594391869
594522941
593998141
828739613
824546329
807902237
807910429
807844927
807845166
1948692014
1952894558
1959153294
2093375118
2110158478
2143692446
1603478014
1536172271
1536172159
1506811933
1481733149
1481733421
1481899821
1481834045
1481831965
1498666509
1497481743
1497486087
1497494295
1480716598
1480708902
2017523494
2017584942
2026042911
2042811919
2076395023
2076249629
2068061757
2063866493
2047097853
2047098365
2051349757
985994333
986001501
981807197
981479548
981475372
985686060
985719076
994308900
956551716
939578917
939578917
939578965
943980103
943914575
960757597
960626525
960618365
960623997
969142655
969339231
969930718
953024478
944270062
944270062
961100798
994713055
994710735
986321103
982188253
982057213
998797565
1003251199
994897775
457572197
457686901
994285397
969119189
968987095
943821311
943757310
943831022
943963902
943980286
960757342
994246223
2068215311
2051993886
2127548734
2127156606
2143876606
2143878574
2143877550
2139871678
2139806110
1586224542
1586349503
1456292348
1447907708
1460613436
1997480236
1997365284
1963549732
1967748396
2001296700
2001329933
1984683791
910939726
911005662
390911983
357352943
349160959
483317149
483325069
483392669
499965437
525131261
504364503
504292807
504260551
504259527
521024342
491663702
483267926
479069302
478940198
478940454
478969190
1573713246
1565370318
1565373406
1498256350
2035127279
2018292719
2018288239
2018289279
2018358847
1745731135
3909991999
3910071839
3910063679
3909502767
3913762095
3921937775
3922007550
4224136670
4198907342
4198981070
4207271166
4203011310
4203019374
4203068478
4203062294
4207255574
4194672658
4194676946
4245532850
4228837539
1816842656
1821001648
1822033536
1693976448
4114103952
4114099940
4114361892
4114557484
4160694828
4139055644
4136958540
4135907020
4135884492
4135616940
4135748007
3045241318
3158467046
2618503526
2618496822
3155311926
3155569958
3168217142
3163904022
3164036358
3162894086
4257541702
4283211414
4279080598
4266104758
3200619942
3200561582
3200577982
3191993790
3187930494
3189169470
3189235007
3069506863
3064259901
3081560844
3048141580
3052074572
3043675116
3040463340
3073951972
3055245380
3059622916
4150140933
4116455446
4099678246
4108267814
4107928422
4107928230
1423643286
1422407302
1422405254
1422405510
1145698693
1171122309
1171111116
1204786204
1323209996
1325310732
1324261901
1593808415
3757938214
3713830438
3697052966
3625958694
3625889046
3642680583
3658473799
4194824519
4198953431
4198944998
4198879718
4207243750
4190466918
4173419366
3636491095
3628360453
3628364045
3628457276
3628587308
3653671212
3150879500
3129907788
3130952268
3130887756
3137176136
3124593208
2872881704
2906501672
2889789993
2894050859
2893338219
2893334122
2910639866
2940007134
2923262879
2923393935
2940162447
2910666943
2901218534
2901365990
2897114358
2897114198
2914940102
2914936262
2952684998
2944346055
3210490359
3206295807
3210481919
4250861775
4250801230
4242422814
4242418750
4255067199
4254952543
4292703567
4267495887
3730620877
3742352333
3742298589
3613319677
4116637181
4125013213
4158626941
4136410349
4070372845
4070368687
4091405759
4083118526
4045210542
2970421167
2953057967
2974095021
2983547821
3079951212
3082580764
3081560844
4155302664
4155302665
4159369003
4285168938
4280950058
4281994554
4279895306
4246631690
4249875723
4241352457
4174360328
4173836040
4173840204
4173698908
4223965053
3200620143
3200751151
3192370733
3188688429
3188572461
3188518956
3189534780
3156086812
3156086796
3162374429
3166572335
3030190638
3030129198
3046910510
2998677262
2466055438
2456633422
2456502347
2523582665
2524639433
2505831817
2489056921
2496331449
2630532777
2630418091
2630415018
3167277786
4232598490
4161433966
4162740334
4162741294
4162742286
4167002126
4182239246
4215728206
4215729615
4199010767
4194616269
4261729004
4265927404
4274381548
3217553004
3213360700
3179674172
3179608620
3049585196
3049578028
3049571884
3016016429
3016049263
3008168686
2450260718
2451310566
2457603302
2465990902
2460961014
2461947990
2461988934
2459888391
2480843271
2472000029
2434112053
2421530407
2490735974
3035995494
3036003702
3027566198
3040181846
2503417430
2536905334
2536913766
2541107286
2549561414
2677356614
2677353550
2677355727
2375356636
2375368924
2378125516
2382353612
2382199244
2369608412
2403154653
2401122942
2400069998
2366514238
2379096142
2358141006
2358239438
2358022383
2358018476
2361689772
2354351772
2352319132
2350358156
3692478156
3691423428
3691439684
3691472756
4228146469
2084906295
2085033239
2101753141
2001089813
1464206597
1473185029
1473053957
1473000821
1472998781
1456221437
1456307423
1456428239
1456329951
382522623
382522607
382501359
399348095
894415733
894411365
894018149
1967761253
1967760743
2001321062
1980341494
1980488902
2114680014
2114663502
2131375486
2110396014
2089420525
2089486060
2089295580
1569484428
1598877324
1577905540
504343941
235857287
235857863
252602311
223245651
214857043
214848787
210715699
214696995
214724643
223109170
223273026
256808386
1598982082
1608419267
1607435985
2039322353
2038998757
2026677861
2018289197
3893143103
3910137406
4178501182
4178464302
3104788270
3108326703
3133430909
3133504605
3129930956
3129929932
3129987276
3129536765
3129503983
3133677806
2567512302
2551840998
2553939942
3625584358
4175054535
4173977159
4173901381
2026416709
2068425301
1783277845
1791662133
1783269428
3926887476
3926757460
3993809108
3993956572
3977138348
3959816612
3964011173
3973382821
3973330599
3973064358
3968870118
3969132118
3969132118
4237567814
4237567238
4236735494
2110184719
1431297295
1460457055
1460465263
1996877438
1967486526
1950701374
1959007039
1959031615
1959097151
1950868285
1967650589
2001065757
2001064733
2001178973
2001176541
2009372605
2000993965
2000985789
1984289692
1984351644
1984361660
4131840189
4140261565
4140265695
4140200175
4123455983
4106605167
4106602047
4097885711
4097889807
4097893895
4232144678
4232275238
4232262967
4232265047
4232259029
4257445365
4287059412
4270215364
4270211268
4270833860
2127348821
2118931759
2114483246
2131256366
2065637678
2032021818
2036289802
2043508490
4190465866
3687115738
3687115738
4215650778
4207386010
4203709882
3129967039
3146748892
3146486492
3116925476
3105399332
3088631332
3090775584
3157944864
3178900016
3183103504
3216901649
3199993586
3201835746
3059229606
3061367974
3069758630
3082324142
2813954238
2814027918
2818484367
2805901453
2805377052
2805369908
2804319508
2804262660
2770593284
2804049444
2787530276
2800176676
2799979047
2796292902
4004251894
4008446102
4000069766
3979217030
3962444934
3961925766
1814442118
1826829222
1822438062
1823765230
3971277357
3988057613
4290046477
4283738639
3742808639
3743349295
3743309631
2635728654
2618950927
2623145037
2629438588
2495220844
2493449724
2493253084
2244748252
2244240124
2244465644
2240115692
2240045551
2378457582
2403620206
2383168814
2383367998
2400870158
3441056270
3441044046
3453692878
3453487550
3453492650
3486004394
3469488298
3469684922
3465420953
3330568376
1183084712
1179706856
1158729048
1093782344
1091828488
1091692859
286387498
290567466
1372819770
1354936607
1350800140
1350599180
1354794516
1342216740
1342290468
4026645028
4077304404
4131826244
4140213703
4140208342
3058090150
3057991910
3053928694
3070644574
3024495582
3032952559
3029363435
3029363369
3046173625
3083918219
3075526538
3071312778
3071382218
3075638218
3044180970
3077629290
3069242478
3060814894
3060936734
3056742671
2520125709
2520121608
2519471160
2548635688
2494179384
2494183753
2494200267
2495171466
2226702218
2230895546
2228798379
2505888169
2539512232
2541609448
2541548488
2507977544
2506925848
2506991400
3043999016
3043932457
3043408155
3044444446
3044510270
3044515374
3073811022
3073831630
3073557198
3073393406
3075494382
3083870446
3050337518
3050788086
3052862534
3036609550
3028200463
3028135181
4051679549
4050558237
4151282701
3878536197
3878539333
3879563511
3846136231
3846058407
3849716647
3858106295
2813726407
3082165063
3082038023
3082562871
3044812583
3044811565
3053220381
3216921117
3216703021
3199846959
3199765039
3201870638
3189278778
3189349386
3208311066
3178943019
3161117225
3169468968
3026784988
3022533260
2955423372
2955413928
2959743145
2980714666
3014269098
2997557434
4072158346
3539493002
3530285194
1110155466
1126998058
1361880366
270850334
270883078
270924038
807844102
1885780478
1692839902
1740015503
3868624845
3868557829
3874791989
3996426791
3995918894
3861652014
3878617642
3777627690
3773433642
3769109738
3769108650
1688733849
1705580680
2011900104
388507720
388588552
389701640
356442376
338871064
282100520
277905960
345030204
348170780
348171132
1572912093
1589813129
1992472457
1992460235
1984399291
4129130410
4128234922
4132339114
4149112234
4115621290
4098708922
4242526650
3974074603
3976171577
3992749336
3991708952
4000099644
3996953884
3997017373
3997102591
4011741678
3984474990
2902065710
2901090830
2901224974
2892769806
2901158702
3166247214
3031977326
3046667727
3046762381
3046827661
3044591293
3040405421
3039425965
3040539901
3044734205
3053384829
3052852317
3044474189
4051172685
4046839117
4080367069
4080497149
4082521069
4090975213
4090844159
4059394891
4059326283
4051004762
4051171627
4034395199
4042775839
4042773775
4042573135
4033134943
4049917311
4050114031
4051068399
4084623327
4084356037
4159849157
4159783893
4159755109
4159759727
4151371119
3060917310
3060986894
3061236750
3069625630
3203790142
3203721022
3203719738
3195400763
3193426491
3126186553
4199895593
4216803896
4183233032
3897884936
3893167128
1745695832
1745829081
1745698009
676140251
685511899
681313739
680788939
680788683
680792779
680800857
965747547
969957723
969011547
969011545
968996217
952215032
953267672
953518040
953517784
953516792
955626232
964158169
998175353
998113899
993919787
992944427
426582314
426578987
418186267
413992011
413930571
480794059
212448714
485209562
1022076346
1021949082
761896154
795589850
774814938
774812795
774811707
774877243
640651305
640520233
573026411
572973291
572936427
577634479
602869918
569258123
569323915
569325467
569327259
552417947
566049435
563952331
563952329
563887819
563877451
563884619
563880523
563884763
562321147
566613467
566599130
566541818
566606842
600293322
600288714
583382427
583053547
574677241
654331993
654442537
654446889
2136090409
2136091179
1003690555
965941822
949230094
412359174
412356102
485893895
217449287
215355857
215101905
264380800
239083696
239083744
167831009
167837159
440465774
440453418
532781370
532908314
533170442
533181770
466002378
466002314
1539679146
1531293610
1539681198
1539685310
1271266238
3419274734
3654211054
3650011630
3750400511
3717890524
3719856636
2650318236
2516097484
2239495132
2218408796
2218408732
2218662716
2235436349
2222785853
2227118358
2227118342
3300733206
3298358242
3297286050
3293089442
3305806466
3322592899
3591028352
3591286400
3725438368
1577364832
1578414368
1443926048
1443934208
1446174723
3593662498
3727849506
3711064098
3631614258
3638954690
3635284611
3433634433
3433641600
3350995632
3334218656
3334217888
3338412192
3338432643
3330203778
3227426946
3224805506
3224797650
3224207890
3492577829
3492340261
1349050924
1374381608
3551148601
1386879755
1391331594
1382811882
1378618538
1378665658
1931772042
1931772042
1667530954
1643623723
1644080171
1644079145
1744677928
1732027400
1732018188
1832636701
1816015399
1748902438
3896381986
3909027426
3904118754
3904120306
3918816454
3935756487
2055660740
2059718092
2051332460
2051336236
1577347116
1560622124
470155269
470159366
336986374
343802406
348013090
347002482
346987202
900569537
535596160
506303616
506310832
1043198373
1043280551
1044068006
1048132270
1056451246
1006185134
2075863982
2075930542
2075943822
2056577934
2059706826
1514451246
3670057006
3670061094
3671171134
3729911866
3757211418
3572906698
3573422778
3573418666
3573025451
3571977129
3571981464
3571978376
3563917449
3559747787
3290751035
3290734634
3290539310
3567432998
3567686966
3584532757
3719078676
3756824372
3744106276
2670366188
2671495660
2669209789
2673568222
2673769822
2640213278
2636055326
2639741466
2648109627
2645942840
2646401560
2562518552
2583484952
2569587320
2301348537
2302335418
2570775706
2570776798
2575028446
2572783710
2572726334
3118048278
3151670279
3143273733
3126496580
3204158164
3202060980
3214529188
3210228396
3021476516
3023569572
3022652132
4096397676
4100922413
4037883935
4037818382
1907288078
1991157774
1991157774
1995017678
917013662
917016747
921219241
908816553
640557225
640032940
656548780
639771308
582091433
582025963
581964303
867182094
832581130
274873866
270678538
270932683
275712649
275646857
820693129
867882137
851226761
854360201
853836025
308322347
304128042
270655530
270691622
337787654
337787446
484579878
480451110
480328199
515063047
246550791
250741127
240255127
247480743
243294631
511763887
444701103
511948973
507751533
504864813
523673628
489074952
337817864
338854664
341020472
201358125
201354023
205548327
214143799
479367991
483561735
351438084
1416006916
1395570692
1445894340
1445890176
1982629264
1982641044
1982706597
1718530726
1722726062
1722793262
1722612782
1718415382
1714380814
1715363854
1715347484
1848512556
3995994412
3991816760
3903478472
3903486664
3903584969
4171890382
4171887310
4171822062
4188561638
3664257250
3660062818
1497047122
1480204306
406725378
410911234
482214402
212742658
212800066
212664898
212453074
212438738
128498322
111721361
44603792
317233296
1378457748
1915271316
1915270580
1646834596
1646895789
3798639214
3798639150
3794444846
3795633711
3812424239
2736580909
2715080748
2744404012
2727675932
2732459020
3078488076
3073245236
3043627364
3030987744
3031118560
3853250257
4004032226
4004026786
3869804722
3861678274
3995900114
1848490066
1848556658
1865350146
1865297154
774773266
778897955
1860770338
1857763890
2126128642
2126123522
2126184966
2109289038
1554522826
1554573002
3702033099
4238969513
4105738920
4109941416
4095258280
4095259336
1947792072
1947857496
1679450408
1813667881
1817927725
1817863277
1826245869
2089437325
1955088525
2127366281
3729660301
3725467532
3729143436
3737593516
3666092712
3666092776
3398705737
3432260171
3434488778
3433443802
3437713834
3424946346
1278511274
1546946714
1597286538
2117512395
1849073933
1726382095
1722122287
1717870639
1713676333
1713676591
1680241199
1680216607
1613106726
1635191398
1672743526
3803466022
3804027926
3804013575
3820792837
3791562757
3762194693
3829303829
3962539569
3962425891
3962331682
3844875110
3844870630
3857449126
3853257894
3836348566
3836360837
3836358028
4238944140
4261160588
3724295709
3724294699
2650614314
2646354458
2409376266
2409373450
2391684394
2391695406
2391687422
2391593103
2257891724
2264172460
2535755436
2519894700
2517801652
2650975108
4261653637
4261520501
4278359087
3172385822
3155870734
3023687438
2902100526
2896875054
2829774383
2829604365
2833785352
2825400856
3895132712
3896119928
3896194472
4164692136
4168882345
4183230635
2076575882
1539774602
1518611594
1250190474
1250283738
3397898266
3400962362
3484328234
3484263210
3450651178
3454583594
3454583674
3454792187
3455773865
1165719720
1161382056
1126762632
53147784
36350344
304786824
841659848
842576376
1916313960
1648140328
1669170216
3778381096
3761540648
2687285804
2687348268
2754537004
2901287469
2901279279
2829582894
3118990126
3118993502
3152620634
2611554426
2611746922
2599159930
2600294474
2598234122
2597167114
2576261387
2576261705
3096351336
3167585000
2618855144
2637744808
2671528345
2669418683
2652846266
2652510362
3755607178
3650748554
3633979785
3636077224
3635946152
1220031112
1220022920
1214779832
1277719016
1278079017
1278058779
220701962
220704010
119974154
104249610
383027498
378845226
378971146
45518857
1098285064
1077854216
3292185880
3222986296
3227179560
3230190312
1367885480
3532153480
3263718025
3332142011
2258420139
2253714603
2248453291
2383916123
2367073291
2620825615
2628165901
2628235533
2493821717
2628562469
2624371237
3156773413
3124464167
3124406567
4198148118
3933926406
1782169606
1782104119
1782181927
708501527
708469831
724190279
694748663
694752245
703140829
677975005
677979101
677981785
686516825
682359419
682220155
683248251
699959626
720940234
706257098
706339066
706400366
708497519
775569775
779830887
653872743
653872855
654268103
805304007
804255686
1844289494
1827511294
1760410590
3907893854
3907648030
3974756958
2901109502
3169531646
3169399486
3026727598
3026723502
3035103658
3030909098
2980577449
3014595768
2544114824
3622075592
3575965704
3307645960
3307644168
3341214472
1466360331
1471070730
1470808666
1471793066
1473826218
1461228970
3608782747
3610945161
3577409225
3577274139
3576400154
3492710714
3492673834
3492605242
3522159370
2477703946
2460909935
2460598445
2460537005
2464707759
2183666839
2200509606
2435716582
2418947030
2431541894
2427380357
3500981940
3517754276
3513559476
3509356948
3509487812
4029062148
1898361856
1898340368
1898188833
1898192930
1898324258
1344672754
1886258818
1894649474
1890536066
1890179762
1906949862
1923659014
1923654668
1923654668
1982374956
1982377004
1982508076
1982518584
1714045736
1713963816
1650987883
1659380587
1676222955
1638538747
1621757390
820715406
821771918
821630622
1354569406
1354512126
1356084958
1343497822
3489982046
3494282526
3499525406
3516308766
4053056830
4070358315
4072455464
4076647720
4064121128
4063150376
4130210088
4130218280
4096663848
3022660968
4108979161
3500805003
3500740234
3501727370
1352152714
1083709082
1084171963
1086205867
1086270889
1097608360
1109673128
1109835976
1378258953
1378263049
304390201
845455659
1944364331
1903013163
1903008555
1902938907
1936428571
1936359995
1919587179
4068131323
4135141627
4133032169
4148830312
4115276904
4099811800
4118686344
1903901320
1945635513
1945898635
1929119114
1929117834
828854522
812020026
812049194
870770474
853861163
854908971
852795451
839172106
839139338
839712858
856296634
805968826
814357146
815401625
817564296
816331400
820520584
825778824
841651128
845853096
845914601
858300777
858305833
1613666617
1613666584
1626250009
3769272891
4037577274
4037584394
4041765386
4033483290
4029284906
4029162218
3026727338
3030974634
4104781961
4105113736
4104938632
3564940488
1411168584
1427945736
1981790472
1983879449
914261053
1048506431
1048453151
1044000783
991563805
941237309
941243693
955928127
952028766
949851854
948740746
2039260042
1791795371
1783411947
1783411945
1779086825
2047541225
2132475625
2134527721
2138786539
1870351103
1727781597
3875133557
3870858276
3891822644
3849879556
4096434176
4096450624
4096410432
4029284976
4033806944
4055630369
3013345829
3013359165
3013354765
2979804173
2428379163
3502120986
3506315530
3571271498
3562852298
1342998954
1359775914
1392806074
1376028810
302482570
302436491
302444683
1377235145
1360421229
1412850221
1425419829
3566537237
3499895399
3498863207
3515402991
3548955519
2458550607
2476384590
2478481759
2545656167
2516107047
2503514919
2501413399
2501503559
2535091911
2535072327
2467959303
3522822966
3518562598
3501731942
4038599719
4042845221
4034439205
4047214612
4080711684
3812534276
3812537348
1665106244
1646035365
3876385703
3876352686
3842913966
3847634606
3858177702
3853852566
2913286278
3181657238
3182701766
2679581766
2677484550
3486851334
3486982422
3483251510
3449770806
3315585991
3298596804
3298594212
3294408100
3306458532
3340141956
1175630220
1444078476
1460823756
1465007820
1441991660
1441807213
1416636782
1416641610
359739402
393613322
394182666
1476362554
1438168874
1438166830
1438166317
1438170460
1431870924
4145649548
4145723276
4144673420
4077556380
4082008748
4082549676
4082422188
4050970109
4050972157
4084530671
4092983786
4076853610
4076854554
4067382538
4067258378
4062978074
4063174762
1898852718
1886257534
1894647118
1894729487
1894602527
1894573407
1902964063
1936551247
1920892367
1920945663
1920737199
1920743343
1937585837
1912017593
1912029885
1895133885
1895162589
1895162575
4042577487
4059340574
4058291502
4091854126
4066569262
4133676062
4142056462
4159160350
4159030334
4143248431
4133283052
4132304300
4132423588
4132291252
4132160212
4148941508
4116641476
4099860165
4101959367
4101962703
4099328927
4124364718
4124364718
4149536766
4150121342
4118606654
4101792542
4034748702
4034753838
4043144234
3791510570
3791641659
3825128459
3822579723
3813003339
3875848283
3875852795
3842373097
3846527913
3846654888
3846576792
4148641416
4156892824
4156887704
4156899992
4157035160
4158087880
4157956829
4157989759
3623150959
4160089454
4160223598
4151826814
4151692638
4151827918
3614963150
3613913567
3580318173
4100264445
4100396525
4100405165
4100407212
4109713084
4109662109
4109722509
4126499805
4126536063
4150579519
4150587710
4150588730
4134333754
4134337850
4134010170
4150713658
4150709562
4126592346
4109891403
4109751113
4109681497
4101358457
4117877608
4118012776
4118275960
4149739325
4149608253
4151672701
4151656317
4151772507
4151705882
4152229946
4127080490
4127150138
4126105882
4108707098
4108648219
4109684571
4118073209
4118281689
4116180441
3612867995
3612865947
3612799931
2505470906
2513851354
2516018142
2515822446
2515854703
2515858735
2545218845
2549480732
2549480732
2507660668
2507658604
2507589117
2507592669
2507666399
2549478398
3623220198
3614761446
3614732518
3610530918
3577052246
3577179206
3559287815
3563482375
3580813063
3580808967
3622751751
3622684423
3622672135
3622670615
3622678839
1434317095
3581800807
3611127927
3611260151
3592369383
3596498406
3596555767
3604815303
3537715141
3554492380
3516743420
3499437820
3499452124
3499456220
3503670876
3503605357
2421470831
2438244143
2438238510
2446623038
2446688574
2983694654
3050743102
3033968430
3026181999
3042822655
3172948191
3172874447
3206428879
3206425806
2656382014
2656517438
3197531694
3197621806
3214197262
3214189062
3214189143
3213144788
3217340052
3217342340
3204758420
3204823460
2936506540
2768668908
2752694573
2758969871
2784226831
2817577502
2801029662
2792645142
3057393710
3195805743
3211267311
3186231517
3169462405
3702139329
3702139841
3568973315
3573031682
1157374722
1144795154
1144909858
1194237954
1450087426
384469063
112822772
379107812
516466852
503883940
1577610396
1577661581
1595674767
1597440431
1567490726
1571697319
3702399617
3702854275
3432256146
3432261350
3449055782
3487361582
3470699310
3734943790
3600717870
2528871470
2528673807
2532868297
2524479624
3591935144
3592066220
3590753700
4127362980
4127377060
4136818596
4153567172
4126158157
4235226893
4231200557
3156396845
3160574525
3168832061
3165699613
2911942204
3212874268
3212878348
3208684380
3204837868
3205906669
3206415597
3208514727
3212712343
3185453454
3047041934
3046973326
3046930366
3045352894
3050631678
2974872063
2956051743
2954937629
2959142205
2959142717
2984439677
2984411101
3017953245
2993702303
2989508031
4061140398
4065400318
4082308574
4090656718
4059194830
4125320670
4125156863
4125158893
4117872124
4101217740
4101218252
4101091148
4116752220
4116764527
4158899502
4133637422
4133690414
4133501998
4133497918
4150473742
4116853006
4108452622
3567387182
3567473198
3701534270
2627791375
2627791693
2648742221
2406599132
2402471372
2668820428
2673009628
2681402348
2683753196
2679494636
2662397805
2531323237
2523196775
3592748158
3609533662
3509001694
1899380190
1882596830
1883120094
1894658527
1890517375
1889796377
1910784266
1365560074
1361377818
1362422298
1396525594
1129978378
1100617674
1100615882
1083834522
1151291561
1151197356
1155327204
1142729744
1142724880
1144498432
1144431872
1161209088
1181124352
1114015488
1181124400
1182240608
1450491872
1450485217
3596002691
3595993474
3592389042
3591877026
4145526182
3025517479
2765138917
2763037292
2763045420
2763042364
2773526028
2802889228
2786107933
2788205870
2788226094
2787394606
2804810966
2771264662
2754487446
2758679990
3836612278
3852929717
2812615348
2795776724
3065276932
3069470980
3060164612
2519083013
2535796183
3508938630
3505263238
3500802726
3500671654
3500680102
3501744551
3501777125
3504908292
3492325380
3492390916
1345234948
1362016516
1395578628
1394999821
1395065373
1936130605
1910977071
1910777135
1893999661
1895050269
1892959437
835044749
835098253
835040909
826557117
809501351
809501606
809717862
819078182
284304422
275981318
275865862
288596230
326271238
1389528334
1389727007
1388612605
1389136557
1389149869
1389294221
1389257357
1406079709
3512480617
3495764264
2424122408
2499635240
2498554152
2494409480
2549062152
2532292104
2527892040
2527888072
2662109865
2662134442
2666324398
2666325166
2674686126
2670549182
2670008510
2653362366
2653042830
2657234382
3756142534
3751810775
3722454773
1576019940
1550853612
1544754428
1544705276
1561517428
1544854785
1544854275
1546955523
478002995
486454563
486453297
503218225
394182961
1446692097
1446694849
1585105857
1593682849
1610394017
1610393761
3715410083
4281638083
4282287302
4129194438
4129203174
3863257830
3884229222
4019499559
4019495213
4019494952
3979669560
3962625032
3962632200
3828545832
3828533800
2766555688
2762345032
2783708872
2737574600
2720797384
4067169000
4054593640
4037816429
4037816422
3568057446
3568056438
3438032918
3425507334
3442366534
3459185094
1311695238
1315627398
1319682470
1319670190
1319678383
1303097772
3437865896
3425217448
3425217448
3307776424
3341724040
3324423560
3328607115
3336798922
3332616954
3332498155
2258690799
2543904749
2548170221
2539769068
2535556348
2535687372
2539763020
2539761420
2548149772
2514726460
3051597357
3076636207
4146171686
4129393702
4129522742
4129456182
3861110838
1713463302
1713512454
1646665807
589696415
545196719
551357102
547162762
551369354
546586250
815018682
1890857642
1890857707
1890869979
1370546763
1404086025
1408343321
1408357659
1404269339
1403155243
1403151147
1369633067
1373816121
1948485945
1965066537
1965078905
1965074763
891336650
1059160266
1060602058
1061081114
1044000810
1042948138
527051819
485173549
480913956
480979524
480972420
350930564
1424656004
1420460676
1437500048
1457632128
3605037952
3525411408
4062287396
4062248485
4062194221
4062194415
4154592235
4154592683
3080914347
3080716474
3084910730
2539708618
2535514186
3609256990
3579889934
3571706638
3571641119
2493704813
2497899372
2514525548
2540735772
3077803020
3061026076
3060903476
2792406548
2808135188
2816718356
2808526391
2787505702
2787931750
3056340710
3056471462
3056471222
3056483478
4134354130
4154799314
3584431170
3567656963
3567657216
3299308288
1147454000
1143252516
1076276996
1076276996
1348897476
1357875893
3505168293
3496783268
3493111212
2436155340
2469824204
2453075532
2457265868
2457233116
2547279597
2543613614
2545702318
2545775790
2528404654
2531554478
2518959278
2518893718
2518865030
2518869190
3596804423
3563315525
3563319557
3563246853
3571617620
4108554084
3034635108
3034639076
3042994772
2468551492
2451704628
2523990308
2549099812
2515610916
2644720916
2644589828
3718259988
3651150900
3651425319
3685532710
3689447526
3681059302
3676865462
3677065910
3710562950
3710493318
3710430854
4231572359
4235917717
4233820581
4099598757
3565047685
3581282183
3589408390
3521251014
3521191926
3521129958
3554684134
3596627158
3605214406
3605083207
1587623031
1587619173
1605444917
1609643828
1508902692
1500513572
1495287092
421569820
421635348
959685940
957654039
960794838
2035123638
2035201446
2030742950
2030807478
4211706246
4212775814
4267371398
4275727254
4271800247
4137568165
4153689012
4122231700
3029390236
3033585660
3021000556
2500906796
2503011132
3038899004
2976116509
4050857821
4059176911
3503493007
3498118590
3565358254
3586333862
3620871398
3614577862
3596821575
3328189701
3344983300
3353376020
3345010452
3353464612
2246302500
2275605333
2410899799
2410752374
2414951718
2380471590
2372078894
2371946814
2363824414
3438094606
3438095838
3295165887
1164451261
1160302988
1193845132
1194893708
1161535896
1144758780
1412148524
1412282684
1345108252
1344641293
1348832013
1352896005
1352828420
3500311348
3571614500
3563315509
3559121205
3559055397
3510006071
1899369735
1932933903
1932925470
1914116670
1914641182
1918704462
1927024078
1927069898
1922601114
1922609562
1921561018
1921823662
1909232302
1892452015
1892597693
1884220909
4028557805
4028034159
4046867535
4079406159
4066893135
4075152894
4076135931
4076623291
4074587131
4091364315
4057805563
4124844667
4110230123
4043249514
4043246955
3506378859
3522763005
3556325581
3623627148
3606917004
3598537373
3598664445
3614790381
3580154735
3588551470
3567314742
3567312166
3571514662
3588351270
3588486214
3588419783
3580019895
3581133991
3574726055
3573672439
3608406469
3608258885
3595626765
3597723980
3606207820
3618789324
3551676356
2444412836
2511390116
2493572517
2497770917
2501953015
2535690102
2535624246
2535631382
2518805014
2535467526
2539662918
2514562934
2493650278
2493645158
2493644926
2497724430
2439045135
2481234188
2460460316
3534143240
3538721544
3526158617
3526215785
3527297259
3527297242
3510524042
3497950603
3506320777
3501544329
3501478841
3501511337
3500266153
3571488493
3563105903
4112576111
4146130447
4150388574
4125353326
4121163110
4108459382
3697416566
3697346934
3693152566
3710007350
1562515510
1533156358
1541616646
1537421318
463675399
429990180
429929956
426786236
420511116
419487116
419543452
419674524
453163423
521386462
2136058718
2138091326
2129698590
1861456398
4004680207
4004680237
4289958444
4155617836
3052524396
3023130988
3020948844
3023177069
3022128429
4108457279
4104328478
3567531854
3567533390
3568777678
3572959694
3294050510
3310762126
1198667918
1190278286
1190285454
1189331390
3605254575
3605131693
3596657580
3596658668
3609243213
3609246221
3575888399
3575900702
3580096046
3588415270
3571635558
3567404518
2627814902
2628807878
2628840527
2649839679
2373064735
2334267407
2334595087
2406230335
2376740399
2376740399
3450478206
3450343071
3450343085
3446196908
3441985980
3475606668
3476794508
3476991116
3458641028
3727075796
3731007860
3739466021
3605240101
3596852515
3613510707
2539772931
2539838519
2548201761
2514701088
2497793584
2229425664
2356302340
2363707908
2631983645
2644567855
2543905070
2527905834
2531838186
2523449534
2653505694
2670402702
2636784782
2620007822
3694798558
3699273326
2625453670
2633776646
2629576198
2376869638
3383576359
3383576109
3387448877
2573782541
2573774349
2582163292
2611587308
3203115244
3194587308
2653522052
2654571716
3728452933
3727320390
3744081774
4230620526
4100588846
4105047342
2495548925
2493267420
2493280204
2497507272
2501160648
2467597000
2471991960
2480118457
2480115371
2482228910
2473715374
2539857822
3613537678
4116854014
4112727150
4112517231
1965033503
2002790405
2011179020
937635148
929179116
925103276
1999688925
1964025037
1947249743
1951643919
1433647903
1442036286
3589376575
3618736703
3602102815
3065163327
3199381039
3199385389
3203632941
2935000349
2935006221
3194004493
3190002719
3072480351
3038917871
3022134510
3023177134
3027373734
4105309846
4105379462
4105186950
4105448070
3572509590
3580893638
3581038022
3589457350
3589452038
3622867254
3622875950
3589317423
4126188077
4126189116
4113608220
4113627672
4245903960
4245818360
3071416744
3075618984
3080064153
3063352523
2677347403
2677286154
2677285642
2375295802
2377524010
2377594154
2377915690
3455847662
3346599070
3346599055
3346560141
1199095948
1199153308
1195221148
1463128504
355565912
925088024
908241160
908306460
908175420
572758076
640859148
1714597964
1714585804
1731363260
3832710060
3836905125
3835812407
3835820598
3848306214
2770347574
3072337686
3076923686
3085305122
3030716194
3031370195
3032439233
3032349120
3025992128
3021794240
3021926016
3024021120
3044950656
3053261473
3053200035
2986091426
2986090662
2985561254
2968783022
2967869598
4041615566
4037421262
1906781647
1940664652
1928077320
1378631688
304922680
841609512
859693352
826073896
830329657
828229385
836617995
835571467
835555098
836668698
836670794
1472111691
1455203531
1454146779
1470924025
1434301673
1413391851
1547624939
1547625419
2084492235
2088667099
1022268779
938474877
929425613
913696925
909507773
571487405
570437805
570433711
570630317
574759845
583148197
595735201
565249697
815812288
815836736
278965760
299931152
325095952
304321041
304247299
304231174
1377972258
1374040102
1084625958
1084623910
1084557327
1088694285
1088912132
1080187652
1147292164
1155780116
1152438837
1167122981
1167176214
1136050694
1140245346
1094468066
54267298
54470838
52308102
35530886
48040069
311168429
311182253
314876588
306487976
1397011176
1901101608
1937028648
4087654952
4087654952
3819416120
2745608984
2728835384
2724631849
2724626731
2788590058
2787557802
3055956970
3072729838
3022464614
3022469718
3026598594
2963684290
4037294482
4038868146
3501991090
3501994115
3506360448
1396614272
1379304640
1378327568
1378203664
1378135088
1916054561
1916044579
1983743267
1983891234
1987725090
2130335522
4290391330
4289206562
4260903009
4252511476
4235816324
3162172804
2759509636
2765850260
2765657780
2761467556
2761466533
2778243758
2782450350
2776154862
2772173546
2771329882
3827705210
3827705978
3848738842
1642465354
1638799562
1673406666
1941580938
