3589529549
3589508813
3568469709
3572757197
3589333501
3614499055
3610534127
3593942126
2520136734
2536651806
2539724094
2514575167
2510487071
2510485005
2510525964
2493552220
2493556460
2489360044
2485161644
2485309085
2503135111
4113720758
4147127526
4285543526
4285756502
4293030934
4276315199
4276147263
2120283149
2138301453
2138305549
2102448189
2102448189
2102654269
2102590781
2102558013
4250098495
4252318047
4252450270
3715511758
3723891662
3707110350
3702850254
3702875862
3702878054
3702848807
3719355687
3723533619
3697325313
3694366977
3694317825
3694317825
3692294433
3692557600
3713461552
3730235137
3738619841
3738617537
3738551185
3738223521
3738227105
3753926821
3711968421
3712036007
3712117159
3755105207
3755166679
4277161798
4141937934
4141932815
3739480095
3739406381
3747729709
4285589293
4281394743
4245812855
4250105462
4250041958
4250099558
4258352614
4258354390
4258428359
4124243269
4149344085
4149262181
4149524324
4126649844
4126653908
4126510532
4118121940
4147566581
4145443573
4128715511
4147384950
4151640422
4126626854
4122475558
4105697334
4109826054
4109805574
4117150983
4117206279
4152217975
4147958263
4145902519
4112479143
4111938471
4101444517
4126487477
4122047477
4120986109
4121019853
4125162959
4112574926
4112558574
4117871086
3849493999
3891515871
3891385167
3882897933
3877704220
4112658988
4112654892
4234228265
4242540329
4242541609
4238367771
4239453258
4239518922
4237405386
4257266826
4282496395
4131555211
4128409497
4130506745
4129552361
3076716521
2741172073
2716063613
2707649117
3814941277
3810616047
3811635951
2742047727
2725331455
3799339479
3824513239
3891622006
3858067558
4107538470
4099149830
4101312526
4101117214
4235343150
4260523311
4289886495
4273199949
4270911053
4207994445
3657491021
3742454349
3708945243
3692167531
4233306155
4241715243
4240591929
4240623945
4241603017
4241533897
4258315209
4283538827
4266886539
4266754459
4130439675
4129456441
3861033257
3861029165
3861045549
3882017069
3982643487
3965862159
4100391758
4100272750
4101256750
4101250606
4126415663
4155848999
4139066453
1991520325
2129928389
2119577797
1565933773
1549157343
2096285295
2092157551
4239432303
4239436395
4260407769
4291866057
4266766793
4266759113
4266771145
4279452267
4245893739
4229112618
4233176874
4233182506
4241692954
4239874250
4239907978
4256545930
4294219147
4269048203
4269114249
3866538664
3866534632
2791745256
2787225192
2803936872
2803936872
2787239544
2787308249
2787332745
2803962555
2808091306
2808086958
2774533294
3856665774
3856678142
3852674143
4020383759
1872896013
2124554253
2128683021
2120229917
2138139709
2138241069
2110970109
2110967245
2109785993
2109764233
2093052617
2094154315
2094137898
1961959978
1953506602
1953512746
1953500442
1414756682
1414785482
1423022474
1439796618
1458800010
1995538826
1995538827
4142105049
4133655416
4133659432
3861029676
3861030700
3877824316
3844215324
3827434077
3828417263
3832550382
3857716590
3869248558
1721781302
1721783302
1726014470
1718804486
1999822854
1966269702
1947387222
1953943398
1693896678
3837777895
3971806693
3969705461
3973883348
3982288372
4011847140
4011777396
4015443285
4017540407
4025996327
4025832486
4017164374
4281806918
4248187206
4250276855
4258731751
4259126975
4257036943
4257036959
4256504511
3753189023
3753186191
3622842767
3622842767
1471177151
1471210927
4126257071
4118003631
4113795061
4113793861
4147221253
4146111237
4280328757
4280328743
4280416055
4284742967
4284668199
4284667943
4252157989
4252158997
4252419077
4252415301
4241921477
3973416949
3963926503
3980701671
3976507366
4010259958
3993404758
3994271862
3998466150
4015091942
4015075559
4015207917
3981589997
3981646781
3990035100
3990305420
3180800652
3180801740
3182761692
3182760589
3182703261
3220468469
3220493223
3211842983
3178292663
4252034519
4247842246
4247977430
4247969238
4285681014
4285553782
4284507254
4284576822
4284641334
4251111703
4259496215
4259436311
4235247127
4235242007
4235242007
4233272085
4241661237
4241655061
3990193429
4015306037
4010128757
3993417589
3993410919
3997408359
3997402215
3994140791
3994374359
4011270359
1729503679
1695945135
1683424687
1691683243
1693719483
1689729947
1689655963
614677135
632303247
631251599
933237391
937440222
937452014
937484782
929099118
929085798
929152374
937669974
2011410718
2128720142
2128654623
2128711999
2128854825
2137176873
2137193257
2099501865
2099501883
4246928667
4252168459
4292002251
4023419355
4022379003
4022380013
4022447469
4014062893
3980500237
3843208461
3826422029
3826434429
3828728303
3826730479
3830865326
3839241646
3851828670
3851886478
3889440718
3881051086
4149555790
4160107086
4126552605
4122416700
4109638508
4100205020
4096010636
4117134732
4117120397
3623274445
3602301901
3601187389
3605324325
3622101541
3613713189
3580227893
3580194855
3613880357
3614851109
3614834781
3614835789
3623247309
3623279565
3589659613
3589603309
3572803583
3564430303
3581203151
3579101919
3612463870
3612504814
4283655150
4249888110
3696258350
3696458794
3170032650
4239576075
4239774987
3723882825
3757159385
3757282300
3220407020
3077674732
3044062956
3039932156
3023286012
3023220445
3039999701
2774717125
2808595399
2800079863
2791699430
2792674150
2809419110
2775856502
2758092087
3169137959
3181711397
4255449141
4288884743
4293074951
4284572695
4285660262
4252223606
4250065094
4249086406
2101405638
2101404551
1963144077
1964118925
1947337645
1953628589
1961964972
1961899501
1974496717
4122078539
4121996554
4125137674
4158688778
4091645498
4075139626
4075262523
4142367259
2800190073
2791670377
2787485545
2787503465
2787633449
2787573019
2804305179
2808562011
3882291551
3882299775
3882684527
4016902245
4261228917
4243988821
4239799045
4239798789
2096509447
2096198159
2087780207
4260419951
4293970157
4006660297
4006648009
4265651353
4283490713
4245938569
4229059273
4229038811
4233237227
4233306858
4260441966
4256369982
4239481102
4105202950
4109427975
4109476119
4101214517
4097016085
4096885717
4147610581
4130780821
4130782853
3865479829
2791672501
2799999717
2800002797
2800018029
2808406557
2808406553
2808148521
2803921513
2803901417
2803907819
2808088815
2784168191
3857845455
3857855694
3855753294
4124189006
4157743390
4159910718
4159919422
4122205470
4122204430
4254333198
3587438598
3587306510
3578843486
3576713582
3576697326
4117894109
4109517516
4103260140
4103129964
4103133548
4115704796
4111510413
4145194639
4130509454
4134699918
4143350190
4143432110
4143244782
4133809503
4133809423
4129680653
4129778973
4146550077
3877979181
3882177581
3883365677
3874936109
3873948957
4276409613
2128671749
2120340485
2117260293
2134009095
4279400279
4245837559
4258680551
4238233318
4237840358
4239941622
4240043974
4240043910
4244238230
3707299511
3715692455
3212702631
3212169639
3195519143
3195257047
3195129943
4285555991
4285558079
3756157759
3621919247
2539784718
2506365822
2506375158
2489521622
3706864006
3702669703
3568517527
3568333237
3572523425
3559940513
3576820129
3576877557
4113744373
4118017525
4125142373
4125141301
4150308119
4150312719
4129404429
4133656093
3059930687
3077754431
3086212901
3052535077
3051705381
3051734101
3035021765
3026637189
3026637749
3161970341
3161837217
3161833459
3178342706
3211832598
3189828614
4129350662
4129514498
4146484258
4150658082
3052799458
3183412722
3183424962
4257048003
4261275457
4261270352
4293711728
4285331024
4284872276
4280801268
4281860084
4281860052
4283956692
3176492533
3176426981
3184813429
3184874877
3220571007
3220570751
3220640350
3203675998
3203671422
3082038766
3080027374
3084278974
3086371983
2540817807
3610297741
3576821197
3574851549
3574720341
3557876535
3562140966
4126393638
4126328098
4155694387
4159958291
4277398801
3193164801
3193160768
2673067457
2669114839
2669045750
3210106598
3176613606
3159635686
3168020214
3163565783
3029351317
4105247668
3572571060
3564126100
3559929236
3610318228
3593605301
3597795557
1457770599
1990238215
1990238471
1994432775
2002817301
4146237717
4146240789
4150434069
3881998613
3877800255
3995306287
3995507759
3995505711
3995500767
4012294399
4013347055
3979796909
3984056751
3966887871
3966887935
3966891391
3967012159
3966880031
3832604943
3831523615
3831720302
3848406526
3882025350
3882029958
3865129910
1727074982
3874554534
3869316839
3869325055
3869587277
1990468941
2011439180
1952915532
1952846152
1962018328
1957891640
1955663400
1957722664
1957751336
4125141817
4116753675
4146107467
4146103482
4117070250
4126589354
4160115646
4160103358
4151452582
4151452582
3581092262
4117971367
4109455863
1961944527
1953557837
1948302093
1948303133
1948491583
1969403679
1969402127
1868796175
1868661023
1864406317
1849011501
3996559676
4000758556
3997076236
3997011932
3994866668
3860652460
3860746668
3879076269
3832938927
3841065382
3841015206
3840944550
3836816310
3836948438
3836968902
3887191366
4138767622
4137726983
4137807879
4133543989
4263534637
4263522607
4281467691
4281468523
4017229547
4025563819
4019219387
4019255689
4022402441
1874896008
2109845640
2101579976
4245938412
4231127148
4231128172
3962762540
3966946860
3992094228
3992034820
4021333524
4021333557
4004556583
2935013158
2922495334
2922628454
2921514454
2921514454
2921522674
2942490098
3974251971
3974329795
3965925315
3965794039
3965724391
3965726438
3990892262
4007673703
4003470439
4004514839
1857035269
1861297157
1861361669
2104631303
2087850255
2087846414
1818379786
1760644826
1758526186
1757473515
1757457131
1757457049
1807792777
1795274376
1862398664
1862529784
4009948136
3980562924
3989012844
3988829228
2911939604
2912004100
2912090373
3184720133
3176274439
3172077143
3209823910
3218150062
3213898414
3180344750
3213907118
3213937838
3083918542
3075598342
2522082310
2524179462
2524173366
2523025447
2531397735
2548175079
2515665077
2498887861
2496804277
2490440116
3559922588
3559947140
3560139396
3614632653
3602050765
3601987277
3605058125
3596669493
2518741797
2535908135
2489775927
2498125623
2494389554
2427223330
2427205922
2162957602
2171538674
2204505330
2205552786
2203451523
2169901443
3250942417
3235178465
3234901860
3505437284
3522214485
3547511621
3525491525
3525488069
3525554373
3593519319
3593519335
3576709359
3560138095
3564269423
4101140023
4109532694
3589568071
3589562951
3623150535
3514094533
3514124252
3497480172
3496365028
3496368628
3496442324
3496340933
3514101191
3547718734
4063739918
4063658014
2452001854
2464658734
2460270383
2460268093
2460284445
2544226845
2514966269
2490844845
2499235759
2499272111
3035954607
3052465567
3076580829
3076629980
3076760924
3072437532
3072438028
3073502732
3039979084
3039962837
3027383022
3035759534
3035627950
3030384814
3030384798
3030602974
3034741838
3034769422
3026315534
2485250318
2502158606
2535880974
2670071070
2657488190
2665940798
2662795070
2662666814
3736412926
3734774718
3751030959
3751022767
3486793903
3440656542
3440694406
3439635462
3439699974
3428313094
1288955958
1303607606
1303530805
1303561492
3453141444
3443704708
3372274644
3372261860
3372262756
3640895332
3707940692
3745688389
3745757767
3737230039
4274102263
4274231271
4282553335
4278354895
4145185230
3038156127
3038164327
3042442534
3050626342
3051158823
3034377495
3034410775
3044939607
3044935670
3212183031
3220571639
3214347687
3197371815
3199481335
2662344151
2662343127
2666623831
2675046014
2675031678
2670762622
2651888510
3192957262
3217074255
3217270861
3209884876
2635223244
2635203036
2618426284
2639663780
2515941028
2511351460
2515544997
2515565029
2507262327
2507394311
3581060359
3589448963
3589464322
3564359986
3560002850
2486244642
2484274978
2488403938
3587315602
3616953223
3600176005
3600138628
3604280244
3595888620
3595874156
3610623292
3610754333
3610623245
3610633497
3581142299
3715298571
3715515722
3715517818
3698810218
3698798446
3706791806
3723506558
3719328622
3719328366
3755008639
3746685663
3745638109
3712086012
3720604156
3703699948
3703601404
3703577820
3695189196
3707835869
3707909613
1595045863
1599263734
4291941334
4290831302
3753943366
3720458514
3720582450
3696342306
3696278818
3713133859
3713203507
3713195315
3721844083
3587622897
3587622801
3621242753
3621111681
3612665269
3612665253
3594839525
3594909045
3612595461
3612603669
3614702901
3613588757
3613850885
3622231045
3614819605
3581166967
2081707351
2081634135
2081568631
2087859815
2087917415
2112960375
2146529607
2127778247
2127648199
1589671351
1606446503
1472227750
1438678438
3586162102
3712185750
3577902470
3587339206
3620886358
3622852390
3606069030
3605016375
3605015829
1453473045
1453462837
3621999653
1366512932
1343440164
1342424341
1342439237
1342676805
1342541637
272928197
809815541
1900398053
1900537325
1900473837
1934093821
1933901215
1933889423
1933954974
1933987774
1908832190
1908828062
1971807742
2009425390
1472490990
1472228831
1472294341
1463892357
1430461877
1430405045
1426208671
1430468495
1430337438
1438660062
3314576686
3314646318
3350326566
3349212438
3349208326
3349202182
2279720214
2280906038
2245229606
2244181286
2227329335
2227325751
2245217815
2245123607
2240872023
2240872407
2276499367
2280951717
2239023013
2373240741
2355484629
2355298117
2355297537
2355255601
2288150835
2288085011
2288085011
2306042899
2339527699
2320680198
2319701254
2319580502
2336357878
2336275942
2344660407
2411769269
2412101044
2412224436
2252853140
2249707412
2249576372
2249672612
2249615264
2269602725
2277827541
2244339543
2497158967
2488699671
2490796807
2499189255
2515909125
2549398397
3061100525
3056907759
3054879151
3054911663
3071677870
3038123438
3027636158
3031830486
3031445462
3030394838
2493523222
2497721622
2489521430
2489519366
2489543959
3571639605
3571619124
3572598036
3723530500
3715145988
3710952708
3711149060
3574770693
3608329253
2534601765
3075626037
2549237069
2549483085
2545354493
2528458479
2543136494
2547265262
2549362670
2515803578
2515731850
2515686798
2498848254
2490429934
2490421334
2155081734
2155012102
2155044886
2153996595
3227669299
3244704561
3254125121
3245802052
3277091412
3344299876
3596089716
3598162396
3598031052
3597965516
3597965452
3593833869
3593966493
3593905069
4151747503
4118258607
4109734383
4109742574
4100043118
3831608638
3831620910
3848332590
3848398126
3848393774
3848324158
3844195358
3844330507
3877823499
3883037753
4025701481
4021505389
2928889709
3201392509
3209723487
3209717327
3176621647
3176556111
3184940623
3181266527
3046985437
2510061301
2514251509
2514235117
2514237373
2514290591
2497512375
2430403495
2431980006
2431930854
2430916086
2430916055
2422533335
2422532305
2418342017
2418465153
2418473857
2440490896
2541121169
2540912307
2519807986
2519809378
2522969378
3613471794
3579851778
3579864066
3571540994
3567445011
3299001361
3449996307
3479520259
2384740354
2384863234
2384864258
2389054482
2398428450
2327067431
2327063077
2343840292
2310281740
3388214796
3387213340
3422388764
3422192252
2337972989
2602148781
2568532909
2551809967
3088694943
3088625289
2820189833
2887302841
2887499497
2889528939
2755319403
2755645418
2755481578
2754960810
2775928234
2784447930
2780253595
2779985291
2813535689
2784044505
2774607864
3844089576
3827312616
3760202728
3764457900
1642139836
1672556764
1670385868
1922048076
1922048008
1397825544
1364292888
1355960121
1353894683
1353906954
1354161418
1354550554
3232550010
3253585114
3274626250
3258873034
3258868170
3263111643
3286049659
1100223338
1083446058
1087636270
1087641407
1087733047
1087761687
1079508241
1079411969
1075216384
1075228865
1092006017
1112966273
1112983697
39733425
39782577
307575201
303380385
303309477
303329965
842330797
1919214187
1935713066
1399106874
1382328346
1390721050
1390852154
3538327866
3534133562
3535703866
3533606698
3533673770
3533681711
3537736749
3529280540
3525282828
1377733644
1377762380
1394506844
322845788
322844764
306067836
371137151
375200366
920476270
916323934
1992277582
1975369422
1957478094
1957468622
4108622030
3961887230
3962018798
2888284911
2889333485
2887101164
2887036524
2757029484
2757020268
2757020284
2754923068
2771704380
2771708732
2771708220
2775898429
2775959933
2741979509
2741919191
2741927415
2741911478
2750365622
2751209398
2751209366
2751273878
2750888342
2746562710
2746497110
2712942614
2713140231
2981504005
2981504001
2985631744
3511948304
3506703696
3507227088
1359809428
1359809412
1397562244
1380915588
1380859333
1380590805
1397318903
1405674726
1372120302
1372370142
1372362206
1372362190
1405392350
3552944126
3553075182
3553083390
3553030110
3620138334
2512584190
2508389886
2508447199
2495870429
2487350733
2487350749
2487477725
2504157181
2504224765
2504339071
2504343166
2672115310
2403680110
2412516734
2409436506
2677888475
2677855705
2648495608
2639564280
2622852604
2484314108
2484319964
2484184780
3170936524
3170938588
3204558573
3208834798
3210149870
3210104814
3077918062
3044363582
3044275487
3052659981
3052528924
3052451196
3085999324
3083926676
3209817220
3205720215
3071424678
3073513638
3072461990
3038907558
4125232562
4121048770
4120979138
3584042562
3584042498
3751819011
3751818499
3454020611
3445831731
3445758247
3424783159
3424782871
3429055046
3438358466
3438311362
3434116562
3448796658
3448795618
3486609890
3446822242
3446822738
3445784322
3445848834
3445685010
1331751250
1332866514
3480401859
3472004035
3472064977
3471872481
3346047456
3346048484
3346120180
3340934469
3307380055
3307395446
3307625782
3307699510
3311746390
3320266582
3320207319
3316012756
3316105940
3315974896
3320091632
3344995696
3340801313
3340807459
3340823858
3307333394
3311563282
3311538706
3303146259
3303211825
3303019825
3295687985
3295876144
3296085249
1148605697
1148646849
1147658177
1148702609
1166006705
1181612465
1181089201
1181013425
1189466547
1189449906
1457623458
1457562082
3596657506
3613500210
3580077874
3580337459
3580204081
3580687393
3580682276
4251836468
4285395045
4285527525
4261404647
4261272295
4258589398
2136304326
2132180678
2134312774
2117535047
2120692021
2120692773
4293350452
4292990260
4259446036
4260478740
4260412949
4258315797
4191221311
4223727214
4207113830
4198897510
4216722790
3109487974
3092579438
3100996862
3100898382
3100900686
3117530447
3151014733
3151014748
3133193020
3125926701
3138903853
4212541229
4214625597
4214629695
4216729982
4208399599
2056590508
2055499948
2126835868
2118185100
2113982604
2114040012
2130961613
2130902235
2131917306
1968339370
1959922602
1955728063
1955745439
1955743373
1435527117
1576034781
1566630397
1562435821
1545859557
1545785845
1546834773
1551037207
2096231191
2095101719
2095097631
2086780190
2087164191
2099682063
2120649503
2054069021
2054012733
2054993688
1786564888
1782370328
2050969657
2048790633
2065567979
2032014506
2019442106
2027829946
2023692954
2023558810
1486632586
1486627466
1486643914
3700744794
3719623211
3723813673
3748983592
3744962328
3744892168
3745436952
3716141436
1566372140
1549590840
1549791496
1549717768
2086585624
1952439577
1969158475
2004785658
1937672618
1920321946
1914979722
1914962314
1914962330
862400938
871769003
1941316523
1907827627
1907631071
1895052110
1357173518
1349292830
1357682494
1357684286
1357748766
1374329350
3588930054
3619335942
3619337493
3619263844
3757610468
3749684692
3745424836
3726546372
2652278084
3189214261
3189025831
3189040166
3191202854
3191231766
3174434071
4243982327
4237760164
4237571744
4237571760
4241761920
3692382080
3708995520
3711104976
4285720433
4294174579
4294046995
4294045954
4252291074
4248065078
4248058918
4231343206
2100701686
2104629654
2113014678
2106789782
2140157831
2122326941
2122375580
2126557628
2119217660
1984996733
1982899517
1998628159
1965143343
1969665838
1952896830
1961809726
1961746239
1978457471
4151106911
4151299423
4151238111
4134458831
4151235919
4293842270
4260353838
4260165166
4251248174
4251248158
4251252286
4293744430
4294737198
4277959982
4269309247
4286280975
4286206221
4259991820
3706343756
3706417500
3697889660
3697825772
3697811436
3697809149
3714586207
3723035487
3752543071
3752489307
3752490315
3757735243
3749313883
3749247355
3715672443
3749227995
3749231945
4281898329
4281958776
3208286520
3208291096
3212485148
3178930812
3178992236
3162100332
3179016940
3187397349
3086600167
3086798310
3069496422
3069495335
3059013655
3059084295
3055021061
3188090117
3205904215
3210084950
3210610386
4286519282
3757850082
3690732642
3673951282
3674082306
1258171394
1258169346
1272914946
1239180562
1221387634
1217396163
1217322371
1222544771
1222608275
1214219699
1216198115
1216210403
1210050035
1214242259
1214119409
1230826977
1306060256
1339680144
1331419008
1314636432
1585169072
1585050352
1601823444
1433137876
1433261037
1432673775
1432668650
1441057258
2011220154
2003032474
1998843274
1998709130
1965146506
1969472475
1956876779
1956749673
4120944937
4125142317
4116823357
4116881181
4116880911
4116897311
4100185630
4100019518
4116714606
4125562086
4160095398
3623224470
3622962327
3757249939
3746641329
3746572209
3746588305
3748718291
3748718147
3757155843
3757160209
3730947857
3730947383
3726891319
3726727991
3730848534
3747691062
3756138022
3718383142
3701605222
3702587878
3706745047
3704676549
3696287940
1548788948
1563465972
1563527636
1597229508
1597176772
1595075524
1599269316
3746755908
4252160260
4252094740
4243624740
4239434532
4239434533
4237342567
4241554790
3713063270
3709032934
3708967414
3708950866
3713146114
3723626242
3723821826
3719570194
3723764498
3723847442
3724011282
3654802706
3633679667
3632569393
3636771921
3645160529
3641039953
3405988931
3473016002
3439461874
3452052962
3447793634
3430950818
2357204642
2294285955
2294400643
2302850753
3411191489
3461529152
3461848576
3459619408
3732257776
3732383920
3597838512
4130445472
4130376864
4128343184
4128411776
3876762000
3847402464
3857768993
3832604195
3827328563
3827393059
3978433058
3982623266
2913158690
2913158967
2914110743
2947606535
2949703687
3211847735
3174291495
3178417175
3187066183
3187032903
3086287831
3061068775
3056871399
3061060967
3069644130
3065400626
3082190082
4122404098
4126582018
4101415938
4252472323
4248276083
3208092785
3206008305
3172290017
3171159523
3154456547
3158650578
2563057394
2559846114
2559846114
2559842018
2626951106
2643744707
2681595777
2387781505
3730220929
3747067776
3747061168
2673187232
2673191328
2668931232
4279614689
4148026485
4148155447
4151275863
4151128439
4159447527
4159448551
4125963751
4127131623
3581281991
3589690951
3589793286
3589596934
3572819222
3572800566
2516031542
3187062806
3187062789
3212220677
3212156180
3195376436
3195372340
3212280420
3210072804
2908025760
2903832481
2902783905
2903997857
2937290147
2941406675
2926726595
2935119171
2951965698
2943380502
3178245430
3178310950
3186826534
3182645030
3216197222
3214235255
3214177989
3218368193
3209983697
3172222691
2635417315
2618763235
2622956914
2631349266
2633374722
2629716994
2516482051
2549902387
2533157939
2524773393
2524894209
2524894209
2541666369
2503917760
3560949136
3495819168
4032620196
4039933604
4039921316
3050049173
3074784917
3074912087
3059180854
3061179686
3068191798
3084968983
3086017855
3083965717
3041100613
3041051589
3024275349
3158767013
3158828455
3158699175
3167022247
3175369911
3042395285
3075896709
3210142149
3210146773
4249998199
4258330495
3184650047
3176263455
3178625823
3178625311
3212295453
2943784765
2943845181
2941747741
2908209693
2908222015
2908024622
2908023086
2943674414
2943736878
2922827086
2922791246
2926986062
2935312878
2947838447
2947835117
2918476989
2905963916
2906021260
2906541996
2918637484
2813843453
2813686221
2813616455
2805228551
3073647910
3073770790
3207994662
4285947698
4290729794
4290662722
4290703682
4294889794
4261270850
3187469671
3170691431
3170691429
3170884052
3162462660
3179233156
3179231108
3212776116
3086811812
3048539045
3048478631
3052676530
3052414418
2507236818
3578918354
3578913218
4124091330
4124092226
4106262339
4097891601
4094819636
4095204644
4111912228
4111879476
4118183173
3579211011
3721882898
3704970546
3720627490
3720660786
3720737554
3754353427
2681660161
2681665280
2677462848
2677985216
2648690576
2682113696
2673725088
2673643424
2673123297
3193218529
3201607025
3201671505
3202195927
3202130422
3208425958
3208431078
2939604454
2938556406
2938560382
2952265534
2914053950
2914053918
2941316878
2937122062
2937314623
2937211951
2950054951
2778154039
3046453265
3046584400
3050713296
3179086064
3174827489
2638089633
2641235923
2683190722
2684235202
2680106434
2680111042
2679996402
2679930850
2679406306
2677860002
2682054579
3755795889
3713856944
3696614800
3694644624
3694626224
3694179744
4247824352
4264797776
4264797696
4264666641
2117187123
1983119155
1999795475
1948390401
1948386321
1952580689
1424164083
1421020643
1421023651
1957820851
1957817219
1978771843
1978776003
2004192723
2004129139
1982116115
2116546818
2116161794
2116162354
2116237090
2053191458
4204803874
4205839714
4203832770
4202751169
4202751168
4198544576
4198546660
3141909988
3142036324
2839915052
2839919149
2950142509
2941754941
2941621775
2937451031
2937541431
3205955939
3174498531
3845587105
3845588129
3858177185
4122352785
4122360193
4122094467
3752995458
3740483202
3731951298
3731887474
3746574626
3750764578
3717210150
3717293366
3700550933
3700472624
3704658528
3692075760
3692076736
3708985024
3708987328
3709002689
1561523155
1560531362
4244689378
4257280226
4119982310
4120048087
4153587015
4157718285
4115726109
4111597087
4096968223
4096935711
4100130619
4108662075
4108662075
4109304891
4126082169
4093445625
4076684761
4074628553
1920788427
1920837579
4068456442
4067922282
4076179563
4074016875
4132761721
4128534649
4127470697
4144250217
4148305897
4118945513
4119992045
4120081039
4119913103
4124091279
4114657775
3846280431
3875642454
3875646471
3875579911
3875646487
3876826151
3876762663
3876767013
3881189669
2809594663
2809468775
2810121959
3078557411
3086813859
3082619555
3082107539
3082235523
2509651586
2509643458
2509584002
2509532818
2413047714
2406755746
2406755490
3480565923
3748010128
3747748992
3747743104
3710996928
3698385728
1549918992
1549918736
1549840913
1545646615
1546712630
1546714662
1546779510
1548942166
1565710678
1607637254
1603438855
1605536769
1588834304
1592832016
1450487840
1446309920
1446076512
1460805760
1997681793
1964133761
1968361123
1972424355
1972416162
1971367922
3850415367
4115696903
4111830279
2100735751
4251364867
4259769905
4293293859
4294247715
4199809251
4194578595
4194381987
2067931571
2042771331
2021808067
2089996033
2089914113
2094054693
2085661735
2085923879
4244937751
4010054735
4010194015
4282823295
4287025767
4253467237
4237574757
4099150452
3021218420
3021223268
3172949092
3212725348
3200174405
3199654213
3199712582
3065364422
3203704806
3193741670
3189543278
3206381678
3210662014
3176652918
3159744566
3157648678
2893404006
2893532966
2893532982
2908178182
3981661958
3981537542
3847479558
3855872311
3855834423
3855898997
3847502324
4116019620
4149692852
4149693572
4133310852
4133310852
4141118372
4135875232
4152840865
4120008371
4126240658
4096798162
4096798162
4096994498
4096945474
4101131570
4105424675
4120956721
3047206657
3081809408
3069224464
3056841216
3056779777
3211969281
2677162209
2643473635
2647669923
2641365154
2637170866
2637307314
2675058322
2679251586
2679267970
2677270210
2677141186
2414910242
2402335527
2637216037
2636228885
2670896388
3211965188
3186791180
3182858812
3182794341
2914293733
2893320167
2889125351
2905902583
2939600247
2939612470
2921784630
2925950263
2927056151
2926853383
2926914839
2943692133
2918649189
2914452853
2914402629
2914398277
3216318663
3211796711
3207603430
3207595174
3207728550
4252372886
3719699078
3717610114
3717688002
3717721794
3723867715
3715404643
3711210337
2637554133
2625036741
3698808309
3698658789
3696565671
3696570279
3704958887
3721674663
3721672607
3721667983
3721667997
3713099263
3713225183
3709030735
3711005518
3748718174
3748718206
3757178478
3755212783
3738426879
3738301951
3755005437
3620787676
3620787676
3587306972
3581079021
3564305773
3564258677
3564257589
3564327189
1416704277
1415656213
1566647068
1600201512
1583608616
2121447224
2121439496
2121304344
2121304120
2146732057
1843693641
1818528905
2082766987
4230447258
4230386106
4231451054
4231164846
4252115878
4260574114
4260440018
4256247746
4256378307
3182508497
3186636993
2641373251
2637389139
2670873907
2683455251
3736294931
3736086019
3736086035
3455086115
3430186785
3694413601
2620866865
3560882499
3562975683
3587875715
3621430147
3598419587
3594096513
3610888593
3610896865
3615058145
3581749473
3581754595
3715962067
3713283538
1549021666
1557468002
1553094259
1553104835
1569978819
1607526593
1582345361
1578280064
1578275968
3725821121
3725690225
4279348771
4291865123
3218123297
2951851569
2943522307
3195191811
3203842611
3199583523
3199489251
3203665123
3190820003
3190885523
3190963363
3211931059
3182573443
3163698883
3163776707
3163612865
3167792705
3167792976
3159469680
3158425184
3175135792
2936248848
2807208468
2807270949
2815467303
2809431335
2771699031
2771768391
2771842167
2805351718
2939569446
2935359270
2931242518
2930978310
2935041798
2926602566
2941282534
2941339878
2912045207
3180485767
3180491909
3151176897
3192922339
3188728866
4264826146
4264953634
4269162002
4290651650
4257113602
3720013571
3720004353
2113504576
2102955248
2098768032
2097784992
2097928368
2098153648
2081295504
1007027344
1006711216
1007694752
1011888800
1020274337
1016147603
479276738
479274562
414441986
485593602
485529106
535871010
508602914
1582414418
1582480066
1582485458
1589893091
1589760995
1589695335
1572918051
1556145953
1548791601
1548987185
1548925233
1574083856
2127725632
2127724737
4266819713
2115141763
2115154051
2098394242
2081637810
1947275170
4098899938
4107284002
4239404594
4239404818
4104136466
4122031874
4122048326
4153530183
3616772037
3603073988
4131560388
4128479700
4128284020
3859846436
3859853348
3864043813
3889209637
3826299189
3826418435
2886915859
2888984355
2889291618
2892238690
2950958946
2930052978
2930187010
2931239686
2930862854
2947574055
2945505575
3213937959
3196112133
3200341249
3187680257
3188991027
3188994083
3191210081
4286447841
3720217731
3636344195
3636342145
3634363329
3634219587
3649341987
3687115298
2588207650
2588208914
2585159426
2601911618
2283667922
2287797682
2296133027
2291936675
2291412385
2291416481
2291402641
2286946241
2285926083
3359731265
3368249921
3368250144
1212242720
1276201264
1276366144
1276301760
1293083072
1325588929
1308857811
1308737010
1312877042
1312942546
1312913874
1312902386
1178682594
3603002594
3598803427
3598800883
3615540977
3615536864
3586174688
3573591648
3573653104
4110589696
4110593280
3875712272
3858930997
3858992917
2789313029
2785054231
2802159398
2803287334
2903962918
2906088486
2888242470
2909144422
2846232550
2863075318
2864013270
2861920199
2866080199
2857429445
2853240037
2874395749
2865939557
2861745237
2866013185
2853202945
3926944881
4195573089
4212268899
4283567987
2142637891
2124812035
2124815619
1592736001
1585264912
1601972512
1610362144
1572677408
1572799040
1304314560
1304412800
1291420288
1281984384
1282379696
1290788512
1286078112
1218805408
1218520736
1219503841
1240475489
1240475427
1213211938
1215309090
1211249938
1209160706
1213383938
1213453570
1221826386
1238480706
1238480706
1272039234
1232324370
1232324403
1215557923
1213325603
1213260067
1221681459
1213292803
1230205251
190268867
253167057
253169136
223808928
257260960
1322642848
1591061888
1591065985
1590794113
1590793107
1590801331
2126623651
2126553571
2118169059
2113970658
2130764002
2097340626
2080568514
2081610834
1817364770
3969108770
3970992931
3987778307
4025528065
4000427265
3994191105
3994470145
3998664561
4006049761
4019468193
4023387555
2924481699
3188722866
3188792482
4266798514
4270993282
4287770562
4254232066
4243840770
4243623187
4243631393
3169889312
3161500704
3172056080
2937294144
2940372944
2948830944
2948638305
2948642403
2906707575
2902581046
2903657766
2939571238
2942700594
2951089154
2946899202
2947775762
2918215506
2909858423
2903558759
2891106869
2899508993
2912085249
3180454913
4291878961
4279264289
4279243873
4246078691
4246078947
4250796754
4255003330
4257112770
4290700866
4290768450
4294835010
4152228210
3623746034
3758086322
3724363955
3713803409
3709608337
3708559793
4249162656
4119069344
4119134880
1972848336
1972729280
1429267648
1412490432
1412623553
1966258243
1966246163
1978894881
4153448993
3885017633
3868240656
3864047360
3859977984
3876766465
3877028417
4258677475
4254414818
3987735970
3983543458
4247796914
4281543858
4281478322
4294065538
4289871746
4256333506
4256431682
3719339522
3719342882
2647698723
2647698723
3176246567
3208811799
3208808215
3179512359
3179385447
3162542951
2894366693
2891222469
2887027141
2887186933
2939616117
2922838901
2924936529
2929192273
2933189955
2924801363
2920605025
2920793381
2941699361
2918597889
2914407681
3182896385
3220448627
3207871970
3191082466
3191803298
4265477522
4294849922
4122886018
3586011010
3585830529
3585736384
3590121440
3581732832
3577537936
3577660800
3577105808
1433877905
1416965521
1416707505
1422933927
1418739623
1418737318
1418732182
1418732230
1559257606
1550901782
1550904854
1549856310
1559296566
1559296566
1551105814
3698513222
3715290454
3713187958
3721511986
3721452594
1573977363
1573972241
1567877457
3715300720
3715288528
3748841424
3746726864
3746673648
4283474673
4266697425
4266697685
4266899301
4266900773
4266891557
4268857653
3191126309
2922686767
4013734207
4017063703
2909717271
3169776439
3161387890
3162395602
3157672402
3155510754
3155252322
3186836770
3216167187
3216171265
4122206464
4126269696
4147180880
4130458720
4130588772
4132624484
4132919381
4132796485
4132711495
4147389782
4097114374
4101374738
4109763122
3572896290
3568775778
3568658034
3586090690
3619682243
2545798529
2539445649
2535251857
2535186320
3608862609
3613065137
3613093873
3623383025
3623648611
3623632227
3622579555
3580177763
3580245331
3610645827
1463170499
1429349699
1433562371
1441975089
3585575456
3585444656
3585386768
4124355840
4145327376
4262954240
4279666432
4283862611
4254519010
4256530402
4260380066
4247784610
4245685426
4245890194
4279379090
4291962242
4254234242
4254260930
3700677122
3700464130
3700468514
2630920481
3176180000
3205610804
3188950292
2923595604
2949022436
2944898788
2915350244
2906953445
2885998581
2903899493
2903702887
2937216294
2924629782
2933022214
2928832006
2932895254
2924505894
2924509286
2874165351
2849131605
2844937284
2878501956
3146916932
3134202997
3121620067
3123709219
4195749666
4212530738
4191301122
4174589442
3632473666
3636602691
1506015171
1539373009
1606462897
1606462849
1606539649
1547815089
1547913393
1547836593
1543711920
1543585184
469777824
1027620768
1069559472
1069756096
1070739008
1072856577
1072887553
972273411
972076851
972076834
703639330
693153570
722516770
721468194
721656675
721591267
692255649
692255649
1766055825
1765854609
1765923219
692156851
692287923
725826003
792934867
792934867
792934771
792935781
802233381
768679029
764492885
764426437
633355461
633371845
625040599
625171703
625163511
625023095
625019191
625154359
633551669
667102005
658582037
666966533
650185237
650317365
662904357
662714933
662710789
668207879
627964279
627947895
896384375
896382455
896381367
929935799
929935799
1064153527
1064154551
1055766966
2062399926
2054011070
2054027390
2050897966
4198119470
3644467518
3631882014
3636082206
3636073022
3635937854
3635937822
3367511598
3380284782
3387623791
3387627887
3387496831
3387496799
3387439431
3387439431
3387521351
3387545927
3362380115
3362388307
3362372051
3362372083
3362504179
3362501107
3379278291
3412767171
3395989957
3395981773
3395981769
3395852713
3412638120
3412638120
3475618216
3710556632
1428855240
1432997064
1365786696
1365770264
1361719336
824844328
825893160
823862056
822679084
868748844
600312332
868747852
835193420
835197508
826825556
826891092
826899412
822704596
822737396
822868468
558758389
558725589
558725589
558725461
558856565
558856565
558725493
558725493
558725461
558725461
558750133
558750133
558750133
558758325
558758325
558234037
625080757
625081268
625073076
759421876
759430100
759360468
794028661
695331381
693230389
693230439
693238119
693238119
693238118
693238134
726923606
726923606
726923607
726792535
735181175
1003747703
466876791
433322359
164886903
138664243
138664243
138533138
138542354
138506610
138637683
148074835
164786499
189952259
173150471
173146887
173084477
173030185
173025579
441461035
978337035
980491531
1047545099
1054884155
803258683
795136315
761565563
761631097
761631096
761640312
761771384
627545976
1701680888
1701680856
1743753944
1743753944
1743762072
3891245737
4117754538
4251942826
4251809962
4251793578
4251916474
4218304650
2078684298
2078679178
2053513290
2071355434
2071355434
4184727854
4193833230
3640190734
3640191542
3640159030
3652791086
3652913454
3383363887
3383363695
2309687423
2309560670
2309560702
3387431278
3379050854
3374864710
3374897478
3358173506
3362367939
3362373073
3362362865
3362369968
3362501008
1231721344
1265276544
1248524928
1248467584
1244273556
1244150244
1512585260
1512635436
2066453528
2067300360
1803067400
1777903145
1807269416
1773768236
1757122100
3967524464
3963330144
3829111392
3762018913
3759884641
3759753315
3805939795
3800696898
1657408322
1644838722
1644706930
570965090
583541858
562566374
545985742
562566286
562586763
562603147
826848667
827170203
827166090
827300234
827242906
826719162
1900456858
1900457866
2001137546
1464217498
1430732719
1565466541
1573789092
1557009844
3704436112
1221337552
1217668048
1217667920
1234642192
1267870992
3398592560
3398555681
3398486050
3402930210
3394541859
3390344033
3407186641
1263856321
1268050627
1234533042
1234381474
1230051746
1494223010
1494288562
420681922
453126338
453208258
453109186
453030226
458338678
458338615
433172535
433172501
424783900
408007708
475135000
491911480
491977224
533921288
1607622152
1603470856
512755240
515113512
448004905
463737194
464261226
430772330
434704490
422122602
422253658
422253642
422257738
959144266
959013211
959009113
1026146649
762020185
628064633
627945816
795719000
728741208
728733272
728610424
736999160
971880184
971882234
2045615866
2036973290
2036973034
4218008682
4226527338
4227575898
3650805834
2577031242
2581274970
2581209451
2314868073
2313817448
2309622124
2309687676
2309560655
2309495118
2309495134
2313697638
2305300838
2301188470
2301221190
2284448070
2288642370
3362368835
3362373075
3379271121
3379271060
3412760452
1265302404
1265302404
1265204156
1260976620
1260960236
3408509292
3675953496
4211776776
4211715848
4224233016
3951603244
4204304940
4273572412
3999894076
3861482020
2788809252
2719701604
2718632037
3792308455
3788114118
3767142855
1619663815
1623866951
1615413063
541602927
549987439
545791083
562567243
562636875
562636875
566831179
826890571
826919243
826919371
826918347
827061657
827045289
827047343
827309485
827177396
902150580
885373840
1959115408
2093464240
2093398704
1548135088
3628575472
3628199504
3628232225
2572303906
2580683554
2582841378
2310015010
2343569442
2343835698
2343950352
2344548352
2344528128
2344397376
2348334784
2315030176
2306721440
2352010914
2368750242
3711108018
3744612754
3742560402
3725845634
3725651142
1582409734
1582475268
3729958916
3597838340
3610421260
3610365964
3577151500
3589669656
3619045928
3602268715
3602663018
3602696938
3531393786
4064053978
4064195738
4062093514
4145717450
3831144522
3826950153
3826954248
3827036472
3827004968
3829282344
3829341800
3836485352
3836481257
3886288794
3869525146
4003745978
4276383898
2116432010
2116427914
2066096266
2032544938
2020485546
2028935658
2024347962
2024307722
2024338442
2045308938
1533599770
3681083434
3689537834
3651850794
3635021354
2561281582
2292910606
2296912398
2296912422
2296974630
2313817383
2313882935
2313690391
2313690437
2313689413
2313706317
2313747285
2313796469
2313796069
2305407461
2305407973
2305416789
2305413703
2305512007
2313826895
2338993003
2338992491
2339057771
2305316987
2305349833
2305341641
2301213129
2334890443
2401933771
2406127563
2414445259
2280162011
3353924329
3278463592
3278447208
3279562536
3277466924
3242925100
3242788924
3238529100
1091094604
1091156172
1091153292
1363783052
1401533853
1401521582
1384746414
1917423022
1913231790
1913239950
1930128839
1930043653
1896489773
811213609
811209514
819663674
819467546
818415898
818415882
810076426
818448841
818911624
818920328
1900918408
1969066648
1427477176
1413722792
3712201387
3720458926
2680353510
3217223394
3133335650
3129141282
3130320930
3130308658
2610232067
2614422019
2601806342
2602322454
2602392102
3141359654
3145320487
3149514788
3149519044
3149655172
3149522564
2574865028
2553873056
3626828704
3626437795
3627223202
4164028578
2027030658
2027038850
970140802
449978817
441643456
508739844
508739844
508613164
1047585320
1047586344
795897387
762338858
794025786
777182266
777227290
802259978
670336073
636257480
623744456
606974664
606982872
607081208
611193448
636367402
632173354
632238122
632042538
904672298
904606730
1038816330
1021924554
1013503113
359265689
359396763
359331227
392885690
393143722
267208122
1307333050
1306849786
1307898170
1308620074
3489571114
3485376810
3468534074
2394521882
2394587482
2394587646
2331542445
2335761068
2302205612
2285591176
2285513416
2289707864
2289576237
2285385775
2285780014
2283721758
2286912774
2559353606
2559353350
2575872598
2592715510
2324337390
2598011630
2652456683
2652388971
2654476859
2671381291
2642020651
2516191273
3585615881
3583518793
3520601160
1104692296
1406763208
1406763096
1398505848
1931190760
1931191784
1930073512
1661700008
554208952
554208920
554225304
588192472
588130857
592329259
600782891
596387883
596388907
562918411
563069963
550338633
550277577
550278047
550343359
550474414
537900714
537788074
537729722
554646170
554576298
600713386
596523194
596580491
864304265
1938044040
935334072
398545320
1468199336
2005050348
2005116413
2140188023
2140187942
2110826790
2102508326
2098371110
2098383478
2098338374
2031299270
957360839
687880549
734074981
729877541
730877044
764464196
768650308
760261956
760323828
692296629
692231079
755227558
788601766
788601830
788676598
788672886
802304303
764612925
764440585
766566408
766554376
764458760
768720408
768842264
794008073
793943561
789813003
621905162
624001370
624394731
1613662123
1617598379
1617683865
539551113
539510217
543773145
560604139
560603690
560620074
594494234
1668038938
1659494682
1726668826
1739493386
1739096154
1734922746
1697142778
1697126362
1966741178
1970943658
2008688554
2142971290
4273485194
4273477002
3736630426
3757630634
3749242090
3749373162
2681918666
2681913674
2650391386
2650333738
2632475178
2296980011
2296980027
2296984363
2582200363
2611725355
2611661881
2599069721
2600052811
2591590475
2604173515
2604383435
2604393818
2604266362
2604286570
2608494314
2616878827
2579230443
2577981113
2582171529
2573782921
2573770697
2637938265
3212488248
3212570424
3195662140
4134071596
4134141228
4134263852
3794390076
3795438620
3793472604
1661656572
1611319260
1615513484
1615513229
1615459983
1611191982
1611189994
1615645418
1640880490
1640884266
1636609082
1636678667
1641010249
1632559432
1628432216
1628395128
1628327528
1628339817
1640951657
1636629995
3817643483
3784084938
1632411019
1627690891
1627899801
1627805613
1611022252
1611083684
1677798820
1683172772
1708272805
1838355617
1874002131
1874006210
783491138
800154882
804318978
724625970
724625954
722500135
722680357
726867493
693182292
701502928
953171184
949042400
949172432
949098689
964909249
998374611
1066646739
1066644723
1070634227
1062254065
1058060241
1024571072
1024702144
1024653008
2098393828
2136109668
2144490284
2142393133
2142499129
1861334299
1861336347
1869651723
1869922058
1769324298
1769903370
1746834442
1746567258
1746649290
1815855322
3980022186
4013574123
3879620329
3891678968
3887423064
3886341656
3886338584
3886305800
3890508296
3848548888
3781505577
3781563179
2716208170
2717714538
2717714682
2782746779
2778687627
2785012875
2784612746
2952299402
2952573594
2908549802
3176526570
3177181546
3185533994
3168626730
3168610362
3120441354
2583308298
2616862986
2600079115
2599028507
2594767675
2611482938
2611507242
2309550186
2309521642
2305327274
2301134234
2302182794
2302389643
2335877579
2604329467
2604394987
2608503163
3111820155
3119169401
3119169529
3119036409
3110635224
3106440904
3174602456
2906388472
2906320360
2906287208
3879352428
3883538476
3891940412
3891938572
3808159564
3797542604
3809011420
3809003164
1627965084
1627967132
1611599516
1611541404
1611606429
1632057577
1640437867
1636121642
1670718490
1670717450
1669685258
1670172938
1636598026
1640533786
1640602474
1632353259
1628154873
1628158969
1661656569
1661654489
1665855945
1666183641
1641019368
1640988648
1632451516
554449308
553982364
654510268
641866924
650257580
646177956
646026645
780248965
796962757
747745091
743681347
741585923
741585926
741602678
740441958
740432615
1830947557
1844644580
1823476452
749734608
749748160
748693440
1018176961
1035171283
1068692722
2123553890
2125634674
2129762386
2121382723
2121313793
2133897728
2133979664
2100515380
2100507180
2133930796
2121338920
2129663019
2123373626
1049705498
1049836570
517149706
507645962
524435467
339919115
340968713
349603081
349609305
351776219
905227771
913614251
912556475
908362427
908444347
925258425
874914539
875963003
880157242
1962292522
1958046762
1958013994
1974778906
1995736074
4277502986
4275343706
4290556282
4223435627
4194141739
3111843370
3141168682
3141152314
3141150250
3145343850
3148361962
3149398250
3115843754
3114803338
2577932427
2582127753
2573753737
2305510137
2305448571
2305452571
2607377178
2615733562
2582238266
2582286458
2578158666
2565387467
2556990681
2552794621
2553007613
2569723645
2569723631
2607476463
2615930863
2615701375
2598952287
2590629151
2608528703
2683039033
2674453816
2674457880
2674509084
4285252924
4117467492
4100694496
4101546384
3826819456
3758723472
3758785956
3758788500
3809118852
1644874372
1645116100
1645029940
1646017060
1664884524
1677464877
1673343023
1673474074
1671262234
1654444090
1653130298
1657308250
1674085834
558602139
1628157851
1611382681
1611268024
1611266488
1611626664
1611557096
1632513257
1665547753
600186845
583407309
646395597
645938877
645939133
650124469
784342165
784553109
1048765591
1065543042
1015211394
952299458
944963266
940825282
1007704802
1007692514
1011886817
1037122272
1066548704
1066538480
529597888
533739456
491808576
491814432
502333217
498202979
498268259
498333923
502356211
491870355
252861827
521335235
521327041
525456177
535868193
535864101
519086884
519157268
1584578052
1580375564
1594988060
1561368120
1548857880
2094174728
4243752456
4244014857
4242967929
4125986281
4151099369
4150572777
2791618281
2787415784
2787415800
2787628792
2792290280
2800673256
2800574824
2817266505
2783908619
2768114234
2692621098
2961121642
2759605354
2767985770
2768002282
3992575114
4026266762
4294697354
4285133450
4213823130
4213790634
4213923242
4218059946
4226448618
3149558874
3149488138
3148374026
3148374298
2615697722
2616795947
2574989099
2583369515
2583371050
2583371050
2583367018
2583299562
2612676090
2616772042
2615715275
2347279817
2338895817
2573965016
2573897320
2557120360
2557197672
2556996728
2552802393
3106512089
3106575609
3111826681
3143282169
4200201689
4199087961
4266261085
4280023613
4246404644
4116381536
4097562608
4099658176
3764027776
3779756416
3821699968
3813312128
3809140352
3809139344
3809016548
3775425060
3776723757
3789293871
3791395871
1673425947
1677616159
1675485565
1675411805
1665975261
1661781981
1661851517
1666185071
1666187119
1674444651
1665956699
1661811658
1661869018
1661877227
1666128299
1674516923
1703746713
629484701
662709404
796927132
796996756
780235925
780268677
797027461
1002548675
960736707
939700099
940751491
940763779
940735139
1007688353
1007688417
1011884000
1016282592
1018314192
1018377664
502282176
502284240
502276080
529620451
529684706
515012850
515012850
510744818
523294834
523304258
522317634
522449667
522318609
505475877
510718245
242282791
250736951
267481367
225456407
208680255
208753983
217242891
217242889
213044489
267832585
250580299
241993209
376213993
372027625
372027624
372027880
373273512
1467922088
1442756264
1425991320
1426055816
1421726411
1421378298
1421381994
1958515050
2113778730
2138815530
3994728490
3994724442
3927551050
3927487562
3927486538
3944341850
3896123930
3896123946
2822386218
2830762538
2830635562
3099075434
3099074938
3115855946
3115864266
3119043786
2582156763
2582222299
2573854665
2573987785
2575006713
2574982121
2608470505
2608536041
2608532587
2616919275
2616946939
2583388379
2583290315
2583209931
2566434505
2557000409
2573777657
2573834873
2607521577
3128592169
3128592185
3128669017
2855838552
2855904744
2860225704
2876933288
2850718888
2842334344
2821303688
2822548872
3895958952
3895635432
3962760552
3979533672
3983754747
3983754634
3983762826
3983762618
4017314986
4023471531
4023508411
4025738971
4025677339
4024685067
4024496651
3982550811
3978358059
3978394666
3982642282
3983691002
4025697755
4025561563
4023591883
4017235659
1836264155
1836137193
1844448233
1840253433
1840257229
1844460685
701506701
701702341
697442789
697439201
965940931
965750467
479211203
416296899
156464579
156390851
164812097
164748657
164690209
200325425
468760881
468760869
443595063
443791127
441619207
441684823
441553767
453097447
453089763
453220819
453155153
440572208
1514321200
1515369232
1515368976
1523765776
1515344404
458297885
420491803
403714602
944782378
1020464170
1016204346
1016204298
1016335434
481559626
485770715
486328315
502056923
535795035
519026010
511681915
511484267
511484281
511554393
528450120
1014923848
1014928072
2088674008
2088691432
2088560297
2096953002
2096943018
1844236202
1835369898
1835504810
1836228794
3916603578
3922960506
3947995450
3943735866
3943736890
3942704682
2870113834
2882950698
2845725994
3113894954
3113763882
3115861002
3120065610
3111710027
3106471755
2569756507
2575007194
2574986746
2583244010
2583370986
2583317739
2583317723
2616935883
2616837577
2615788489
2573857369
2573967960
3110843992
3111755384
3111690088
3110645096
3144199272
3127549049
2859107545
2854917321
2854855833
2855904441
2855974056
3933902248
3954872744
3904537496
3908605832
3896027080
3896354776
3895916008
3895649768
3962697192
3981561320
4023635417
4023639435
4015123851
1867770363
4015250923
4015246843
4017345883
4017352987
3983790395
3983753531
1835233563
1836278075
1836150123
1769027946
1810963434
1808862187
1804684795
1804670427
1775318347
1766925643
1766928203
1750280811
1758665455
1758661335
683686535
675294855
725624709
717304225
713162913
713163953
982654401
982526401
445655489
177224001
164821313
148045121
148036929
149998945
139505121
407939553
407943665
403954129
403955665
403955699
408156131
433190755
433192803
412146531
412130163
416332145
418429264
477280576
1565701440
1565692736
1599242752
1582338592
1582342688
1582359076
2119234093
2121299497
2121481515
2138184763
2110916619
1557269515
1559563275
1555301403
1555874874
1560052826
2147255642
4286553466
4286487930
4286494298
4286558795
4286362185
4248679000
4248720072
4231926409
4230887067
2083469738
1843935402
1839732906
1839995034
1873558666
2107912330
2107641994
1574965402
1299390586
1332879418
1328767274
1330734378
1334968122
3381894426
3381892410
3449262378
3449663786
2375591226
2377680217
2381940120
2372505016
2368311224
2368331448
2368421528
2369400536
2369400360
2373598761
2382051627
2377656378
2381850634
2348292106
2339916810
2340013322
2346311946
2342248794
2342236266
2342232170
2348413162
2306459115
2305380315
2301168331
2301311563
2372545147
2372549097
3320527080
3320395992
3287825608
3287841992
1140382936
1132060152
1094294904
1094434104
287026476
285912428
822848892
822725468
554224332
554290909
554426109
558882557
600823149
567276649
562949225
567077977
567080968
558745864
558619417
558529305
592079627
592338202
600757610
600830314
592246746
588007306
554458779
554532539
558857129
567245225
567244984
562903192
566589576
633469336
633592249
633580991
767798686
797162910
797163006
801221870
759278950
756133734
689007190
689126087
689060565
726809316
734149604
729881060
729815268
729815252
734025796
735304004
735288069
735162125
726773567
693222702
693214318
689020014
689036670
689003470
756251343
756219613
760411884
768766956
764506492
764473608
796979464
801239560
793891352
793990667
793996826
659810602
670169130
636607546
628214794
561005642
556090826
556614601
556757848
560952120
569340200
569340200
565175608
566078841
566074875
570265530
628727482
624661386
624660874
624931210
624796155
557703529
538796841
555693675
1628319339
1733176938
1737371610
1738280394
1989938378
1992035418
3606852634
3757650954
3753582618
3751469098
3751456810
3734736922
2660806746
2595791081
2331549928
2339937768
2302249720
2285525704
2285513432
2285513449
2285513451
2306350442
2310538346
2344092778
2344144970
2344132682
2348392523
2600174077
2600112365
2600183021
2600051948
2587401436
2587413709
2570718027
2621049419
2621057627
2631547499
3566742123
3566742377
3566742856
3518501960
3522707528
1362739272
1362866264
1360700540
1930077676
1930147308
1929938428
587761148
554469084
554553052
554596956
558770797
541997677
567228783
567224431
567094379
567045195
567067723
567068107
600609243
575508987
575648251
575578299
571319467
571268283
571230395
554650011
542014363
550402747
546204347
550268553
818177673
826562456
893405112
926959020
935523756
1069737404
780320181
1854123239
1853926646
801156342
687909990
672317046
672332358
672283206
672217799
672144103
676404965
764613861
1032918244
1032864900
1032901764
1037085892
1037156052
1037279221
1070775782
1062403558
1060322790
1043414246
1060248950
1060246878
1064440158
1039217007
766513465
766521608
1034973448
1039200520
1039250200
1030993689
1030995737
1030863643
770816267
770940682
619941642
610633546
611156362
606765450
1680519579
1680793787
1697587449
1731137897
1735268201
1676551723
1672357435
1676420617
1676412681
1643923227
1912361275
2013229371
2013196571
1996485466
2122167290
2122109418
2138883562
2138621370
2113848746
2046744490
4194231994
4194264714
4185683658
4218975946
4218971626
3688490090
2612617322
2612617306
2579189770
2561241162
2296997227
2288596841
2288598569
2288721451
2313887531
2330613547
2326450495
2326458655
2327441695
2331546975
2323156477
2335738365
2301200889
2284505467
2552946555
2552954747
2557142907
2565597034
2582181354
2582156779
2582156543
2573776029
3144400333
3145375196
3212545788
4265320184
4265339512
4131121976
3862686008
3862682664
3795573884
3795547356
3793417692
1628100524
1615513260
1623869068
1615414924
1611161293
1611419247
1615617582
1640851758
1671292974
1671231550
1671223327
1636670477
1640862733
1632473416
1628410584
1628435192
1627907817
1627913899
1631969194
3787839914
3787782570
3788364170
3788495754
3780009674
1632599755
1629437661
1612263388
1681731068
1684876516
1693922468
1706426532
1704071316
1870803077
1854091397
1048797575
1070656967
1062267390
1058073070
1058073086
1058143226
1058167643
1064443721
1039340300
1038168860
1033974588
481370412
481375524
481506612
498294096
500432241
1607728225
1599198305
1582400627
1582339285
1582347477
1582347764
1599321556
1599255004
1565700989
1565717055
1574105662
1607701306
1599181626
2119218474
2115091770
2115215130
1863564810
1834139146
1817361930
3965093706
3962996682
3962946458
3962880682
3963372202
3962905258
3983876843
3992199657
3986960505
3986953272
3987485704
3991872520
3991823368
3991332616
3991338520
3886468633
3888107033
3892102875
3892106906
3881621178
3881620394
3881591722
3848233386
3856617898
3051307178
3050819770
3050692730
3184910394
3185044522
3185047610
3185404170
2650630410
2583571210
2616868619
2616854281
2600142105
2594701609
2594713643
2611478570
2611560554
2309542122
2313741803
2306403790
2302200206
2302380431
2302327007
2570759663
2570763627
2570762075
3111890699
3119099675
3119034137
2850602809
2842206041
2838076760
2905249240
2905265656
2771017192
2771009000
3878297068
3798601196
3806989820
3806993884
3807983580
1658349516
1648911308
1661523916
1627964892
1611646168
1611615432
1610954952
1611086296
1615215592
549857897
1636249134
1636054554
1669601034
1669600522
1670149130
1674433562
600825114
600743690
600809034
592223947
1661767675
1661506987
1661506987
1665906089
1674225065
1674241465
1674313112
1665759640
655047064
654977432
655305144
654785964
641873324
667050428
797176284
746689500
747743173
747679175
751873474
739294402
739359990
739407078
756161766
789715175
775035877
787618404
782436900
782240308
799030788
800073220
766566925
800174357
1066636647
1871945079
1874960375
1866505973
1862317812
1862317812
1863561972
1829958372
1829950052
1834095404
1741820205
1743991099
1727082554
1727017018
1995509818
1987252250
2012361755
905065483
881988617
882068747
881904906
885296458
903126394
928300538
909419994
908366298
908432378
908563451
925291257
891761272
876032632
880161577
888549673
888546347
1956062266
1955917898
1972731978
1977057482
2144834762
2145359050
2136784090
2136784106
4212960618
4215254906
4214914586
4214887994
3145339434
3153736234
3149410666
3115855978
2578985210
2577932506
2577932491
2582131145
2305324536
2305512936
2582306280
2582280696
2583263705
2574809435
2306406747
2306604379
2574972234
2573920074
2573853530
2573792107
2573845227
2573915881
2615863037
2615928797
2607331293
2607322591
2603128235
3144398251
3144394171
3145314265
3111694040
4185520888
4247509624
4280965688
4264189224
3861582888
3861459000
3862523932
1645899868
1649079548
1632302492
1615519628
1615514252
1611320012
1611397852
1611161196
1611138607
1632370990
1640775726
1670344746
1670275114
1669981242
1640553498
1640533082
1640730058
1632288203
1632284105
1632218584
1627958776
1661578744
1661644280
1661730809
1661947897
1695485869
1695424429
1699622317
1733242284
663174564
780352676
780219540
780146052
1048597888
1048831873
998500290
952364994
406974402
408075074
403897154
408050466
944773922
2026912353
2043690592
2039627360
1540497136
1532174016
1515208384
1530949312
1530953328
461437281
428079203
429095011
412121187
491805795
487619795
487750851
520287425
520279233
524538353
532738529
532738337
264286769
255898129
257159681
252965381
252932660
257126956
535982364
1609717000
1605782793
1572228361
502155595
502123866
493673834
1550624106
1970057322
2003603690
2003603963
2100271097
2100213496
2100142824
2100081400
4235035225
4243505753
4110340666
4124996138
4124927338
4123815018
4149013738
4283229434
4267701386
4276015498
4276017034
4278048666
4286111658
3145522602
3145718954
3154048170
3154026746
3153981530
3153915930
3153649947
3145294137
3145277737
3110802729
2573868329
2582264105
3102357818
3102285114
2561164602
2578169962
2578157786
2582155466
2582159562
2573772171
2569572251
2569785019
2569723563
2573926059
3119148971
3119021499
3144175003
2607304075
2674579419
2682975963
3219908185
3219711497
3194547736
3194552120
4134067496
4134065192
4134138920
4130070552
3794464856
3795485144
3810182040
3758806680
1611292296
1611352712
1611336392
1611217528
1615347499
1624775722
1620575274
1637708842
1671425146
1670229198
1674349710
1661765002
1661765530
1661964986
1661907630
1628349102
3780028078
3779985070
3775683246
3809287150
1662921710
1667115391
1669212445
1677663244
1743459340
1739399244
1738875132
649409764
646976692
780141700
780143748
1065512325
1031991170
1015213714
1020522178
945024706
940702422
1009810022
1009785446
1026562855
1030830373
1039285280
1035090960
1035146304
1039152448
485520848
483450864
483630576
479443440
496220656
496041457
529577969
536065011
527610579
489878130
473027122
472937250
493941030
526447662
518222911
518151183
509746191
238179597
240338189
525456187
483513115
479381259
483837770
486442954
477005770
523212282
506238442
1043116266
908890346
908906985
1988031480
2004804344
2004771544
2004756184
2105095928
2113483496
2092447081
2024306042
2024653834
2024705050
2029952090
2038086778
2037951578
2071507978
2071499802
4198019178
4198015466
4214809578
4181451434
2851791530
2847593130
2830881706
3099120554
3099121563
3120093067
3110723467
3106529273
3140220201
3211453737
3177964857
3186189592
3169416472
