2271023370
2279420714
2241733162
2241733166
2241749550
2510221878
2442953315
2445051619
2449246945
2439813621
2473367765
2469173461
2452609143
2452502647
2453551158
2468227110
2438868263
2443062821
2426280500
2428242500
2428246596
2427198020
2171394372
2168248676
3240098148
3507420005
3507419765
4044356167
1900927559
1900870215
1632500309
1632500341
1628437349
1628273653
1628274581
1628272527
1628272543
554530238
554663358
1901067710
1892661654
1888074134
1905113238
1367718086
3620191491
3595019523
3327567363
3335702034
3469891122
3468830226
2390896402
2390887458
2390903842
2412071986
2245348354
2220281030
2228667846
2230765190
2230833813
2360664741
2364826276
2364823204
2364802980
2356420580
2356428069
2355505471
2355505470
2405902646
2389141782
2389179654
2397565958
2398482438
2329202806
2396295399
2387923171
2404664803
2367098355
2352875859
2352880467
2357082963
2231249683
2231319299
2231319811
2230131971
2230066483
2246843747
2280398179
2263817555
2263752001
2263620465
2263636833
2263645025
2263644513
2280421729
2280438115
2263726434
2196618722
2188230050
2188352947
2188221840
2188163472
2188163984
2183969408
2183707264
2200550032
2200633008
2200598176
2171234020
2179605862
2179476518
2175278118
2179472438
2179470398
2179494206
2154492442
2162881034
2162877002
2162734665
2162724552
2154334920
2154334792
2171443720
2171468312
2200829496
2200792616
2452579880
2456646952
2481803304
2448179240
2431406136
2163037308
2162758781
2154372221
2150177909
2167028789
2183806229
2187998467
2193237250
2193302834
2192078178
2192103270
2213318262
2162986622
2163056222
2163193470
2154821246
2154788430
2154772046
2154762830
2154762591
2154770543
2230269035
2230203515
2280553547
2263808203
2263857353
2255468744
2255337688
2255272152
2272050376
2272113864
2272129352
2255319400
2255384936
2256417256
2264801771
2264671726
2263637230
2263669998
2263653822
2247071646
2229712774
2230762887
2222439811
2218113459
2218064355
2215930339
2232822723
2249600835
2253793091
2257983235
2259947811
2260488483
2258432355
2262602087
2237437271
2220398963
2220472691
2350557523
2350557459
2350557459
2367330307
2388577283
2388579395
2399027395
2390491363
2322338979
2318144930
2384727714
2372017907
2355265217
2363648577
3438537216
3436247568
3426806304
3435194929
3435294467
3435273986
2378303794
2404649251
2383939939
2382956897
2383105489
2387206080
2391326672
2642980832
2626203616
2626202081
2559097315
2564327522
2587527266
2587527250
2586449986
2586717394
3660135650
3660193122
3660188258
1537870422
2024413766
1487551045
1487415820
1220028940
1215851052
1209559916
1209592172
1226369388
1259989357
1262221679
1262198270
1228640734
1232843215
1241232333
1241232348
1237038044
1287230428
3433674748
3433675768
3439049593
3296377211
3294271822
3290073102
3491399766
3490221142
3490218102
3511194102
3528036854
3536486866
3536490947
3528111297
3528127696
3546283504
3495819680
2422045600
2422046368
2422046432
2422075120
2437805648
2446186065
2983049041
2983044435
4039959923
2957832675
2953626081
2953429409
2970276784
3008029312
3059414656
3059448448
2992138964
2994236149
3002690293
3003080413
3001894621
3018082271
3009693183
2984527087
2431086830
2432065782
2427871686
2427904966
2432168647
2423571187
2436679653
2436754785
2436884817
2972646721
3010381121
3018768707
2985284418
2985063286
2976650086
3010204518
4084151150
4085130622
3539938398
3539744862
3555465246
3521976334
3496942607
3496891407
3228528911
3236786447
3236713239
3237827381
3254702885
3317622577
3317593873
3305068305
3304640849
3296252257
3292033313
3309003059
3342496083
3328922483
3337343987
3333149394
3333408450
3350040466
3317472162
3581721506
3577523106
3609112050
3594429894
4131364934
4131164167
4130177077
4130254881
3878592545
3845054497
3845124389
3833447207
3850127142
3858517806
3850337046
3850267398
2758704646
2767148566
2766951030
2763805302
2763805551
2784973695
2818463711
3061735367
3059687367
3059430855
3059299799
4074246631
4057469421
4040700397
4040894284
4040830732
4091226908
4066060572
1381722388
1377532948
1377358848
1913176064
1934131312
1934328161
1926136291
1926140370
1917760706
1934533827
1896803523
1881144531
1881013475
1887264225
1895653345
4041023457
4091297779
4081856450
4065148866
4073684818
2479781874
2978968530
2961994450
2425123571
2425115297
2425344688
2425250436
2429444740
2422030044
2434534252
3510438252
3509468537
3547295051
3554961227
3538179914
3529787210
1382403930
1382476794
1383000570
1391422810
1391203658
1391198539
1114374235
1110331437
1110335533
1110335549
1114566679
1114624279
1206759701
1173205268
1080931668
3228356476
3228355580
3228371964
3236895612
2163161916
2158968124
2158834988
2158764076
2158764076
2225873196
2242645293
2246855039
2246887791
2171375102
2171572702
2163126662
2163122566
2230170006
2221715878
2217514414
2234292654
3341719966
3324963278
3326011854
3326012742
3330204742
3355234374
3300708695
3506303351
1350563622
1350483494
1346289206
1363062279
1396700935
1915605249
1915601201
1916780577
1935667233
1900929121
1611460705
1611448437
537707623
554618215
592379891
1640951507
1640885971
1640802001
1682748145
1699513329
1699709408
1733210597
1715921397
1715922385
3863471555
3859275223
3876048374
3846556134
3838115303
3838115687
3968331525
4287031045
3200705797
3201824001
3193389105
3059171361
3059044705
3042259299
3032953826
3033404146
3029288690
3033286354
3050069842
3083626834
3083659634
3066947939
3066944819
2999829779
2991440897
2991448065
2987222101
3004134517
3008302311
3008302567
2471300583
2454526903
2454532023
2462658453
2479372181
2475169684
2173503380
2156857284
2156869568
2156801984
2157849456
2164079457
2164022113
2164023139
2154612707
2171458514
2206110658
2197726146
2197730258
2482803686
2473363302
2435616046
2502278459
3039210763
3072765193
4146521865
4114085656
3979400985
3966818075
3975208730
3966827834
4235324778
4235459966
4233295326
3159553478
3184976326
3201753543
3067531735
3069625843
3070117363
2533316083
2533324643
2545767203
2478592803
2445038387
2432444179
2424057139
2419866979
2436712930
2472413666
2464025026
2464037058
2463067330
2462870739
2462872675
2471286049
2471281953
2437926160
2446322960
2446094160
2169274352
2169262000
2169440176
2152597392
2152611712
2152607616
2162047632
2176719569
2176653939
2175565346
2179788322
2213328678
2213327670
2179838230
2449322326
2448207990
2439811190
2418577462
2955510814
3040775183
3040787471
3040800517
3024023061
3828809269
3832927796
2759181844
2759317252
2893282565
2891185493
2937191797
2924737909
2924672853
2933085015
2932953943
2798670694
3067359590
3086300514
3052748130
3032227170
3053196658
3051165010
3084858690
3068077378
2521394498
2539355474
2547730722
2547670818
2476465426
2480528707
2472076611
2451108947
2466796657
2433440993
2437570017
2479511536
2462791568
2462655360
2454201232
2454197168
2185822628
2202736548
2160795572
2160728965
2161785541
2159750095
2158504831
2158505775
2162717999
2179514655
2213511951
2213524237
2179769125
2162995493
2154598759
2150400375
2418966855
2420020487
2420028695
2503386901
3057035031
3057051415
3057047326
3061171998
3061120318
3077631290
3077699898
3044399482
2775965178
2782385626
2782253466
2815742426
2798965242
2799030521
2790682744
2786992216
2789090684
2805808936
2805800552
2776501865
2784972409
2914803403
3216832206
3216570318
3216569295
3216626655
3216954333
2682152957
2673766373
2673704933
2656914935
3193783799
3202209270
3218994390
3218071767
2648176087
2648171989
2639785429
2635947380
2635926836
2535397692
2539595837
2547985453
2543655981
2543782973
2543780879
2277184527
2274956607
2279085359
2253919535
2252873006
2269666622
2269862686
2244671774
2244668702
2244607262
2244517142
2278399062
2194652246
2186124407
2185545831
2181417061
2181519477
2198239605
2164669269
2152082245
2160474949
2160401223
2160335734
2151947110
2177130086
2177294054
2177365686
2177234582
2177151879
2177152397
3234110876
3225919420
3490159292
3490159292
3490110108
3490110156
1880484364
1880420125
1880417597
1616298301
1615315244
1615122732
1884078908
1884062268
1900840469
1896203781
1896728343
1896804727
1900455159
1908843775
4052221087
4156872847
4148677007
4148611471
4149149583
4158580415
4158452399
4156355327
4156318431
4160512766
4152124271
4151599471
4130829422
4130751519
4134945807
4132848655
2010600717
1968531213
1951756045
1947696669
1947687804
1951878140
4099231212
4124335596
4153693660
4070523341
4070457805
1927049581
1943823661
1901864229
1885279527
1885210423
1885213495
1884230199
1900884510
1883509534
1883525406
809813118
272944366
290244758
298633350
332253574
1389317511
1120819079
1120302983
1137075591
1103521159
1153885623
1153754531
1153754609
1153822993
1088286993
1096607025
1098736945
1082010897
7223569
24000819
57548067
41879411
41747283
41751363
41767875
39637971
39646643
6077875
6265235
5672323
8293763
8296323
276800499
284992995
821603683
1945676129
1928956177
1920646144
1915396096
1915461648
1646878768
1646797088
3811123748
3777696301
3773368874
3770419946
3770419962
3785120650
3785152906
4053777802
4093551498
4051677835
1899745983
1882927791
1882727079
1899766694
1899897058
1946034402
1924018275
1924009987
1924018177
329719813
333720581
292841765
292866405
324307053
324503775
303467727
1381400783
1381413199
1389802270
1389736766
1929163566
1929160494
4051477806
4099839342
4099593598
4099601919
4099929583
4099794287
4236043631
3162301815
3161842951
3036075287
3052848503
3044498807
4118247383
4151719879
4084602583
4093052663
4092920565
4059304933
3514119029
3497464084
1349849364
1349795093
1350334741
1348233557
1348237781
1365068165
323882373
307102597
308151237
316543975
316482531
333194083
1369203491
1369231651
282975267
282908707
274511923
287086867
320719811
308203207
308204231
315544263
1397670887
1363984867
1363989986
1347185122
274491846
291465670
324954054
316563783
312402245
1388245333
1388089453
1392293228
1934924076
1930725676
1930726268
1931393629
1931390541
1935581773
4085154381
4093608829
4093419885
4093174117
3019433061
3017395431
3017428199
3050991094
3044765174
3044765686
3053352918
3053417174
2969367510
2969367414
2969367399
2977748261
3011302709
3010227477
2993515861
4067325269
4084094037
4085142741
4051651799
4034743767
4032585079
4032787799
4034848598
4051624774
4051624911
4093638623
4076729855
4076729837
4076664301
4082947453
4049387789
4034872093
4030096173
4034274095
4033295151
1886336319
1887377725
1887246685
1887246797
1887394253
1937661317
1920914821
1929352069
1929216967
1929150967
1924968807
4070351206
4074611046
4141790534
4150191478
4118771046
4097644006
4097652199
4097648115
1954493939
1962882545
1426003953
1421817409
364847681
334439169
65999617
57622785
57524247
58514471
326940711
326932599
327059911
327068615
326016647
1361871493
1361871603
1345164003
1349362403
1367122659
4085031651
4066367443
4066299203
4143897667
4139644001
4138525793
4138591265
3085759541
3043783973
3027005285
3023928949
4097728245
4101986039
4101986295
4124923863
4160181702
4160189890
3623183826
3612636386
3613132002
3546087666
1365192914
1367220438
1367221462
1375632851
1375625171
1375591121
1375534789
1400698565
1400689605
1384104773
1384010503
1383014711
1399660847
1407983663
1374499887
1357847613
1357715741
1081882941
1081895741
1096800863
1096736463
1130284679
1123992199
1186890374
1203761830
1203106535
1173649123
3312728035
3290185570
3306888498
1195015442
1450894338
1450959890
1458168850
1453915171
1453894752
1453915248
1122596944
1110981712
1077480464
1077808385
1077282310
1088815654
1084502566
1353982566
1351935654
1351388822
1355583367
1347260292
1343201156
1411364740
1413459844
1429122948
1965992900
1965992900
1999023975
4083648294
4075127078
4075208966
4142330118
4142264599
4142200103
4142267685
3085360949
3044462356
3045052188
3044855068
3044924732
3179281724
3187605276
3187668540
3185365564
3185373756
3185340988
3177017900
3185332781
3187426925
3053211623
2985560551
3018066103
3019310231
3019247774
3015061902
3019318170
2448896906
2440434570
3509920938
3526634602
3525576746
3526101050
1378688010
1110385674
1110320138
3031050
7225610
11421466
11456314
78442296
78417692
82611500
70037796
70033700
70099200
69899008
388662080
388682355
388682355
388682355
908785509
921300965
917040559
581491087
585664911
1718131083
1714199961
1647220153
1647227304
3798774184
3798790584
3807244600
1655595304
1672093992
1890132265
1894262842
1885874222
1416169774
1416235302
350882594
350832130
350786050
351109890
929989059
913215699
913215713
1714402529
1713879472
3861363344
3793926864
3794975472
2719413984
2718180064
2739151520
2781094628
2793669356
2727611893
4089186802
4038858866
3500681266
3505142834
1349324818
1349398530
1433067522
124428290
116034626
132876627
90803057
338402129
338410321
875081585
1948820337
1948824545
1680442337
1718256353
1726657251
3865818867
3861495363
3861494595
3862543155
3862477603
3879268131
3845713767
2776159719
2809774549
2792079861
2791953909
2791953909
2792084981
2792093175
2791925735
2791929831
2808692734
2808687102
2775067134
2917669358
2917665278
2918780382
2914723214
2914723727
2948146684
2881304044
2879655380
3131313476
3135245572
2602597668
2569233957
3090359830
3088395782
3087281942
3087363110
3092237350
3100542055
3118367940
2865606084
3930894276
3926768324
3931093620
2865740327
2865675046
2869861926
2869608998
2937733830
2937717382
2920948646
2927104422
2931295398
2948418709
2914966676
2897664132
2834692484
2822089668
2820123412
2819813156
2819843367
3945992470
3994161478
3994497494
3998560678
4003208614
4003203238
4204267686
4204267710
2593667214
2616781006
2607326222
4251688974
4255817998
3165299487
3031142957
3030946348
2766714412
2754125356
2754120232
2703985384
2720696744
2721757352
2725955739
3807956110
3797460174
3793466494
3792344126
3779763230
3764034830
3759849222
3759861271
3761958439
2688089637
2755190309
2759379489
2759379505
2767780465
2759458385
2776170321
2809724241
2809715793
2808666355
2724976883
3798653171
3798661491
3816487795
3816487539
3816553047
3816356823
3782769143
3782761911
3782827447
3816445367
3816454039
3780802199
3780870039
3772545459
3774634161
3774634097
3769587729
3773704193
3773705985
1617831425
1614685697
1614747185
3766224419
3774631203
3770469475
3770456307
3819616451
3802839491
3798638529
3795427009
3795426929
3862544097
2788749281
2788749281
2809683937
2783666161
2783666163
2766888947
2766765011
2762603475
2762598738
2762602514
2766796818
2758540306
2770988051
2804673843
2805660979
2788871441
2793131281
2792979249
2791926641
2808707953
2808696433
2808729207
2817119863
2817054295
2817054583
2817056119
2808674679
2808674679
2808740213
2775316853
2758465905
2758475217
2758475217
2758540753
2758335859
2766723443
2766731635
2800417138
2801465666
2793077058
2793142594
2792946018
2791897443
2791889251
2792086375
2808871797
2817260405
2808740725
2808674677
2775112053
2775177589
2775308661
2775316853
2708175221
2708176757
2708174837
2708026359
2741580703
3815322015
2741573054
2716409278
2716417214
2716563646
2712336543
2713450719
2711353423
2710153485
2748033805
2739580685
3876251167
3876217639
2904237030
2906194342
2906194342
2909274286
4016571566
4024962214
4020845750
3988404374
4240059782
4240057799
4239927237
3703105476
3573065028
3581582404
3609893956
3593374980
3593391364
1445844244
1982718245
2004742949
1970619173
1951744813
1960662829
1959552871
1976315383
2135693766
2118727894
2119899350
2119829718
1054477510
1054740935
1071526359
1071195061
1037575085
1036526509
1036837807
969716635
1003267978
726515146
777960714
780057626
1073722394
930919451
892638217
808899657
809372809
809371800
809372328
570309288
599722664
582223560
582251081
849670665
862773803
807772715
807838314
539419370
539349742
1616937934
1886421470
1892849002
1892854794
1892854026
1903274250
1936828698
1919287067
1920456219
1928839771
1927201785
4074684841
4090421417
4049527037
4032753693
4034834717
4034704669
4030522653
4029480207
4030651663
4118732095
4160671597
4141729517
4141634205
4132197069
4127986383
4128191471
4150158447
4158290983
4156242967
4156236806
4160446478
4151927054
4151959871
4114211183
1968829935
1950941167
1976093695
1976093663
2009762143
1984605199
1985651727
1981526047
1983885343
1983819799
1713287223
1717538855
1716359207
659420279
1699603575
1812721022
1812683646
1812663142
1816726118
1816730150
751319590
751316530
751316499
747189776
747177504
747179552
747114032
747138880
793308992
772319680
772389313
772389329
772323827
772323507
772389107
772520146
772446418
638228722
1711982834
1728731362
1728723043
4115216736
4106819936
4039842656
2961840864
2961907360
2961706672
2424854160
2424948353
2441862802
2445860498
2472299250
2184988962
2452371490
2452367394
2457807906
2472422402
2479762439
2475445509
2441891285
2441902583
2211215719
2186107175
2182043942
2182019382
2181489686
2185748486
2462949382
2458746886
2458812486
2446229959
2421069765
2421070548
2416941812
3557817072
3557784176
3557587569
4094176113
4094176291
1951081523
1976184835
1992953859
1993015379
1992831073
1984438496
1447633888
1447649968
3595100848
4131955376
4115180276
3851008764
3767114332
3817441852
3800664636
3800664634
3792215610
3793257018
3795353898
3794354282
3795456106
1664750830
1662653694
1641684062
562969943
562969927
562835279
562839119
546052687
546052943
546052943
546069327
567147471
567278047
567115087
592207183
592272719
588152159
592346623
592342438
600669606
567140278
562945942
550297478
549773190
549838738
818143122
818151347
830668785
834862384
868379908
844261636
844310788
843258644
843258644
859904788
859905845
822285877
558043711
566510127
600097327
596428797
579637149
852265372
852269980
844077956
302423687
302421638
302437270
1375859134
1396899054
1351809070
1352820750
1353132046
1352935438
279193631
279194684
283453228
812451372
807338540
806306428
806109784
806146568
553947720
588023770
587971498
575388587
1724627369
1724619192
1724496280
1724496776
1742448328
1685758552
1954210344
1952068140
4099543590
4032763430
4039388450
4039392290
4056157282
1992756466
1992688706
1992750146
1984275718
1984278293
1732619045
1732753701
3855596333
4023228973
4023172655
3993801311
3859776078
3859411654
3859308966
3876267174
4148828327
3062499493
2996439220
4070443396
4089321856
4091358592
1364999360
1348222224
1350319377
276696323
275656450
275656242
291972914
863360307
852804913
851739936
851740132
583306916
591772348
591903388
591887069
600783615
600709742
567163182
567158830
567225390
558705678
554445838
554449934
588008463
592301327
575507807
583632349
852070877
860459933
826913693
827044253
827307421
835697085
835172799
860223934
860322814
860240638
860240510
826682906
826680843
835069711
818685245
818689069
835453997
835191869
558384157
591971389
591957311
558402943
558472055
558472183
558604279
558612471
558610421
587969013
587969461
1644934069
1644934837
1644934821
1644936885
1645214621
1712224687
1712209135
1724263534
1721183294
1737833486
1691823118
1691756558
819341598
819333694
819400253
818677260
818684428
818684476
567026220
596390436
596379172
596397685
600624983
558684503
558741975
558873079
554678775
558808471
827243957
844085173
852342709
852344757
575257492
1649253268
1645067156
1645066676
3796809968
3847142465
3831409665
3833506833
2888690721
2888300832
2892417568
2900544032
2918435376
2918276624
2943378944
2941264401
2869961522
2874155298
2874150950
2840593446
2832469026
4170598450
4169553922
4169591042
4186220803
4190415171
4211587139
3993406659
3994191043
3994218883
4009947794
1875038882
1841320614
1824531119
1816404731
1812210395
1812211241
1682710313
1707870249
1704462361
3852007433
1706620937
1740150857
1739099337
1726580617
1714061977
3861549753
3861557945
3862671785
3866882217
4009423017
2914967785
2898190553
2902384713
2892914760
2892423464
2892415528
2900545064
2918402616
2918210072
2909826568
2909824585
2907726427
2890953210
2893037738
3966780586
3966978218
3981592762
3989993866
4023594890
1783636938
1783636426
1781739770
1798439162
1766981754
1758605370
1756504363
1823637307
1823496971
1823533834
2089855754
2094054730
2085789130
4250043786
4282549642
4265772475
4265800105
4265861613
4275303421
4275172189
4143014685
4143149869
4151792429
3044504429
3044439933
3052822367
3052916575
2515918815
2675238367
2675238367
2675766623
2675832154
2541745531
2549601642
2549601646
3052795246
3052787167
2515924431
2507534815
3042308575
3042963967
3042964991
3042964863
3045061951
3044922687
3044922687
3179148605
3212703037
3212834143
3212834143
3212768767
3202275327
3219118079
3220822015
3086545919
3044860893
3179143645
3179246077
3045019773
3045021053
3043972477
3043974527
4126105439
4100423503
4100292431
4118674783
4126997887
4160028031
4141677887
4141743422
4143969342
4143968318
4135571518
4131377206
4131221623
4147867767
4114231797
4100604597
4108994229
4104867484
4105035484
4240244428
4244434652
4236029565
4252804477
4252865853
4248802367
4282250271
4282383647
4152294717
4143904037
4143957287
4143792247
4152119383
4147917007
4114489855
4097718191
4101901999
4106161855
4106034911
4105977567
4122765007
4261177295
3187466719
3179213279
3179274751
3179143679
3179148799
3179280221
3179009885
3179011869
3044931357
3044930845
3044926749
3078616445
3078575485
3078575613
3078309885
3078309853
3045021695
3053278719
3053221375
4126995966
4127059038
4160744543
4143838551
4135449943
4135448949
4131254645
4131254645
4131377493
4148089175
4100904279
4109295383
4109356823
4105031479
4109172535
4125945639
4143770917
4143838517
4269797429
4135448629
3594350645
3594350709
3611178455
3577625027
1416498051
1424951955
1425874578
3590157234
3590087074
3581731235
3581927875
3581867458
3572420546
3572485842
3572358770
3572366946
4100779879
4117557095
3043814757
3044924789
3053452628
3053434196
3053433716
3044930108
3044930076
3073995277
3073905215
3073904430
3078105454
3053402606
3053390334
3183353038
3183349962
3048878282
2511958474
2509828603
2644043753
2648237804
2641948364
2637815500
2503991004
2503892477
2537444591
2536916206
3614834782
3614842958
3614793998
3623100699
3589550363
3587453225
3587510569
1423249705
1415524379
1415450891
1411323146
1415251210
1415270155
1423624731
1425714043
1576577993
1610132937
1583907977
1583972505
3731591321
3731599513
3731796201
3731812847
3748586479
3749667703
3581768311
3564402407
3564402663
3562366437
3579139573
3579138501
1431769413
1467376453
1467372308
1475826484
1474778941
1476255037
1467800893
3611076717
3611076973
4148075468
4148076236
4118775500
4125983484
4125930220
4121735917
4125942767
4252557678
4235812902
4231622694
4231615526
4231619894
4235945238
4252724998
4252757766
4286240071
4278113607
4278158405
4273439829
4271342676
4275557589
4282705141
4278510823
4245087727
3172360174
3026077422
3036628734
3036501758
3053287126
3187435462
3187434966
3220989430
3212666087
3212797175
3212801271
3212793334
3221181910
3221222870
4294967254
4294311894
4294229975
4151635287
4151700823
4151833813
4151562484
4116955380
3043217892
3043186164
3039905237
4151391713
4151386595
4125110754
4120974834
4104265666
3571846098
3571911634
3571456850
3563077426
3579929874
3613647106
3596837122
3605225731
3605230849
3617742640
3617807200
3617655524
3622832868
3578793684
1427123796
1360078652
1343431980
806560828
808784925
808721437
806632509
806620477
553930045
558157119
558353791
566742911
600170494
600154110
583375359
575125983
591788511
591784415
591916543
558284285
558284285
558349821
558208511
591771071
1665644478
1942468542
1942460062
1942328990
1900394143
1900525503
1883695085
1883694573
4039533933
4039533853
4031149333
4032263445
4032257845
4032167733
1950740311
1950858566
4098342342
4098334146
4148663746
4127704450
4127705010
4266128290
4275036834
4006049443
4006966967
3999098613
3999065829
4015843108
3990676772
3990156564
3973379332
3981763860
4011189524
3994482484
3993403253
3863436647
1715804519
1724323942
1657669686
1653475351
1921911815
852362247
827130895
806163471
806293535
806240319
810467814
818927334
831313574
864865974
852265879
843880847
844011981
844037581
844033485
911140317
919594493
2009982397
1951397277
1950801293
1950796175
1950861727
1960303535
1960112103
4106544870
4120176614
4124439526
4157920230
4115986422
4111988694
4111882198
4099299158
4099366774
4107615847
4108140133
4110233460
4110233364
4042603796
4051000660
4048886868
1901401412
1935086869
1935017749
1935021879
1935095607
1943287607
1942239015
1665431335
1673839999
1674479071
1674483615
1640806303
1632407455
1632407439
3779567519
3779510207
3775311871
3776359919
3843468783
2773921135
2773919023
2807473471
2809656639
2809655582
2805429054
2805430062
2805405550
2809597807
2774863359
2783256031
3840220381
3841397965
3858707917
4127139277
4158596573
4137626975
4137626975
4141694238
3604753726
3604757806
3604823342
3537771838
1390281758
1381827614
1400464398
1367011342
1358614543
285115663
282955053
826838380
856201324
839419996
839424204
839515340
906685660
906685948
911142892
1071565821
805292877
771619663
1031665949
1031625021
1031625789
1065184317
1060971581
1061107007
926877567
913262335
938329839
934134463
1034801823
1018032783
1022158222
1546414220
1546455228
1546591148
3699325676
3707710188
3569166908
3569169948
3569103484
3298304765
3348685566
3331892142
3331894702
3327690926
3323496638
1444653278
1578806350
1578806286
505078798
1025141774
1008405518
876218430
876218670
880413559
888883925
750376629
748221092
764977828
646488756
642298252
654946444
537590925
537819293
537725357
537267119
543042207
551434895
563938959
849093279
851260159
850149919
850166591
820814117
808232228
539859220
539932932
607037697
1680779523
1681828098
1696500994
1645119234
1645134418
3793699554
3793711842
3793581794
3801667426
2727925091
2727907621
3800609028
3821576964
3792233988
3792235012
3792366372
3792369952
3792324640
3801860128
3804220500
3804155973
3825103173
3762172869
3762238087
3760984750
3760994990
3765189546
3770432426
3768334762
2694592666
2710337674
2710418506
3817648138
3818696969
3820790648
4118585960
4113335020
3878471356
3878571948
3861281196
3862325420
4009130156
4002564253
4002601423
4002669903
4019316494
3977306910
3960502054
3962598695
3962780775
2901548135
2895252709
2912111861
2945576213
2928799509
2928715271
2945492487
2895421958
4241994262
3979646502
2939456294
2923284775
3995002935
3860260919
3860265205
3872837765
3872833669
3830858119
3829269382
3962378134
3962375078
3962313702
2901162790
2896967974
2897029383
2913953029
3215909636
3199988484
3199764180
3197675428
2585323429
3122351527
3189378471
3191479734
3174718630
2918895078
2913633639
2913570055
2913512711
2909317895
2938678038
3995707926
3995789878
3995757358
3995737382
3861513255
3798533364
3806856372
3806868668
3802805388
3786020492
4037691020
4037795468
4037607045
4037585415
4041783846
4033390886
3794315302
3794315302
1646827558
1647217703
1647232055
1648246789
1646133253
1933447365
826086887
826088934
570235366
1620908454
1620933062
1620048838
1620032454
1620032198
1619898007
1619830437
1615635108
1611454116
1611456164
1661794980
1645149093
1648810469
1653000487
3800422678
3800345862
1657120006
1645651206
1628890886
1612611334
1614679526
1631128998
1676151983
1656241325
3801627821
3784915084
3767150732
3767171972
3768244932
4038827524
4037582356
4037586453
4037586453
2993203751
2989210150
2989148966
2990262310
2994260006
3002879030
2994631686
4063110151
4063109191
4063101125
4079944164
4054659236
4054659244
4037881992
3501139336
3501160840
3505347224
3496860392
4033198633
4042631723
4042566170
3772034826
1616158986
1611968826
1612157226
1627816298
1661436398
1644463606
1645004230
1661257671
1611032487
3758499758
3762695854
3771080622
3771538350
3784055214
3867949214
3867945102
1988896902
1988569223
3615894661
3616681925
3612573253
3591538181
1444054533
1444001541
3595609397
3603997733
3733038133
3749895253
1573012853
1548092901
1410663397
1414861485
1414664861
1423120029
1418730157
1422928815
1414560175
1560344719
1593895054
1581296782
516010062
512937998
515035198
1587990574
1588060205
1592058156
1567604012
1546558428
1547602316
1545570700
1545382044
1545383084
1545397695
1551792030
1416000502
3563471654
3571860774
3571451174
3298831382
3298831378
3298831410
3299245090
3299220786
3433958738
3438087555
3446476675
3480161936
3463386768
3459125904
3459199616
3459068612
3460047412
3476841004
3455902252
1287448120
1287568907
1286519354
3434056494
3429665582
3425471214
3425472190
1278596750
1276539534
1259790982
1243005638
1514578934
1518837862
3666125858
3666125858
3666125874
3733299218
3720650801
3692863712
3693011408
3558740864
3558474384
2486830756
2423860964
2449025649
2213099783
2208831495
2208831511
2192054327
2193390598
2193546246
2193540102
2197733414
2188230694
2189291558
2189389878
2187157798
2186047846
2169292391
2152505079
2152570621
2420947709
2420947709
2420947709
2437725181
2974652925
2970597885
2970597885
2970598397
3759061869
3759062893
3759074925
3780110973
3813472845
3792493405
3792558461
3796891693
1657665581
1657665557
1657633799
1917746183
1917722647
1913532486
1930309702
1364070726
1347293943
1355354871
1351161559
1351098053
1082669765
1351219909
1351203525
1351203525
1351130821
1892195973
1909038741
1644936885
1644805815
1644730103
3792286455
3792417527
3792286311
3792216687
3792479087
3796673519
3796690415
3796760063
3792493789
3792555261
3863923951
3863923951
2816396542
2816400606
2782850270
2774527454
3839819518
3839778558
3841875678
3858595551
3858525949
3783012220
3778296892
3778362396
3778358332
1635200060
1643519037
1670519837
1670782237
1669680973
1669615311
1673846479
1640292095
1673829374
1665448414
3812932046
3809278414
3809336823
3813605351
3821960935
3805163255
3796709270
3796647318
3796637862
3805087910
3800960166
4070448310
4070456790
1922903367
1922838277
1390164748
1381857540
1377794308
304052228
287209476
270416148
270407956
269367564
806296349
810375733
810310181
818731621
818731765
835230405
315137487
306748606
302561454
1376295086
1380554982
1389009142
1384822870
1401862406
3515787542
3515787318
3516708903
3512530981
3510425717
3510556917
3544078836
3556670436
3552541349
3535560613
3539754485
2201763287
2201959879
2168340294
2155773462
3237969458
3233644066
3237764658
3237771026
3237830914
3237961987
3237966131
3228500321
3224174961
3224180689
3224313553
1076772549
1082014405
1088371397
1104952965
1138507397
1113331421
1112277725
34345725
21770860
4989484
4989756
5059357
1078932767
1078793535
1074535726
1078725950
1104109326
3280920398
3264141134
3265238862
2193397631
2193396591
2193404269
2193420653
2195550573
2195681661
2195673469
2212319725
2164061677
2164061677
2155664869
2155716085
2155789765
2206121413
2189343815
2189274231
2189212770
2185073762
2185138258
2189340738
2187244022
2186056166
2450297319
2467074535
2433528831
2416816895
2488185583
3033462507
3033529001
3024943805
2483841935
2618124687
2618255774
2634971278
3204866254
3201294670
3197034782
3197023015
3197014821
3197928740
3059521568
4129065012
4129064980
3860768788
3859737628
1712253980
1712215308
1645084957
1648754989
1674387757
1625108517
1893666887
811536455
811532487
811272151
821763813
817830629
817847031
815659719
1889319623
1654434503
1650244295
1646042839
1646040662
1646105182
1644532335
1644491375
1644454511
1644438383
1648632175
1673870695
1640308087
1640302935
600574279
600643671
596514919
596515063
596449479
596383943
596428999
600606855
600807575
600815799
600812981
592293767
1661769351
1661306502
1661441974
1661384622
1728507822
3875957230
3880155630
3889068398
3884607855
3884641789
2946164164
2946229700
2916672964
2908284820
2908284836
3176855525
3042891749
3042856407
3042843974
3078494214
3078559766
3061651510
3070040102
2533170230
2529039366
2529047558
2528055574
2544718647
2493796917
2632204917
2364818133
2356433660
2364826540
2379251629
2412780461
2389707181
2251295135
2266053007
2232560527
2222075787
2230461323
2226258683
2226127595
2226135599
2226153007
2246115119
2212532015
2196016951
2196024599
2196544567
2188216355
2188347441
2184153297
2184088720
2200870272
2167340432
2167335312
2151574401
2151295617
2170161795
2178616979
2173190114
2206740322
2206739747
2212047155
2178562307
2180909379
2155760067
2162019827
2161939879
2174529959
2208084463
2195493359
2203881829
2166133029
2151529749
2417932545
2417928449
2417932545
2417944913
2434721987
2453564611
2453542083
2453602691
2457797539
2465813415
2459498407
2459494311
2442982854
2447160774
2430383190
2489098342
2489163814
3563050022
3565114455
3577556293
3577032053
3728088933
3728084580
4268901972
4277393220
4256278276
4243631364
4241602820
4233337092
4233338116
4229141812
4245934437
4279456101
4262531431
4195361255
4195624422
4216663526
4191555502
4187885198
4238214798
4237768335
3633669773
2559895277
2559897581
2572476223
2572220703
2568087838
2605804574
2605921590
2337411366
2413167398
2408973110
2408920854
2375823158
2359048486
2363230502
2365393207
2365525255
2361228549
2411523349
2394727717
2398913581
2264695852
2256307452
2189264060
2184158396
2184092860
2167314572
2150537612
2418997900
2418424477
2422680237
2422483631
2422488751
2959357870
2959353278
4033094878
3497288719
3493098759
3493643014
3493614082
3492618754
1076830738
1082078002
1084162338
1083113506
1083048995
1083048963
1083055105
1075715329
1077828865
1094646533
20885253
58703108
50170880
40731664
36471856
36540432
103780368
103714832
103714897
372150515
305049778
841986226
841986210
1903146402
1626323619
1626323617
3773676197
3765287573
3777870485
3810830069
3794068005
3794068005
3794035245
3777258021
3764658725
3764654885
1667500069
1650722871
1659635763
1655642163
1722685459
1722694658
1722691586
2129539074
2129543170
2121122146
2146228070
2095699958
2091497175
4238980785
4239376033
4239244960
3169626784
3157043856
3157129873
3157162659
3157146339
3156687474
3160882706
3161407030
2628595238
2628267558
2628267302
2628270126
2359822366
2410155023
2393439311
2330503245
2397612108
2397608020
2390264052
2385087732
2519436540
2519372988
2452272285
2955586701
2955585675
2955868555
2955877259
2955348649
2959547049
2959354537
2967744169
2426679017
2427725657
2425629963
2157194511
2157186830
2159807246
2164013590
2164009526
2172402486
2206009638
2195523703
2194475255
2194610391
2195667159
2214410437
2206153183
2172598623
2172599135
2155682686
2153601854
2153610046
2162027294
2162010942
2172436350
2205982686
2205980630
2206045591
2170527125
2422193280
2422192256
2954737792
2686425232
3760109712
3776362708
3809918164
3795231844
3795231780
3795251492
3795153444
1630810668
1614025260
1618416188
1617367580
1617769021
1626093375
1621890415
1621951870
548277582
1890467086
1890467086
330251022
44955918
44873742
116176926
116169754
380404794
380473401
1454215224
1458212968
4129992936
4264206828
4230914988
3157171844
3090123396
3094338199
3102726886
3102685926
3094097446
3089640998
3139976742
3127393334
3131587638
3131586614
3131586613
2594727948
2594826252
2594809868
3672743036
3731590252
4130049124
4062938341
4062876821
1647228037
1613675653
1613674629
539941781
539974311
539966119
539441847
539441847
543506087
551825062
564405927
597960423
1638671878
1621890566
1890326022
1357407746
1344810498
3223857682
3228113698
3233483042
2157578530
2206861346
2190084098
2190359554
2191465474
2191285298
2197576738
2189188130
2184976418
2185181474
2189310743
2204056071
2161998343
2162022917
2161941079
2231147383
2231147367
2231147495
2491267557
3028138237
3028138188
2888677516
2888677580
2888800460
2889783548
2889268588
2887166572
3959859820
3959876204
3959810668
3959815788
3965013628
3964946045
3965470301
3900440927
3900444767
3900510335
3900060799
3908451455
1760966783
1755265375
1770924367
1804479311
1787636557
713830221
713827661
713826381
713830621
713830653
713830621
713889271
714018535
713899735
713846727
730656199
730643927
730701271
734895559
692953031
693083895
688895735
1762637495
1796122551
1796122039
1800320421
1867416997
4283407799
4291804599
4258200983
4257677271
4257668567
4258188759
3184444791
3185571159
3210569557
3210700629
3210639189
4250813943
4252976615
4261233911
4261237974
4261246166
4258788566
4283954647
4283954135
4267045719
4266948223
4283721599
4283725631
4250238751
4250221887
4233444718
4233459070
4241970654
3700835790
3700871630
3720860110
3720738262
3745834487
3745887591
3754278245
4250180901
4250203444
4250793236
4250858756
4246664468
4246656885
4284471141
4284471141
3193816933
3193821013
3193820997
3193953749
3193961815
3218996599
3218963830
3185540598
3185517942
3170858342
3170582902
3165340019
3165208947
3186127217
3178816881
3178816849
3208279505
3208279429
3212467605
3178979253
3178829749
3044619701
3053007255
3053270431
2516407775
2513796607
2515926398
2541087614
2549477183
2549460255
3086325023
3086320925
3086848317
3044913469
3045044533
3028201781
3028219189
3024017253
3023914979
3023902115
3040806322
3078555058
4152296882
4142863795
4143920531
4143916999
4135415749
3598020549
3614922709
3622131669
3589142357
4126005079
4117616471
4117616127
4126995823
4126991727
4127057215
4127057183
4117624095
4117747007
4117615934
4117615918
4152194366
4152317758
4152317710
3621738063
3621606103
3621745365
3588192213
3571439605
3571308021
3562919413
3562921461
3579706871
3613257047
3621776663
3604999447
3598706482
3598701362
3594375986
3594343218
3594481970
3598667830
3613327382
3579510854
3571062094
3705306975
3701168893
3701033721
3700968185
3701006008
3705464760
3705202104
3696881849
3696881853
3694915773
3694851261
3694843101
3715820757
3715886292
3749274964
3749536596
3758060149
3758051957
3758052135
3757921063
3623634727
3615315831
3615424343
3615416135
3614900039
3749172551
3749041495
3748982901
3744850039
4283822207
4283954559
4292302639
4292681583
4292618990
4292360942
4292418526
3715702670
3715700110
3696833982
3705217518
3705233646
2627334462
2646130991
2679669029
2661851444
3739787540
2666108212
2674890100
3745420653
3709785389
3709257005
3575005533
3608548681
3608556809
1985287480
1985287464
1993675064
2002596120
1969058056
1432319240
1417563912
343854617
352316969
345876331
352117115
343728475
339529947
1413267706
1413399978
1417594798
1442770830
1471663758
1474680710
1474687894
1474670998
1474667478
3622151159
3589661543
3589597031
3713328999
3713394534
3696653174
3562427350
3579253750
3579131830
1432169879
1432300951
1474173333
1407130005
1390222741
1392252308
1392341396
1391325692
1391439932
1382330397
1378136349
1394976541
1361485373
1361549885
1365744191
3588725551
3571879741
4108748159
4101490143
4099720142
4234011614
4234142702
4242466790
4125090662
3086873943
3212702039
3195925845
3196056661
4269241429
4267144309
4283786613
4283917653
4250367839
4258748255
4258613119
3184908271
3184842751
3184883679
3176495071
3176626143
2639623679
2639623551
3704976767
3704960383
3713351549
3715448669
1565866325
1599543575
1339497555
1339494483
1339494482
1331114066
223490130
221466962
204657090
208846786
91392707
98798291
133282487
401651383
393519533
1465163949
1460970667
1997913259
2004786427
1467927823
1466877197
3614196541
3622052397
3622052393
3588567849
3706065705
3702923561
3700823353
3700628761
3704707385
3704674585
3696273689
3696274713
1557304587
3717562635
3753214218
3614867786
3593372062
3610166686
3744351646
3744347582
3748541870
3752739759
4290728605
4290638493
4290552557
4290552431
4285047407
3173557055
3173685003
3173680911
3173683023
3174616429
3173541357
2905105901
2775274925
2783920557
2813264313
3888055773
4156493263
4160694735
4152306655
4152310782
4118233022
1977955742
1977946526
1977946270
1974587583
2108731647
2112926047
2146476317
2138090813
2138552637
2137504061
4280793405
4280729389
4151222045
4151231757
4118724879
4236112239
4236013935
4101797247
3581748703
3581882367
3623829375
3621592951
3604750135
3539799831
3615425861
3615191365
3615088724
3609849972
3610899700
3575315524
3579510020
3520711956
3503871780
3501778724
2495210340
2495210213
2511921831
2511921830
2547578534
2539163302
2518257318
2518274006
2520376646
2524570630
2532040710
4150980630
4117419062
4096423222
4096417630
4230635470
4117650383
4118613469
4151577788
4132711580
3591726333
3612374509
3622859133
3618849551
3601949470
3601916718
3601916462
3604083246
3596080750
3579233998
3558264782
3558276495
3558857871
3560950975
3565012219
4110206203
4126994923
4160545275
4135511899
4135511647
4152292991
4152325743
4118763134
4118632286
4101861646
4101861406
4034875455
4043272251
4043272571
4043141625
1901336057
1897143705
1896094105
1929845177
4061477305
4065601945
4076080585
3534165849
3534189336
3551490584
2444223000
2427445784
2427364332
2427167660
2428085156
2432283297
2423894691
2537063078
2537063142
2519320374
2519719190
3526224918
4079774742
4100813878
4108743686
4108775430
4108763150
4109758942
4250265054
4283821535
4282777567
4283817727
4116045567
3587563485
3587561309
3572880733
2499138940
2641752444
2641883516
2642408277
2684285717
2684286485
2684352279
2650797847
2650592567
2642171239
2625402343
2625467895
2642376182
2640279030
2682222038
2665403846
2665469910
2667435990
2658990070
2658465655
2675308405
2641753397
2642277652
2625631508
2634020116
2633881364
2650666804
2650634085
2650568679
2684188663
2659046902
2659173878
2524955862
2524959958
2541745366
2541744454
2516578583
3589239615
3563942719
3563877947
3580657211
4147968571
1983765039
1983757119
1853863998
1859957822
1794936859
1786544139
1799012555
673870027
674107839
673846959
1747654319
1760047789
1755853480
1755869864
1755902856
1772675464
1843963272
2134543288
1849359288
2117761465
1985640619
1994021034
1994280106
1989558426
4141138122
1964302538
1412882698
1412866586
1425458734
3568813615
3569143343
3590188559
3590287135
3581891967
3590280671
3715585503
3715585503
3564623325
3572880893
3572889077
3572884981
2499147253
2490889591
2507666775
2507536247
2507536247
2541614967
2541615095
2541615095
3044923351
3044890487
4118631415
4127019493
4127027709
4160582109
4152193500
4135400920
4135009688
2520201688
2524412184
2541189416
3622076200
3554952968
3534021128
3534213640
3601781561
3601781034
3605971050
2524759278
3575434478
3558852830
3558787406
3560373582
3564564430
4101302254
4109690863
4252493279
4283942223
4250395991
2639782775
3703960119
3705008678
3705008674
3705009715
2622873139
2631392817
2625034545
2641742864
2675235856
2675307600
2659180624
2524864704
2524868801
3606725075
3606726306
2531858082
2531798690
2548576162
2540207510
2507011462
2508125574
2505958855
3588028389
4123844325
4123383541
4123457493
4250396613
3178620247
3178624374
3078051174
4151793014
4149724478
4135049015
4134909719
3874860829
3874794780
3864309052
3864378684
3860301116
3860825404
3879653389
3846066253
3844932061
3828285935
3827701167
3840348079
3836152494
3836156854
4105445254
4239668614
4239680966
3724009926
3747074518
3747084247
3747603831
3749639543
3758081399
3757888885
3756814421
3748622549
3748614391
3748614655
3615446527
3615449087
3623845887
3623321183
3622174301
3622106909
2548365069
2540028685
2540163357
2540172159
2640835439
2641753071
2642245607
2631751159
2631783895
2648569335
2650666477
2642273645
2642273621
2642408709
2642409221
3749050133
3748984685
3748984687
3746954623
4283954655
4283880927
4283880671
3755394271
3755463903
3721745911
3715393015
3715393023
3698681855
3698808831
3723974655
3723843583
3723843070
2515891678
2549970398
2549478750
2515923998
2506487070
2514875678
2514867487
2514999069
2516579900
2650797612
2684147308
2684142205
2675758045
2675831807
2642407807
2638214526
2638206270
2638214431
2642375967
2642375965
2642245469
2675799901
2675931101
2642368477
2648528383
2648561151
2648495615
2650600959
2650076541
2675307901
2658531165
2658661213
2656564061
2656564061
2682220925
2682089855
2648536431
2633856363
2633522539
2625134075
2624142811
2625191387
2625322907
3715858331
4252696479
4286568350
4286568350
3210080670
3210064382
4285834030
4252021310
4247839262
4246757918
4112741946
4151729706
3220593962
3220523051
3216263277
3216885967
3221089487
4294763661
4252877965
3716071615
3716075967
3716081079
3716081079
3716081137
4253021681
4251772272
4251757904
4242910480
4108762368
4108749568
4100098561
4095970835
4229989938
4246791730
4011909666
4011942690
4263772194
3202613474
3199010018
3215854722
3182304450
3166579138
3049073202
4122488355
3602398753
3602464320
3602595520
3597221504
3592961680
3576184720
4097461396
4097723572
4109681828
4105474149
3836780838
1693491774
1735434782
1714463242
3860049434
3994528554
3998742571
2923874409
3201222889
3219016841
3187295369
4261021576
4244309641
4244180667
3707317935
3707711399
3707645345
3702852768
3706979504
4234474624
4230259904
2099291328
1579328768
1579335168
1600294403
1562545682
3693135394
3693110818
4229964322
4229968674
4243394594
4289331298
4272554114
4272570498
3735694467
1583884421
1579690149
1579690157
1579826088
1995049640
917118648
933768840
900210312
896274136
891613096
891332584
1965073400
1965273928
1432519179
1474331178
1449173550
1449174566
1449228850
1189296674
1319254562
1319245858
1336023074
3454141650
1281491138
1281491138
1277296706
207814658
228599842
229648736
229649376
263355328
259365776
86282144
86345088
86155648
86155648
86147969
69305058
69239330
1142989346
1142976034
1142962722
1143159330
1306933282
1336285218
3484289026
3349858306
3316297730
3320418307
3312156992
2238350016
3253371520
3286929040
3270097568
3261659808
3257432736
3526949536
3524852896
4066170022
4048851110
4050686182
4045508662
4045644550
4045514242
1948346881
1948465664
1411791392
1415977568
1424361699
1554386082
1570898066
1320288386
1323434178
249692162
245371954
245377058
245393697
262372112
228784896
203618560
203590080
204637568
204644736
204636545
204637058
204505762
206603938
206612194
208711266
217119266
234093090
1319303202
1319303218
1319262274
1323456578
1315065026
1331842370
1298356050
1289778467
1285584225
1285565792
77609312
81820112
86047696
86166400
119704448
119709056
119701696
119570915
106988386
375431714
388017698
354482738
337721906
342047330
350370786
346167458
279055523
279052419
65142915
40026243
35684547
35693667
35695906
35694882
52476706
1076017682
1076017665
1088592384
1084395280
3298989840
3298989584
3315713584
3353400864
3328192035
1176518178
1181039394
1181165602
1181091874
1181617170
1182760002
1178526914
1195286658
1144426627
1144422785
1157006976
1085378288
1353812704
1357949664
1416686304
1412442848
1460673184
1448086691
4140827814
4140843174
4140843174
1446101206
1462956034
1411572738
1415769602
350362131
350427761
341916400
343227312
351476129
368186547
131203219
131203202
124977346
124830034
132162850
98610465
77642016
94485296
98745105
1193458435
1193458499
1176673218
1176686018
3286420802
3282224434
3282092834
3282104866
3282100771
3282100771
3269521697
3261125665
2187479057
2250401875
2233608259
2217871426
2215774466
2219838226
2224041766
2224301862
2224300854
2243240742
2377393958
2377924391
2381073703
2380810535
2305411351
2305415445
2305399157
2305399157
2338953717
2338953717
2322176501
2389293557
2389293239
2389424311
2389424311
2385230007
2385247447
2401924311
2351575255
2351576023
2632590069
2628395749
2628268781
2628271868
3702028876
3697867020
3694770460
4231706716
4229609548
2132452812
2114691980
1846129293
772379325
772330151
772290215
1862872999
1862938021
1867394212
3986058468
3851865300
3851656516
3850419716
3850415620
3850675764
3854873125
3854926375
3881271598
2803335470
2805387310
2805355582
2805877006
2772310814
2772310894
2784827886
3988531662
3988589902
3955032398
3955171598
4221444366
4221444407
4220920165
4222619877
4226810023
2031112359
2030101638
2013330574
2017577358
2026105790
2026105854
2043063159
4224106261
3687749141
3739058741
4267483844
4266500740
4283290244
3746361013
3746396837
3721296293
3050199205
3042855077
3040298129
3040108741
3027558405
3030442261
3047269925
3047204391
3051482663
3038830119
3038826275
3043003431
3047531558
3048711414
3017135318
3008152711
2987213975
2987265175
2987276727
4077791911
4057868965
4120185479
4055120519
4059311750
1911621094
4092657766
4092002358
4071575558
3618432006
3618417670
1475127318
1466800182
3710908470
3443337254
3447339046
3451796518
3450735670
2376469798
2376482343
2309229285
2314226324
2312161924
2311121796
2311121348
2302732340
3377715236
3379747108
3379755300
3412257060
3413211444
1527830836
1493293397
1493293525
1493432789
956541317
956545925
956414341
2030156165
2034350535
2034351575
2034482679
2030288294
2080620450
1816379378
1824766962
1820564211
1703066465
1736620321
1724037152
1711441936
1712752640
1645671425
1646191683
572416162
589198498
589172134
592906918
603277990
565566118
564656823
631761604
631746308
627371012
623174676
623178788
623211556
606497824
1684409376
1684409632
1692864112
1691683536
1687517904
1686502128
1703934544
1720625728
1720691264
1724754498
1716317474
1712899106
1712866338
1731740706
1698301010
1681800258
1680750658
619645426
615008994
631823072
632879840
632859344
634956608
622374080
622394560
622511232
555401379
557465762
595132578
595079586
578631350
654147255
649026293
649058836
665827844
632269316
636463876
608151556
607486980
605405237
605515877
605495457
607596705
544540065
543494048
551881376
564464288
580983472
581140097
582151875
581152258
580955394
593542146
555789314
539028498
539192418
606221538
622988706
628231842
666192610
648403506
648395283
648325632
782543616
1877256192
1831316480
1814481937
1815528483
1813410850
739648610
739642594
763301346
803801842
799628018
799660657
800651984
800631488
668510592
655944832
622380160
555664512
555630768
557195424
594817441
593761957
585383525
581200436
581233172
581233173
597993989
570206981
1635556357
1612678151
1611563014
1678693382
1679750374
1696529830
1836927654
1711032998
1711037110
1706917559
1706548887
1710741125
1700069189
1695870257
1695869985
1695935520
1702030385
1693635603
1693631506
1683145746
1696056402
1729610994
1717030370
1725419234
1721092835
1723193968
1861609984
1853680128
1866328576
1866394112
1697271072
1684619361
1684537571
1684611219
1684938885
1684931733
1684474805
1692682916
631556836
665123364
649390596
649390341
651488263
638907398
588693542
590758118
557727974
556729510
661456307
644681649
653073136
648895024
648927792
648935952
648915473
631745283
610708483
606522370
540527810
538266786
538193059
554708389
594611877
603000501
597757621
597756599
564362903
1672736390
1672736262
1675685126
1663368246
656727094
606366770
606497826
607018018
610667827
1685540657
1685409313
618516001
664768049
646942209
646687232
776514048
772320000
772335649
772397153
789269603
773459171
777651426
779747570
788202482
788075235
1856508640
2091456240
2091597504
4239026880
4243253952
4243294912
4239100656
4104822739
3081343426
3064496322
4142436514
4134068646
4130874022
3862632111
3862575757
3861523084
3861723820
3873704428
3886287948
3852555277
4105232399
4105232462
4107329614
1946378350
2080530478
2084700974
2110128702
2140537359
1989615117
1476143628
1434217020
1427954156
2082261180
2081867916
2085997708
2104542604
1047642781
1046631071
1046622926
1046618686
1046487598
1046487342
1071652906
1068512298
1070613514
1052828682
524598283
386374667
352763211
340703947
348819099
344622747
348816011
1422754441
1900839641
1934922473
1918346859
1918348139
1649780843
1658108026
1649771546
1645576202
1647620107
3793719305
3793678377
3792626024
3796817640
3813623532
3771664093
3771340429
4106888847
4103831262
4103658854
4105755750
4109954150
4114410567
4112442435
4112442563
4146001363
4129179619
3061712882
3204257490
3203737111
2662809399
2662604583
2650023719
2633245239
2629251669
2629767895
2629661427
2627531682
2627513763
2623322337
2635630801
2654648512
2654906560
2654924225
2653833025
2653816370
2667382306
2650550882
2629575266
2629574946
2629574754
2629304546
2629369987
2359846016
2372463744
2401929664
2385152832
2653600512
2653596416
3191581493
3203968549
3132727845
3147399693
3113783821
3092832829
3087558255
3087539943
3138914470
3124496550
4205643959
4206824599
4206756997
2061115525
2115641472
1577734560
1544214453
1544222341
475787975
477934343
342663943
338470711
879738679
1961332509
1977977373
1977862941
1466092541
1463177149
1463240077
2004185485
1943491037
1943474685
1941401909
1941401893
1409277989
1466818605
1429008445
1428972813
1412394767
1412352527
1441712751
1472121583
1453116319
1453094287
1457283534
1451061710
1476325886
1559650799
1559651111
3707196215
3698606901
3696522021
1549067045
1549067813
1565847069
3747012303
3730230159
3732834702
3740043438
3622616238
4159481006
4160528542
4118585742
4118786719
3044979439
3074351853
3074286309
3074253813
3078493141
3078558199
3086824951
3086824950
3051167158
3050839470
3050855854
4158190750
4160484751
4126930381
4110005701
4109940068
1953276964
1949082660
2083517492
2082929665
2099665921
1042434049
706902017
711084049
719522865
720442643
720449810
718737682
