1358699551
1356663823
1406075911
1380926837
1376769013
1376228245
1376227989
1912837045
1916834727
1916842919
1925226935
1656988831
1648536735
3791829247
3791886383
3875706925
3875711021
3842418989
3830890285
3830892348
3763847709
3760014141
3760022383
3760006119
3776775143
3813475311
3813474942
3787801102
3787740682
3771006475
3771001355
3762350619
3762354715
3762313738
3842006602
3842252506
4010020602
4014214650
3930397930
3934729450
3934729338
3934728250
3935252510
3935186956
4220411916
4224541908
4211919780
4211923620
4211993252
3943688869
1774561966
1753525934
1753267630
1820433591
1824693495
1682148372
607176756
538978356
555822132
555883556
555883820
560336428
565644861
548752990
546627278
546609870
562858702
562858638
1636076431
1732549133
1711585804
1846001164
1845944893
1846944293
1746280993
1748435233
686030883
682886163
679754819
679749699
679880771
948316995
948312643
981862979
448531011
443287105
440144449
442446433
445456993
981738083
981739107
998518371
683948899
675297651
960567667
725752147
717364051
717425491
717232979
717323095
717454167
717249399
717249383
726976871
627964279
627964279
627964279
627964279
627964279
627964279
627964279
627964279
627964279
627964279
627964279
627964279
627964279
627964279
627964279
627964279
627964279
762182007
963508599
426637686
158202358
158203382
158201334
158183926
157921790
162116094
1487516154
1487516154
1487519226
3635132922
3635133435
3647713241
3643455432
3140138888
3140130696
3140060568
3140064680
2875899816
2884304552
2884292296
2884226632
2884161032
2875776553
3144183339
3144167210
3144165162
3110809882
3110801674
3110731818
3119190058
3098218602
3098234986
3098074186
3098060874
2565384393
2569648584
2569706888
3106583944
3106575752
3106637736
3144324776
2875889320
2867517176
2867516936
2867450392
2858967593
2875728426
3144167978
3110863162
3110666298
3110666298
3119189050
3152746538
2594838634
3735697546
3735627915
3739756680
1579730056
3593048216
3593179288
3593113736
4100882824
4100358792
3827471944
3827538460
3827345964
3764431404
2686495273
2686561067
2770453801
2770616619
2771125035
2771255851
2775451179
2779385406
2779253630
2812811774
2812819710
2812837086
2818077063
3041551239
3041534607
3024757390
3033145770
3029864618
3031958698
3035106491
3026786457
3039443080
3072993736
2536385033
2653825546
3731102218
3747876378
3747874618
2414612522
2343116842
2611597354
2611515454
2611646477
3148513284
3148522052
3153634032
3145245344
3141055136
3106453412
2905126052
2905136292
2888354981
2888714407
2754009335
2767645189
2897668612
2896619012
4024852997
3995542023
2922189326
2938896942
2938635050
2947024234
2913471594
2896697450
2913474682
2913483978
4154991818
4134233482
4150981002
4125806777
1957400744
1957228712
1961382024
1948778696
1965559832
1982477608
1982475816
1986670120
1994993160
1990725129
937952778
1021838858
1021838970
1021924714
1017738346
480867562
346812602
350941323
342532232
338337928
338268348
1344831660
1881440420
1914864036
1650628228
3806510660
3806505472
3806374432
3806374436
2732632615
2741222958
2770509354
2770650410
2904818986
2905343274
2905476926
2909408894
2917801854
2913475069
2913482972
2913532108
2914579660
2911609036
2911543436
2911544204
2890572457
2887369642
2755133866
2754348202
3761117354
3761125610
3790485850
3819846410
1672309259
1655499275
1655503370
1668075018
1663910202
1664028730
590295082
556609578
561655850
1708798074
1703551194
1971985114
1971854010
1971862170
1435269770
361559690
495776651
260887432
244126408
172959272
168765992
169749032
171850524
1244529927
1248329734
1273806878
1223458830
1223327822
1219137742
3366624726
3366689782
3366698582
3383277310
3655902895
2607326889
2636687016
3177823400
3169563816
3169563816
3160970376
2905126028
2905190604
2905256972
2905259053
2938809647
2943024430
2942956862
2942924602
2942841642
2875724074
2842165546
3915907370
3949461546
3958047018
3953787771
4272625368
4273543816
4273478280
3736631944
3732466312
3727206028
1328133004
1160483724
1143653260
1147847372
1156243012
1156246247
1424878306
1424796322
1416408994
3575944070
3609231750
1596096646
2116206598
1579307030
1579229230
1579425838
1592009770
1605118249
1605110056
1571293992
1571298204
1562930060
1562943372
1563001220
1562804612
1566736772
2137166208
1596109216
4281447392
4281377312
4281393698
4281364006
3211803182
3182565930
3181517610
3181709354
3182217274
3181938699
3215559688
2884156680
2885195336
3143213784
3143344824
3139166892
3206111973
3174568162
4230481058
4096265378
4096395426
1961506994
1957312898
1957314434
363733633
363274880
115405440
102859200
102859060
371241260
371240232
908110632
639691304
656669224
660786744
669499912
670843400
661144089
661144169
661214185
627799035
627914619
627905915
627905883
628053323
628028491
569291995
602911963
581811418
581803162
585997450
577608858
573419770
573370618
573403258
556691514
539685162
553313131
563801832
596179624
646486936
650697096
638082184
1040978056
1023541640
1006769069
1019359919
1016215207
1016164006
1016130290
1015066322
1036037958
1044429830
1044552710
1040364566
906162198
906047542
907030582
890384686
819083054
814877228
830753508
898386580
931711876
923326852
386686084
520491140
486674820
1010963076
949105328
949187296
949019169
949019170
416326182
433106726
433101094
465672226
1245812770
1245763602
1245763586
1245903874
1522725889
1518792960
1587462848
1589297792
258687872
86589824
69800080
338366644
338624700
338036136
887283496
1956887080
1688250936
1688250904
1688250888
1826662922
3999305226
3995436570
4197368106
4197335146
3123392618
3123327018
3119124522
3114938410
4188676410
4222312795
4205338952
4205371592
4201144520
4196930776
2066416888
2016023768
2016042360
2087377512
1823132281
1822988889
1873324617
1856552776
1860732248
2049474649
2049544282
4197118058
4281004142
4230639718
4230639970
4243215202
3970596578
4104777392
4121554576
4138269568
4268259712
4264045696
4264115328
4264171683
2133473698
2087324582
2091715254
2091728530
2091131539
1554260544
1553998336
1558241840
1545642545
1596043011
1445113606
1446181638
1450368262
1456659750
1452733741
2006316332
2009908712
2001259912
1997066120
923323288
889936536
1024334472
1023818376
1023553240
1023553244
1027815388
960508413
968941806
998301806
2072027230
1535221770
1539486986
1539489546
3678648890
3686840874
3686841898
2576596538
2576799290
2577319466
2576893482
2581071738
2583170554
2306350570
2306415850
2373590202
2381978810
2381984922
2380952731
2380919945
2380853384
2372464776
3446182040
3341324536
3609891896
3609916472
3609947176
1395207209
1395354921
1399481640
1944778552
1943782936
2009646792
2001260168
1997048712
1963514808
1963707064
1024330392
1007042184
1027745496
1036133112
1036194795
2143309998
2076237998
2076222694
2042668246
2042733766
4181966790
4190289414
3653484038
3654467078
3654483718
2647817510
2675323942
2675773486
2683043886
2678784043
2679775513
3753583368
3721929224
3696760328
3692903944
1411268184
1411324568
1413286808
1899760008
1898204299
862243978
845204618
845251738
845395418
853664026
853926202
853860650
871342122
1907269674
1911201835
1911271720
1979220472
1967687064
1967689624
1963559576
2098134680
2098081468
2097555128
2097293032
2101483241
2101419498
2042637546
2042652906
2038491210
2038475850
1501602826
3653351178
3653341706
3653342762
3649304106
2575464234
2609001774
2341868590
2342456426
2342259967
2348289229
2322075084
3395816708
3397008644
3397004340
3397002292
1245324304
1312445440
1311429632
1311425536
1177191744
124421568
90934672
6922128
6921104
1344905108
1344905140
1345034228
1346343668
1346237036
1880908524
1948002024
1967405743
1975790254
1954888102
1954810022
478218370
482479234
482484355
215097729
215114113
231924609
198222834
1255186914
1255187746
1246805794
1246805282
3396385058
3404773682
3400792118
3400719398
2327215150
2344500270
2310540602
2313686298
2313702667
2313772299
2288545035
2288549147
2288736027
2305447739
2305439513
2338920217
2338856731
2338856251
2338863467
2338863483
2338928955
2313894171
2313887002
2313885018
2313892827
3387495323
3387496377
3387447208
3387449256
3454590904
3446267832
1298792344
1294598040
1294597528
1294728600
1294985656
1294985656
1294461432
1294461242
1327757626
1327757626
1327757594
1298652954
1303379770
1236270654
3383328318
3450428990
3450358334
1307057133
1298745772
1298876844
1298888892
1332312468
1332308372
220821892
86596500
86854548
86469556
86239732
86092151
358848822
358717750
1432459574
1432467742
1600240414
3751918110
3752180254
3752704574
3752434238
3752577598
3748268589
2674531244
2674526636
2674591916
2682984620
3622508700
3613997196
3609995404
3341564300
1197816260
1138846164
1101130980
1101239399
1373868390
1365348646
1344377110
1348579598
1348575502
1885449246
1881389102
1898027054
1898022926
4079388686
4062615566
4062635022
4151820622
4157719534
4120040175
4103267055
4103268077
4103204589
4107332319
4117790687
3610271583
3593958750
3593934206
3593929774
3611100214
3581766742
3590286422
3586057542
3586062151
3583480647
3587543617
2505355985
3042423408
3042358880
3042295328
3042221600
3038101044
3071786500
2803341060
2790622524
2792670508
2809449772
2809460012
2809460009
2809414953
2775856505
2775856441
2808421673
2816805179
2816936251
3890682170
3848748314
3848617274
1701123386
1710035002
636293178
636228622
636230670
636225614
627964279
627964279
627964279
627964279
627964279
627964279
627964279
627964279
627964279
627964279
627964279
627964279
627964279
627964279
627964279
627964279
627964279
627964279
627964279
627964279
627947895
762166647
762166773
762166773
795719103
795718078
1852684222
1852682942
1852158654
4276204218
4276205242
4142002874
4158814122
3023189930
3021352874
3025545610
3033934218
4103350411
3566471305
3585346712
3614794952
3547816140
3543589196
1362542860
1362542909
1433909037
1433644327
1441966423
1475787079
1459001670
3598159190
3593847158
3593785718
3593855350
1446404982
2004230902
2012680935
2006200231
1972661165
4120177069
4036401564
4040592780
4032136588
3776755148
3778851612
3778851372
3777868332
3777802797
3777794863
2687356975
2686901295
2686896175
2766587951
2762918207
2762930703
2817451533
2809127503
2926342863
2927379199
2944144302
2952529326
2918977006
2918980078
3218947278
3068013774
3068077262
3068077134
3204396142
2667517166
2684229086
2512271310
3586078414
3585869533
3585931228
3589844412
3576206844
3559425500
3559555404
4096688396
4096696604
4101350181
4101287733
4111777556
4111846228
4144155108
4127358436
4132578788
4140958148
4153803653
3616998279
3587450806
3570675622
3562367926
3562535350
3570923926
4124425671
4157977861
4143231748
4143223572
4133794348
4134314540
4134384165
4147106341
4148118063
4148036143
4148036382
4148035851
4286316601
4294706232
4290710552
4156439624
4122945608
3567003848
1419598793
1553713818
1555586730
1555571370
1559765690
1568146106
1568277242
1560154730
1425941354
1423715691
1415346299
1409611995
1426368651
1426499722
1461628298
1474199946
1472168331
1472102841
1472106984
3623789352
3597969196
3593776940
3593858860
3593994045
3610661661
3614884623
3589784351
4122460719
4104029991
3030355733
3034364725
3025971493
3021912853
3040775685
3074081477
3074048645
3056140949
3207135909
2942841767
2947047589
2947044517
2914538685
2811908301
2811945295
3076186895
3071862571
3073932331
3040352298
3040548906
3026868283
3035551963
3049178511
3049243535
4120691343
4123837087
4123837102
4149146542
4149143014
4267696182
4269662230
4269760519
4265566223
4265570335
4282373179
4118796331
4099918191
4099721679
4242393998
4244557454
4257137294
4290761630
3221017502
3204280814
3195494766
3212125486
3207867686
3174313246
2624924958
2633443094
2629777014
2646546167
2644444853
2545436564
2549630340
2537081988
2537200772
3577392260
3577654468
3577722229
3581720357
4126975525
4124358183
4157924919
3612862279
3608573895
3742778321
3742761953
3746890208
3755222516
3755025748
3721471248
3572856080
1417109760
1416782081
1415729409
1417036039
1358382807
1358384887
1375173367
1400335063
1383422662
1379192694
3530872102
3530854703
3556020543
3551895821
3551961869
3551962892
4093021956
4084631844
4063594788
4063534436
4063536501
4063748423
3795218774
3795194358
3811971494
3761582502
1681206694
1694378406
1623067030
1620839310
1620328333
1620322189
1674896268
1674817996
1660006684
601925404
559982101
555788821
555842071
539106070
539105558
539367478
560334886
599655462
597558278
579543047
579342647
579350823
579343655
597437759
603719967
627964279
627964279
627964279
627964279
627964279
627964279
627964279
627964279
627964279
627964279
627964279
627964279
627964279
627964279
627964279
627964279
627964279
627964279
627964279
627964279
762165623
1030601079
1030602230
1030602230
1013824946
493729202
510508466
510246322
506051762
506051762
506312882
506313907
507426947
1583282305
1582754177
1606905297
1573212113
1564767971
1547724519
1547773686
1547910870
1547902918
1556156374
1551912422
3699404262
3699437543
4236292069
4240482149
4240490484
4248872388
4215317696
4215517248
4211257424
4194488436
4194489447
4194454886
4261563942
4265811494
4290788902
4257232390
4190185286
4186127558
4186381526
4186250455
3653511373
1531260108
1531330500
1514538740
1514209892
1514148460
1530929772
1530931069
1530949471
1505815839
1505884951
1489149703
1489155589
1489154565
1489023541
1506063141
1506063204
1497871716
3628580324
3624270320
3624401232
3624335696
3695630608
1547882256
1556137744
1468069393
1451418114
1455616578
1448526322
1377075426
1379189922
1916062886
1930714246
1897683078
828323990
835070134
830875831
864365749
869021077
860696981
1901060533
1893639125
1895211797
1894093591
1885644087
1885646118
1885640758
1902548998
1902544902
1931905286
4067872094
4132849662
4131877823
4132783023
4132721583
4157895661
4107624789
4107756804
4107564308
4107560244
4107562276
4116147509
4149640503
4149632790
4149725014
4149671238
4123432390
4124021190
4119630038
4119634167
4157382901
4148999285
4144858196
4145010004
4146001773
4145968685
3848213039
3850113583
4043059759
4043051581
4043113277
4038920029
4040955853
4041024909
3504221581
1371985295
1908917663
4089742767
4073043454
4073956686
3797005582
3799037727
3794839359
3795035707
1647490875
1647822191
1714701807
1714689199
1714684079
1719076015
1727403183
1991651503
2008424902
1974870982
1958093382
1421006406
1420938806
1420865062
1425058407
3578834515
3612518211
3595732801
3591554001
3608199651
3507516643
3511968993
3497473251
4042655219
4043194867
4043133905
4043174485
4043174420
4110280212
4117540628
4151095060
4151164180
4152331533
4131243293
4152149887
4152120303
4152185838
4118757870
4118757870
4127146238
4127085790
4126600391
4126666183
4159172039
4135058901
4130469845
4130403269
4130403037
4134753005
4143075951
4159910767
4126155567
4099945758
4100136222
4032960571
4033300543
4108605757
4108643613
4122273549
3623146061
3621044813
3612721997
3609121663
2506023783
2644435815
3214865271
3216757574
3183006166
2516121063
2507728103
2503539942
3023830214
3023727814
4114572758
4152255975
4152250855
4143333847
4143432517
4134848261
4134860573
4132810013
4132748605
4132748351
3860184173
3860247677
3860246621
3881206029
3847668493
3830924063
3828687727
3828688879
4101320686
4101447598
4110223279
4106028989
4105507741
4105446284
4103349196
4107559180
3579110685
3579309325
3608341263
3610442511
3593653054
3530673966
3538995070
3601958366
3599925711
3599929543
3604066423
3608191015
3608195111
3575050279
4095140119
4095108422
4099807190
4124772342
4124657639
4120410021
4120410085
4292376572
4284016460
4246333196
4112181004
4112447260
4112381756
4115986237
4115978109
4124428255
4156933819
4157068971
3084285627
3084277659
3084273547
3086424027
2507486169
2507415929
2490638633
3572506921
4109377835
4105249065
3589370171
3589521675
3579041035
3574783306
3574716874
3573864890
3607494042
3612802442
3612853642
3623207134
3589783774
2516513087
2499731759
2499797285
2512183588
2512249396
2545874516
2545866452
2541536949
2535245477
2501693861
2501169319
3575107767
4116115663
4158058510
4155941902
4160089118
3588553774
3580165166
3559161150
3559282494
4096131647
4101374527
4109828637
3572826653
3572774205
3572771901
3572902989
3564513485
3564521861
1349799351
1375002535
3556046759
3601969557
3602092421
3606286788
3597901936
4130578464
4130447392
4130448672
4084309280
3788742416
3788674577
3843478131
3843375842
3843310310
2769560294
2769625582
3830713582
3773892702
3769763854
3768723470
3768723806
1889615310
1906578382
1944335309
1920205789
1916076520
1937183080
1943408936
1368864056
1351887113
278162185
282376971
299350282
332773706
49579466
48529611
317685979
309235933
1379836141
1916707300
1916184036
2000072661
1970704005
1953990341
4097278661
4096246341
4096070261
3022333796
3022269732
3030657316
3048474916
3063154964
3063164164
2525293828
2525472037
2530639910
2522841142
2520548390
3057419366
3190721750
3207235782
3173965254
3157163974
3698276166
2620141910
3559666150
3563857390
4109250542
4104789646
4104851102
3567851199
3500683996
1354244808
1345856264
1343758648
1344020856
1343187416
1343155096
1343007656
1351388073
1351387785
1371848587
1406632843
1391891403
1386647839
1923526959
1923522855
1920376870
1916248098
1913959458
1930220578
1611463718
1611521094
1615809734
1892500630
4039972007
4031063461
4056232877
2982622893
2424714925
2424782525
2424662733
2441378319
2476014367
2213865790
2197154846
2188901406
2188887326
2188821790
2186691903
2186703967
2194105557
2194108565
2210877589
2152153269
2421113269
2421151413
2421161653
2416835317
2416761463
2416769559
2472339719
2187323397
2187225093
2187207701
2262704165
2262704165
2258505789
2208170047
2157773311
2156689342
2160942782
2152585902
2148321966
3223112382
3223182991
3493717647
3497367437
3521610077
3521553453
3555042349
3546588221
3580159029
3576161589
2503922981
2508113717
2506016629
2514208501
2514089717
3721983605
3713595253
3713660759
3747336543
3747303742
3732894015
1585410431
1581213055
1595893087
1595764063
1595768157
1598946653
1598946397
1565914205
1431762127
1431753869
1431748749
1442234781
3568747437
3585594029
3583369901
3566528253
3572819565
3572821549
3580164653
3613719343
3546611007
3525620751
4062416903
4062609415
4129718327
4133912933
4150698725
4118209221
4112970439
4112925318
4112975542
4116979622
4158926062
4154752238
4154743918
4154948686
4159106062
4150715406
4150719775
4117217581
1969545533
1969578333
4101468621
4097250269
4097114861
4099737261
1952255661
1959534253
1976315613
1976315853
1474241999
1440626127
1442256335
1425360383
1559381503
1576191455
1576190413
1607590220
1590747452
1590732076
1517333804
1513601336
976664888
976664637
977197087
977257486
974929930
974671899
974786603
958017579
941240363
945489773
952704749
952643309
948465373
948563709
998833901
982031101
986229725
977841631
973712542
973780414
2051715518
2068480414
2093662622
1557120398
1557125006
1548738462
1548733086
1422379710
1959131838
4102352558
4102350823
4106547431
4107649239
4099928263
3558240453
1429631173
1463186933
1463228389
1467289189
1465130613
1476210389
1475684319
1425487823
1425496014
1424377806
1424147407
1420018637
1437639517
1437638972
1475387692
3580929836
3576803132
4096966429
4095917885
4112703295
4118136158
4151624158
4067738110
4067840494
4067848702
4076299774
4091375079
4091309543
4057857917
3772645213
3789420381
1641936692
1635578164
1667022900
1662812196
1662832676
1662907429
1662514231
1627839606
1627839990
1632009702
1631944182
1631870422
1707363782
1707565014
1703865974
1703865959
1703931425
1704846864
1700652800
1830155520
1830114640
1829197296
1862735333
1862735351
1862742486
1866933206
1875325686
4286912126
4253306397
4253309448
3163351564
2626480668
2626481676
2630874636
2630795784
2648654457
2665169643
2595947242
2599948266
2598898154
2322073834
2322082010
2305371209
2297045000
2297307144
2293104664
2364276840
2365333737
2373546153
2371546510
2413489550
2405166478
3474582702
3726412974
3726607870
3728638286
3728647438
4285834510
4113868078
4097097006
4097214254
3828778809
3847652156
3881206140
3859079292
3859080444
3876506796
3842918572
3826125228
3825605308
3825602188
3830583949
3834774157
3853599486
3853537918
3971015998
3971000366
3987777582
4025784366
3862333454
3862338575
3862339597
1712754700
1712767020
1713291492
1695420901
1678644134
1682311062
1682376350
1682183854
1690576622
1686388334
1686380062
1870929423
1854160397
1854154252
2122605832
2118448136
2114307096
2114423928
2114443388
2118515068
2118446461
1590158847
1590587534
1464729742
1426981262
1414407070
1423840958
1352533694
1354696383
1354499741
1358702237
1350362877
1362948077
1360829948
1348247005
1348242765
1347847430
1414960390
1414969094
1953998630
1953867558
2004264742
4143355142
4277568519
4275407877
3998522404
3993281636
3993282020
3993420524
3859202732
2790179548
2799629052
2816333548
2763837417
2768030713
2768075337
2759290377
2889166344
2905872184
3212054824
3203666984
3199534120
3199605816
3216403784
3182947801
3168065465
3159671467
3155477178
3157643930
3090535098
3107309306
3139651098
3139890958
2925980942
2951210046
3216303150
3182707774
3168093390
4232504454
4228310406
3155099559
3155091109
2891894709
2816449972
2795478484
2797572036
2797569604
2793206276
2789007924
2788975141
2788978991
2788951087
2792097839
2947418175
2913876239
2913873423
3169724111
4235728527
4235724431
4250666654
4292613550
3197910190
3199679726
3203802142
2666931210
3757465611
3751272713
3717522189
3700744732
3700749037
3696509929
3694395817
3694395625
3711369451
3744858235
3746963465
1603674377
1570071880
1570043848
1559531481
1551141561
3559164587
4096035499
4101345242
4101482443
4101350155
4113936665
4147638584
2117492776
2117477480
2117479548
4269152476
4294315165
3989915055
3973108654
3972047534
3837829786
3837825690
3829437066
3846225550
3879791022
4127357095
4128381093
4132833445
4134931893
4142794117
1995318149
2012095111
1978545094
1961754974
1424770342
1424809254
1357162758
1424271623
1415883015
1432660231
1467469126
1467370966
1465262038
1465262038
1474183158
1476335094
1471677926
1471677798
1470640166
1470701605
1474831476
392717524
356050372
339340692
337293204
341565332
358211220
391765685
125435831
107735031
107935606
325514518
65524998
65262854
65199366
1138941206
1138972982
1130584446
1130436990
1097014750
1375145311
1358251903
1358218025
1358222124
1357165356
1348776764
1345360700
1345356596
1345360700
1882437405
806530829
806530943
843230703
1916976539
1917242763
1914129801
842812553
574359721
578562217
570174633
569648281
561258889
595006091
853938859
849752810
849814122
312762926
329568799
279216654
283415054
6793742
1080535822
1349433630
1349425214
1349445646
1374616006
1409172869
329728900
317129396
308753060
35922596
36971424
37183952
326365200
301060129
283168803
283440163
6608930
2423138
23485122
57043586
309201538
317655730
317486754
313320099
313319905
317501541
845983845
841785391
841789487
1915589679
1378126890
1383565354
4076247082
4093032490
4059478298
2969484042
2965028363
2965026313
3032199688
3032060456
3086533160
3057140456
3057127852
3057329324
3057269933
2990152879
4068089022
4093262990
4059704718
1358577038
1357782990
1357653966
1349264894
283911662
283906538
279773674
279708139
284443643
276095771
292856075
291811595
1399108875
1378200889
1395059000
1093069624
1147595288
1424424456
1354221128
3502016472
3502015416
3518792105
1404936618
1929159850
1918678186
1914549418
1914609802
1914626190
1914631310
1665062062
1630461103
1613688555
1626246907
1622117915
3769415177
3786187277
3781992989
3777794605
3761238573
3761123901
3761124901
3761127141
3773696421
2695694501
2695432343
3014212743
3064669318
3064684614
4142588174
4142547262
3605549870
3618136878
2510841662
2494197566
2498382638
2624080174
2620934622
2620975306
2637950346
2675630475
2679829129
2679804556
2529133212
2528940716
2533155756
2537354668
2535247340
2434189789
2977364319
2977359903
4051135519
4050646023
4046376967
4080979989
4080989268
3007313092
2973752772
2975256276
2983644916
2980038388
2963031797
2963044055
2967217894
2986092262
2985043942
3010203878
3018588406
2984972502
3047847126
3047845078
2511300695
2515331399
2540500997
3609721861
3592844295
3593875463
3591507974
3591582006
3745654574
1602367086
1602436830
1602230990
1568676815
1568791437
1572990941
1564517853
1564520921
1560326616
1560392184
2134941928
2134949096
2134939884
2130745532
2130942396
2130875836
2130891724
1979896524
1985102541
1985152765
1985292013
2004101103
2004100591
1952784859
887501003
887489739
883295435
279186683
279195113
279211499
283174875
300127178
326206410
305168762
305176874
1378000938
1382200346
1390578698
1386399754
1453508923
3617900840
3588546344
3571738136
3572978200
3304473176
3321299675
3352626094
3327472046
3326422190
3322357918
1179068558
1179003023
1104558477
1081417164
1080297324
1080357416
1348907576
1356894764
1356902956
1911595812
1920042276
1913764900
1443997751
3590498582
3590511366
3591506694
3610654214
3716031030
2628653614
3165339950
3165177326
3165162985
3165169864
3165170120
2641075160
2636814968
3173682748
3039464988
3040503356
3040486956
3040487204
2952660773
2948465510
3216966102
3216253382
3179032990
3172729022
2634547386
4232717466
4236913818
4236971145
4236823752
4241009096
4228426696
2082122440
2098903752
2132449992
1713086072
1713108825
1713001307
1712980798
1981416238
1998528878
1964974446
1951150182
1955332198
1955332206
1955351886
898428238
361015630
394759438
516332558
516072459
507683849
436445209
436266040
436270136
436304936
436436008
436353049
453131275
403049482
404096266
141886234
150024763
1219584553
1217651437
1216406189
1266733741
1254154941
1254160013
1333941901
1283610511
3431126431
3431369902
3302263022
3560212606
3560225054
3560222526
3558123326
3591741710
1446412294
1446428678
1446904022
1446908070
3594268839
4135395749
4154066596
4103751308
1956214412
1956177548
1425581780
1412998964
1411949860
1948822576
1948892192
1680578592
1613405472
1686015536
1711181568
1727956224
1713341632
1713161345
1712080051
1712063650
1712076706
1715873446
1859532454
1857365670
1839474358
1823744663
2092179845
2090148300
2090131724
2096407320
2088021544
2088020520
2088086072
2088155705
4252940842
4286482426
4284252554
4212965770
4245483979
4246655291
4246660393
4250822697
4261370153
4160706829
2550028621
2533253071
2533344141
2547827613
2547831229
2514379237
2497597669
2497069269
2427875399
3233242166
3236169766
3311667234
3341031714
3324389698
3328584130
3328579010
1180959122
1180701075
1180840339
1206006162
1168245138
1151533490
1151350694
1151348646
1156606830
1144126266
3290561338
3307264794
3336624394
3332687882
3332686875
3332632601
3466780733
3466768701
2394075444
2398261540
2414973792
2372962272
2354153168
2622660288
2622668480
2618538544
4228954932
4245727540
4279478292
3994204196
1848809509
1848821799
1849150502
1849148454
1848034326
723928070
724452358
690996598
695062007
695197143
703585751
703594455
703331799
703315413
762035669
761905149
1818865661
1818865405
1814674013
1814678141
1814940269
3962429033
3832348265
3832348267
3832340075
3832340075
2758598251
2775375743
2775375743
2775448959
2775448959
2775448959
2775448959
2775580031
2775580031
2775580031
2775579999
2809134431
2809126239
2808994175
2809002367
2808936831
2775447935
2775547775
2775545695
3849138527
3782029663
3782029819
3782021627
3765252603
3765384699
3773774331
1622088187
1622087899
1621965017
1638743241
1638674633
872165835
859582927
859714014
289288622
285094318
280892854
279844230
279920006
279785350
28141511
132999135
116184447
116184125
107803709
107998237
103738389
1177531413
1177395509
1181721396
1451131412
1476297236
1437499988
3568009973
3568014071
3299463862
3299417510
2221414574
2217229486
2217225390
2217620734
2230194382
3299742539
3299758665
3299783177
3299845645
3316430397
1164752685
1160549673
1462547563
1463592171
1463805066
1463706762
1999520907
1999523241
1991966377
1989801640
1989735048
1922626184
1922618056
4074611448
4135559912
4152222441
4118603371
4101822314
4097624030
4028417486
4027972814
4027935966
4032265462
4031925462
4040312006
4042417218
1903305026
1366364434
1945198882
4071712035
4069680944
4069740308
4073999892
4065648228
4061456100
4060477156
4081406612
4090237644
4086051581
4052486126
4053534190
1912344750
1911369902
1936593038
1898853518
1363031182
320679050
319040650
861279706
871776587
870838538
333751066
333752074
300195594
1373674026
1373739562
1374132778
1475788298
1475781130
3607024394
3753820218
3753824363
3753566444
3753566444
3756704972
3748384204
1580785644
1580789740
1578689900
1444537721
1444799611
1449125082
1449063882
1451152842
1476282315
1425949657
1358906237
1358283580
1349842748
1886699324
1886691108
1887288100
1887287844
4051676693
4064196167
4064133830
1916289670
1916338854
1916343206
3807977894
3803783342
3820556479
3820500105
1941449929
1920478425
1916283081
1916414153
859708619
813108682
810944410
819070874
819076763
277954202
277888666
282076842
282092522
290513754
290697994
301105930
295797546
295997225
1906616616
1906682168
1902618904
1932967176
1931382537
1930333899
4061040314
4061040298
4060925610
4064868266
4073436586
4136280297
4136280296
4137267420
3084435660
4101689548
4097500508
4096419644
4096397868
4101636653
4110156590
2499544862
2427727134
2432121150
2430011710
2488732510
2505379662
2245334990
3314889678
3348435930
3314824187
3314821097
3319017448
3310631336
3306625448
1192630456
1176450184
1176268937
1443680393
374120617
1455727019
1455731182
1447399790
1444065582
1446158622
3610485006
3509694734
3513880862
3505632574
4042440045
4040333804
2966587884
2966850028
2977270236
3006766412
3006772492
2737283852
2737283612
2737295908
2704208420
2708365861
2783786789
2783708455
2783707383
2776432838
3044942214
3053330822
3046586262
3079954334
3079994254
3080186783
3086395871
3061295565
3061169229
3055916108
3056062556
3056587116
3056431596
3077518060
3043893933
3034981039
3035047598
3048476582
3082029222
3069201654
3060923590
3060982854
3060965702
4150436678
4116877830
4116890134
4100112934
3026241390
3026253166
3043028334
3051482495
3051609439
3027488605
3027492685
3044278031
3044267295
3044070447
3044340782
3043323966
3043389566
3043365342
3078509526
3086894822
3082766055
3082604519
3221020535
3179081029
3174950145
3175014657
3178685265
3178689393
3187032433
3086434609
4151640373
4151644453
4117767205
3044027429
3044224285
3035760909
2496858399
2496945023
3587469023
3586418317
3615806093
3616326285
3549250237
3549385389
3512017837
3574866345
3574948329
3574817817
4113819673
4117882905
4117997833
2004007241
2004065225
1987352265
1985249995
1985332171
1987461627
2004250731
1970692139
4101106731
4109494315
4109629727
4126390543
4126259470
4151360782
4130718030
4063642062
4063625630
4084601774
4092998567
4122424741
4122234276
4107554212
3025462724
3040323333
3043336973
3043272463
3051398926
3043075358
3043145006
2774964014
2774980398
2766587438
3051802207
3052883679
3044834975
3074191295
3074260415
3078493343
3086880919
3086430423
3082104951
3082104887
3086430229
3076989957
4150603037
4112870719
4252466045
4252957389
4244560589
4242525829
4242329221
4099724948
4101825204
4111753901
4111819437
4145423021
4130748351
4134866103
4134542567
4141890791
4137710703
4137705503
4154482703
4154515723
4154499867
4155684395
4155678251
3086453545
3061091113
3055847689
3055926537
3056002313
4146524425
4112925017
4101391341
4109779951
4109779943
4109485927
4109424437
4101039893
4096847621
4097046277
4151506181
4134724869
4134696261
4134733139
4134864371
4160034278
4160186342
4158095334
4157885910
4149501382
4283723206
4267009222
4275532918
4288107622
4288091494
4256658727
4256264501
4260389684
4182827828
4249940780
4250006316
4250129276
4244748125
4227902413
4227983837
4228118943
4228045199
4232239503
4257400735
4157719487
4140942327
4141011415
4134719863
4134653991
4134592551
4134593590
4149472262
4149472262
4115885334
4250105142
3721533303
3716548471
3582396405
3582199781
3587457013
3587534741
3713101700
3713136532
3746690997
3746682869
3745568245
3745574271
3612405023
3612470559
3579019031
4115814231
4117907319
4117845991
4126430703
4124329471
4107589079
4107662807
4107790327
3562518375
3562395511
3562329399
3562337559
4116050999
4116175991
4116110423
4116077763
4149640641
4160155089
4160155553
4160214951
4159981303
3058989015
2521855830
2536535862
3073402150
4151403830
4126307670
4122105334
4122068463
4122017213
3048275389
3077627325
3073477021
3073608157
3073572319
4146326879
4146193791
4116932447
3051508319
3051487837
3051434597
3051370087
3042973287
3026194047
3026205567
2497718655
2510366815
2510501981
2510507229
2514699597
2514702669
2648953653
2648822567
2648744230
2648748326
2640351271
2640416823
3206782989
3174212876
4247960844
4245866828
4111649244
4111653340
4111628765
4115824591
4124264158
4054860382
4054860334
4059099695
3052528173
3044532829
3042305613
3042240501
3025428453
3024897527
3025093847
3033416919
2514449655
2514478309
2547999861
2547934549
3613287685
3613382405
3613259525
3613386519
3621778807
3623877990
3615481318
3615458806
3076490711
3059582407
3054286279
4132222407
4132872183
3059138279
2790762215
2792679141
2922702589
2786416637
2786400221
2788439999
3077842351
3086427566
3082163630
3082159518
3081765086
3081793758
3086016638
3086087222
3043218711
3026448133
3026382597
3022192388
4095921460
4095888756
4116841797
3579983685
3588371286
3584111462
3572512742
3572508134
3564125670
3564180982
3572700614
3583206351
3583009743
3583042381
3520131901
3513811240
3492840488
3491801384
3508578616
3508730648
3547781640
3547778568
3512190664
3574907577
3558654893
3562815919
3579596975
3587985582
3604443302
3604374679
3606471815
3606504647
3606574551
3757417957
3723798309
3715408437
4252283413
4250182165
4250182421
4283801909
4283823399
4283528231
4279373878
2098332726
1561461814
1544684630
1548946774
1414733254
349378946
349384579
345190291
361981827
395530625
380747905
384942225
376565937
1446224049
1999874017
1969471009
1956691493
1956687397
4108365365
4112557591
4147176982
4130493190
4130472278
3597795814
3601989862
3618701542
3618644198
3618709847
3585205581
3589323532
1462811404
1982970636
1983035660
1983031308
1983094797
1714520077
1646624781
1663483961
1613152363
1613120747
1617760233
1627130537
3770423979
3768336027
3772523147
3768328923
4036764415
4035719919
4035711807
3498848535
3567006743
3571266583
3562961926
3579766790
3577674182
3611204038
1467910534
1476365702
1469939894
1469886647
1436344484
1423728804
1411129568
1413292128
1413353504
1429078816
1466828325
1390873143
312826374
1453849094
1454279182
1458408014
1449957374
1449963966
3559756170
3560865930
3565060538
3573002734
3568608239
3568690157
4109890148
4101371492
3027304292
3021012836
3021008756
4027707204
4027768640
4027993921
3507900371
3579199315
2541174130
2549552498
2532775218
2528456722
2528456722
2528456770
2545373250
2545308114
2511827427
2511627233
2496946661
2488595925
2488659413
2484464117
3574979061
3574988759
3608670159
3612845774
4150261454
4149725142
4149728758
4149605862
4149601767
4149605879
3075985909
3075916245
4158017877
4126368213
4126242005
4100994535
4101060071
4117960687
3589474287
3622913919
3621019397
3606341893
2524244244
2524310804
2519198980
2519135492
2523321092
2549006916
2544812740
2545861525
2545730471
2547839406
2539414958
2535226862
2535398894
2501786958
2487101710
2491296006
2490247942
2498649862
2632439574
2644890418
2679632659
2662773507
2662826755
2658435363
2654250275
2671553831
2638129446
3157166455
3161099127
3170470391
3036200861
3042502556
4112017308
4145750924
4145951676
4045280172
3764324268
3767862693
3767864749
4036246669
4038077581
3521129669
3546375237
3546543365
3554914565
3550590725
3550524949
3550780983
3584331558
3584466214
3580271910
3609625894
3610674438
3728127238
3593989382
4134858038
4151602983
1970743095
1966217085
1947338621
1951549309
1951483709
1959820573
1958800671
1958784030
1967240222
1967297598
4110910518
4043605078
4114978295
4115052007
4156991461
3083266021
3066492887
3066419031
3058040694
3075866406
3050569510
3050462758
3050788407
3050656583
3050598727
3042209991
3075821783
3075953917
3075898605
3075898861
3084373357
4157984588
4149600076
4145868364
4145931852
4146067069
4146058861
4284340079
4015293807
3990132062
3990330654
2916261135
2906831110
2902649094
2936139542
2936043110
2936083174
2936210102
2940412598
2915115694
2895393199
3165913260
4239655084
4104408268
4125935628
3610044428
3593316364
3592857604
1445389332
1449541909
1383465741
1383465487
1396048462
1349911262
1358367406
1352997806
1352948142
1354029518
1349819598
1345631439
1395957903
1379246493
1377214909
1444336559
1448477631
1465254591
1440625645
1421829103
3569116975
3569151263
3569137951
3573332286
4116490527
4150110543
4129207759
4129194447
4129260029
4262973933
4267074029
4279644647
4285927926
4286453238
4252907494
4260306918
4255731686
4255702871
4256755015
3724061957
3715671301
3711476997
3711476533
3711693351
4251906599
3186541110
3187557926
3220524902
3218361702
3218369910
3210013783
3210011735
3210207573
3210146133
3075883996
2505458652
2639742932
2622826388
2621777332
2630100388
2630104485
2630112735
2631224798
3696708990
3749108094
3740793094
3740773638
3740640518
3740569911
4266979631
4267041583
4267107117
4283856685
4250292029
4228321055
4228199695
4228719967
4232672639
4241053167
4241081839
4236822015
