1372392455
1406076183
1380926965
1376769013
1376228245
1376227989
1912705973
1916834725
1925231015
1925227927
1656923278
1648536799
3791829119
3791886383
3875706925
3875711021
3843467565
3830882092
3763783228
3763716637
3759948605
3760022383
3760006119
3780969447
3813475310
3813491294
3787805194
3787740682
3771006475
3771001371
3762350619
3762354715
3762314763
3774881291
3775143451
3779333755
3779337067
3779410026
3813096555
3800513659
3801034875
2995728474
2458857546
2458722378
2190221386
2206991454
2173487742
2173492078
2173483366
2173548902
2177743206
2169485686
2170534102
2172631239
2172631245
2473572573
2473441436
3010443452
3010443452
2737748140
2737813692
3812342012
3812276460
3812292780
1664755948
1664756205
1664756189
595270495
561711711
567876157
563690045
614018621
616247839
632893982
749499086
749511310
766280334
1063894718
2137635518
2120858046
2129246655
4276730047
4276796591
4286231791
3212502527
3175012189
3044992637
3042377245
3084312092
3084241436
3084176220
3084173148
3084173148
2773989212
2773988668
2773848107
2784268394
2775875694
2775896302
3828675822
3828802750
3828546750
3828538782
3828535198
3832795023
3841023951
3857809118
3882886750
3866173982
3865125438
3881898606
3856667374
3030398958
3030394790
3031644086
2494760854
2494628743
3299873735
3304076039
3304136965
3303219469
3303236877
3303077181
3319838013
3353392409
3353581321
3353511689
3353445657
3622077945
3613691387
4146367739
4146174202
4129463802
3055730010
2787555098
2787550010
2788614970
2789138730
2793333034
2791170347
2799235369
2795032876
2795082044
2728112476
2748945756
3779906908
3758934092
3758446684
3758504044
1611016684
1611022316
1616322548
1624577680
1620909712
1619795600
1619794560
1888230016
1905007232
1367693952
1367800448
1434872448
1434872513
1301688258
1307909458
1298480242
1231301730
1226845410
1227042034
1231170706
1273109634
1269976450
1269931394
1267767746
1536211954
3683691106
3683691040
3650137632
4191272496
4245798448
3172048480
3172060896
3172031136
3171953568
3209705632
4275046561
4275243187
4258401491
3570547923
1423064131
1421028354
1420832002
1420832114
1420848610
1441987746
1449299074
1445102786
1445102786
1579387970
1579203618
1579198498
1580247074
1580230690
1584601138
1592924434
1588739895
1588725285
1586497061
1590699525
1312892679
1312909063
1296301510
1279499718
3435368342
3703803798
3703676566
3699489494
3699489526
2629942887
2630135399
3175392999
3204773543
3204736959
3037143487
3020305583
3025077421
3029271724
3029271708
3030332556
3034342540
3028051420
3028083996
3027019548
3035610908
3035536925
3036650046
3044842046
3078404670
4064280350
4064206606
4064167198
4064216430
3809816814
3780587630
3780579438
3772059758
1623463022
1623473246
1623210062
1623201998
566233311
566303225
566369256
566378476
558055420
557940700
587218892
587218380
557858140
591608636
566377004
566442556
557849116
557845004
557845020
541145660
566442556
562178604
562309645
563354125
565971463
627964279
627964279
627964279
627964279
627964279
627964279
627964279
627964279
627964279
627964279
627964279
627964279
627964279
627964279
627964279
627964279
627964279
627964279
627964279
627964279
627964279
627964279
627964279
627964279
627964279
627964279
627964279
627964279
627964279
627964279
627964279
627964279
627964279
627964279
627964279
627964279
627964279
627964279
627964279
627964279
627964279
627964279
627964279
627964279
627964279
627964279
627964279
627964279
627947895
896384375
896384503
896382391
896381367
896381367
896382399
879607229
879607229
879605180
879604156
879342076
1948955097
1953149433
1953146347
1961397226
1961466618
4100569818
4234918618
4247453390
4248561354
4253016779
4294886251
4278087785
4277805097
4277805081
3732546568
3730390104
3726146664
3743182056
4233094616
4241405897
4237268681
3968636635
3968645098
3968119914
3972314218
3976495210
4010049786
3875979482
3842397163
3842913001
3842380524
3829727980
3838055004
3968082444
3968082444
3968083740
1837444921
1870997819
1854225722
4005825546
4266462218
4266329290
4199153883
4215960057
4165722553
4173980569
4169770889
4169705433
4169973225
3096231403
3096294763
2839908702
2870444366
2870444382
2870380014
3910598126
3910659566
3909478638
3914853566
3948311758
1800815054
1783775566
1783779631
1792217383
1783705919
1783701519
1779442703
1778724159
1783054191
4203611887
4203677435
4186769035
4169688715
4237094537
4237142745
4237146857
4237146985
4238131051
4245980459
4279550267
4279713851
4279632251
4245037419
1829577707
1816474601
1820787417
1820794569
1770355273
2072308507
2055530763
2055530506
2051537931
2047791115
975093771
974831675
974831659
974839849
977920105
692642297
675930505
675983752
1758369688
1754240940
1754054316
1753540268
1749415580
1745278860
1745012620
1745045437
1765889967
1874884523
1874876330
1875908570
1842364234
1833991946
1836154394
1701932602
1702098746
1710487322
1743900938
1743909130
1733423130
1662251070
1660993646
1627439598
1627701754
1627833819
1615255897
1640425769
1636281129
1636166521
1741156297
1728505737
1728529289
1728316315
1728316331
1699025835
1740715435
1736651183
1719869903
1719869903
1988173903
1993351215
1448091695
1447043119
1464279355
1149638427
3297119771
3298691595
3298741771
3300830986
3434915083
3454830027
3446441435
3480192411
3749086617
3744904633
3744966057
4281378217
4281378731
4279367339
4178761450
3914459114
3989890538
3989889370
3981500491
3977343307
3977441567
3981637421
3851616045
3885223725
3868247357
3864319245
3860128013
1645666573
1645633855
1662472495
1627652459
1623458154
1623458267
1623526729
1619475209
545729112
562506744
600255384
600255880
591663497
591659401
591397035
591466923
633434539
629371311
629404126
897769806
898752838
366011158
340878134
336802582
1409430278
1422070582
1417740591
1418939693
1418909996
1553115420
1576188172
1584892364
1580566668
438602892
438600861
438653087
976429231
976363695
974267055
961700459
949219882
680567322
1754309146
1758506555
1758505531
1757453115
4169304379
4219635771
4207056907
3120725003
2651193354
2652242234
2518025002
2547384878
2511745582
2493325871
2493280877
2493301613
2512159052
2549908556
2451344460
2449914957
2449927261
2449943679
2449947759
2449874155
2500204267
3569755835
3565560459
3565625995
3565429386
3565998734
3297562270
3293350319
3557800367
1410247101
1409722765
1409740685
1996941197
1979885453
1711513989
1711382967
1711321575
1712370983
1716565799
1743894039
1676776983
1667339813
1663283749
1664266813
3811832621
3811643689
3811576873
3816228969
3822454955
3784706219
3783671194
1636115850
1686382474
1690571658
1682256795
1950819243
1950824431
1959203293
1418146253
1418928525
1418798493
1284515263
1284515231
1284515215
1296098767
1276228943
1282577679
1282573575
1147246375
1155572519
1147380279
1147310607
1159905807
1176684239
1181896351
1190317503
1190249663
1320187119
1324376175
1332764735
1282502687
1148371231
1156772399
1156751919
83075615
1142994447
1294042703
1596100559
1580370335
2117310911
1982902206
1718658718
1718653598
1647346362
1647481579
1647485675
1646453359
1646453039
3793801261
3806609453
3802415149
3820818495
3791528143
3781042639
3814602431
3813609197
3788376813
3784182396
3768416776
3770478088
3770019080
3770080520
3790976265
3813991706
1662836778
1645015082
1661780074
1611514090
1611579626
1615777022
1624164445
1619982669
1619978973
567208589
642147981
638002061
1711604109
1711341999
570425775
1656762799
1652569005
1719743133
1719673549
1720721997
1989157641
1456480569
1443901481
1427255592
1146232088
1154617097
1083574793
1085688587
1085734671
1152890126
3300163918
3722739930
3739582634
3731263658
3731337402
4265063642
4265059787
4265011163
2066902779
2033397419
1748051627
3899663019
3908055978
3901772218
3968913627
3985694921
4018184200
4018185240
4006848792
3864242968
3860052536
3859978808
3864186427
3797337642
3808776810
1627668986
1611415802
1611415786
1615807722
1624135790
1619949854
1619880206
600648142
575548879
571351181
571347085
575602876
583270828
579089324
595604140
595612301
595653261
599843725
859923341
860053981
822227229
805515544
339943736
1423127848
1421024569
1421330715
1421265163
1555470602
1555466506
1542753098
2062847962
2053931482
2116850075
2117062809
1848045737
1849057449
1846698409
1828807593
1824613017
1824581259
1824570026
1824561770
1821424186
3971001098
3990989066
3999456266
3995223050
3191214106
3191218222
3191218478
3203806510
2662741806
2679510830
3216327470
3214197550
2660532687
2526314639
2547287176
2253896872
2249701548
2249545868
2251622596
2251692148
2520137508
2541102628
2543198964
2509709959
2509726343
2224412294
2223280006
2219085238
3288647846
3556834470
3556896167
3558008767
4099139551
1976627199
1970319231
1697689407
1695659831
1695782165
1695781125
1611759877
1632862213
1641198655
1666366511
1645402391
1644361991
1644358455
1644362543
1656964911
1656832797
1656763209
1648370521
1648370283
1632043627
1623590635
1690699519
1686448063
1954817439
1954821515
1954813067
1418016139
1418145163
1418096009
1300751773
1283776989
1288741213
1282466572
1277260556
1277367820
1281494845
1281506093
1298278701
1323441471
1324483855
1324368334
1324401038
1322316222
1321247214
1321247086
1329635374
1292087327
1276285199
3427964173
3304230157
3300036381
3304103469
3562061549
3708849853
4279273101
4262692511
4262631103
4264731311
4264731374
3878790142
3878785822
3877868830
3877809198
3865226278
3874728998
3874530614
3864047879
3859915015
3791761717
3791712549
3791962405
3808772397
3813606893
3821997567
3788447231
3822009823
1674524122
1674393050
1670198746
1670190538
3817690570
3783620571
3766874075
3771068379
3771051977
3771056073
1631956809
1631976793
1631966329
1665585275
1666117739
1661923435
1628393579
1632457835
1631943147
1640442347
1640438271
1669793230
1674383823
1665999759
1661805215
1632576169
1640977064
1636648680
1619840600
1619851784
1619847688
1615638281
1611509003
1628347675
1661898027
3792670059
3863446907
3863380297
3863462233
1833226553
1812230441
1812214137
1813455081
1813390761
1825967531
1821772203
1804996491
1788224911
1792352653
2052334031
2069111102
2027184942
2023056190
2092261918
2092425742
2096551434
2111295066
2120011514
2120014522
2120219291
2119621531
4264938937
4130652600
4134846904
4134588856
2010243496
1976755176
4124238188
4126339341
4125282311
3856913430
3890265126
3890260262
3866143014
3866140526
3994126287
3993084367
1862509007
1828885567
1862454319
1846790191
1846638639
1850828863
1850813502
1850899470
1851151374
1859568927
1725875583
3887777759
3837510349
3837379277
4107821773
4095238733
4095287901
4095554285
3021749997
3034331887
3029601263
3028552126
2508458126
2524986511
2260739279
2383618383
2385646111
2389848623
2410832429
2377179685
2559615797
2559612167
3637808391
3625224279
3642001639
3674708199
1510911174
1510909126
2047779015
2051911895
1808315365
1808376485
1808377509
1808383669
1850322565
1847261575
1847254407
1847545007
1847346415
1851539567
1862074411
1862078491
1861033995
1844338953
1827563017
1828605469
1828702749
1824377375
1824382527
1824325167
1828517183
1818031374
1814033422
1813931279
1812948287
1829581615
1833702253
1841824621
1753826159
680096639
684254670
684255694
684239322
701085930
713727210
714768587
712691913
1782239433
1765753049
1748906987
1748969067
1753169450
1824344618
1823791738
3971280458
4021610186
4004828875
4009019019
4000695995
3996643241
3996214697
3996136617
3996127481
4011864264
3982716984
3987922984
3987927336
3987988744
3971342860
1819599372
2081714741
2014589479
2013541926
2013533542
2026835046
1754188902
4019112966
4003380230
4003376134
4269714695
4265512711
4265512535
4263493359
4263307182
4262224302
4262207658
3998023850
3872260270
3867541934
3884335599
3835678991
3837718793
3966756105
3962416904
3962415912
3961842280
1765079784
1765018552
1746145161
1745879689
1746088603
1750213295
1756504814
1823675246
1823683342
1840459022
1068574990
921708814
913324063
913389629
913381433
863310889
836173865
818217273
814482393
814531321
546079471
546082799
545556847
558143799
554015799
587570199
588231703
588165175
588165223
588157167
592085167
558596543
558601117
541700765
541831865
541832889
541833881
1615444617
1682815641
1691265465
1687070975
1708567759
1735828687
1714794703
1714794703
1712754927
1712779503
1712840935
1718936805
1735714277
1735912951
1744231783
1744293751
1709559607
1709501719
1701113111
1696916759
1701309751
1701236007
1744260471
1744117239
1744117079
1735735575
661989655
662124855
662637111
645859895
654261815
649928213
648884757
649012757
648820229
665591301
665586183
627964279
627964279
627964279
627964279
627964279
627964279
627964279
627964279
627964279
627964279
627964279
627964279
627964279
627964279
627964279
627964279
627947895
560839031
627948023
627948983
929938870
913159606
929935798
896381110
875409586
1948627122
1948627126
1952822454
4105617319
4103519141
4102466260
4123306692
4148673220
4128161412
4129289868
4129116813
4129100447
4131197359
4152104111
4160492717
4156372157
4139214029
4139114829
4143227149
4142969631
4134572319
4134647071
4134773791
4128422943
4128758847
4145431791
4145415615
3579184543
3565028767
3573351871
3567007150
3567003126
3569100118
3569104150
3304400646
3320260358
3320190742
3311814518
3345373170
3321264066
3321329606
3321231318
3320110582
3311730151
3613763063
3613763029
3613767005
3613889309
3743782717
4284778287
4284784431
4280590122
4280657722
3996493626
3994395418
4015502107
4022768952
4018642280
4023172200
3880582392
3876377804
3876409548
3842928828
3827183789
3831365807
3839754662
3767927190
3767931278
3766966158
4056250255
4056186847
4124409853
4149569405
4151649149
4117766943
4117771039
3580172062
3571849022
3571851070
3567681310
3585572622
3719626510
3720148750
3719083279
3756831005
3748442413
3732713516
3728519212
3728707628
3596537884
4133404684
1998507100
1965030764
1427107308
1410297340
1947039181
1948058061
1952252879
1952334575
1960760047
1973286638
1973216910
1973202575
1977466511
4127100318
4118777278
4118119598
4113887406
4113850590
4113903646
4247195710
4246937902
4251132718
4255326766
4255266350
3719497231
3719677455
3616849421
3621039885
3612653916
4145855868
4129072620
4129137660
4129268700
3877540828
3877536749
3810378223
3809791471
3776314479
3776411886
3809967358
3816174798
3816170638
3814076558
3814134190
3788833710
3788773038
3784586974
4053020382
4055117342
2981392190
3014948670
3015045382
2981212430
3048452366
4122120221
4122063932
4124097596
4111514684
4111764524
3843460140
3843474748
3879134524
3879134524
3881237821
3864395069
3873240845
3872184069
3873428053
3864949349
3881707111
3877582439
3843890919
3848083174
3848083446
3823055766
3818856838
3817681030
4086056087
4086062263
4052516023
4056775839
4031708567
4098817430
4099860438
4109887446
4109853510
4101468934
3564442390
3497333558
3513856806
3589485367
3617793813
3550558068
3516939620
3522190692
3497053268
3491089412
3491089412
1343613956
1897196564
1914160437
1918255381
1918259479
1918243315
1917256115
1917060003
843846563
843330471
843330471
851720119
868571030
1908801478
1355283718
1347938566
1349904662
1348757814
1357213462
1353082374
1354105350
1369309718
1401750263
1384727476
1456034228
1195957412
3574134948
3574376940
1460447740
1443868492
1447995148
3596522252
3604841244
3604517672
3604522792
4141589864
4140424553
4131978623
4148719487
4144643899
1931091770
1901989690
1901989178
1902056767
1900491839
826545215
558109711
541340687
537138271
537136495
558303215
566693806
562511871
562314703
562313679
566507981
826620253
809974077
809909052
818297372
549926429
567223821
567029261
559689517
560745773
627964279
627964279
627964279
627964279
627964279
627964279
627964279
627964279
627964279
627964279
627964279
627964279
627964279
627964279
627964279
627964279
627964279
627947895
896384375
896382390
896382390
929935798
929935798
913159606
913162166
644724918
644724983
640530485
640530484
640595972
640071684
572976148
589747252
556155924
543622356
539434164
539311524
551893668
548748005
548682343
546602534
1620341286
1619288630
1610899983
1610895887
1610891807
1611482751
1611418237
1615612925
547150335
547150079
597555406
580842703
580825295
576630990
572436639
572305583
572321967
555742383
543094255
550925806
550909391
819406287
809774415
805580111
1883717495
1355169382
1401831014
3532602894
3533518350
3332118030
3330807358
2257065775
2257065261
2257065004
2392331384
2392404456
2392334824
2329420712
2346459816
2346472360
3377742761
3377742314
3356259690
1208839482
1208740154
1208675098
134933262
403302670
403238158
403242446
940150158
956997006
977973151
441106335
441122198
508427414
235762838
235746486
1309611190
1313750374
1207843630
3299752510
3232565790
3232565766
2158706182
2158618134
2158551590
2225635886
2179498542
2171110127
2171373207
2171373445
2171377540
2167250308
2168429972
2168372644
2168367588
2166270452
2434722260
2434722244
2434689492
2433707476
2433580372
2437896052
3519989540
4056912676
4056786740
4056720660
4090275095
3813457014
3809250406
3809316070
3809381606
3809394166
3809388534
3808801494
3808805623
3775333221
3775271789
3759612713
3830784825
3832886075
3841400634
1689717562
1688537402
1956907322
1956919306
1956932619
1956942857
1957594120
2008978696
1996399740
1988010236
1719640221
1715306630
3862659222
3862593702
3845845422
3829326510
3828315822
3840674479
3840678636
2766416508
2699307276
2699307012
2699372548
2967877940
2963410708
2426605077
2427469334
2175811126
2173706022
2274625830
2274625830
2241071446
2247363014
2247379398
2239093190
2239217095
2373430469
2373428420
2373300420
2270531716
2270670996
2237112500
2237048228
2371337637
2635569573
2635504567
2669058975
2652289934
2652302286
3726012238
3725927758
3726385502
4286394878
4261286398
4240314863
4237701615
4237653999
4236572671
3703891911
3695488455
3707809111
3691167174
4228038086
4228045686
4228041574
1547860834
1565683538
1473394242
3604091651
3595703041
3595698960
3595583776
3595587616
3602931744
3351371776
3296911616
2223166212
2224211460
2224213877
2224310631
2220128742
2220148902
2237585542
2239691142
2239165830
2247606662
2239218135
2239090999
2272583975
2272290103
2272292310
2263903734
2257681830
2526271398
2526529190
2530591398
2522120839
2534712835
2502208769
2485562625
3559303169
4096174337
4100372737
4100365057
4150709777
4130817745
4129032113
4129034660
4132184228
4140568741
4123918565
4108201991
4041089031
4043203847
4042653239
4038389287
4040485605
4039954101
3511537284
3595486852
3595465092
3596550532
3598201069
3598197871
3597151278
3622381870
3584698670
3568184586
3585031438
3317445902
3348918750
3353145838
3353203183
3328016813
3327426988
3338962332
3338966476
3573917532
3557220988
3557217876
3561448980
3569624631
3565430638
3565501934
3587640558
3621718190
3596504254
3596536974
3595998415
1444192717
1444192636
1444197244
1461031512
1461184088
1360424541
1343630047
1347820510
1347816942
1356595438
1352401134
1369243870
1406628174
1408623434
1400153818
1398058746
1406442218
1406503403
3550382297
4087254216
4089414728
4160529688
1999414584
1999431484
1462641980
1462646077
1462645806
1433800742
1442250790
1435959670
1435697990
1434526279
494985741
528526908
511748924
516073740
516073484
507689997
369132575
369131646
369148158
335959230
873862558
874383102
886964982
882705015
882647583
882647577
345252376
345335352
344325688
348429096
339774248
335580025
335581129
1409587145
1410696905
1412859547
1433843627
1475782062
1456989359
1448370431
1444151502
1444872398
1446908262
385753446
381625126
364708631
79628039
83762947
81595155
73165667
75262946
8220566
25061254
50284422
45942678
45957031
45952933
1119119269
1121214885
1112859055
1108664798
1400217934
1366795070
1374135086
1357230895
3505161773
3505176124
3505236508
3505367580
3498027804
3514804540
4049247724
4049257901
3005088175
2971599294
2971534230
4049470886
4056223142
4057206182
4048817606
4084673862
4134956294
3605488919
3605521717
3606570293
3732796193
3732705825
3740832289
3740828177
3740828181
2683870773
2642128673
2624235891
2625288387
2625293443
2623456391
2623299767
2623299767
2623501735
2497598885
2497596837
2516409749
3581701589
3615256021
3597954557
3598022143
3598177759
4160213335
4159934807
4157845783
4151419189
4117865783
4159812903
4159936295
4151494454
4113653078
4094701014
3557830102
3557964006
3570535650
3566406882
3501196754
3501208323
3299938819
3304149507
3303274003
3303255571
3311578626
3345137154
3324151555
3328411587
3328411601
3606164897
3606095008
3604016288
3595631776
3591404704
3608165520
3576837504
3560052433
3563193073
3571651283
3571459779
3572787027
3572788594
3723820322
3757374774
2666921734
2665996038
2666513670
2666382374
2599220262
2615731247
2615698477
2582213692
2583385916
2573862460
2573931028
2569544276
2552767093
2553951207
2285519334
2295973110
2358832326
3432574082
3365447810
3453745363
3476736499
2402961747
2402945859
2403217170
3481155346
3486978834
3469808434
3469824754
3469865650
3469866674
3468738483
3737168801
3728779681
3745757620
2634193044
2634194164
2501018676
2507387956
3043008532
3043009556
3043206196
3043136804
3009596708
2993081701
2994064869
2994032119
2989950422
3006666182
2973118406
2419535698
2423667250
2431785522
2427525682
2427469331
2427467265
2159022593
2180207104
2180141632
2180150848
2247548609
2239090673
2239023585
2234834144
2239229040
2272718144
2281170880
2264393409
2262292161
2262126321
2253672163
2253684707
2522119139
2530573793
2549444081
2549409136
2549409136
2549391733
2541003573
2534712113
2534720291
2533671735
2533835030
3607503166
3612746042
3579196442
3588098058
3699247178
3565095130
3564919018
3560242378
1416934602
1416921546
1425376219
1437766651
3587352441
3612780383
3608586079
3608601431
3610694519
3614884323
3589685731
3589755379
2511860209
2516448737
2516582368
2541747920
2541747905
3598581713
3597985251
3606372834
4143247586
4143313142
4132958454
4132795623
4145046775
4111557879
4111685109
4099082085
4099215925
4107629077
4103431695
4105303831
4105305911
3573013783
3564476678
4116036871
4245991191
4245796631
4279403799
4266837271
4267099255
4267177063
4006733029
3998475495
4015124663
4278276279
4278259879
4282593703
4248904430
4257232638
4240518782
4237507118
4237498990
4239461118
4121976526
2509301391
2547054479
3619717517
3577786813
3577848237
3577913837
3578982676
3578975508
3614692628
3610375476
3610508580
4147632420
2000145204
2002242309
1985412677
1918367557
1918751189
1918681333
4066234549
4068405429
4118737331
4101961651
4110409379
4038971107
4038905571
2981949171
3019697907
3010785235
3009933267
2976309203
2959531923
3026636467
3026569187
2758072291
2758078950
2758074742
2758075511
2766533671
2699451687
2699517221
2984540501
3009686485
2992909301
2992774133
2993033141
3001488789
3001364885
3001364949
3001496005
3018208197
2439477189
3496312309
3505225077
3505345879
3504817431
3504686103
3504665655
2447696959
2481056831
2464410655
2464278654
3538020862
3539073534
3529726878
3529723550
3529707166
3525523103
3525784479
3529978303
1382486509
1382356341
1382298965
1382311175
1382376711
1383003415
1366220119
1349426519
1349421343
1357809935
1357744391
1357682999
1357688103
1357161767
4041712935
4033320231
4028929831
4029978487
4027949015
4032208855
4032225239
4032223175
4099274709
4101367669
4101484341
3858214701
2783427373
2816784685
2816780605
2942609421
2938567693
2939077661
2939109421
2940162095
2877247535
2866697254
2862499686
2862040806
4204023394
3151253090
3092282994
3088154434
3087166786
3087166915
3087166915
3091420913
3167215329
3167223536
3180850880
3180845760
3184843392
3176463024
3075800736
3075831456
3061150368
3061781168
3061777041
3069510545
3069445283
3082034342
3047434406
3047434422
3044288662
3044370886
2501005254
2505234374
2549278662
3081954759
3065226583
3068242997
3060898853
3060894753
3190916145
4264604693
4264665109
4264730661
3191010340
3191002164
3188874548
2937216820
2891075188
3167964789
3163770453
3163770439
3163651654
3167776334
3159649006
3159649126
3159641574
3051308534
3080671686
3080548807
3084673999
3076289455
3009180591
2975561133
2975554989
2983872941
2986297757
2961137037
2961010061
2956815821
2419549533
2423670079
2423735575
2440386327
2515871511
2515887926
2545379094
2545366871
2543261654
2274692598
2278821350
2413042918
2404727910
2415858806
2248029254
2248091078
2243766167
2242668453
2246899364
2238502836
2233763252
2234877348
2234942708
2234949648
2503319552
3575947521
3575964421
3580293943
3311817526
2372278046
2356021534
2355038526
2354923902
2363447775
2363480527
2380046223
2677834381
2663154333
2663363245
2663293613
2665460389
2656875429
2673664935
2669470119
2635904422
3042884758
3042880662
3076435174
3077868646
3073672535
3056067911
3072778501
3073794821
3073513237
3040286565
3176480103
3168021863
3166510462
3183156575
3048955231
2549697887
2548587869
2540184911
2541233487
2541299071
2549823463
2547976167
2547910646
2509641606
2509660551
2492592567
2496697829
2513474933
2505086229
2505096981
2540744469
2540941079
2507321111
3178401589
3174207269
3157446501
3174291317
3172202325
3172161479
3209918406
3193120214
3192991142
3200326822
3201387686
3201516727
3067303045
3067306117
2547212420
3579011204
3562262756
3560031716
4097168740
4101369653
4100255237
4058377733
4059561735
4093021975
3078063927
3077932342
3044341526
3044341526
3044398966
3042428910
3042362878
3075884446
3075560863
3075503534
3075499438
2817648111
2817783807
2784094047
2784011535
2784081159
2775815447
2774768661
2774645781
2808343860
3076980020
3076937524
3056998196
3073836912
3071739888
3042326480
3050708977
3046576099
4153741170
3616808786
3623118146
3614926146
3610660930
3576844610
3564262850
3572596130
3572526498
3589352371
3620944259
3612417411
3611327923
3611325858
3620790758
4124303863
4120088919
4119888215
4157642239
4157652333
4131434349
4127321900
4144426796
4145436444
3040757020
3044885820
3053278500
3049215269
3047116599
2514409287
2514417094
2514408902
2506085830
2505940311
2505949029
3042291236
3042291236
3042436628
3042304516
3084182300
3084185644
3050623021
3050587247
3021229167
3021408367
3023444335
3023452799
3052813903
3082237519
3063165647
3063165663
3063182319
2543088623
2512704494
3158689790
3158693342
3160206558
3160402014
3160078366
3155884366
3174755662
3174819790
3206113246
3206095774
3176740798
3185391022
3185523887
3184790703
3184790685
3176150221
3176292557
3721552207
3721580927
3752981607
3622960230
3613448438
4146120918
4146120918
4150517206
4125266935
4121072469
4108554517
4101034293
4095796528
4095797553
4095994721
4100127585
3043412963
3069628355
3069670273
3069698945
3069703105
3061176032
3059807968
3076583393
3051417573
3051486711
3085098358
3076639862
3072380022
3072355414
3072550230
4116866390
4126339383
4122132789
4122198292
3051406596
3043028756
3038833460
3039030060
3043154733
3044461373
3084373511
3083190854
3083129542
3066352598
3083129318
3076313254
3038528674
3172879523
3158202561
3162405313
3170791360
3169806016
3169608272
3169608241
3187438117
3220992805
3203693861
3203692855
3195304247
3210508599
3210606965
3210728917
3187557317
3187557319
3187622871
3177014247
2640078822
2572625890
2606110546
2614560594
2681478486
2681482582
2597596278
2597600358
2597653606
2614435318
2613540854
2613934038
2682050398
2682058591
2682037581
2380112965
2648091732
2639772788
2618608740
2618657892
2618723700
2622924404
2648090132
2681714197
2681509381
2673317381
2673247541
2673314853
3189020709
3189102645
3189168404
3189176580
3189140756
3193402676
3193246076
3193176444
3109491165
3092653453
2559969159
2562131622
2561939110
2559846311
2564039079
2555666823
2550259854
3691241614
3691242975
4232166879
4232117214
4232112990
4232183678
4228120382
4228110111
4229416734
4229388062
4233328414
4232275742
4240602462
4257399287
4257464823
4257268117
4257277332
4257344948
3720609780
3703701236
3703701205
2629924421
2622648903
2622640758
2633058150
2649769190
2649775334
3755048134
3755109570
3729976771
3725850455
3725719335
4262589223
4262572853
4266767701
4266702165
4274044277
4269848693
4269848693
4274240629
4265784677
4128428325
4128424759
3071738454
3038062162
4095028978
4099292130
3033926114
3031828722
3702982850
3718712514
3718718914
3753322306
3753128483
3688112677
3688112932
3646169380
1477726516
1478267164
3625820420
2013898052
2018029004
1774758876
3947403980
3930700492
4196043268
2048564996
2065359104
4229853217
4229824547
4231397411
3962962018
3975105762
3970845090
3970878338
4021222018
4272929410
4276917954
4264350402
3191628514
3191612386
3195806182
3200000231
3216966125
3166569436
3166504652
3168546508
2619092684
2619108220
2625398892
2633779236
2646494228
2680053764
2684231684
3755872516
3755934004
3453579557
3722208302
3697043502
1545361454
1547356286
1413122510
1413124038
1551861190
1574748614
366792950
386719910
386885030
1444818855
1444818599
1985873559
1995702933
1991508661
1924407973
1939104677
1945396205
1911874141
1903485532
1886712441
1886732841
1882538538
1884769578
1884637226
1895168106
1912465482
1946134602
1995348042
1991152970
1991148363
4138636104
4142764344
4129595688
4129595688
4146570280
4112950312
4101418028
3833052205
3830635567
3843480703
3843480957
3881228159
3881224063
3883385678
3883254094
3879171422
3845616958
3849813294
3841414510
3837117806
3853828607
3851735295
3847254237
3843121357
4111623581
4116082605
4124475117
4107732709
