3184850815
3176462207
3176462207
3176527677
3175479069
3175479135
3175413119
3175446015
3175503103
3209053407
3209647327
3209524447
3217915007
3218046079
2681699391
2681732413
2682254621
2682115341
2547897613
2547904797
2547900781
2682189295
2682161127
3185493686
3176122071
3175412439
3171218007
3171210007
3172267295
3155518783
3159846207
3159784735
3159776095
3167182815
3183826655
3183810191
3217371791
3208983439
3208917951
3217306031
3217318319
3183833263
3213317375
4292170779
3755242523
3746917403
3744540699
3732351003
3732355130
3740743994
3738639642
3470198046
3460629278
3460641343
3460768319
3469091343
1338118727
1283588935
1283654599
1283540467
3430996194
3431004322
3426810018
3422599330
3422795906
3439764610
3473849474
3486158211
3466235264
3468404384
2411245216
2373494496
2638013988
2621240876
2619139628
2362828588
2627204900
2627065636
2631196513
2622999249
2636040835
2634984322
2672798898
2672603298
2669592706
3743301826
3711828162
3710848194
1550592482
1550592934
1559178151
1559038375
1560022421
475795585
475803841
204738625
70574369
69509411
73900818
73571586
99780610
133335042
133404674
248757266
1322431491
1586659587
1586659857
3734406692
3738666532
3726421540
3726420516
3726175772
3726308876
3730440732
2681864749
2681733871
2648183726
2631410862
2633518254
2629486734
2628683919
2628688269
2629680844
2629611052
2642191916
2670519852
2670486063
2637103934
2637037870
2641245230
2649429038
2646081766
2646147286
2650493126
2650529998
2650399949
2641931724
3711478732
3709450972
3743128316
4265319900
4265321668
4265189573
2115600629
1994358903
1994298615
2011081943
1969137991
2111744327
2111483347
4258895075
4259107047
4234006775
4231876855
4231991527
4231926247
4236183267
4257023591
4290590327
4273747477
4273758725
4277936901
4286326085
3709809749
3695066324
3699252692
3699265493
3707719381
3703424757
2646402807
3753697879
3734790982
3738972990
3738972462
3747361070
3713806635
3697095723
3630110763
3632142651
3632143162
1532910282
2052361866
2060747402
2058396298
2058388379
2073067961
2072084904
2067902696
2130814056
2131160104
2114352168
2115383321
2002649097
1979580431
1979581263
284045947
284034619
275320331
275257867
283654665
350813721
346947385
883734363
904704731
929862299
908624554
909808298
1981469354
1443623850
1455976619
1451782377
3616022632
3582471288
3565758936
1351314424
1351338728
1351600888
1939836553
1923068618
1928835402
1916043562
1916043562
1916051774
1916052758
1932829974
1897374754
1897889827
1884209249
1884209297
1884188801
1881038979
1948135811
1954416275
1957629603
1974278818
1974282934
1940662935
1945907135
1920738751
1920738767
1920803083
862396697
275190077
812056877
811933999
811868223
811884815
812434911
903710399
915310223
915310223
919000718
509072270
509899738
1046754090
996418346
954540842
954541866
954480411
954479883
419181834
1224482059
1222446347
1239222537
1272740120
1254661400
1250530648
1250669016
1518969304
1586016664
1586004393
2122940843
1980400046
1981449702
1981454786
2098903106
1815804934
690885686
690827366
694952174
686765294
682499486
682499726
951000710
2024750726
2091851399
2092816005
1553786517
1552721588
1573693364
1590472180
3730751476
3732848468
3594161940
3594227476
4147689268
4118324533
4101615925
4107976735
3034300479
3025794343
3160010087
3176923111
3210399463
3218753223
3218822853
3218629573
3218891221
4259066213
4259123501
4261229357
4252836667
4250742555
3613211419
3613210939
1465653307
1372920986
1373049994
293941386
277090442
281280923
273028011
273049259
285733563
285524682
290752266
291800842
57452330
23389994
1105520427
1202115337
1185333512
1184284984
3470246184
3469009192
3470057752
3465863432
1318474504
1318979353
1306398507
1281243950
1212812590
1280902422
1280844038
1209540870
135815431
135917829
136220933
169774404
171870404
1258064020
1319930005
1319933087
1320989119
1318887854
1570546602
1556980650
3696011178
3708610475
3724996525
3724990365
3595994573
1995933021
1928115261
1927585837
1927585903
1365565567
1344692318
1362497662
1363017838
1461655342
1449014830
1455031854
1386808893
1386747404
1135092236
1147692812
3291137036
3291137036
3302736908
3297303580
3297633660
3432965759
3437126269
3430875773
3430679151
3439183391
3428634223
3310661359
3612651182
3604385166
3600714894
3600583838
4137457070
4145850286
4129137326
4129202830
1983832654
1915666717
1647050797
1651253289
1659642923
1672362042
548288522
816724426
883821194
888987274
886892426
635217290
936682730
2010423530
2002034810
1968685131
1947615309
1947607165
1947608173
1951870829
1958165229
1958681199
1958545966
1472007686
3602650630
3598201606
3323486518
3323474230
1179124006
1200095526
1569395006
1553621263
1553622280
3432729944
3430468008
3694709672
3711482552
1596500616
1596499592
1462297224
1428746888
1417241273
1425695657
1157263855
1157256559
1147852839
1416603703
1466869767
376354823
376343557
1450083349
1450016805
1445830709
1445896263
1462161607
1546010806
1547569058
2083980962
2096436898
2092246690
2092180211
1555325459
3719619331
3740591363
3732382977
3732321537
3732313856
3732379444
3732178468
3746879012
3746951708
3747041804
3742782268
3744936300
3711243772
3577023736
1433868536
1425414329
1437797785
1437603210
1435509130
1469063578
1473253550
1464869038
1430266286
1410476030
1410481870
1146228295
1081214543
1089689118
1172366862
1186002702
1185988414
1454681902
1454681390
1454679150
1458868478
1396474079
1346273423
1345241229
1345220749
1345205661
1349466044
1357719212
1403795116
1404839661
1471424365
3522440973
3514044173
1345670685
1344626301
1348955869
1357276877
1370907277
1404425119
1385480622
1385472238
1381277806
1379172414
1395101710
1361486854
1344711687
807844871
807848981
807848981
808895765
1349931269
1417048901
1442189905
1425474131
1423246035
1557471843
1574183463
1574183478
1599419918
1600065038
1585384222
1584994366
1257834558
1253641278
1253573690
1251483674
1251483771
1234723193
1218110184
1218110188
1221240556
1212780260
1476955108
3624442348
3641224381
1527293068
2114625676
2114621580
2115667084
2131546044
1728859816
1695296168
1707552424
1703225000
1736709113
1741947211
1733558346
1729364026
1729573994
626403690
630614506
763685322
763669194
763662027
793020105
788899352
721921832
2051515432
2052562988
2052514860
2048291884
2048275501
2052463663
2060324399
2056129070
2056915662
1536827022
1574635150
1549354910
1545106350
1551377327
1551508397
1425675148
1420428684
1420365212
1424501229
1349265901
1366043628
1378761421
309216975
310330062
309613434
41165098
6553643
1076233225
1080453128
1080490252
1088915756
1352965932
1352967708
3550847496
3601302281
2528608538
2526315882
2517938154
2518454250
2651768554
3205386890
3176817354
3164218107
3164340971
3166439146
3093826922
2552761386
3643357246
3677252622
3681477638
3648971782
1499440134
1481487378
1481552898
1498330114
1531876418
1583006915
1580876929
1450901904
3605725856
3622372000
3567788704
3567854240
3567858308
3571987156
3295158804
3342344972
3342345500
1199057964
1104676911
1084164142
1153320990
1153288414
1157402014
1143768462
1546040198
1563861638
1580638854
2117513925
2117506581
4264998197
4264928295
4264862758
4264861735
4282245167
3963502879
2892629717
3169455844
3165194976
3165129440
3166187488
3170379712
2641961664
2675581505
3732562499
4278109714
4273980978
4272458786
4205351970
4209545266
4213878786
4163559426
2016076867
2016095457
4163582692
4163439332
4172827364
3954756324
3937991364
3935874628
3935872516
3935937285
3940197174
3940188206
3927474286
2887303278
2887340270
2887398862
2889751503
2893941421
2896956079
2913749679
2948356798
2948394634
2948458378
2919146378
2910749118
2910683567
2909045101
2904854824
2938430248
2921653000
2921816584
3995476527
3995481902
3999730990
4024764710
3975088246
3970844866
3970881730
3970623682
3970606273
3971657920
4294545904
4269659104
4263473888
4263445088
4128846436
4145557093
4149750117
3891796461
4156098813
4139403405
4139412879
4139377038
4137218446
4149854714
4145762794
4112081194
4095307051
4101695785
3032144152
3032140616
3048790984
3050889929
3076055691
3206050490
3172598442
3172598382
3178889774
3186296382
4238880046
4255657006
4255657051
4294659273
4279979145
4279782537
4278742169
4245185727
4232667326
4241420542
4241420671
4241478207
4237148733
4237156924
3718111780
3718095140
3585930276
3572292853
3559393509
3559655591
1363020967
1360921502
1377186510
1918251534
854974991
581217801
597994009
598518331
564960043
570198315
555516986
554467530
554664074
1628360890
1611559086
1678651558
1683895718
1688084134
1841241746
1874476742
1857695302
1991978503
1991798277
1989734164
1993930532
1993987876
2119926548
4263244237
4246331853
4228505999
4232755118
4102735790
4102934446
4102872750
4119646142
3083726750
3074779030
3071764406
3038730167
3042908095
3042903999
4124915647
4059834365
4058785789
4058853341
4084022733
3547151837
1391209983
1391277311
1391402237
1391271005
1382890525
1399667727
1362039823
1345261834
1416515866
342848314
350778170
484995882
1555582762
1553517355
1552664937
1552591352
1557900696
1482205064
1480176520
1480233608
1562022536
2098116504
2097982956
2101652973
1967635565
1976012869
1976025093
1967570967
1896235071
1929777519
1930826735
1930829503
1935547071
1943931535
1941768846
1374949006
1358186126
1416938190
1416098590
1952817454
4125402158
4121209894
4154895414
3199122694
4277048839
3195961863
3193491991
3125342758
3142079079
3108516839
3092775335
3092776118
3092788374
3101242527
3117233309
3683459213
3687784908
3687719756
1598427996
1599997800
1432164840
1432099000
1465669785
1448925323
375249034
371113098
371110026
370991310
389865598
338518071
338567201
270934816
275186208
284230176
280101376
347210245
99771911
267480582
267418166
233860654
231763502
483424042
483410202
231817482
173424906
1247200522
1247190282
1314306874
3470109482
3733236714
3733237691
4270621321
4271735512
4139746025
3871245289
3875447017
3867058408
2803671144
2770124908
2769731836
2903924956
3977650620
3965068972
3969322660
3902212852
3902737111
4171049670
4187235910
4191428926
3648270398
3644264462
3642118222
3642160462
1497689551
1497672695
1606725591
3754344327
3754342279
3754345351
3621700486
3353264822
3319755431
3313463975
3313317815
3313317367
3313245439
3355204655
3355278391
3337448469
3471631637
3471634709
3463041845
1328272149
1294652181
1278890753
1211787011
1215971091
1224412979
1291388449
213391137
215491873
215491889
207565824
253363200
186582272
169690448
175916897
444362593
450658277
517819783
511593863
385162678
385119654
385111974
383243174
851895230
843113911
843113895
843115687
843291829
844299509
842198133
842189877
841403413
842456125
846583101
863359293
863359293
829919517
838251293
836154137
550863161
542934329
542940440
545171480
813607993
813624331
813581323
807347466
806096666
806096618
818876138
277810858
277677738
277623694
1083974094
1096691918
1092505798
1091532134
1103654438
1133018658
1133149698
1134196418
1134224066
1136382929
1206514096
1207493024
1123655844
1115399348
1110150388
1110018548
1110149468
1378466652
1395175276
1374200424
1374196312
1912242760
1910158041
1935270826
1934419370
1934391466
1397557418
1397622942
1392915598
1461067974
353837062
356462878
343806494
347996719
347678253
364591628
498747976
532335304
523865736
523798152
523797432
523796648
536379560
1610132648
1610149032
1610345657
1593501067
1591399306
1589560298
1589527406
1592550190
1583670062
1449452334
1449649470
1449590038
3756457230
3488013580
3488008460
3488533260
2369637132
2369341964
2352612872
2222605016
2495300520
2495202219
2495140778
3568887722
2494097834
2255276458
3460168090
3459737690
3459660810
3459654670
1311121414
1311121414
1286496274
3433746434
3433725954
3433725953
3433791888
2364122512
2624104336
2619981456
2640948912
3186339744
3186206884
2775099621
2770897135
2804473071
2804575741
2771003101
2772317901
2755527325
2755596989
2768052909
3031184045
3031171261
3031172285
3031973085
3568839695
3562547215
3558353927
3610930454
3598351894
3605677574
3605677574
3597159990
3727187438
3728270766
3728335246
3734675854
3734668174
3599270823
3616310247
3751650663
3743328551
2635966775
4248611078
4248611078
4282297094
4286490374
2013168390
2013233941
2002317600
1729683744
1696391200
1678566436
1678699556
1678657620
617499845
634275013
667832519
668364999
1734152598
2004617118
2004695726
2013211310
2009017006
1924086426
1923944074
1923875466
1923879562
1923884011
1945903593
4043186473
1895784728
1895260956
1886843420
1887404548
1883013636
1883018784
1880657441
1880656417
1884915744
1893636128
1946073152
1919858752
1982780480
1982845120
2116964592
4268634336
4278068193
4290581218
4240185058
4238875298
4243077782
3706272390
3706419846
3756743302
3731390087
3727188869
3727172021
3660407013
3660472375
3756933158
2645390382
2629593150
2629625918
2627529006
2644023598
2644217646
2683995709
2667217420
3195580940
3191382540
3174605332
3157910052
3023762212
3027898661
2700739887
2700806958
3761769454
3812109210
3795466634
3795458186
3799734411
3804005529
3801907385
3800862856
1653387464
1674420537
1629332269
1614734127
1613373739
1617568042
1617568810
1902774314
1902709034
1944652778
1940589562
296237770
279457290
280543754
12092186
79278377
83534125
121282612
104505348
104505344
238714944
238584032
372802017
360415969
1415226017
1415489153
1350491777
1350553217
1349377425
1424880817
1442604195
1441555618
3614188726
3614326166
1466834646
1450053238
1475167862
1437360694
1420567094
1554785047
1554993429
1560274212
3707561252
3699156004
3711820804
3745424388
1597932868
1581156340
3732842213
4143884005
4143706965
4142448973
4134060543
3060584943
2537416175
2508156399
2506039263
2514436063
2514298877
2543657453
2545746220
2528969532
2527658777
3618120475
3622314794
3613930794
3576192362
3576220842
1428868234
1429191818
1462545546
523013258
527402142
526824910
493282574
501671190
1508304183
1508287537
1499967536
1500819504
1496424448
1527951360
1531101248
1539490037
1502068967
1506029807
1497638383
1493450603
1493637689
1494616617
1503549995
1606240778
1606178314
1592541774
1445511310
1178321086
1194987710
87695518
1163535767
1155411639
1172254375
1167922871
1171523254
3354674934
3354436382
3353388318
3316098335
3584533789
3567628604
3584929836
3719082028
2683088936
2671542313
2652685419
2652849386
2652780010
3726520298
3739098874
4273954506
3753770954
3757956554
3623718091
3615265881
4131168281
4131168536
4130709816
4147618088
4113998648
4101953304
4101950456
3028208360
3028142760
3028049592
3028051608
3078382232
4143215336
4143281129
4143214955
4143280250
4133904478
4133889278
1965438110
1948658830
1881554062
1881545870
1885818030
1891059134
1890960782
1890887630
2007279390
1994695998
1986303022
1986327598
1982653487
1982755877
2003703079
4117627687
3706061334
3706061318
1575359046
1572299474
1603560434
1603592594
1602613649
1569034644
1413846516
1946459620
1948027764
1948158468
1950264836
1954461205
1962791223
2003615799
1986809919
1983721503
1983787071
1982477615
2003509039
1974287982
1975327486
1975339722
1975344842
1474166734
1448932814
1448997342
1448997358
3598709734
3615486694
3590255350
3573535478
3569211127
3573409777
2633885137
2625623249
2623099121
2625196257
2633594081
2629330401
2633524707
3170399971
2641893107
2675520115
2675663431
2675597894
2684057350
2650294054
2650300199
3648798526
3682545423
3663619855
3672012557
3671934237
3670823197
1514954813
1528619053
1494995053
1478152285
1482354893
1490744525
1482644685
1478310109
1495087613
1495218925
1507794669
1570513644
1570517708
1570505416
1570570969
1474245545
1444769197
1444800687
906815679
839691406
840737934
840732810
840204475
856981675
856981677
823230636
1897112804
1880288356
1884745252
1891034661
1958134327
1975403014
4121846286
4260324894
3714858542
3647744814
3647748398
3647933503
3648389147
3679916059
3678740555
1539645642
1535471834
1233446122
1216669930
1216657898
1237817819
1229363659
1229364557
1260356877
1260290381
3391000927
3409875783
3414070085
3413803780
3657073460
3657007716
3654854244
4174950124
4191989484
4191991468
4183618217
4212401066
3709079978
3692101850
1546783770
1546782782
1559373870
1555048486
1555064070
1555079430
1555071238
1572242374
1592689603
1584300721
1584043936
2117055408
4264403376
4265402800
4265439392
4265420005
4286328293
4290586599
2140542774
2140615430
2123636999
1590956293
1599410237
1599415356
1599417628
1581722396
1321614109
1319000655
1319030478
245139150
249070526
525894062
475759038
475705822
475705558
1549788279
1549624419
1544888419
1545019506
1545011570
1548038882
1556357858
1552163554
1552683603
1569539649
1468942848
1456143104
1448799060
1446767300
1446632068
372819612
373081004
909951404
930922921
896913579
828694702
828699886
828755374
862911902
846128526
855565470
1996275886
1994162410
1994232058
1985979418
1988078650
2122185787
1995296059
2012139289
2112812572
4242994732
4235612732
4233511500
4233622220
4240765692
4240746476
4257523692
4291084285
4282891678
4282817950
4249329582
4245131174
4245587958
4246192454
4246061062
4248096786
4247085090
4251329571
4251329875
4294313794
4294840258
4259120626
4254864866
4254885218
3181307142
3183132935
3216552725
4290553708
4160532348
4147961692
4114434904
4112452600
4112400360
4112393707
4116656490
4288479274
2141012030
2144097294
2144136462
2144135438
2101710086
2101794007
2130895063
2130878613
2130874773
2135130805
2134935205
1866510005
1833155205
1833089733
1834400085
1869917221
3995399205
3995553821
3995533343
3995407406
4016454958
2946895406
3182626350
3163554334
3163562510
3163824654
3165921854
2495370470
2494352549
2494089396
3047786636
3178141836
3207510156
3208554692
3191254852
4264996388
3996495396
4000622117
4000625205
4000829717
3996304417
4013409313
4013409313
3910597649
1763109889
1762812929
1815241729
1819411457
1818362881
1844642915
1875906791
1853891046
1858085310
1858085774
1858216654
1870791386
2105672282
2089091610
2089037323
1552230921
349514505
349452584
284432840
15992969
14992523
14975114
23363738
52859290
52863374
1114022854
1122411030
1118278434
1387041058
1387045154
1391239462
1383780614
1400520965
3581544397
3581545388
3564645293
3564661677
3564760061
3573206989
3585640015
3585638991
3602428447
3606618687
3596280357
2539311713
2539353571
2505663971
2505925795
2497672371
3588117635
3587071363
3620605315
3612150929
3612085409
3708566688
1566322081
1566320113
1566319957
1566320501
1568417651
1568489331
1568626547
1568502611
1576821075
1576857937
1574826357
1607856437
1607987485
1565973535
1431820319
1433786431
1434253374
1442314270
1207859470
1140737295
3271443213
3271443028
3269346036
3344855796
3344786340
3311204260
3319592357
3588021687
1440603574
1439555510
1430642614
1427439526
1561653158
1562210294
1562210118
1566336774
1566402326
1568503606
1568667442
1568666962
1568535891
1576924499
1608381745
1608380721
1608495377
3445526801
3445543185
3319649585
3319592247
3314937143
3348561175
3352713542
2278968278
2269596630
2235911126
2235850198
2178168182
2178164087
2178164023
2211915063
3270915381
3270903601
3270969105
3270772529
1140070177
1096033057
1344037669
1342992677
269238557
269271113
269271241
268976265
269042825
273275288
273398168
281721752
277789577
1351527305
1352511371
1421645770
1974241242
4159615962
4134445562
4129730938
4129722734
4130775150
4134969455
4149666021
3042305253
3025265893
3042047141
3042170037
3075658885
3054654597
3054917063
3054983159
3059037927
3086231143
3082561127
3082626647
3082629719
3082629975
2549953367
2549945687
2550093143
2550093303
2549964247
2541583831
2506063183
2506038621
2505907541
2489138485
2237478197
2245879061
2241687831
2275270935
2275406647
2275267446
2547876710
2539423463
2505938679
2501883799
2501883781
2501893525
2501891477
2501760437
2501899767
3177177599
3210732415
3212669498
3212599866
3212076602
3212142107
3203890809
4008779496
4000323304
4000584440
3927184344
3927179736
3946774552
1769607192
1751786520
1760193561
1760226329
1827404825
1818791369
1818789320
1818789768
1818793624
1818869432
1818867368
3966346920
3966362280
3966497464
4016722857
3999945192
3999945064
4276768808
3203027000
3068875800
4142490904
4125650200
4108872504
4108876793
4108934075
4125711802
4159196586
4142417066
4134125754
4134125754
4134260826
1982586890
1982570506
1982570522
1982574650
1982500891
1982517257
2099957768
1009438984
745162008
745231656
686324777
686324795
677927995
1751741754
1751873082
1760130618
1760058938
1760067098
1751678490
4184354394
4184418042
4192809722
4188615402
3115930554
2579055034
2646099387
2629365689
2625239993
2491140536
2507917720
2482627992
2461639064
2465854392
2464928440
2452345833
2452214121
2452205609
2972430377
2955579417
4033514505
4029324297
4029651209
4029586745
3828264249
3845039385
3846083593
4013737241
4013737275
3980248875
3980326443
3984254506
2918838810
2918728202
2918761306
2918896491
2918905323
2918833641
2918768633
2918768520
2910584472
2910846648
2918839992
2952590013
2952582045
2944267261
2805854701
2805821933
2805822829
2809816413
2784685917
2784751613
2784821229
2784813055
2809978831
2810052046
2923263326
2927392062
2927457318
2927498294
2935886902
4008582198
4008516662
4277877766
4277812231
4202329094
4202319878
2054865238
2071712726
2080106463
2046554079
2029624703
2029623647
2021234783
4168744031
4164674655
4162547838
4179325294
4183372142
4185461742
4177073914
4177204954
3099279066
3099164378
3099188986
3099131897
3166224344
3185090440
2908274312
2908333720
2904270504
2904273640
2772013740
2805519036
2805527533
2805494253
2776367341
2776433005
2776502623
2776508254
2768125918
2763857915
3837017595
3835966683
3840217291
3832938569
1949765641
1966346248
1970607144
1709646889
632237113
632056841
934077451
934052875
2013037595
2012774651
2004451833
1970909593
1698411161
3829052072
3833246376
3840582312
2783749816
2817300104
2792328904
2788080616
2788142952
2788015912
2792002104
2808787464
2808721929
2808672809
2808668971
2808672555
2943074666
2942977534
2926134782
2926118398
2859076862
2859089150
2867537014
3941085238
3932696598
1785344014
1786388494
2071601162
972693771
953890313
953753113
953707081
952691273
952675017
2026421961
2090372809
2109245435
2146993146
2121896922
3661296330
3678036730
3631882858
3640271466
3636142954
3703058794
2629304570
2629390475
2629428617
3698912664
3694706344
4114134712
4147880584
4152074888
4152078920
4146692616
4045964840
3777535528
3760761384
3760828216
3848916744
3882730825
3882697098
3865969034
1718489274
1852715178
1870012586
1870012586
1844916315
1844785163
1840592153
1839492409
1839524153
1826926363
753184523
771523083
1836876299
1837073147
1837007595
1832837801
1830740905
1818159017
1818214312
3965566392
3831282136
3849632200
3883239752
2792263512
2800653944
2800661112
2800722552
2800263768
2800268008
2808648425
2775093995
2775110634
2775172462
2943022462
2926212446
2926272862
2926261366
2859152502
2859013246
3932885118
3932819550
3941216334
1811816458
2029920266
2029920267
954152203
953958171
952920619
952953403
948743689
949788232
2023262152
2107147720
2105115099
2134552794
2065342938
4212844026
4179261418
4183439210
4175046506
4237894506
4237841402
4239933834
4256723851
4260950920
4118336184
4118532776
4116439720
4116243128
4112048856
4114142728
4046179896
3777661480
3815418664
3807161144
3807166217
1659683594
1726595338
1718239290
1714057258
1714036778
1730813994
1681531930
1815751755
746204491
750665289
750524105
1017923273
1022119627
2095898362
2087714554
4235198202
4251778778
4276930266
3203187418
2661864442
2662069098
2662065002
2662065002
3215581546
3215503466
3051918571
3051920617
3043540408
3026828952
3022759560
3039556232
3039523464
3072987576
4079628456
4067045544
4075426024
3808039960
3808319496
4085213192
1900014344
1882122776
1886321240
1886281352
1613562505
1630274201
1634468521
1677460395
3820753323
3820777646
3820811446
3791514822
3790597318
4050513238
4050431478
4050497494
3790516182
3790509942
3790505847
2716828981
2716706100
2708317220
2708323364
2704251188
2737740036
2720971524
2720967476
2720984868
2720955685
2725119205
2741832853
3782151559
3773708695
3773705110
3773704886
1621901046
1621898598
1638674550
1638670534
833365126
838610054
830216326
861669526
323881399
332287671
328128133
832545413
837592012
292332412
325886765
309182253
309180717
309115179
304912443
304986123
305052683
305067019
846132251
921612569
900632857
883327241
1021677833
1013814283
1009556537
1026337833
1026141225
1059777577
1065016601
1065080153
1039783835
771348410
762969530
760872378
794426778
794557690
777712762
920309802
922304574
930611327
892862687
875181533
879378365
887753388
883624620
883498724
883499588
1554588164
1558798853
1550381829
1550381869
1550378799
1558769199
1558772287
1559879199
1560010319
1568395231
3755706365
4275799533
4275676669
4271482781
4141393549
4140344989
4144604861
4144740029
3071968943
3793471143
3795339239
3794294119
3798479991
3798672454
3806995526
1659516022
1659442422
1667790070
1634362582
1618633934
1627010190
553260430
553125279
544740767
540556733
540618669
561725101
599396013
867894957
867784397
866969161
866952713
837592329
862960907
862895163
846182442
841595946
841735227
1915358235
1982465401
2003711337
2112759661
2091779901
2091861517
2024658447
2028791567
2045552446
2037163822
2034017070
2034152254
2034144015
2065667919
2064221581
2064227773
2064234669
4283160749
4266383805
4283096989
4283094681
4284105433
2012890073
1979269497
1974235243
1974219819
1978539067
2003699771
2133788731
2116894011
1043146523
1047224843
1055543817
1072317193
485179657
476672329
476787547
1551580921
1559976681
1560005369
1425660601
3573144217
4109942409
4156077721
4070089401
4070093497
3013124777
2983830185
2971247273
2973618861
3006120687
2988820463
3798263087
3798262830
3798760502
3798760470
1651338246
1647275014
1647213590
1668172886
1635664982
1618875478
1627329878
1627223511
1627156375
1626632119
1626631863
1624537765
1623509669
1624034981
1640812197
1675417269
1669128821
1651302933
1651368213
1651499031
1651241023
1651101743
1651102767
1651168319
1936391183
862611471
929716239
929695759
913968155
912932123
912992011
1047082523
1055487531
514552367
380355103
397132623
367640783
342409415
1143554295
1143676135
1143683943
3295361575
3299555877
3568138853
3501194837
2444075717
2461840004
2459730596
2462618276
2986907301
2986909357
2986983085
2970349247
2685036223
3759825566
3761906430
3766231790
1626093422
1676426366
1655453726
1655449630
1660758046
586823694
578436110
578434062
561655886
543883486
544737198
544743086
553126574
551029438
819464894
832118462
868036255
867970703
866922125
871133149
300805628
300940796
300809724
300738940
325888381
326090101
326090007
862952726
846042422
1928312102
1928248630
1928248598
1919924278
1919727670
1915533366
1915459606
1932172295
1999297543
1999260711
2137654309
2137589093
2063144436
2063155156
2063171188
2058976885
2079971029
2044424903
2019124038
2019127622
2019119350
1484460518
1484468726
1484338942
1492729583
3636017903
3703126781
3703139021
3703107405
3707297092
3698902340
3715859796
3581587828
3623592804
3623465972
3598561781
2524942807
2541651415
3078524390
3078462950
3086784934
3086794406
3070076598
2793382551
2789192325
2789053061
2789077685
2805785252
2804738021
2792119653
2800508199
2800643095
2801691670
2801757238
2793165862
3866625078
3799647446
3816428679
1634344071
1617565829
1886066821
812325269
821771189
817576613
834354879
833435279
833365647
833365711
334243279
292322415
288127087
271022207
275126607
275126751
275061743
283392999
820263655
820321015
820329079
816134775
816069175
816069181
820271661
820017965
820017965
543292221
811728191
811725119
341946687
341946647
476164383
409314111
409306687
141408958
141409018
141409022
141146110
140161486
140161162
143384778
143180010
159965289
193522792
245037400
115014024
37407112
36211592
36474776
36472761
304906651
305103258
326078874
292466938
284074026
284074026
283943214
283959598
1357659694
1080957486
1080953390
1144916510
1144982222
1297955214
1325208718
1321013454
1320014030
1319997646
1319928028
3467157996
3739787756
3727209580
2653457452
3191443228
3190341148
3190335016
3190466088
3190469165
3060453934
3056222766
3056091438
3039297642
3022521530
3035248777
3031050376
3031054728
3030924200
3165136552
3160941192
3177906824
2506752651
3622573482
4158928042
4159988906
4151727242
4285943946
3742777482
3742786698
1561748938
1565929434
1565862474
1567963678
1568546334
3716024126
3723952958
3719565630
3650375978
3650413418
3633636074
3632588542
3632590542
3632659102
3637500590
3628980654
3676163310
3732636910
4269441102
4269449230
4269441055
4269319212
3882396732
3844647964
3827934268
3827994924
3827991084
3845816876
2769995308
2802372140
3863498284
3871886892
3867770156
4003030137
4005241083
4009435290
4000920730
3996728506
3996789930
1847208362
1834893226
1818038922
1825841866
1823957578
1822876186
1822720810
3970213659
3970214409
3971787288
3976182329
2887686685
2887751183
2887307871
2887307887
2889368173
2767733100
2779250792
2812939516
2729056460
2733275340
3001706696
3001707675
3001573882
3001578442
3798483914
3815326186
3815498986
3815369962
3816418555
3816420555
3816379531
1668891787
1669268617
1635656857
1631464893
1635657133
1635594669
1641828797
1637740957
1639969279
1638786943
1642917407
1630301711
1629754910
1663435294
1667371566
1671577902
1671446571
1671479339
1637919755
3789596683
3777013770
3811809546
3809647386
3813837546
3821440682
2797896410
2798420681
2797916792
2790642216
2939642664
2938904616
3177980968
3186564141
3169454127
4240058390
3705284614
3705154562
3696768018
3698856018
1551593666
1557848259
1553641921
1471841152
1459324544
1445498564
1982368468
4130061044
3862538860
3862473580
3866668780
3883463417
3883422363
2788889242
2786734762
3057529514
3056865770
3068399658
3064201259
3064202285
3215347720
2679529480
3720175625
3707560969
3694970217
3694841771
3694824346
4231695246
4231703438
4248616846
1866249099
1715266187
1715233466
1715208890
1715405482
4130750122
4152306602
3887884714
3887646890
3886599370
3064497354
3064700938
3064635403
2527830057
2540277804
2536194092
2536116268
2502557996
2502820652
3027109480
3031308888
4105071304
3031427784
3036457608
3044584088
3212356281
3212354265
3207103177
3207119401
3207160363
3156812330
3161006890
3169329194
3165131822
2628323370
2628716586
2632910923
2675779721
2388618376
3462324360
3466584264
3466363337
3466363883
3483210283
3453592106
3558470186
3558559291
1545222729
1547332041
1547430040
1551416488
2088273032
2088273032
2105312392
2133755145
1868992281
1861135913
1861133865
1848418857
3995902473
4264481289
4264444445
4281991661
4246285485
4242028719
4237887663
4238215327
4238218383
4238287311
3717686223
3721773823
3704943591
3695502823
3691310310
3573869783
3607559383
3611743431
3612787911
3598106951
3598108503
3744953958
3744820838
3749129846
3749658182
3757901590
3623622454
3617337654
3617337654
3751617335
3751617317
3717996845
1574707500
1574707484
1532518424
1532719128
1601750040
521686232
1025001656
1024182457
1024121241
1024109195
1029353115
1039771290
1073259146
2145956490
2004390234
2003480874
1466605871
1466869039
1474731823
3605433151
3606498623
3607022879
3596606591
3598675071
3615380575
2508080479
2499430239
2499434055
2499498583
2499310183
2498290535
2498290151
2515067367
2498523495
2498515782
2491160134
2487092806
2216570406
2215914790
2220297270
2241201158
2241217542
2241254407
2241197125
2278863989
2270469492
2266340676
2198322500
2181543252
2449905524
2449982068
3523596917
3540382309
3544576615
3586519527
3565516007
3503125719
3503109319
3557631173
3557778645
3575545205
1461641073
1465310721
1458961921
1458960129
1458959361
1458954289
