1372326943
1405946911
307054079
302896557
1376228277
1376228245
1912837045
1916834727
1925231543
1925227935
1925424542
1648536734
1644411102
3858929790
3875702831
3875711023
3843205421
3830623549
3763783484
3763847964
3759489852
3759498029
3760136749
3775861357
3779920495
3779920447
3788259851
3788293643
3770994187
3771006475
3762596379
3762601499
3758415371
3758448139
3758429786
3825538682
3825539050
3829743082
2773433578
2916037818
2945397946
2928619674
2928369802
3196772489
3196706952
3213403528
2680727224
2568675048
2637846251
2621134830
2624279022
2632663278
2632601838
2632610014
2632676559
2640933965
2670418957
2586475789
2586455309
2586455311
2657692990
2667062570
2683843946
2646087530
2646148970
2511886202
2511918923
2516185417
2516103513
2549674360
2272850280
3325620584
3342594540
3340400620
3339405284
3305703397
3301525493
3297465300
3431658436
3436110148
3453935941
3447645509
3477011791
3474614622
3478743534
3478665710
3487055338
3487053290
2379765082
2377732378
2377765690
2645136187
2649274153
2649274168
2649273912
3177748056
3162027736
3162093288
3157889772
3023668204
3038495212
3038385389
3004839021
4080679991
4080675877
4083821869
1672092972
1672093452
1673076492
1943551244
1934114060
860378489
860407227
868795834
331907482
306811326
306951606
323728806
323878310
1397022114
1128783282
1120337346
1188490562
1190554882
1190554882
1189438738
1189471538
1202189586
1168568578
1156485377
1157595408
1149075504
1144882228
1413332020
1413458196
1413458196
1562225460
1595793013
1577862902
1582056182
1583154174
3739029998
3757912558
3724285422
3638513502
3633995598
3633966622
3633899326
3633901407
3638091743
3654877181
3688425388
3663292332
3663614908
3662561692
3662495997
3662434413
3662439471
3679267871
3646499855
1213950983
1222310933
1285223424
1285214208
1557905664
1142457136
1142461152
1159378816
1446684032
1379583107
305054850
304956562
305090962
1391391670
1388308078
1371334190
1354559019
1912385067
1912385321
1937614617
1918808329
1985909065
1994359129
4133474425
4150186025
4114502697
4097733675
4097778990
1950299930
1954415370
1960772170
1960669898
1959553018
1972236267
2005794283
1993137593
1994175881
1994175880
1985790360
1981792664
2000605592
1967026601
1950245293
4101465069
4109845023
4109878815
4108647999
4108626733
4242844461
4259818301
4276521757
4210528012
4208836876
4208812381
2048876783
4195971246
3929587878
3912859814
3917122982
3904539062
1754827591
1759029761
1746446848
1832561152
1866110464
1849573889
1714160929
639894563
639896615
786696230
786896950
765859926
614873414
547760710
547764934
548354759
548149959
548145871
816601807
57522687
57538815
1139669119
1106081919
1102920063
3247323502
3247324014
2173512302
2173438574
2173491838
2173492078
2173548910
2173548910
2177743214
2177743230
2170534238
2170534095
2172631245
2171583629
2473442460
2473572540
3010443452
3006249148
3006249148
2738731196
3812538604
3778984108
3778997421
3810405551
3810405822
3814596510
1633619614
1641880222
1641822814
1637689919
1637825087
1639782941
565980684
834416140
838608396
289146428
289148684
289147660
892078917
627964279
627964279
627964279
627964279
627964279
627964279
627964279
627964279
627964279
627964279
627964279
627964279
627964279
627964279
627964279
627964279
627964279
627964279
627964279
627964279
627964279
627964279
627964279
627964279
627964279
627964279
627964279
627964279
627964279
627964279
627964279
627964279
627964279
627964279
627964279
627964279
627964279
627964279
627964279
627964279
627964279
627964279
627964279
627964279
627964279
627964279
627964279
627964279
627964279
627964279
627964279
627964279
627964279
627964279
627964279
627964279
627964279
627964279
627964279
627964279
627964279
627964279
627964279
627964279
627964279
627964279
627964279
627964279
627964279
627964279
627964279
627964279
627964279
627964279
627964279
627964279
627964279
627964279
627964279
627964279
627964279
627964279
627964279
627964279
627964279
627964279
627964279
627964279
627964279
627964279
627964279
627964279
627964279
627964279
627964279
627964279
627964279
627964279
627964279
627964279
627964279
627964279
627964279
627964279
627964279
627964279
627964279
627964279
627964279
627964279
627964279
627964279
627964279
627964279
627964279
627964279
627964279
627964279
627964279
627964279
627964279
627964279
627964279
627964279
627964279
627964279
627964279
627964279
627947895
896384375
359511543
493728247
493728247
527282615
510506423
376289719
384678327
380484023
380451254
380451254
400963974
359020934
1433808318
1433671598
492056574
256911326
248518430
248517918
248528190
248519998
248601902
265378110
231831870
214133022
147061023
138664799
138517341
155236861
239122941
239114748
239114492
507623612
503560348
503494812
503511196
503511244
419592524
402800396
402800140
404125212
408409660
416605737
416589609
467451195
440711227
440711227
440907803
440834139
437164123
437230667
437171275
437171467
441357579
449742107
516656411
526048267
219925578
87770334
69927134
1143673006
1147871662
1157571242
1287463578
1287455386
1287589562
3434945195
3433839339
3433835115
3425442347
2352545290
2402936586
2317083914
2316952842
2329470234
2325275946
2325343274
2325476394
2325435450
2325300266
2396602666
2413544746
2279245291
2203753897
2203688376
2197327240
2197327244
2196344732
2196344748
2187968172
2183773868
3525951148
3526016668
3526016716
3526012445
1915334207
1919483710
1919475006
1919522878
1919588399
1919596607
1919608861
1919608909
1919608908
1932187980
1395280668
1378504252
1378487869
1382616621
1390951981
1927884589
1944787423
334170511
283707791
275454350
275466638
812632222
1886247070
1886169278
1894623350
1890428966
1890363430
1907140646
1928112182
1919735830
4067088422
4075485222
4071286822
4138387494
4151299094
4113353734
1949157831
2087639495
2095479173
1018632580
687093924
674511012
674245028
674372324
672284372
680664652
679484941
679505423
679520783
981510669
981772813
977582364
973379612
973584412
973518860
436648972
1510915116
1515117612
1522977853
2072955933
2046806391
2028850151
3639462326
3635116422
3635095942
3635099798
3630700710
3626506478
2284391278
2288663102
2292857358
2293841422
2293768718
2293768734
2293772862
2296939103
2297005005
2297015757
2297014733
2355726572
2351663340
2267778268
2251215048
3262013576
3271434376
3288212360
1107233448
1090263720
1077680808
1077680792
20458120
37431176
36331912
36356488
304922808
304407017
845472105
576777581
560200685
568523517
568519389
593619679
593554143
862305263
577084270
577080174
577603967
577603965
586127676
585865532
585799964
845921036
841722396
841595420
841718556
841718076
841668925
841636911
841616431
845808734
854197726
833492414
816787358
816136078
816127374
820104590
820218270
820091374
815835502
815835182
853583934
845196318
840995870
1915195422
1915146286
1919348783
1944475005
1910656988
1893927676
1893731052
1893805036
1973562188
2007178573
933248077
1025516655
1008739439
1009125167
1009123902
1021444622
950081038
950019599
950068799
951103022
433105454
448829758
449022030
440571982
440581134
436452382
440579102
1514329198
1522717805
1522717820
1539458396
1493192540
1493196412
1497530172
1535261965
461446159
465583166
419441710
1476668718
1208356398
1220939278
1216744974
1216616014
1216619230
1216619246
1216619246
1216672749
1216673788
1216723372
1216715180
1207994796
1208060332
1241681292
167944588
436380044
503488648
503435433
1040202921
1056975019
1006840235
1010973611
885144219
880942731
897651337
864047753
851497896
844137384
577799852
577812140
576958204
593735388
593604348
589414124
1629601388
1629724268
1633914412
1634176572
3781660220
3781662252
3781662252
3781408316
2707662377
2690891305
2690899497
2690906667
2690906923
2707643195
2707626843
2741051354
2741048730
3866177946
3866300602
3874947242
1744175338
1840714810
1840520218
2091125770
1554327562
1558587402
1223043082
1240803594
1266973962
3414465818
3398210842
2324534618
2324543482
2391647914
2659825321
2529791656
2462682792
2472255132
3004935868
3007028908
2973322924
2704084652
2703951276
3760857260
3760922852
3764986052
1894523077
1894523975
1353524257
1085086753
1085213745
1085148161
1085156353
1085189121
1089387521
1080990977
1106151683
44996866
112113666
514492434
518753330
975799330
975798306
1043038258
775598306
775610530
773513382
790175911
744031678
676926910
676937662
685325998
681130687
681384703
680860191
949227038
2021924366
1484795406
1484795406
3363859978
3380652826
3380656473
3649084280
2575670120
2575671016
3217538796
3217524364
3217471116
3074926268
2802171565
2802175663
2803190446
2803174062
2805403070
3978501342
3982566414
3974177806
3974177798
4242613254
3705875478
3701615638
3366135814
3367184386
3365021698
3363977218
2307054594
2340854849
2324084032
2324151760
2324467168
2325515488
2397865184
2398061796
2389618853
2653926567
2653926567
3728651431
3728645295
4131306655
2000612493
1998480524
1964909964
1964974492
876557240
880743097
880743097
889000539
884815387
884293147
883173915
346303007
350513677
351292109
485640845
500321933
1590829957
1590895492
1590772628
1590903777
1590944097
1525915953
1542498097
1542500129
1542498849
1500555809
3646011937
3625097777
3625098753
3646064195
3679635394
3679503858
2597381602
2596334818
2593316322
2593279426
2660371906
2681282386
2670739298
2402302242
2402498834
2369136658
3455461458
3434495170
3434486978
3434480834
3434890627
3434898913
3455905761
3442278369
3442395459
3443412226
3443137538
3447268402
3451397154
3451479331
3383489841
3383349040
3387477840
3379075648
3379149376
2301344448
2301344496
2301165285
2306397925
2298012388
2293883620
2294260388
2294125476
2361164780
2625405420
2637466988
2637675308
2671160124
2671159820
2637343244
3174152708
3174340100
3174400564
3174466085
3208036903
3208004179
3212198850
3212182002
2650013858
3185836195
3169136803
2650153171
2650158275
2515936643
2547330434
3621005746
3612621222
3608422566
3608226966
3574731910
1165099142
1156776070
1151471766
1151541398
1285563638
1285563506
3454069810
3454049586
3479211298
3487608102
2397089078
3466706710
3466835478
3467032151
3467572944
3463190176
3458729632
2401765280
2368668832
3441820833
3446095075
3445828802
3479383106
1331881987
1323477761
1319279104
1335987728
1306574384
1277210144
1210103328
3357576736
3627064864
3624970784
3629169440
3629292064
3675430400
3662847552
3662843584
3662859971
3662696098
3662704034
3679464610
3654491362
3654419650
3721528514
3455128770
3446678898
3480300850
3476240722
3476101618
1332951250
1341267138
1337328834
1337263234
1337726114
3485215910
3489409510
3447601606
3442346438
3446558022
3454551350
3450626342
3450659110
3433881894
3438268790
3429877111
3429616853
2365168085
2365106613
2364320676
2355944172
3446656764
3307913932
3312112332
3354239596
3349455468
3353649704
3345003304
3340799272
3307243816
3560151336
3693259532
3693259277
3697453575
3697382918
3697328726
3697754790
3714450086
3605144210
3605140099
3605070257
3605004448
4134543520
4268777696
4281393268
3559973900
1416735497
1416735247
1467202110
1450359086
1450350638
1450347526
1450344454
1467056134
1427275974
1563611331
1546838211
3694322161
3698513568
3698548448
3697483472
2623606336
2624593456
2645569056
2679123808
2528126688
2259695235
2258903682
2187605666
3257141154
3257142434
3257339042
3278248082
1130772610
1130768514
1097280643
23405952
23148432
23135920
2098912
2100960
2104928
270547744
270543648
354429732
891317044
895510836
929069429
929167735
1063385463
794941943
761387511
761395703
627173879
627177975
660716023
794925559
794925559
761379189
744602421
744602417
744602161
740407856
740399664
740407856
740538928
740473392
690141728
727882529
720537905
720484627
720485139
1785839411
1781579315
1781579363
1796276067
1762779105
1762877409
1796414305
2136152945
1045576051
1056061763
519190786
514988034
246549506
246615042
245382226
245509186
111295555
128059459
98781505
98650385
98654515
90274099
73529651
73525539
73656595
73595137
73582849
73648977
90524656
124210128
99047920
98920945
81881585
81886577
81874227
81877298
82016530
82307442
90564978
124119538
107437010
107432915
103091155
107416403
107420979
115816754
132458530
98904114
82126866
82118674
82642994
82794770
74209571
74209635
392972643
627964279
627964279
627964279
627964279
627964279
627964279
627964279
627964279
627964279
627964279
627964279
627964279
627964279
627964279
627964279
627964279
627964279
627964279
627964279
627964279
627964279
627964279
627964279
627947895
627948919
627949045
627949045
661503477
778943989
778942965
778942709
774748405
774748279
707639414
707640566
707706070
1781464294
1764650214
1751993510
1760369590
3903412918
3903412918
3903421110
3904502503
3904433892
3904430832
3923272256
3910693440
3912782400
3979960676
1815699684
1815828653
1698318479
1701464207
627755407
602655135
585927103
585929867
585400395
577077259
577151019
572973103
623370277
606429221
606559537
741280609
745474721
753733299
753336978
748819074
765604486
799240854
1856107486
1857158410
1857087755
787523897
787524393
779201321
774306571
774718730
640418186
640352442
640549034
669921450
614867118
614883718
614915969
614697664
614501152
618703136
656451620
639674372
639804420
640057348
640073781
640139303
795628006
795633062
762136502
1827620758
1827096278
1827098326
1827101302
1823304318
1689086718
1689086655
1840017340
1874619804
1853629836
1847338396
1864259500
1830704812
1837035116
1844178493
766048797
766028045
803776517
1852553221
1848290325
1848173591
1849221175
1849352431
1866092719
1685735343
1689192127
1621954237
1621429933
1621364392
1625317032
1633707705
1629513609
1629515211
1629579594
1667393802
1742886954
1726089258
1717831690
1730423818
1696867338
1684410650
1689141866
1689174634
1689109225
1823254236
1873588044
1853663244
1849473036
1849526300
1849341980
641378364
641657900
641385516
643482916
643548436
1734002644
1700450180
1685835652
1820188544
1820191632
1828711088
1694498544
3837779536
3836730897
3853383219
3891064614
3865898790
3861768486
1714407478
1849673782
1866319926
1832770622
1832639567
1818969165
1751860349
1751729388
1760105900
1760110508
1760109213
1760240286
1755906746
1755906730
1823216298
1822709610
1878321434
1878321418
1851041802
1851041802
1845864459
1845925913
1850115144
1717485768
1717485816
1729810920
1696227817
1679516011
1815819050
1820007226
1819105850
1823439418
1839847994
1874451291
1790504264
1794695368
3933786312
3929784552
3946766760
3896402600
3900077736
3909045944
3904719545
3902044847
3918818030
3935594990
3939527790
3927200814
3927397438
3927339278
1779851534
1767269134
1754715966
1754711358
1754778653
1755106396
1749870812
1745676508
1763502300
1797179612
725272957
729467262
728419678
728425822
728359294
728359278
729412078
729346558
729343454
691662238
1836837822
1845152743
1828703207
1828572150
1828579670
3976064335
3976064287
3967286557
3967273789
3967146620
3967147636
3975544404
3971348212
3921016548
3925108453
3950276455
3996405095
3995420775
3995486311
3999693047
1727937733
1727407236
1744184452
1685464196
1681329540
3829338036
3832880820
1693787812
1958028005
1957962343
1956909630
1956908574
1957439838
1957439718
1953245350
1412237486
1412304270
3576563342
3581810319
3622586077
3605849709
3605849629
3622674957
3618607677
3517809197
3517760041
3501015595
3501003563
3228303658
3291217963
3292400682
3290306570
1193158666
1176381450
1176496330
1312655818
1316850058
1252820362
1252819338
3383526041
3383661272
3636114152
3636044520
2558042728
2570629740
2587399276
2585299052
3122169949
3125323791
3125520398
3121265726
3122304047
3122315583
3143287054
3120219079
3095098791
3094878631
4235790759
4235938231
3967516055
3973805445
3906824077
1767696077
1781853983
1781905711
1853200431
777029679
777037838
704687118
704770062
704827418
704824363
705086507
709193071
709323135
709250431
718751199
785859037
802492831
768946591
618079119
617821855
550964927
550832831
815610526
1889348255
1889348253
1889278653
1891385020
1891120796
1408770764
1383920332
1381798604
1381794428
1380221548
1381275181
3545540141
3545738797
3512118839
3503728150
3503728134
3499538206
3499529534
3520584814
3553942638
3545586782
3541440590
3541448783
3508414927
3512679935
3512539118
3520869354
1943806954
1935467466
1926017934
1925485454
1921287102
1938065391
1938132461
4064714093
4061571196
4061572108
4061572108
4061576204
4080454716
4147563581
3849743661
4101400421
4110304999
4110288615
4107601591
4107540103
4115932807
4149487254
4149491638
4124325286
4124341478
4120245334
4105348102
4105616391
3840391431
3831867669
3831806261
2770713396
2771892756
2805372436
2786492948
2920710676
2920776228
2922693156
2922694437
2942617391
2951012159
2917526811
2909265178
2909264250
2909239675
2909109755
2909109755
2909214143
2909143967
2951099293
2816817085
2816742847
2812632479
2795858079
2813716703
2813851727
2811668751
2815863567
2773986063
2769665855
2769651503
2769667375
2752889135
2754986287
2754990381
2754998637
2759153133
2758102509
2758101437
2766231997
2766240157
2717085599
2717089695
2717087631
2706800527
2706893263
2708793855
2708797935
2749745535
2749809935
2749813583
2741429071
2741265406
2741266414
2741263854
2749647278
2716143039
2716278175
3789960591
3789956493
3782616461
3782634909
3782699453
3790924013
3786709103
3819997215
3819150607
3814958350
3810632462
3810632255
3810783791
2737042221
2804138797
2774650157
2908768636
2908768764
2917222780
2950912889
2950855641
2950922201
2950784985
2943378393
2909861851
2909927419
2918316539
2917194235
2901465403
2918308122
2918377754
2909990154
2939415834
2939544890
2939667754
2942813483
2942816111
2942689151
2808471039
2791692767
2791832023
2791700983
2791692791
2808470007
2808601079
2783377879
2758213591
2758211543
2757883895
2892031999
2891998717
2892004605
2908838141
2942392572
2925754492
2934073716
2935127348
2935117589
2935154189
2932991517
2949705533
2901663583
2893205327
2893209423
2893273054
2893043690
2893051818
2893031338
2893032874
2893035962
2892040634
2900494810
2913409306
2913286170
2947890440
2948539656
2946393356
2946361100
2946294556
3214455612
3218637164
3220734444
2952298990
2927395246
2923269534
2940180894
2940123582
2940123566
2906565566
2909727630
2913652687
2913653708
2951533004
2944164332
2937856364
2904301932
2904434044
2891847516
2898133884
2897805677
2896691566
2896707946
2896707962
2896749002
3160993226
3156961690
2889574810
2889578682
2906310826
2939866266
2935681418
3871314315
4005336009
4009534313
3995903273
3995905325
2804262943
2770778143
2753994039
2754003765
2755019285
2755080917
2752852708
2771718820
2784233124
2780041124
2780040628
2779200645
3047566533
3081137351
4154940486
4159003650
4150787074
3609684994
3609682962
4146410610
4114031862
4118159830
4122358470
4122346182
4122281719
4122232551
4124108327
4090555685
4067662893
1920175132
1920195596
1915868172
1913771084
1913877756
1913811116
1929540029
1963087775
1950500494
1959153358
1955974686
1955917374
1958014526
1961160494
4242861887
4235493181
2104975165
2136399660
4275492708
4274345316
4274259221
4265878853
3729204421
3729140901
3594914981
3611626661
4106497173
4102301061
4102185605
4102214332
4036149932
4032856812
4028662312
4028671496
1881206280
1881238024
1881279017
1885473067
4058122283
4058130475
4091755531
3554759689
3621831753
3618670025
3618735097
3618878379
3618890667
3623084971
3608404906
3608409018
3608405914
3607199626
3607158206
3608280558
3608391022
3614682974
3613632270
3622024718
3622143502
3622274654
3622275054
3615485422
3615483366
2503369911
2507568527
2507559375
3589685759
3589555567
3623122221
3622102333
3588547901
3580359965
3580285213
3564556317
3564589085
3579146301
3587666203
3587659034
3621211962
3621080618
3614801530
2536987226
2536889291
2541019081
2541018584
2547307928
2547372440
2547372936
2547512312
2543313897
3080053739
3082085354
3085233514
3072641386
3072641114
3039287370
3039226890
3026641930
3027686410
3036102667
3035906079
3036442927
3049087279
3049219951
3032449005
3031781037
3044298399
3040102031
3040170895
3040338877
3077759901
3017011657
4090623305
4092652825
4084263225
4079020329
4079089963
4083342715
4091987803
4093035338
4074226506
4090880862
4082426718
4051039102
4034392943
4034320175
4042771759
4042575167
4042577183
4109690191
4118242655
4151731583
4147533675
4134997739
4134870746
4134874830
4160040910
4126637534
3589625183
3572876382
3564490838
3572887623
3590320215
3590303861
3623871861
3615483765
2536961621
2536949333
2541145621
2482364196
2465525092
2461298020
2465496564
2471826836
2471892372
2438333845
3512076183
4041029558
4043138470
4043175334
4034188774
4033122646
4049908038
4046824719
4080121103
3811621135
1647360319
1647552815
3862341678
3866535983
3866532911
3866591261
3862347804
3845574684
3828761436
3827696380
2754024108
2753827500
2766407343
2762215086
2762214318
2762217630
2780051598
3048549582
3086429386
3077973194
3077989834
3086448090
4160052699
4160019929
4118083032
3581273544
3562534860
3563050972
3565143548
3564979692
4118631917
4160710013
4160644375
4093048119
4093105463
4051039511
4051172629
2977406269
2977405244
3010828572
3008732988
2991903356
3008680572
2974667388
2966409821
2967388798
2967323182
2967264302
2960980014
3027040382
3039750222
3074321614
3074319566
3059118543
3067528141
3067466221
3079796077
3081895277
3086018861
3077631289
3073434955
3073401162
3071373770
4149350814
4149350830
4158001390
4126474478
4126408943
4124385613
3579258125
3562434316
3564633612
3564620349
3564472893
4101283423
4101803855
4116482015
2002749407
4133397471
4133396829
4133396564
4133474340
4129112108
4078174252
4044692524
4046858476
4059441836
4055239308
4155903628
3619422856
3619435161
3587973819
3567002554
3567215082
3569282090
3571832874
2489616698
3609504010
3592727818
3609700106
3609626378
3581314346
2507576618
2516055342
2513817983
2513826157
2547507565
2530669557
2522272453
2522272469
3075930101
3083992549
3050372581
3050372327
4107330799
4115771743
4111647503
4145464079
4145379087
4145311039
4145376367
4116142191
4107684215
4104015687
4104017733
4103927557
3030185765
3036476197
3087000357
3061768965
4135514629
4068393477
4068198199
3807927783
3824708078
3780930030
3760020922
3759033738
1611646090
1611515022
1615647934
1631899887
1673900143
1673965613
1673961788
1648861976
1648730680
1648731960
1665642280
1665513784
1661782040
3792488472
3792652344
3792570857
3859685291
3864922027
2801730218
2796491450
3081573018
3031052942
3032098447
3032149901
3029973893
3029904309
3029904317
2765664239
2774314991
2803742063
2805773614
2805772590
2805985630
2803327486
2803245999
2803251115
3881177003
3889499051
3887401913
3853846969
3853531545
3853543817
4007717197
3873680397
3865289741
3865162781
3865161773
3861229613
3861377333
3878089509
3828249333
3832415877
3832417941
3840741287
4110163367
4155784294
4139004966
4143394822
4142276614
1986405382
2003184966
1424392150
1420184214
1420184206
3567603342
3572825758
3572557487
3564168943
3564168943
3587241959
3620795239
2542859109
2544956277
2545021749
2549347133
2540950829
2540817709
2507209005
2507532351
3581401119
3581402462
3581330895
3579232655
4116170143
4116043199
4149505453
4128599485
4128662925
4149667725
4149666783
4160017135
4160013166
4126463850
4125420842
4159171886
4159110463
3588676895
3588740381
2649224461
2641879309
2641580317
2637381997
2620474855
2622707174
2648145398
2643680726
3755171798
3755173854
3732239326
3730142175
3729814525
3746571129
3746571065
3715183417
3698407209
3698425145
3698419995
3698424074
3698579722
3698560266
3698558298
3721631178
3755192779
3738415567
3737497791
3737493679
3730301167
3730239725
3730194687
3730198911
3732361535
3606410559
3606347071
3597954879
3597991707
3623223067
3587675705
4124481145
4108223448
4124870616
4116482008
4144805884
4128030188
4128161132
4129209709
4129223783
3072283767
3038123078
3038131542
3027637622
3170240375
3170305623
3166117398
3165732438
3700440694
3700434646
3699664887
2646894071
2646660327
2680409237
2546124933
3611482245
3590388133
3590384037
4128253839
4145160847
4124201614
4120003311
4239639407
4239445805
4234210069
4230015756
4246792972
4280483596
4280468765
4293050735
4287812078
3750781438
3749732702
3720405294
3746616622
3746651418
3746789658
3732101227
3738327149
3738360012
3746749900
3746743756
3742483404
3709137916
3713065965
3713164157
3721557823
3704692519
3696508711
3696508711
3696645919
3696645391
3705061711
4241867103
4232352127
4249133439
4249134591
4282691551
4278693711
4278630990
4278635102
4278635118
4282810222
4249292382
4257679183
4258726879
4258730493
4191494373
4183040229
2035622133
2035757173
2068279381
2034589717
2042945541
2042946885
2042950997
2043017053
1573363293
1573297919
3720777455
3754397295
3745812319
3745838415
3678790735
3678920783
3687211133
3687724157
3687716207
3655208751
3655274287
3646758447
3648290655
3646220239
3646218703
3687096798
3687100862
3687100862
3670390206
3737646526
3746035182
3712480743
3705066359
3705061909
3707127317
3572778549
3581173605
3614767589
3591699685
3591892117
1444344973
1444302989
1444298893
1465799581
1440147133
1425528557
1425329711
3563382575
3563382061
3563381037
3571573565
3589461565
3589441085
3587280413
3587283485
3587485493
2505092455
2505433383
2505490743
2635481350
2635466006
3746905398
3747031330
3746961714
3755346226
3751216402
3717271889
3652268912
2563798000
2554394608
2281750224
2281745985
3355504195
3376443986
3414323794
3464688594
2408772066
2643578083
2643511457
2622552273
2349902017
2350295489
3692474305
3709249219
3742818882
3729179474
3737633570
3738485538
3738497315
3738493219
3746881827
3746886967
3745834327
3746030791
3745969351
3712404679
3712404695
3713420511
3579075837
3579079933
3579079773
3579176029
4115846493
4124229983
4124557919
4124431103
4124373743
4157928175
4148492287
4148551103
4115126783
4116171775
4116041726
4116051934
4124435295
4157989151
4283818271
4283801661
4149457196
4149379364
4157851428
4157720405
4148297429
4148391829
4148325815
4148313510
4081517735
4047832231
4090851765
4091016157
4091008717
4085044933
4085055173
4085055223
4051558391
4051097078
4126602622
3052922239
3052791087
3052791101
3052795197
3086349629
3077895485
3077961021
3077961087
3078092159
3078002015
3044447519
2776093983
3044402493
3027624253
4101370141
4118237500
4118221100
4114027836
4113962333
4116059517
4124509551
4153675119
4153691163
4141144331
4141263179
4132875083
3059133019
3218906731
3218915946
3185066618
2648187754
2639799146
2639798638
2641961070
2583310574
2579105006
2579170527
2578982093
2578982348
2314757452
3380148044
3409557276
3476798764
3457923372
3457915261
3457919452
3726223756
3725306252
3726294412
3726284684
3709765253
2625536647
3160908519
3169165862
3169100582
3160711982
3161776430
3161777967
3161943855
3170786159
3170782191
3170453917
3170397325
3187434637
3179045007
3179114639
3179180511
3179181039
3179169390
3179052574
3179031054
3208391439
3074304779
3212713785
3212707673
4294707145
3757839176
3740611417
3738646297
3738694971
4275426602
4267480106
4263023674
4265196618
4248415690
4231704010
4231703946
2084238750
2084110570
2084376810
2083852395
1819676969
1689400617
1689468713
1689272089
1957703433
1976889097
1976877001
4124348299
4124345995
4124346011
4048913083
4049027771
4049015483
3520533225
3520472873
3518377257
3518311465
1375022105
1366637579
1362564107
1361511434
1361396810
1365560522
1374981274
1372947898
1372950970
1364571066
1405399995
1472312315
3620976489
3620775721
3612389161
3612454713
3612516111
3623259919
3556151055
2482408927
2483009007
2550133927
