3632435766
3632501350
3632313062
2562762470
2554445734
2600516007
3187902933
3187841476
3192044292
3193093636
3058881028
3061187092
3073643052
3040088621
2977182063
2983462122
2979286250
2983513342
4081551566
4077305038
4127632590
4127567183
1980009735
1980091655
1996934182
4282805350
4250019046
4247921862
4247913606
2104624518
1572014006
1569787622
1552953063
1552952900
1552969220
3696410124
4094789420
4098921772
4123043180
4152403196
4135687581
4140275103
4127561662
3053768622
3053768366
3053865894
3058584550
3082693990
3048158534
3031245254
2489655746
2489786818
2489725411
3571582433
3567455585
3584036112
3584044800
3319868932
3311607300
3307347476
1143086869
1143151911
1144276198
1148678294
1157058694
1152696454
1303691430
1320976807
1325314527
1325310991
1332735007
1328343343
1328343343
1160763706
1567279994
1601914619
1584923275
1582830219
1591345867
1526333929
1538876776
1509696808
1509700904
1501315336
1497284872
1495195929
1494720809
1532272939
1531228458
1539617098
1535488842
1502058075
1502059115
3636960235
3695614954
3691436446
3692480910
3692432782
3711304079
3442868365
3480617116
3470143724
3466010916
3465814308
3465814293
2392613663
2411504430
2377695018
2358811370
2623048361
2484636344
2635696776
2635704968
2669258376
2654720648
2519429800
2540577449
3076993258
3084976234
3051421742
2506162238
3580063758
3714244618
3715294218
3723684873
1576167432
1534216456
1534486792
1517701144
1584875993
1584514459
1529987482
1496548250
3646063258
3688084202
3670057710
3665863470
3670057271
3661729847
3724734503
2668785718
2622641174
2633387286
2629175638
2628733950
2628537262
2632244142
2675244703
3661091469
3658699404
3658707660
4212220780
4182794540
4176502828
2029024300
2020628509
2031118349
2064836815
2065103247
2077674399
2140636829
4288119517
4019683933
3989938748
3981484588
3977290284
3960514093
3960534573
3976298031
4009893422
3993116542
3930459390
3931442366
3939765422
3955559582
3951367311
3917959629
3922129740
3922129692
3914703404
3914637868
3914638141
3923093305
3922050587
3921975835
3913587323
3909130859
2835536635
2869054091
2937212313
2937523369
2868118701
2863924413
3937800333
3937804431
3958513999
3958514447
4184941334
4184875822
4193264942
4193265710
4191160366
4191160334
4190119950
4173475146
2025993675
2026242509
2026308093
2026127848
2017780216
2017764168
2030084936
2030151176
1795209753
1795275371
1845738474
1845664666
3993213322
3864038794
4132488634
4149297578
4158013946
3084263802
3044417834
3086885162
3086950698
3065868570
3066032392
3217019160
3182740280
2624898584
2618608200
2551700188
3088509677
3087460846
3100109034
3112500442
3129271502
3129405646
2597765582
2597733326
2589287150
2589222639
2606003181
3119831020
3116352956
3149895068
3185354140
3176967572
3156000724
3156119252
3156135508
3156143696
3172888177
3177145906
3177133346
3185378658
3187474930
3187491282
3187533266
3214929366
3219127750
3218922710
3210534326
3210538406
3210700214
4284360095
4252963229
4252832188
4231795116
4231791980
4235674940
4234607884
3169298701
3169102093
3185621261
2951851292
2949752076
2927866140
2860945916
2865205740
2923794925
2936324527
2937439663
2937572334
2937506794
2943548378
2951998410
2951998415
2951982543
2943464911
2939257295
2939257341
2905727469
2905858541
2909987311
2775827823
2775633263
2775637294
2774653246
2774792478
2808347455
3881951103
4016168799
2942695263
2909132767
2909263199
2909271423
2909140335
2909132143
2917520703
2917530911
3857055519
3891133215
4025482079
4017092958
4017084766
4017085918
4016963038
4016952830
4016920062
3983504895
3991893501
3991884285
3991228924
3991262717
3982882301
4016434654
4017482074
4017613146
4017617214
3891775806
3890727710
3890634510
3857584909
3857650444
3849139000
3849069416
3849065448
3849127848
3857124280
3852929977
3853785531
3887348122
1720990858
1721001098
4141670538
4133068938
4133073087
4133127341
4141516029
4126846028
4109020428
4109086468
4100712196
4096456252
3023000364
3177530220
3220522349
3216067951
3213954350
4291894046
4283506446
3189079310
3189564702
4267499838
4267417918
4015691102
3990523855
3973683917
3969428364
3971594636
3967409293
3963351197
3963105455
3963355311
3962962159
3966109678
3970047726
3971156598
4256184886
4271122950
4271648262
3738971654
3729485638
3730497014
3747253670
4242182070
4240158599
4240156293
2629547652
2625479380
2486494572
3040146476
3073395756
3071478892
3084000348
4153556317
4137035615
3734377038
3739026142
3730577130
3726139370
3742924794
3692751242
3699042698
3707432331
4240373131
4127179211
4113875419
4147443179
4147178987
4151340395
4126243179
4239605611
4260574809
4293924425
3731898905
3730064169
3730141997
1585410365
1601926173
1567286367
1558897759
1558903823
1558895629
1558895629
1550537759
1413248045
1430025261
1968468009
2085971065
2093053403
1564493275
1463832539
1455935483
1455869691
1456467675
1456271051
1581887369
1583001480
3740974524
3753549212
3719992780
3723200332
3580466972
3610030628
3609502501
4133728550
4134727718
4268774438
4281599014
3709144086
3709218054
3697159686
3707387398
3707307542
3573026406
3573039078
3568859574
3568953735
3568954245
3569090437
3581671301
3575624117
3608449445
3608183269
4149277541
4124108597
4126277381
3589525255
3614563635
3597001762
3732825123
3732566035
3732567302
3757727174
3724233622
3707263894
3707337606
3707370886
3707499926
3698978983
3699163301
4126982372
4159501428
4150553860
1998942020
1998995068
1998984956
1998984925
1965496221
1970345389
1978676461
1974497513
900788553
632336649
1030784779
1008975643
2082647866
1814212410
1818476331
1818269483
1836110683
1869792201
1850917257
1866613161
1874940393
1824529769
1690319145
1951476025
1953573691
1885420299
1885413131
1910638410
1944191434
1991573918
1989476542
1989624062
1455939822
1456857407
1448124703
1985000221
1984992569
1980794168
1979942232
2118303704
2143465208
2109910744
2093084376
2093020888
2084631273
2101400298
2001977834
2001879274
2001945850
2003913978
1966304474
1949461710
1949457551
3564291213
4105344221
4122124764
4155683148
3064181004
3065225996
3065225780
3065098796
3069219373
3060848175
3056605162
3056606634
3056802986
3878886570
3849522346
3841068218
3836876170
1691493258
1959863179
1961894857
1953522009
1885397273
1902158107
1910551355
1944303419
1902362395
1902353179
1898154779
1361221899
1365416202
3521285386
4087514138
4087590938
4088635406
4092694590
4084301870
3614683183
2541151263
2541149517
2541112781
2541686709
2541557669
3077846703
3086234351
3052679934
4126483166
3589612494
3589563358
3580913151
3580915199
3610344927
3593633231
3597819341
2524038493
2532361501
2544948493
2510415704
2497816444
2498995948
2498928365
2499006205
2490486527
2506120878
2535464686
2535530478
2518818294
3592563862
3596821654
3605079286
3533902039
3550679237
1403072964
1403004788
1105231716
1159782180
1159846180
1159977236
1143204100
1159981829
1432534791
1440976662
1440780054
1470139702
1457646886
1189276710
1189342502
1189182775
1180794645
1176715012
1176636932
1176653572
1176687888
1189258544
1189261332
1206091781
1172406535
3294868742
3294870806
3563232054
3697515046
3697670694
3714411047
3747954229
3596948020
3597931364
3330019808
3581677792
3564401824
3564563632
3564558528
3303459265
1151765315
1135066627
1118167555
1113858610
1109668386
1177289506
1177293094
1160582382
1156450478
1152256142
1152321678
1153267850
1157429642
1155315130
1151112106
1151112106
1167893419
1436460009
1436459816
1442752296
3610742568
3609693496
3592863001
3592858893
1445455119
1446376719
1450524989
1465861997
1474186925
3586838188
3565877900
3588160388
3621625732
3730675156
3726418805
3726418725
3725894439
3725894438
3743392566
3579769174
3562979574
3573499046
3573353638
3573487766
3562875062
3562809510
3587975335
3621726695
3604946774
3606912534
3605296646
3605325318
3605373703
3601314561
3605434625
3613820161
3560342976
3560933248
3695167377
3695138741
3694606247
3698665447
2631151079
2631150950
2626956582
2626956582
2627042591
2627073359
2493314895
2493380431
2510259807
2516550397
2507981541
2503766757
2621186797
3694404221
3694605693
3711311103
1601574991
1584797775
1584863439
1585272975
1585048719
1609212045
2146079117
2141880972
2141762216
2147001320
3732709672
3728518184
3593988136
3593877560
3609333020
3588359469
3567387950
2493646126
2493714430
2225213342
2230388414
3295675038
3295703758
3294077646
3319112654
3566511453
4103383340
4105484588
3832847148
2905901868
2939463948
2922815756
2920460300
2920464428
2919370796
2919374884
2941464932
2912355303
2780758710
3031371414
3031251638
3031186070
3034852230
2619636102
2485541254
2536931205
2517787533
3595756429
4140954037
3612393959
3614490662
2507467814
2490755126
2625005570
2637572098
2369136899
2403221251
2683175681
2678735360
2510996208
2510930849
2510865313
2225649569
2221449121
2217267104
3290978257
3291097027
3559547139
3559547153
3563779107
3622358051
3598249218
3598362882
3598622530
3598618434
3732852690
3749564386
3715393511
2624857445
2633904421
2650612004
2377916720
3451658512
3434946865
3434950951
3438891302
3426274598
3426339110
3292170502
3292440838
3342772486
1451146502
3598484807
3593241045
3727458740
4264538548
4265521572
3191776164
3212763812
3162470068
3162324668
3161206461
3161206447
3170643886
3166450862
4290515118
4138995966
4143263963
4143325209
1450582281
1432826632
1416961800
351607064
351594553
368355385
318220299
310361098
305955850
303857978
303600618
303608811
270193355
1343918795
1346016251
1895474607
1956160741
1955114087
1955376135
2009891843
1582204179
1577510418
1578526290
3661502162
4198385554
4198056354
4216869026
2023252130
2023416194
2023416519
2023481860
2027497020
2014849580
2017208876
2033985836
2067019820
2063009853
2058423494
447807686
445776006
176296390
176300534
264381907
230829377
222461697
222481713
222348577
255910689
255910771
222421698
222742210
214354562
215894674
211487378
1285042098
1285322163
1285349537
1234493604
3419709604
3405819108
3389040932
3405818660
2600708660
2638395908
2375458308
2375467524
2375991821
2376024686
2379743974
2373460646
2373453222
2414412966
2410350822
2393573586
3471316994
3459786754
1312368642
1312434179
1312433153
255483904
221921536
205177088
204129536
204049488
220829776
187430993
170604625
170604659
237709683
107707363
132906658
128556722
95000211
78222977
11116416
15310224
1349368208
1349499280
1411890160
3576015408
4147423776
4128549408
4128566816
3054824992
3059047968
3059109409
3068022289
3084799745
3084602689
3086491089
3086515699
3053026739
3053157810
3036380594
3036282258
3036413074
3036600466
3036666002
3036526706
3044403251
3073702161
3054825233
3054792225
2987683360
3059113504
3059093025
3084799489
3084797761
3218851265
4294563281
4294704595
4261149122
4252686786
2105243762
2105096290
2000435426
2000492722
1983855794
1044325538
1048454306
934688418
347475602
347278978
346097283
77595267
77644417
81830369
81830177
73443617
91285537
124811299
108009763
108214578
116554498
116576770
115786242
116310530
250512130
267354579
149521587
141396145
137222321
136788145
136788115
137574835
206778019
209725091
260055715
243278499
243294903
243329015
247524711
247527461
240179237
108099601
108407041
104214273
108933905
106824209
115229185
132007811
232705411
209701250
140888242
140859570
140999058
142048594
142567218
217868066
228124258
261678818
244903840
244902816
110672288
125340064
87722368
70944128
71217536
87466432
87209233
56659235
48269602
48290082
106981666
107096834
107358978
249968386
267256579
229523795
212714897
145073537
149260673
208767952
202476017
251706657
234923043
239133731
247685138
247862274
257821954
257558834
259722019
267922211
242772273
242805777
236490819
238780611
1329234306
1298826130
1290507939
1290377907
1290517137
1420409473
1420389008
1424566944
1424565921
1416110759
3559399846
3560452334
3564908586
3573294090
3573049354
3300435978
1150916618
3298527246
3298461710
3300561934
3451559941
3467354116
2330624484
2322236324
2385217188
2385151664
2385174144
2653615745
2636834433
2624185009
2624119461
2624124581
2625138405
2620926709
2621123157
2637838855
2675575318
2415660406
2410951782
2410688550
2310078502
2310078502
2291138598
2295357494
2312168454
2341514502
2324802822
2324806958
2328922158
2320796718
2317108266
2300117227
3356102824
3423216040
3428459144
1280992904
1159224968
1192807048
1174968968
302558104
302754696
302951816
307148104
324436249
292913451
271876395
1345552699
1345487135
1345756479
1347873071
1356196199
1419069927
1435912663
1586892679
1591097285
1584800263
1584542231
1513239094
1517347111
2070978855
2035327015
3946872861
3930105293
4198542285
4198537759
4194409023
4194458238
4278337194
4227998378
4099289770
4106092970
4104650922
4104650923
1890058425
1365778633
1076437000
2761736
2813192
3009336
7097132
6638861
8275213
8273933
4079629
3035149
53347341
107875357
107895167
107968895
250477431
183286391
183285335
183276245
183342037
183414981
183414983
182890647
158249123
141275303
476690598
1549515175
2086251183
2080942765
4245203625
4110985865
4145798795
4147794570
3007185626
3007185530
2985558574
2981114158
2980061230
2980324398
2443512894
2426865678
2432633871
2441071628
3546004748
3529097036
3529025368
4061773784
4060855800
4060855464
4060716200
4060908728
1661848824
1661881592
1661877480
1661873256
1629368168
1616854632
1625165544
1889416879
1889478334
1889281694
814483086
281808774
298585478
332193158
42854790
44034454
50260407
41609621
58452373
54254549
19586004
292215508
300542581
334031413
334097189
334228263
325844775
292413223
288146783
275617102
275747166
275748222
812496238
811908462
812431742
812423646
812497870
829340623
829341133
862895581
1937681917
1936698477
1919792189
1919726621
1936045085
1936172063
1898362175
1885771055
1885851183
4033334839
4059483959
3589696823
3581373751
2515872822
2515877170
2499679506
2227050258
2227045970
2224948946
2157905618
2174555794
2208055218
2264668626
2264734034
2264734002
2281453874
2280406322
2246851891
2246841619
2246931201
2280608513
2280604625
2280474593
2280412579
2280967587
2280971683
2272655846
2239031606
2237983031
2237987095
2238052631
2238183685
2171071765
2204499220
2204618612
2197262260
2197261988
2197131184
2205522864
2205522864
2205653424
2205661616
2205596593
2200349361
2200415923
2468849299
2468782722
2468782658
2435752467
3492786737
3492606769
3492554001
3492559889
3492624417
1345198113
1357777953
1353581571
1420690435
1168966659
1336673539
267197459
267007027
225125427
208150547
208155410
208343570
208278050
216666674
233378386
266883650
250139202
250189506
1323933398
1319738070
1319746262
1323940534
3463035830
3479745974
3488133302
3316228246
3349852311
3333140917
2259394976
2263851424
2519580576
2519515040
2519579552
2520707040
2520706932
3598675764
3598476596
3598476581
3598479399
3598544935
3615420471
4150194263
4099854550
4107711958
4107710407
4106718855
4098206357
4098145973
4144291829
4127508461
4132815213
4134879533
4151406893
3849348383
3832638751
2759064895
2765277565
2765347037
2764172749
2780882316
2806313612
2789626556
2747679468
2747663085
3822859887
3816565359
4068219178
4067166250
4067245066
4067320843
4067352587
4068384781
1918738444
1934917644
1885241612
1885266700
1885234700
1887321693
1954429695
1954486959
1954024366
1954355630
1442777486
1471622542
1454645646
1454383502
1452335542
1473290662
1430299107
1413718369
1556259089
3704796416
3706895616
3303519760
3311837744
3274592784
3274572288
3257860801
3278638754
3278645410
3287034022
3287156870
3286895750
3286832262
3253293254
3249263414
3249124135
3249054500
3249055524
2213063972
2468912420
2469302020
2469301764
2468251220
2451092325
3523793765
4064829943
4065206671
4081987006
4149164462
4116580518
3026061478
3027646598
4117128646
4126597638
4126466567
4122247741
4122272301
4105495085
4105462317
4235487017
4231809065
4248570090
3711568010
3745138826
3749365898
4294870154
4290678922
3753812106
3755384975
3746865373
3746865516
4279739756
4279674156
4279686525
4111975901
4116698621
4099856367
4110308351
4110369759
4109976415
4109922623
4126699823
4117258287
4113065022
4113392670
4113445902
3576568846
3580775710
3589230558
3584905183
3618591708
3618599820
3622593420
3614208732
3614429932
3615389420
3623878269
3588090751
3579636079
4118605295
4118602235
4118606283
4152218569
4152280025
4160668649
4150157801
4150010219
4118553641
4118553897
4126942521
4126088457
3719237385
3718843161
3756526393
3739774265
3739804955
3739808011
3735589130
3739779546
3756687786
3710562730
3711672750
1564077502
1564113295
1597651847
1582971847
1591615253
1591572277
1448665892
1987617580
1987617580
1987686684
2137624588
2091483148
2095678542
1550566606
1546255550
2083093678
4230641902
4230675182
4243245806
3183139470
3183000206
3046681228
3046681228
3021531836
3023826596
3023730356
3022652084
3035234980
3031188389
2762761383
3047451894
3043289170
3039082498
3039725570
3073288454
2809047558
2812995078
3082482198
3183047219
3170374179
2625110563
2620917025
2620922913
2624204001
3706325152
3706325120
3723114624
3756976256
3739654273
3471018115
3462630547
3731068019
2658182435
2607851043
2574575139
2616518179
2612526625
2595622449
2600340992
2591559472
2591558945
2591558689
2600146211
2600083794
2331582914
3396870610
3391639734
3391799478
3425337486
3425338509
3429533897
3698035144
3698178937
3706563433
3706497323
4243367978
4226581530
4201414686
4214083710
4282261743
4248707303
4248707493
4252906149
4257091237
4290644615
4290673287
3751602822
3751602822
2672602870
2639046646
2635052382
2489237854
2497692014
2510287150
2510287151
2514243885
2505838972
2507413340
2503417724
2541165932
3606527468
3606394364
3604420045
3595916493
3595421133
3612181961
3612327384
3586895704
3720982104
3713642008
3713775128
3176895033
3212546618
3212431674
3195596846
3195565102
2654473262
2671709246
2671642638
2675838286
2516193102
3619362678
3619369815
3619254740
3619181012
3589853588
3313032660
3426670784
3426662592
3424565440
3697271888
3696025889
3712803617
3721392737
2681197281
2665436853
2665438853
3726576263
3659340438
3676126902
3642503142
3638307894
3633597495
3636296757
3653069844
3489195012
3476726016
3443167488
2352644417
2356789731
2365088226
2358780386
2358850018
2224632290
2247623010
2256011606
2250113351
2249604557
2253793740
2261051816
2261039528
2512698264
2495917960
2495915656
3028587209
3032777274
3025569322
2755044906
2904991278
2921772566
2922820102
2922836486
3862196518
3862167663
3865314415
3798797541
3798867157
3798869205
1660822741
1655579797
1622103175
1890471046
1890207942
1894467778
276518914
274229538
299378978
316157218
383395075
377368833
507380481
254738993
208273955
1558906579
1554599555
1554566784
1287231104
3432747648
3431576192
3448287904
3481839328
3486051940
3720935980
3453704741
3439024166
2364213282
2364147746
2364148802
2352635074
2350539906
3440009602
3456811394
3456811906
3466494338
3737095602
3737107810
3734809890
3734809894
3741099302
2520555821
3593252940
3610230988
3576250508
3559523492
4096400548
4108987813
4105842566
4122684998
1453942278
1453908743
1458102285
1445519372
1378448444
1378449452
1395276092
1428818780
1476004572
1455098588
1186792132
3472643013
3464258501
3441877735
3429819107
3433939490
3433416274
3433404114
3433407954
3434392674
2356471906
2350172194
2333009986
3725519170
3729714754
3739153985
3730555585
3598304128
2520504208
2536167056
2502612624
2487176848
2487160528
2491235956
2229021221
2224826661
2224826407
2224827431
2227057681
2243821585
2276065301
2410336593
2410337731
2414583763
2372443122
2351467362
2351467314
2351598850
2401932546
2318066946
2330649858
2326451538
2326377954
2598938531
2590549665
2590615280
2570032836
2553775684
3627519308
4162295820
4161120300
4177848364
4215597100
4198951996
4199469103
4199530606
4200186350
4200190382
4250596254
2086336142
2086297222
2086361734
2088454838
4235807719
4243066341
4234687605
4235731013
2105483341
1568289039
1555694143
1555759654
1555631734
1555573462
1557670615
3428330166
3428744086
3428768646
3488978822
3472130694
3471868614
3467739750
3734086182
3734020902
3599802468
2526057572
2524218468
3593765908
3577201668
3559314452
4096158992
4096142848
4109777409
2092239394
2092186210
1553215458
1590967362
1513423874
3661497346
3660186930
3672777506
3668582946
3668697618
3685331522
3634926530
2561189249
2561191312
2632493232
2649340336
2641017760
2637876896
2486914785
2486712033
2490969667
3573169682
3501919522
3501720610
3517448226
3546812418
3525976067
3593084931
3609874499
1428868785
1437239968
3584793248
3585718916
3617110660
3604522628
3591942836
3055522733
3189683117
3189762029
3189630823
3208472343
3212273462
3220666150
3220510054
3218355574
3184862678
3184996822
2497118694
2497118695
2496988007
2496992095
2496931407
2497457871
3516738255
3521059775
3554433451
3548150955
3543944347
3275048073
3262534793
3262608521
3270849721
3337950457
3338089529
3353814075
3353832766
3454532910
3454111022
3722491694
3714294542
4179800846
4179792398
4182807359
3921715693
3921716648
3955465384
3926301864
3926314152
3926344876
3994956012
4263387180
2117992492
2130575644
2007892765
1974350349
1420694093
1420689997
1421412045
1425563213
1151200989
1151314521
1153412681
1169991241
1203536395
1189659179
1181278762
1428742954
1411948586
1412019246
1953144046
4100626638
3832199311
3848969359
3861681295
3861676191
3861677023
3861824046
3861271086
3861258790
2888049190
2888573478
2892772902
2834041910
2829585495
4188736727
4205450437
3669632133
3667796100
3663688836
3659324596
3659327652
3658328492
4195330733
4199263933
4207654541
2040038095
2094580431
2084258381
2083140157
2083468077
2082807852
4284756068
4276094180
4272966820
4270910613
4269861253
2143465095
1573035654
3712126662
3577925190
3579236150
3614568230
2683432230
3216092454
3199448086
3216020598
3218113655
3184563447
3159536853
2891101269
2888995893
2888928311
2888956991
2889083951
2904747375
2909982575
2910014207
2909884127
2893110991
2892066447
2901665469
2901530349
2901426941
2893050573
2893047516
2893047788
2893053796
2901429236
2901629892
2901568452
2910022644
2943451108
2935054324
2935179221
2935173973
2933990199
2950701858
2917144354
2900364578
4108327218
4099946514
4100012034
1970481158
2003971094
1995576358
1927414790
853806150
316943430
316983534
332511742
331528654
297975118
360951678
360746862
360824814
1434693614
1438885295
1438754229
1430362004
1430357652
3577983664
3577979568
3561075344
3556999824
3556962965
1409738693
1413932375
1413925975
1951909942
1951782966
1968568342
3595937798
3730176006
3725982726
3726057478
3725996102
3728081110
3740664806
3719693030
3703517862
3434885799
3434357429
3432276708
3438581604
3425995056
3425995024
3426134272
3694569728
3694569473
3744902147
1580696642
1580712130
1446461570
1446379666
1451099042
1455297186
4122813089
4105974436
3569099460
3564922436
3560762884
1413392660
1413392644
1950263556
1970772229
1465354247
1448578070
3591881810
3591774402
3591778498
3591766146
3598058402
3753247394
3702858402
3434361511
3434357381
3434357456
3438602080
3424946464
3290728752
3290868480
3290868480
3307645187
3325475842
3325527042
3325509714
3326017730
3325952146
3605922722
3618505378
3568116390
3568054949
3568050820
3299664516
3290730452
3290728756
3559307556
3559303188
3610683396
3593906181
3593915398
3323380742
3323342854
3325440006
3330146630
3351118566
3300786918
2226991846
2361139943
2361139940
2361190100
3296497604
3290728704
3290929424
3291916560
3291916544
3342247937
3325471746
3591802946
3593982082
1446379650
3594387586
3606971298
3585999522
3569169061
3568054948
3568051924
3563906564
3559697924
3560877828
1413393156
2083957524
2088089876
2136442901
3726085143
3725054998
3726008326
3725992006
3725984198
3730178726
2679505574
2627023526
2626953895
2625906359
2625924757
2358574484
2366950900
2234896372
2234941380
3575017285
3608603909
3612765493
3619966245
3611315509
3611354373
3611546373
3343008261
3343012477
3451982573
3435135983
3431282158
3431296238
3435460838
3427043446
3423049734
3691424002
3422988546
3474896130
3462299650
3328081938
3325968402
2252210194
2252210258
2256405346
2277380706
2226991843
2226926309
2226938588
2226971292
2230621884
3291777964
3291777516
3560278124
3560355932
3577129164
3593906382
3592873166
1445347534
1445396630
1445331110
1466307494
3567661798
3567727205
3567587940
3568574980
3300156932
3295997492
3291777828
3558312752
3558255361
3573983491
3594956034
3595998210
3596009538
2251702338
2251686098
2251161842
2263749602
2260603618
2512204514
2226926245
2226922124
2226971276
2231154332
3291253740
3559688556
3559889196
3559827468
3576604748
3609634895
3592877262
3592896710
3592880278
3592880310
3597009830
3584438950
3567723174
3568644853
3300139716
3300140564
3295996452
3291777572
3291777824
3291917072
3306596609
3327568899
3335947330
3335962818
3327541442
3325427922
2251686130
2255884770
2276864610
2226463266
3300139623
3300155972
3300172412
3300169708
3290728812
3559164012
3559295100
1412868172
1429645516
1446423759
1446416526
1446494350
1983316158
1983254694
2003174310
1957040806
1957114471
1420104244
1420042756
1420045828
1412721172
1412733732
1410767664
3562449664
3569855233
3615997186
3336016898
3323379730
3325427826
2252210258
2252210386
2264798178
2260611810
2243769058
2226926311
2226938572
2226971276
3304888316
3290728940
3559164260
3560347940
3560351748
3560351812
3577130055
3593900230
3592863942
3592831126
3592814774
3592819106
3617993378
3567596263
3568571108
3568575172
3568576068
3564399364
3291532068
3558247200
1410771728
1410771777
1465298242
1590858946
3729965250
3325182146
3325165778
3324117074
3328316194
3349291554
2226201122
2226135591
2226397757
2226446972
2226423676
2221181420
2216986988
3559229820
3559307596
3560351948
3611208909
3594428558
3593388174
3592896694
3592814758
3592827302
3588633254
3568775911
3568636516
3568574980
1421092356
1148481284
1144388372
1544993552
1549183744
1423293185
1205181762
3327628482
3323445442
3459645522
3459645506
3325427730
3338015522
3333825058
3316982306
2226397799
2226393821
2243744444
3321660332
3308031404
3308030444
3291335164
3291408844
1143400908
1143401804
1144454477
1148569054
1156899319
1173872983
133583173
133644567
1198866725
1165436197
1148595509
1148590871
3430353463
3430169110
3430165014
3489472278
2394818390
2326741846
2326643574
2326581862
2327622246
2327618151
2323423845
2388432740
2405279220
2397020596
2397020564
2396893332
2388493461
2385874087
2386024614
2402703526
2352355798
2620799814
2618699270
2627085830
2492740118
2224321110
2224317015
2224351207
2236927463
2232732901
2232863973
2237068501
3579240644
3579240900
3574920644
1561648468
1594149236
1577437220
1581762596
1582230533
1582227463
1579081735
1579085894
1595851206
1549685494
1558148838
1553817318
1553750775
3699666543
3703893613
3703955189
3720843204
3754265924
3733232980
3737431092
2663885860
2655491172
2651177069
2651148527
2668056830
2638631102
3703985070
3699791534
4236607150
4240759526
3159673542
2622795718
2488706501
3042355141
3071711173
3054946005
3055472276
3055546004
3068096436
3065476517
3065332197
3086221807
3077833199
3044016495
4113576767
4096860699
4101186073
4101183033
4109384489
3572508969
1425025049
1425152073
1441942603
1433486411
1467007198
1467142654
3463639902
3472028430
3486766878
3486541110
3452986662
3453166967
3453096277
3436381173
3432317925
3365212900
3365348085
1222387429
1276911585
1276934625
1276962993
1326967937
1310106823
1309840579
1309835330
1309770066
1309717794
1313908514
1330685734
1305671478
1284690726
1284948839
1285473093
1285481412
1289614836
1276956132
3424405732
1276930292
1326869956
1310090693
1314050887
1314046726
1322500870
3469789046
3465603046
3482445798
3448956927
3432465373
3432268541
3436446461
3436651253
3428263781
1278492517
1278487013
1276389863
1326542023
1314059463
1179828422
1179811910
1188266007
1188073511
1206951975
1162977583
1146271005
1146277149
1146277661
1146507101
1146513887
1146449375
1146453215
1165313247
1161119190
1194545622
1198777334
1190326838
1320321558
1320256278
3467687734
3488671014
3488671079
3444766037
3444786165
3453027301
1289159396
1289168628
1557475316
1549019620
1544841696
1544842480
1561453761
1309860037
1309851847
1308803398
1309918486
1309728546
1313926694
1603382822
3717330486
3700474678
3700736887
3433022421
3432964996
3439224244
3426507172
3425978788
3692394916
1595304388
1578266052
1582461253
1582449414
1316176646
1315983638
1315972390
1330851110
3444717878
3431009574
3430958374
3431023919
2358436637
2358485788
2362487356
2299560548
2298511972
2332074708
2336334548
2378343140
2378363876
2353415652
2214989028
2216037589
3289779397
3289791693
3308399823
1165110471
1173560646
1155994950
73733398
73675047
73670951
73736499
74919986
73867538
208630018
217039618
229607250
263163890
1320000434
1323612594
1315216531
1315280019
1316327633
1316479184
1314201712
223682592
202711328
202843680
206974496
217452032
217449985
217331201
216286787
233097106
116362674
107974066
107347378
103150994
107311506
107303346
115831218
133652835
81010977
81010976
81028384
72672288
68615168
70697984
70697985
87985411
258969554
267357874
246390450
1319485106
1319417778
1319473330
1319604466
250048753
251076720
225779744
204742944
204809760
70663712
74321408
216927744
212612673
216811203
233686738
233801618
266706866
249870258
249869746
249950642
111661490
112456115
244523505
213917984
205529888
201336096
201336096
68298000
68306176
74892545
225871107
260015554
242191826
242195858
242072978
241548722
242070770
242200818
243261682
241115377
224206944
207429984
215950880
215885344
217974288
218039808
208417281
204260163
221103570
254266546
237500850
237369778
241524146
249909682
245715378
246886834
244654579
215228449
205791520
205792544
202647328
206990864
72764928
83283457
234852099
234720706
258837906
242064786
442875282
1516616946
1525134578
1520931042
1589031139
1593303200
1578442912
1981030560
1981030816
1964127904
1953631908
898762404
932184756
378544772
378544844
106963464
90661128
15134985
15614217
15355145
15338266
6896410
73935626
73935626
74976010
119278538
104664970
107807178
376246554
376189243
372060457
909074729
908878121
925655337
661409069
627964279
627964279
627964279
627964279
627964279
627964279
627964279
627964279
627964279
627964279
627964279
627964279
627964279
627964279
627964279
627964279
627964279
627964279
627964279
627964279
627964279
627964279
627964279
627964279
627964279
