1372326943
1405946911
307054079
302896557
1376228277
1376228245
1375966133
1916834727
1925223335
1925227423
1925424542
1648536734
1644411102
3858995327
3875702831
3875711023
3843205421
3847400765
3763767100
3763847964
3759489852
3759497773
3760136749
3775861357
3779920495
3779920447
3788259851
3788293643
3770994187
3771006475
3762612763
3762616859
3758414346
3758430731
3758430747
3775207993
2701465961
2739222633
2748267625
2995729529
2995728505
2458857563
2190422091
2190221402
2190214250
2206993518
2211208038
2211281270
2211281238
2177857910
2177857910
2170517878
2170517846
2172484422
2172484422
2172484439
2172516695
2172516727
2172516727
2171451863
2171451863
2205006293
2205006229
2205006260
2205006260
2205006228
2171582868
2171599252
2170550676
2170485204
2212411892
2204019108
2203823012
2203827124
2203827141
3260004803
3259865298
3268262114
3255679010
3256662050
3256130674
3543643330
1362536387
1412605569
1412597377
1425114755
1416736178
4099009698
4115720418
4115720418
3075500386
3077663539
3069210161
3069210164
3203427892
3197132340
4287651376
3717230384
3704717073
3696450865
3692184947
3558032627
3574809811
3608374403
1444081027
1448275841
1465028481
2010353281
1978769041
4126189539
4126188899
4050691362
3810766642
3810713090
3810723346
1663112738
1663050274
1629496870
1625556774
1621364022
1622476807
1622484996
1639245828
1672784900
1649710084
1646100556
1661895628
1628341892
1615759012
3771702951
3771514854
3763121382
3758925030
2702042338
2735661538
2736677794
2740852402
2748712626
2750877362
2717196178
2717201810
2717201875
3051828563
3051695367
3085200647
3085199637
3069565233
3065891856
3063714816
3084693760
3044860164
3040272900
3023499844
3040232020
3052815972
3048490599
3048488430
3086232814
3043240190
3040114938
3040237786
3044464846
3086142798
3079833357
3063001860
4140868372
4132479268
3054543652
3054679584
3071723024
3040267776
2973158912
2977779504
2977713440
2977715488
2985059616
2985255217
2980991763
3035316819
3035190002
3026745074
3043524338
3077176306
3077298642
3068909762
3068787906
3077110866
3077104755
3043619953
3043687761
3035291137
3035291153
3035233841
3051945249
3051941985
3085463649
4150808675
4151971907
4147777606
1966740550
1949973334
1954232870
880359974
888748590
817371710
834147854
867967242
917245962
917241962
917254250
648806766
627964279
627964279
627964279
627964279
627964279
627964279
627964279
627964279
627964279
627964279
627964279
627964279
627964279
627964279
627964279
627964279
627964279
627964279
627964279
627964279
627964279
627964279
627964279
627964279
627964279
627964279
627964279
627964279
627964279
627964279
627964279
627964279
627964279
627964279
627964279
627964279
627964279
627964279
627964279
627964279
627964279
627964279
627964279
627964279
627964279
627964279
627964279
627964279
627964279
627964279
627964279
627964279
627964279
627964279
627964279
627964279
627964279
627964279
627964279
627964279
627964279
627964279
627964279
627964279
627964279
627964279
627964279
627964279
627964279
627964279
627964279
627964279
627964279
627964279
627964279
627964279
627964279
627964279
560854391
560837111
560837047
560837049
560837049
560837048
627946424
560840376
560315064
589675192
589413048
589561480
589461128
593715851
601907690
568418410
635559978
635543610
627154955
627159305
627151368
627151384
635540024
635548216
1700901400
1700889113
1835107898
1835371882
1843759274
1840220330
1706006682
1709685898
1730655370
1730654346
1730367882
1730286010
1730290603
1730290603
1742873002
1738614254
1738550594
916466690
379595778
111160578
111230210
245577474
245510914
262337282
228757760
211980544
216433472
208568960
204375700
204443284
70241948
86474376
86318744
387979240
929047785
937452651
669049962
635495450
635539467
627147017
627147288
627147288
627151384
627155496
1700897323
1700898346
1709284650
1709541610
1705478314
1739557018
1743764618
1731179914
1730655114
1730663323
1730302889
1730294185
1730290089
1700929961
1709253886
1704995842
2006985730
396438802
396442930
111230226
111227138
111288578
128332034
61784323
32145664
99320064
74154512
74159636
74030652
3775032
3775000
356040216
356052520
891873128
661439848
627884521
627884537
627954651
627954523
627954266
627962458
762311530
761787242
761767786
757446090
1835376010
1835375770
1843764410
1873263802
1877458074
1864610954
1864610186
4012093850
4012020666
3978490282
3978437034
3982631914
3965859690
3974303542
3974314770
4242746130
2090937602
1553999107
1571102721
1168515072
1202597888
1202585664
1198145728
124485760
124486080
124490320
124493332
90806812
90815000
355002936
388558376
925427496
925685033
661438825
762102267
762171867
770560474
770560890
770560874
762180458
757985914
757441114
757446602
757439962
1843764394
1839700138
1873262778
1877458058
1864872330
1864610186
1864602522
1864537002
4012045226
4011991466
4016185770
3991092714
3974175102
3974314262
4238551814
4238421762
1419846402
1437016834
1202074051
1135480961
1135476864
1139475584
1097550976
1097849984
1093655697
1093098963
1092973875
1126457638
1122001702
1118839598
1118844713
42995560
59771816
55581096
1125136808
1125194121
1125326218
51578250
17973642
24371706
27321194
296002410
329556330
296067432
296067560
279290232
270906168
807502360
539197960
539145736
539212312
589466152
576891435
576891419
572750539
572526218
590348938
825230250
806486186
1351757994
1351753966
1370492934
1169170434
1168121858
1201856514
1201840386
3349324034
3483541767
3483795732
2415363868
2380107320
2648484392
2623318568
2621213224
3022556712
3039397384
2804650520
2787881512
2787873322
2787886122
2787728490
2787843178
2787777754
2938778826
2938778826
2909418586
2913613418
2913629930
2913695386
2913527433
2779311753
3077111448
4079734440
4079622056
3811186600
1663973288
1664033160
1663313288
556017048
811869436
819995732
279057411
279057411
10683395
10748947
10748947
10908673
31872003
23250179
56787202
65188674
45257475
45257479
43102775
1116774957
1116775976
1118875176
1118871080
1387321960
1399906024
3509702312
3508651416
3508650392
3512779161
3521204635
1407279546
1399022570
1407411050
1407444266
3550735674
3517164602
3500260394
3496066106
4028732682
4028732170
4028740106
3777147402
3824326234
3824326378
3797147371
3809574569
4046536365
4029745069
4028827047
1881354406
1893933286
1352863986
1369903170
1403400194
1118183426
1118724099
1118740480
1118675984
1140630816
3246241584
3242106372
3246298628
3254683140
3250423356
3249833576
3516176104
2446626536
2438258344
2434129576
2436355752
2436232856
2473382600
2456613576
2456580696
2456778281
2456647467
2465037610
2481781802
2444090426
2427313210
2494551514
2498204106
2422706570
2976223674
3009909162
3009597866
2993840523
4080215433
4080085384
4046530984
1882270124
1882400988
1882401869
1617059845
1621278740
1621262352
1889972224
1890038528
1906672128
1903460884
1901363772
4078387740
4078050873
4082247977
4082116648
3018852392
3019245640
3522575560
3518325128
3518263945
3517203098
3500426154
3572301994
3580309674
3307610346
3341165642
3341181962
3613846538
3622603802
4155279401
4156336424
3082595128
2818354696
2809962056
2805760584
2804712056
2805891688
2789126760
2722030121
2721473070
2721395494
2733900134
2801533026
2813132898
3085702386
4159192274
4150933698
3622451394
3622447554
3622444738
1207766722
1207711730
1203511730
1170153858
3317322114
3300639619
3300504500
3568936692
3573131996
2499582716
2424093420
2956765932
2973544168
3007116008
4080812776
4079747819
4079223274
4083417194
4058316842
4054199354
4054198298
4054198282
2515986442
4126582794
4160006666
4290027082
4290544330
4289495706
4289233578
4159406760
4147000232
4146471848
4112654744
4095877292
1881285804
1911696556
1907370172
867182797
313583687
313567239
49462533
40015109
1113751844
1114013984
1130816304
1407382016
1373815300
1373880836
1348555324
3496046124
3563186728
3563313448
3571829032
3572812600
3572821512
3589595848
3589587611
3756278442
3756262314
3756331178
3756470442
3748012266
3748029642
3613846538
4151683082
4160526649
4154305064
3885805080
2818354696
2809960008
2771944024
2770895401
2804843305
2805920043
2772332843
2687901975
2692161895
2700415463
2696151463
2964130983
3048016051
4138539155
3534633090
3538823298
1122905282
1114584131
1114378355
1139019875
31858707
31858951
82186503
74908437
74520381
74526524
208743192
209013528
502581816
536129144
519874264
511476376
510427801
510362298
527078058
493872042
476864746
1013735530
2096981050
2097085466
2097063963
4258703640
4160010760
4134836744
2524743176
2532082264
2527625976
2544419496
2645250729
2628399786
2632655274
2632458410
2632457390
2229864638
2230261910
3295553670
3223791750
1093020807
1126593669
1110597764
1114792324
41083780
41001652
36807396
35894884
1394773532
1361284620
1344318268
1902160172
1902157096
4083191592
4084368904
4067598856
4065501720
4065456685
3008385583
3008366382
2438399270
2440502311
2448765991
2482451478
2545288194
2545824002
3351126274
3355390290
3321696338
3321696338
3305050326
1149186390
1149186335
1149179659
1144856075
338968091
355741227
354690859
358876987
895746315
904200523
904348875
897012971
930475243
930475179
930456971
930448778
937787786
937787802
669487530
669491626
669427114
1734782122
1730657450
1713478906
1713611994
1714593882
1731391546
1731342634
1731339050
1702045482
1979133550
1958157039
1958152949
1419059140
1418997700
1418995652
1167537088
1171674048
1173766977
1173705667
1173418466
91283810
91386163
91357447
124913415
123805207
392178237
392178477
392178473
392178985
392181017
400556297
920649992
385106232
376717609
393340201
930211179
930194939
929072539
904168858
904167835
1973781401
1973856184
1978050472
1969663912
1969467113
4116743929
4158699131
3890455322
4158824730
4150714410
4147536938
4114033706
4097194094
1949702262
1414928854
1423318977
1356141248
1351889600
1100296768
1100354112
30806592
66470464
66507328
66516544
66569744
66537009
49630773
49618485
41172783
376713007
372518187
372516139
930353435
930349321
929300825
895762809
895829369
895974891
895938027
896003514
895794586
904168842
904233354
636977563
636986299
636724139
627287979
1701027754
1831059370
1830922218
1831052154
1832035098
3979534618
3979501866
4231146539
4235339823
4243724333
4239788349
3700825861
3700762181
3700695621
3717558993
3717681889
3584020961
3587490144
3579101552
3579310400
3608600832
3591770881
1446381063
1446448694
1445277230
1449475886
2011438442
1973687530
1973683418
883163275
887374216
1030047176
895960856
891715384
925265192
925295913
929292377
929075403
937460107
1977975195
1973781417
1977990824
1961212648
4100168296
3831740984
3827542556
2754848276
2754847252
2754802231
3023237670
3039982119
3061187107
3061253859
3069119425
3064936896
3064740000
3064757412
3047974052
3031229829
3027101582
3023896238
2972503718
2988821414
2988887478
2724650374
2724624325
2988843716
2988712580
2988712636
2971871148
2959219880
4037150888
4037019816
4037032105
3500158121
3500156153
3231789259
3252695243
1105208330
1130392858
1130396474
1130437178
31537946
31669002
6503706
2561066
2424874
270860346
270873610
287585290
824986894
627964279
627964279
627964279
627964279
627964279
627964279
627964279
627964279
627964279
627964279
627964279
627964279
627964279
627964279
627964279
627964279
627964279
627964279
627964279
627964279
627964279
627964279
627964279
627964279
627964279
627964279
627964279
627964279
627964279
627964279
627964279
627964279
627964279
627964279
627964279
627964279
627964279
627964279
627964279
627964279
627964279
627964279
627964279
627964279
627964279
627964279
627964279
627964279
627964279
627964279
627964279
627964279
627964279
627964279
627964279
627964279
627964279
627964279
627964279
627964279
627964279
627964279
627964279
627964279
627964279
627947895
896382327
359511543
91075062
74297854
74297842
208516594
74297842
82686386
351122929
351123888
351124912
342800768
372160896
104246656
104236928
103150481
1446323155
1463232482
1433806306
1442131426
1421164002
1421286786
1442280834
1475473794
1467077506
1456575410
1456706018
1455530338
1455464739
1438690611
1413523745
1414576417
1414838561
4026907937
4094137601
4094067137
4111368576
4062086016
4065755792
4076258976
4076328608
4067776177
4067702691
4084475298
4084475298
4076086434
4075946130
4075946178
4075950530
4075839939
4092618019
4059065639
4040195383
4040177943
3503302998
3495111110
1347565958
1364598150
1364594070
1406471590
1389643174
1926624151
4076315524
4076118996
4067730212
4079264292
4079264292
4045775396
4045775412
4079280663
4079320630
4079360294
4083550246
4092987430
4059498734
4057413774
1893084303
1893098895
1909899661
1908769181
1908715925
1900323253
1896124901
1896141861
1880345635
1949449251
1949445411
1969366323
2012362519
2142388743
2140358151
2122378823
2126556765
2126555949
4274239788
4274030636
4274031676
3191907352
3187778584
3187913020
3204625212
3158487580
2898719356
2895561453
2761802414
2898052782
2910650286
2939977134
2805734590
2772311198
2755542158
3828755598
3832949903
3841342861
4105584020
4105395604
4119917972
4153467332
4136674117
4140868373
4134777655
4130459942
4147441958
4114052390
4113974574
4101377342
4101311262
4108073806
4108267358
4107745262
4107538926
4107551199
4124328143
4124562509
4148554845
4144294013
1980033117
1980234101
1984878421
1984840261
1994015437
2002391757
2002719677
1967920557
1967930797
1967406253
1967404205
1975652767
885141967
348332366
348135710
483419438
483419438
485519126
351461126
366136070
399674118
1464176406
1464123239
1472505335
1439077317
1439073157
1431208629
1431089829
1426907813
1460462245
2001629847
1984316839
1992705191
1992770791
1992762583
1465197647
1427383311
1410426143
1410557727
1414954783
1415007518
1423236478
1423043958
3587352006
3583152583
3617030599
3616899575
3616908775
3621119463
3579176423
2505569767
2505524707
2505392611
2515919863
3585336311
3618894455
3605120823
3592471831
3592520711
3593708551
4147356695
4114064437
4114084917
4114011452
4118189852
4151754332
4143439612
4134919900
4134817437
4134817455
4135026347
4151795627
4126608827
4126475679
3044090335
4116783357
4109443309
4109439469
4109439989
4103087047
4103168583
3566462583
3566329703
3572554087
3580950887
3610368455
4130512839
4130508743
4147283270
4151432486
4117820710
4117882134
4126369030
4125320502
4116919590
4116780390
4125164014
4260368878
4258337215
4241561055
3570408845
1422932380
1422928284
1422993820
1439775132
1473331100
1456567196
1448342412
1450415004
1446023660
1446027628
1914741037
4079009071
4075011374
3802307886
3802303806
3819084862
3819082798
3848373294
2770574399
2753727551
2905799725
2939309372
2922515964
2922778540
4000778164
4269086613
4277482903
3199477142
3199543206
3200127734
2663252678
2646430406
2628576902
2628038279
2632428165
2632358541
2623916957
2619400109
2620417453
2637177327
2637377903
2649890863
2628871485
2626743565
2626743053
2626726421
2647702069
2681445973
2681394887
2664625031
2656108967
2651849127
2534408615
2500922790
3578927495
4109510837
4105185445
1961892021
1952454797
1432566989
1432446412
1432413660
895526252
891401573
891401589
891401501
622968093
622902589
622902589
656653631
1730329919
1730329919
1730329919
1730255903
1730264095
1696971839
3978755134
3978714158
3980264750
3984459246
3990488998
3969712806
3969716982
3835437782
4105971414
4105973399
4238093957
4241762949
3703843713
1573334145
1463960705
1448267973
1448247493
1448181831
1450214407
1458611479
1458613543
1448126759
1443933479
1595008311
3742560566
4279386422
4252123446
4256317750
4239541559
3702738695
3706976775
3707103751
3723882003
3657236275
2684142951
3220750565
3212365989
3193496740
3193564324
3193630100
3193630356
3210629780
3185529492
4242363092
4241773109
4109656871
4109645103
4101257518
4034148398
4030019902
1899378958
1930836751
1914050319
1914110221
1918173471
852951099
847708203
864309291
1905055083
1888263546
1888271690
1888263642
1355777498
1347061706
1426763470
1426778846
1460267774
1460488958
1581649302
1590055094
1585602726
3733123255
3666014357
3670143108
3678463412
3674254820
3640699877
3641097831
4182163054
4174312990
4191930126
4191731982
4191797310
3629871143
3629736237
4168622444
4168837084
4166672268
4166700956
4182494124
4224248748
4224233373
4282967942
4284209094
4282041302
4248490982
4248728038
4252988902
4259272182
4259207111
4258678215
4258612725
4258588129
4283753829
4278509685
4278448151
4265792519
4131570999
4140029223
4140025127
4156679989
4156647229
4114707996
4114944540
4098294396
4115075692
4114949101
4123010013
4106245581
4106341581
4106602751
4114995439
4114987455
2538572687
2521747087
2531193487
2531189391
2533253823
2533253807
2533188071
2549899493
2544681061
2544156705
2477576193
2481971201
2473518145
2435775699
2418985443
2418952674
3492694514
3492694978
3496374210
3496306498
3521405298
3546304818
3546534162
3538088962
3533896979
3550739761
3550543137
2548100401
2539978517
2540160820
2523301412
2523910692
2523787812
3056394780
3074220812
2977752844
2977943356
2961165165
3036568559
3036606462
3053447134
3053244894
3086795230
3078410718
3078468990
3045041534
3043933247
3039747101
3039812685
3073242461
3074286941
2810177533
2809624559
2818004975
2750765039
2750764463
2750764477
3010807701
3010926469
2977244805
2977244861
2985633453
2985564079
2985559470
2984516846
4058266846
4058475590
4058408006
4092061014
4083668790
4083668535
4083536391
4050122255
4050122511
4033338719
4033203583
4033109375
4049952254
4050089454
4091999726
4091998590
4092064095
4092065039
4159042829
4117085469
4117019965
4117019965
3043353917
3043484989
3038959407
3038954287
3044263486
2775709278
2773546590
2781933566
2815557630
2807300094
3084312415
3084371807
3086337855
3086800669
2784813853
3044926269
3044926253
3044864813
3028079468
2759710045
2757221853
3025554653
3026077917
3042855071
3086908559
3070196895
3070178719
3070038429
3069977501
3086951357
3053331949
4126086637
4058778733
4058791005
4150537293
4146539727
1998988750
2003174862
2003175134
1977943806
1977878270
1960851070
887367262
887383518
904193278
1973784831
1977921757
1978966156
1953800412
1947575804
1949744956
1953937949
4100364829
4117072447
4146563647
4146511423
4129748767
4133929245
4150771773
4151144493
4151275567
4151251247
4152308031
4152309567
4152301437
4091369309
4090777049
4090789369
4056186329
4056776155
4057946074
4108273626
4125087194
4125091326
4124960254
4158518526
4158493950
4141848031
4070553052
4070483868
4074743708
4066178748
4078794428
4080998300
4047386548
4033753511
4033745390
4042199294
4058845310
4054594654
4054592862
4054674766
4054707038
4058905183
1894579789
1886191181
1885730393
1881527129
1881489785
1881423981
1881407727
1881616623
1885742335
1348873695
1358236503
284511062
280485650
1374090498
1357373698
1365614851
1361424659
1395110163
1382462723
1390841603
1390857987
1390792499
1408558882
3522454306
3522454306
3522523430
3520397607
3520337255
3546029303
3512470711
1348361607
1348402565
1356776837
1356777349
1356629860
1903998756
1936504100
1915004212
1915003141
1915019573
1916072229
1914098557
2002174957
2009548717
4153692079
4153724927
4152679935
4153931263
4158055775
3612795214
2673336606
2673172830
3579073918
3578082814
3578209702
3586528166
3583382454
3583914901
3583923084
3583787932
3564946796
3559705644
3559774236
3559843853
3559843853
3576687903
3614307615
3605907295
3602367327
3606495839
3607032382
3606930214
3598476070
3598479654
3623178278
3621605414
3588052071
3521084789
3521019332
3512650180
3546271172
3541949824
3543528880
3543525296
3512132496
3520524929
3503542931
3503354535
3511743462
3509908966
1933041078
1920327094
1920268710
1920264358
1651828910
1652014254
1668717759
1675007071
1676849167
1667477519
1663340559
1663361062
1663328558
1629890094
1613108782
3769503278
3769437934
3770159015
4038606725
4036505477
4040912780
3495818892
3512506044
3512506109
4093613591
4093551878
4083983414
4049903654
4049900582
4046439478
4047424518
4047395846
4113979463
4113972679
4118154929
4126607013
4122215076
4120122100
4120142580
4120142453
4090815845
4090883447
4084518007
4082486518
4065852638
4065762447
4065756559
4065756557
4078278141
4046765549
3778329965
2758254397
2758274621
2758141469
2758043165
3045003821
3044938541
3086943013
3065839909
3082552695
3082560838
3051105734
2489068998
3692898726
3692956838
3697151126
3713926278
3621606598
3605000263
3734941701
3736777732
3740837172
2666046756
2657658156
2674434348
3211440940
3178943021
3162161707
3027945003
3028174442
3028180986
4101835226
4101773466
4114365594
4114365594
4118221979
4116600203
4116600267
4124440411
4124369691
4090880797
1943528221
1918329629
1918182205
1912878893
1917065069
1673794927
1669813615
1636221999
3784212527
3779952767
3775706447
4044137934
4044129742
3775696334
3775844350
3830372270
4106679278
4106642414
3034014191
3168036191
3159747919
3159883039
3176524063
3176525135
3210046799
3210180046
3210679759
3193897471
3202286767
2665420271
2667517422
2667517406
2683778894
2650240846
2641720094
3723817790
3721716095
3717505405
3717570684
3755315292
3709125852
2635910396
2619338236
3156143468
4095672173
4099851901
4108109325
4120703501
4122800669
4122796669
4126992111
4099731438
3021987310
3021915646
4095657422
4099920334
4108185935
4124963149
4125093917
4124570652
4157957244
4135019645
4130751613
4130752383
4134946430
4143367774
4160083534
4157926942
4124372526
4115951406
4116475182
4057953567
4057875727
4124984605
4127147309
4152120621
4145602861
3877167413
3876581847
3863843223
1649201558
1644482950
1711587742
1711622078
1728475054
1741056942
4119226798
4119296447
4119153119
4152641999
4157926863
4149569477
4130828949
4128395957
4149432997
4115886757
4124238496
4107465712
4107522896
4101042960
4116752148
4116752148
4116751636
4125291796
4125555989
4117158967
4117158951
4118727718
4150250750
4133471454
4132423054
4132423055
4132427663
4132370335
4133418973
4158584285
4160221533
4118147196
4117098876
4095799660
4096909676
4101203821
4109598333
4103281407
4103150270
4107287214
4101259182
4151579582
4134867342
4143911310
1992233470
1992118571
2011979049
1970071833
1965877513
1965877576
1965354184
1463107720
353829256
352715145
340141021
478552639
211162679
77596198
77653798
1168417062
1457958966
1450087431
1445628941
2116716556
2116716804
4264200788
4264078060
4247299823
4230865630
4230808570
4230283754
4230217902
4238614702
4238614702
4238811326
4239729029
3702793604
3698604996
3558165060
3289831941
3558320645
1467329287
1987489542
1995867398
1995342087
1928233269
1929019429
1918480421
1645781093
1627971809
1611145393
1611137201
1611268261
541988839
547227365
548277765
867052037
1924082181
1388079620
1383921924
1381816356
3613187172
3579639004
3571303876
3588113028
3586019972
3586028165
2545840823
2545738402
2528961186
2528948646
2531046582
3193220198
3189024806
4262766654
3994462222
3994462222
3860245518
3860239391
3877601341
3843997757
4011737215
3877503471
3867087791
3875276717
3871083180
3854121660
4105906820
4105841348
2494185156
2494236352
2495099600
2159551056
2157453907
2174248498
2195278626
2187152162
2187151650
2195683378
2193548290
2193547266
2193547270
2212249638
2170306790
2153562278
2152723878
2152660414
2152659390
2152651150
2169428366
2204015047
2206046533
2189212965
2197594420
2197659924
2197790996
2189291556
2185031716
2201882737
2151289921
2151288261
2155482101
2155551461
2155363053
2153261821
2152229580
2210983628
2189984397
2189984669
2189988287
2207232430
2211422638
2198647278
2165081574
2165149014
2467228942
2467227662
2455693375
2455697727
2464074015
2466172175
2533000525
2549854541
2516168733
3036196909
3027809580
3027801380
3157892900
3158040420
3157950436
3174776821
3208200149
3212525463
3212722087
3221096359
3216447159
3182760919
3180623827
2626708947
2626692595
2488282482
2484079378
2232552242
2232814386
2237016834
2241211138
2173122818
2172914898
2173439123
2173453441
2210940032
2203698576
2205857200
2206119840
2272772000
2272567136
2541002016
2523249681
2523245569
2519049217
2519049233
2537022497
2671690785
2635744565
2618951413
2618953461
3705277141
3707316931
3719834307
3719834562
3753409874
3757667602
3749270546
3745234962
3745169666
3610939666
3598426418
4141458211
4140343649
4140343537
4148736209
4111118469
4094350469
4095362183
4095346615
4099483303
4107809455
4103602859
4120384233
4120388377
4126680329
3588959497
3588892937
3584715545
2511076105
2511113033
2225901513
2225899483
2247591930
2239165418
2272715498
2253808430
2253791526
2278953254
2274824226
2245268514
2161391651
2155092017
2171996481
2214464448
2193493888
2193556352
2193379761
2197578913
2195514597
2203909221
2153761061
2153700117
2155801093
2164190725
2163080721
2154352433
2155384625
2153291123
2148044258
2148240882
2198509010
2181735874
2248845250
2253107138
2252980178
2252928483
2252919907
3322531937
3305820241
3290067265
3290046789
3290048453
1146830805
1155087333
1150827429
1171880375
1190812039
1182518663
1111085447
1111024023
41460151
41480615
35214783
18505623
1712006
8277942
285046182
1357669798
283927718
300704982
300706934
334261350
334462054
317602903
309212629
309277157
309068773
325847013
325967869
292355037
275561429
275037013
275094341
275225431
275627895
275756403
275756291
292467971
326022147
1399758131
1391369505
1391435552
1391435312
1391443457
1378876929
1378713091
3542974258
3543088930
3513662754
3505261874
2427325778
2427340226
3568255939
3299689409
3299627712
3300156404
3321112356
3311676708
3308005669
3341629477
1194211381
1462646855
1467955655
394071439
335499661
293515653
292991365
825393293
808485101
806391917
554744873
554739753
588490792
654485544
1728228408
1694683144
1677967624
1677869625
1691501161
1687298667
1687159386
1710232266
1701855114
1681090714
1685252265
3857889705
3887512488
3887381192
3870598728
3874783752
3861217816
3861291561
2787549738
2804343342
2770793070
2758100974
2758608814
2758743438
2758225294
2784259518
2784292326
2780166646
2780297478
2784476422
2775952645
2771510532
2771645748
2805084532
3878819284
3878815141
3877635493
3881832871
1726034351
1723011231
1739657417
1739665480
1737780232
1739909128
1723115528
1859430664
1851042568
1713225224
1715290696
1715339979
1714815994
1684144554
1818374634
2096234858
2024999226
2022705418
2022713610
2022713610
1506814218
1536367882
1538277642
1269875146
1536525242
3649483690
3649479593
3649872296
3654069672
3654130600
3645742792
3645744712
3642614280
3642683912
4279686747
4279668074
4015425578
3997272170
3938486522
3930373066
3926173258
1778688523
1796522507
1796342314
1796354606
1798447150
1811098662
3935373346
2055407618
2055284802
1518546114
1539448962
1497502086
1220674454
1485243053
1552217772
1552198312
1552198312
1548004008
2131008248
1981659656
1714400776
1718003464
1650898234
1646691370
3794175022
3794190382
3777888526
1614676942
1614676942
1618805487
1627140847
1622422379
1622422811
1622424907
1957967947
1957963978
1962158282
1416894858
1551321994
1559416458
1555272346
3735130830
3735261902
3735462478
3736511334
3669270887
3669273829
3671390436
3679729796
3709282436
3708976276
4229088484
4229071332
4241654100
3971134213
3973096961
3981487639
4010847751
4010915334
4010980870
4010988054
3843179366
3830597094
2765376751
2761214191
2763311357
2782783565
3881806092
3810437900
3793141260
1645658636
1645691421
1645482797
1645486447
1647583471
1660170478
1653866734
1653935262
1652841614
1652877711
1657262031
1657196239
1640420941
1615230477
1612064265
1612064265
1618378537
1624591656
3767848232
3767860536
3767858440
3787756296
3787751960
3821896252
3805057596
3805073983
3872183662
3059743982
3059576046
3072201966
4114486414
4118689166
4127078350
1421809662
1421613031
1419525543
1423715477
1415327105
3563056515
3558782851
4032202626
4057368454
3807807298
3807874818
3807219506
3807162147
3798771492
3794576164
2720834348
2737799976
2804663080
2771043304
2771308520
3832400697
3840264475
2766633242
2892327946
2892309514
3898941722
3898999162
3899524090
3907913726
1755783167
1772436351
1772173629
1805728029
1806772253
1787898893
713040909
713040909
713041231
717235663
717241695
734018911
1002454335
1002536255
994278719
994148159
