2547499787
2547405625
2547397417
2509726505
2509726509
2509759279
2442638119
2442430247
2981400359
2448722791
2473363958
2469173462
2452478038
2453543030
2453289014
2467964982
2434411830
2445946422
2962898485
2426210900
2428242500
2428246596
2448214596
2168232308
2434644324
3507403621
3507403637
4044339781
4044208711
1632483911
1632500309
1632631653
1632631653
1628437477
1628404725
1628257245
1628257247
554514911
1628387582
1632581887
1909405823
1372403805
1368209421
3515824141
3247339789
3280988735
2207026734
2207029854
2207029630
2207029358
2207037678
2211297518
2203039982
2471409918
2467215614
2433661183
2971581661
2971647133
2703136956
2703136940
2703145388
2703210924
3776952812
3776904428
3776904381
3810520253
3810487485
3810164159
3810140094
3814394558
3822918334
3785177823
3787270687
3770493471
1623009805
1622683148
1622681116
1895309876
1886913076
1887109684
1884820036
811100101
810085829
810125511
810256535
290183575
323942807
1447460246
1447225222
1447223942
1455600310
1455665830
3749749678
3749750766
3749752190
3749756286
3749887295
3619861821
3608334620
2534588700
2534818172
3573970232
3578211640
3578211641
3578210617
3612834585
3528937227
3537358602
3537209162
3537212890
3527709166
3607396782
3573907870
3578188175
3695604109
3695585236
1480731492
1480796708
1481845284
1481849380
1481973525
969938183
969945103
953167935
968896559
960508975
960506909
960518429
960551261
960600445
960601599
960601599
994153919
994293183
994292671
977381311
977387454
977378238
977508798
994277822
994453887
960903487
944126271
952503613
952504621
952238397
952108813
943720205
960507165
956324221
692148605
692181373
692181375
692181375
692189567
692185471
692169215
692165119
692162047
692166143
700562943
968998397
960610302
423870462
423864254
407091134
1476629918
1476560062
2026288318
2022089918
2022548671
3901600957
3901658509
3922630536
3948318440
3928410664
3928193576
1780558376
1781541432
1781541400
1781544728
709951800
714162216
1804701736
1803587608
1803591688
1803595592
1765841608
1761643225
1761712888
1761712632
3892485544
3892507820
3892452772
2885815716
2891059104
2767325856
2762148528
2761956304
2812296464
2728656128
2728570115
2728830466
2728699442
2732893794
2737080050
2737145490
2737741458
2737225618
2737306102
3810851046
3810809957
3815192620
3815123004
3815188540
1667578932
1676098580
1672361012
1672363061
1638800694
565906962
562765314
566771202
625483330
759701202
793254610
726145750
726146006
726407638
736041206
733354110
733427807
697318429
696317005
964736204
1002480076
977310108
708940220
1782685108
1782684084
1791072692
1791080884
3913526205
3909528463
3959857030
2886111206
2887173606
2889729382
2889635174
2909107495
2909103411
2917623057
2918612225
2919136513
2919132481
3992911185
3992575459
3992569315
3984152515
3984222147
3984218050
4251649394
4285338914
4285275491
4285280097
4285935441
4286472016
4290236368
4122271184
2813697472
2813771200
2813234624
2817492947
2808985570
2804720610
2804196326
2770662886
2770652654
2770618862
2808436974
2816825598
3873798231
3874974791
3874907461
3866518868
3883365360
3849802720
3833026000
3832944064
3849723328
3891481968
3874511713
2796584801
2796580451
2800872979
2817783553
2775832321
2767428865
2767437059
2767698179
2758122291
2758122274
2753953378
2805333986
2805260262
2788478438
2805222882
2808368354
2774891746
2783407218
2783411250
3857153043
3857874179
3849776387
3849774339
3983998739
3984056115
3992309603
4025802595
4009222131
2934427075
2926042563
2925884867
2921621475
2921605091
2942572515
2950979559
2950979063
2947374551
2913918277
2913922885
2918117125
2901276469
2901206901
2892818261
2888688983
2888588642
2888584418
2892778594
2901232738
2901367826
3975052290
3975078914
3975078915
3983469827
3983531283
4016950625
4016950624
4000171504
4000273856
2934929344
2934925008
2934273760
2925813472
2926923504
2943844032
2943839936
2918580176
2914375537
2897532915
2897522386
2901782230
2910170742
2906099254
2906099222
2939538966
2939483686
2938431279
2938430765
2942588200
2808431928
2809087288
2817475960
2783803384
2783802360
2783802296
2779533753
2779533754
2783269274
2816832954
2816867770
2808478138
2808469658
2804414602
2804410506
2808605834
2808538315
2808538328
2808606840
2774909240
2758267160
2758205752
2766594856
2762463016
2762329385
2766208297
2757819705
2775045451
2791753035
2791752971
2791753529
2791821097
2791702313
2791630633
2800018809
2816823803
2783265722
2783265706
2783429546
2775046074
2775055770
2774924698
2774920346
2774920410
3848791258
3848462410
3848430666
3831723099
3831587961
3831590269
3831709052
3831635828
3831635796
3840087632
1692471824
1692472080
1692480272
2091066112
2091065600
2091069696
2141655299
1051133250
514133318
451267014
438630878
975481310
975482270
975482266
774157722
778089883
1852876728
1848681400
1848746744
3996295784
4013093416
2939351592
2804052525
2804028205
2774668079
2778923310
3047227694
3030384878
3030651054
3030651054
2489581755
2486437049
2486568121
2485532121
2502304329
3588629001
4154860043
4154843722
4154762826
3588537914
4096559402
4096559162
4230985739
3962480648
3962022920
3962020104
3978461752
2942468648
2926740012
2920456748
2920391205
2920342055
2920346151
2920305518
2920284654
2924746218
2943616234
2952070330
2913403034
2913341658
2913349850
2913407194
2914070602
3989905675
3973261065
3972212233
1816211000
1816423960
1813306888
1815384009
1697418633
1730972809
1848413337
1847954585
1848087707
1847767195
1848021435
1849078250
1849090858
3996574506
3997098794
4001293098
4009423163
4009410827
4026253643
3992572377
3975803385
3967542713
3967509912
3967776664
3900643256
3967096808
3967030248
3975156200
3975164393
3970971002
3971183898
3906137354
3908304666
3899784986
3947953674
3926978059
3926978313
3931242264
3931297592
3931296056
3931525432
3939979576
3940372777
3940405611
3940537195
4007326330
4007327438
4007326670
4017861006
3984167322
3967336635
3963211929
3963351193
3963547897
3963540969
3967113065
3975444329
3974374715
3974112587
1826633034
1818299770
1819483626
1819500010
1836146170
1878121946
1857093067
1857087307
1854973771
4006716187
3998413595
3994219291
3993170747
3926348587
3931599659
3932123947
3940448059
3942306575
3942306575
3958100315
3903426937
3907621337
3967537609
3963344073
3963483289
3963614633
3962926504
3964958121
3990107561
4023392249
4023588827
4023547483
3983767066
3916494618
3899719450
3899714842
3899910154
3899915275
3914456075
3948016953
3931361657
3931325305
3927397369
3931599849
3940512745
4003353449
4003119465
4022063951
3988513615
3975930319
3967545823
3963344383
3963213241
3963213241
3961518057
3965671401
3973927785
3973346169
3973326683
3973326170
3973328362
3964681450
3964673514
3964755354
3964755338
3973273547
3990083529
4019450841
4002669401
4006732635
4006633755
4265632059
4265680939
4266078255
4267053103
4275962157
4277797148
4273619276
4290433868
4256806860
4244221900
4244225996
3967533000
3967524569
3967653627
3961304810
3960780778
3960780138
3960509738
3977298986
4010918970
3996316698
3996312602
4013129051
4017184123
4015087099
3998293979
3864205211
3872602011
3872600987
3872600507
3872657851
3872666043
1721577913
1721644505
1723496393
1726641481
1726702921
4117327177
4100713757
4100709676
4109092156
4109353748
3840791045
3840270869
3840270887
3840275238
3975206182
3981495358
4011018334
3994179678
3996350558
3996351998
4000415230
4000347642
4006671834
4006671322
3939623802
3938542458
3939590714
4208027162
4208015163
4208015145
3134526760
3201652008
3202306328
3204116744
3204109064
3187312136
3170604616
3162087132
3162087165
3157900991
2893659823
2893592494
2902241710
2902233262
2893332654
2939536634
2922628218
2788422778
2788418618
2788287546
2922505306
2926804346
2926796666
2935185146
2935185146
4008926938
4008804042
4000331594
4000592218
4000657787
4009718075
4009644345
4009382169
2934599949
2926272844
3077268812
3026941260
3026935256
3027912088
3036628888
3032437400
3032306360
3031716521
2694075306
2694115818
2689922410
2687818778
3828865050
3827742746
3827738890
3844516106
3882343691
3861234953
3860971848
3860943736
2787324904
2809279208
2775724713
2784047785
3836752554
3769639594
4038076346
4038075802
4038079898
4059043018
4049671370
3508876362
1361404939
1428513801
1415968009
1417004809
343365129
343357017
342963961
342889147
359860155
525469115
517092539
517153979
516973725
517005405
510701597
375435293
392208445
1474342957
1440789549
1436657701
3585320999
3583154231
3582106086
3611446182
3590393494
3591504518
3595698822
1454510742
1454511011
1454387683
1609573411
1597007875
1579198471
1042524165
908175365
908363797
644188373
925273220
874694020
1947395716
1409443492
1409295012
3560973028
3569357349
3566211638
3299877174
3298910262
3231833142
2158201910
2158922790
2163117078
2222622798
2503642527
3610938252
3611011724
3594227340
4128958124
4128957116
4145967852
4145378156
4113625900
3878740780
3882918700
3874588441
3872492297
3872434443
3871385915
3871447339
2798095707
2806958027
2769998539
2753192683
2755342954
2893616746
3170701102
3183222126
3216780406
3214680150
3214676166
4292808902
4259193038
3701088463
3701092713
1553532520
1559759464
1563966152
1597532872
1597565832
1597631370
1563229578
1563197834
1550156250
1559138682
1555997482
1555669802
1555605038
3703090726
3703221808
4235902496
3157886512
3207111472
3190469392
3204100352
4273647872
4271624464
4267455584
4262995169
4262999203
4265217186
4264168614
4117630342
1957048198
1956784070
1956783950
1420841806
1418785550
1417716270
1417716270
1417912874
1552070201
1556516392
3557592872
3557591080
3574503432
4145985544
4158556424
4137061896
4136930872
4141146681
3604439802
3596034730
3592167850
3592171690
3728474286
3560705186
3562686658
1423632386
1419426050
1419292178
1419290129
1473881600
1593484800
3740964608
3731590496
3727199648
4264082848
4264161184
4264191873
4264183682
4285351346
4260123874
4244382882
4244384934
4236127366
4244516302
3703442126
3703507558
3753720421
3736627748
3739807508
4264099084
1513653532
1530633244
1480244237
2029693967
2029685766
2037943351
2067309607
4198015205
4196049828
4267365028
4009378452
1845101188
1820013188
4235800204
4101581485
4101507759
4109896623
4110166447
3841747357
3841254797
4109688972
4109431244
4109402972
4122119724
3031628324
3035720228
3044027172
3076529188
2523004980
2531393588
2528247908
2544963751
3046404526
3046425518
3041167262
3036972958
3037044122
4144414666
4145459018
4147555082
3845564938
3827739146
3760626234
3764816426
3764768042
3765747770
3782492170
3883147290
3862241326
2786533422
2786468926
3067490158
3080067822
3046443759
3046902428
3046928012
3079464588
3083642764
3075253196
3071128412
3076437804
3078532396
2801184045
2792663086
2721089582
2721351742
2736229502
2701575422
2703151262
3781092494
3772671902
3772673710
3839838894
3847506670
3847490142
3843304207
3778293007
3811912717
3816236091
1673475115
1671365674
1671234938
1636042714
834933722
809771982
806150862
806134342
809997062
809993495
272664598
1342490630
1342556166
1359927302
3540973574
3596516166
2529051222
2527707765
2661859940
2661864044
2661872364
2394448621
2369267373
2368294573
2636762543
2506868906
2512111802
2512038026
3048908939
2514200715
2503576267
2503712459
2503648971
3039471307
3073042059
2804805035
2808921323
2800520431
2796522589
2797513741
3070158095
3074387726
3073191454
3173919534
3157141806
3102349358
3098150958
4171892766
4171761678
3652725772
3652723916
1501048908
1228439884
1226343368
1209574356
1476963060
1476963041
2030610995
2030672402
2068421395
2119929937
4275740912
4141785280
4152000704
4147822721
4147734689
4147653029
4149750183
4158139815
4154266109
4154393037
4160033097
4118029065
4101317433
4101385771
4101405226
4243946042
3572853274
3573344778
3581732426
3581461326
3589849982
3573203823
3707429733
3707429669
3722112304
3713706240
3609102592
3592341760
3592412480
3596469616
3604758627
2526892262
2547852518
2680431846
2638490854
2638490966
2512725974
2508661494
2508522406
2441364390
2424619453
2424632732
2424356236
2429795724
2421337020
2417343204
2417282772
3491194564
3507888836
3507888845
1375142895
1375011055
1356136495
1347879983
1347885071
271919119
271853583
276129999
283572366
333612174
384008590
383877518
384008862
383947422
509645422
509649454
1583394350
1583545150
1591900462
1587968302
1589565486
2130349118
2119797791
4267228431
3730353421
3680153348
3690638596
3690628357
3678127397
3675799847
3642237222
3625460582
3701080790
2627338934
2629455782
2629355943
2633562543
2618861709
2669194637
2651499916
3729434508
3729450908
4144697256
4111011753
4044032425
4027193769
1884953007
1910117791
1905996175
1939370447
1924718621
1928896553
1916313643
1379446826
1379703818
1362921482
1346209818
1346258954
1346242890
1417293258
1421345690
1421345455
1421345453
1421353644
1425629836
1425732300
1417314844
1429844780
1463330109
1463329805
1463387147
1463667770
1463569450
1429830682
1413147914
2087374458
2091550442
2091489001
2108208840
1839768008
4017660104
3996886248
3996820584
3997082684
3997087260
3996549676
3996631599
3998491182
2920555054
2870223422
2839290734
2826698990
2834039022
2829910250
2896825578
3971627211
4237912264
4237879496
3720972488
3742083208
3726367880
3591979144
3594060184
4146725800
4121584297
3048891115
3048957678
2509789950
2504837950
2534197534
2517559562
2522802506
2531157450
2529092042
2549793194
2549793195
3086721449
3086530492
2547560092
2532880028
2524491644
2519323949
3056129069
2989020207
2989159454
2989157662
3001739582
3014315006
3031157390
3035224718
3028016782
3023816334
3022771966
3026735726
3026723110
3035111462
3031105571
3031040049
3031040017
2498429189
2489843981
3559401228
3609866045
3597281595
3538553113
1392117833
1392068808
1450735816
1445491913
1462263883
1412067339
1412059930
1413091882
3567125034
3566469674
3565441582
2223002239
2239813228
2411787876
2412029412
2412029072
2676335760
2676339888
2676987056
2681113765
2534313383
2535099814
2535365046
2535373302
4145986838
4135496966
4134857734
4134855702
4130862102
4130784278
4130848790
1981628478
1981699198
2002679134
2011065695
2011068765
1474263388
1474124060
1432114436
1432113428
3562885396
3562001172
3570389621
3566072551
3567117998
3566992062
3571112590
2488978062
2507787166
2541289407
2540234749
3060327036
3068719672
3068785196
3085562412
3085493804
3078219564
3074153748
3074085909
3057308679
3086668870
3086668886
3085882454
3044004982
3043855735
3022888759
3028138557
2767960636
2767825436
2767765052
2767758893
2776138287
2771943998
2771972654
2770915694
2770862318
3844605094
3844867254
3849061558
3848672438
1709585590
1705389447
1689677445
1689516757
1689492037
1689496069
1638967813
1668327685
1647361045
1647374391
1647407159
1647456293
1647718629
1650852005
1671890861
1672955549
1670731405
1669625485
1669621391
3783550607
3771148222
4031131558
4031130534
4031130278
4040563382
1893075603
1890933443
1622535683
1621601793
1625397761
1667275777
1646312465
572634129
572968963
572932099
572932147
572985443
577201123
598034147
548798183
563474167
595914311
566553859
537191427
537152515
537267571
538320611
1616260771
1622609569
1622412961
1670717057
1922312065
1925456257
1913070001
1917194723
1925259746
1943019878
1908417838
1356150062
1356143902
1356102926
1356115718
1356115719
1356107527
1355779413
1423947093
1474215365
1449049477
1451147139
3728656306
3727639970
3728675234
3661443554
3680313442
3655147558
3633914150
3633849638
3635947301
1555572260
1555578404
1551371876
1563970132
1966660292
1966665668
926445508
858353396
841711276
578453420
576338348
575225276
843582620
860619932
272957589
4599985
4595890
4597042
13905170
1088686866
1088940818
1105636098
1118220034
1118742274
1185845506
1185841153
1319928864
1319930080
1245489312
1262266528
138061952
473621632
472789120
338034816
337773219
904073954
916529890
916546290
916513410
917546962
919643362
390114518
289577158
289576998
1392543782
1912899622
1913957670
1918281270
1941873191
4055794261
4039017092
3774514820
3766140548
3761212052
3761081252
3760495076
3777281380
3777029157
1663098941
1663164479
1629610023
1612800039
1680039989
606232613
610415649
551749925
552012085
547817943
602290567
577120643
577187715
577046198
585433767
581243559
1655780007
1655714455
1922049735
4069535430
3535826886
3267373430
2189634342
2189569574
2189559330
2206336546
2173854498
2157044594
2163250515
2163252545
2430638400
2422249808
3491797360
3542325296
3526531072
1379048448
1376936960
318775344
285221920
268635168
268569441
276957921
277219987
277232258
9841282
9775746
11807362
32848274
65292722
132401523
132401443
115662115
250932515
242540835
242839858
242897155
242897154
175817154
184206726
251197862
251193774
250145194
250141114
111802761
112981384
112972168
108773768
87736812
70181156
70181636
69650183
73911062
73451814
73460006
1298327814
1336064262
3399648518
3400827702
3398742830
3666125614
3666125609
4202996012
4270101740
4274820228
4128080004
4129259692
1916682412
1882063020
1882071468
808331941
543558390
547687154
547687010
817117762
884222402
401876098
104202370
103940482
108135058
110248610
378552994
377515682
377514919
381741279
390228188
340946124
343041348
74609413
74600974
74503726
1148247598
1165000238
1206976046
1186053950
1184019210
1133678858
1100386587
1100775912
1367901096
1363784104
1426691512
1460251800
1980476616
1980409928
924510232
591329592
590760217
594815243
568331530
569442586
558960954
558965034
836182826
819360299
831975977
328135224
311225896
315402856
315395672
38375112
38467275
55191498
13247946
14302666
14293230
16406766
16473302
16282054
16273799
33079700
58651060
40788404
53354928
36577680
36640128
36111764
65288164
27536933
27552293
10542629
15773221
7374597
74547973
68321537
68322305
71470113
71527521
205663299
205659203
71435715
131203826
116531874
111612562
115688066
115655378
115720978
115839250
107193622
119646262
69314614
69580854
69568566
342136884
1424272436
1961132084
1953333332
4147020740
3794703040
3794703088
3794784928
3794760352
3807195811
3807126178
3798737574
3781956014
3781951674
1642926298
1638871066
1638347802
1639348234
599259146
582264842
844400650
584420362
855475274
863830219
825032841
809372825
876485545
880683689
889072297
884747913
899424907
362070666
394630138
1170317610
1162912043
1162912041
3318851884
3314788652
3449027100
2375240252
2407665196
2407666220
2391982655
2409542494
2646385130
2629349546
3030943914
3035138202
4100831370
4230850762
4282231113
2116019465
1847468296
1847468296
1847469419
1851659626
1855671530
1855506665
1838712968
1820896392
1753786824
1749725016
1750770536
1767809353
1801212111
1783890158
1779769582
1746797794
2017070322
2017069010
2095711938
1017774657
1017647809
481878720
481863296
1589620353
2122230657
2120649089
2130020755
3866598131
3866602019
3862212131
3862209059
3826557479
3828658727
3828675111
3828669989
3827616549
3840198711
1843709975
1852135431
1852198919
1852198919
1852182645
1852182765
770060524
753340856
744560280
752949912
752974584
749861625
749857369
764520971
716483338
1786041354
1780793354
1780957242
1781469290
1781477482
1781407978
1785659882
3924492970
3970634394
3970643611
2091596441
2091465368
1555573384
1287137928
1299716744
1193956744
1193951624
53395789
52940845
52797477
52731941
19180577
19311617
19053569
19305473
23497729
21793891
51157091
34397283
302780515
302919763
302919747
302392055
310780590
294007470
344922762
344808074
76339850
76323482
1154268058
1418510218
2090645450
2092732730
2142090026
1856938794
2125111337
1722458156
1718325268
1715060852
1983398052
1983381668
1932132516
589956772
564791940
564795974
564804102
564668934
564685079
544762887
540598277
540983308
538886412
541475828
549737124
549476004
566252196
1669358236
1635934877
1904435935
1904599806
1887823854
4039491054
4031093214
4026833230
4026906958
4031159054
4056848926
4053711374
4087256590
3808293438
3795644974
3795350054
3793253159
1645752613
1645740132
1640579316
1623789696
1883978881
806033537
873142403
885660067
344603363
480131827
496974529
531965633
443626432
439562704
439562720
437461472
440410976
448799344
985884241
998506193
998282913
964735651
947950243
952144547
939635331
939696835
939763539
671136545
671193377
750958625
746760225
798144531
1049810947
1041417219
1043464195
924975171
874905841
874918048
887432096
1956656800
1956843184
2007156352
1453560448
1453363904
1387303616
1387307747
3532693730
4069565666
4065393894
4061186286
4080355822
4030089822
4030077454
1883192846
1895576326
1890857238
1358172438
1358369030
1366757830
1400774022
1392433302
314480822
1924040854
1923389575
849650887
585412677
573870140
1647616044
1647616044
1645519908
1645655076
1662424101
3778466087
3778429479
3845472806
3844411958
3844870758
3891004134
3853255399
2779528679
2762750166
2762815686
2897033414
3170777414
3160288070
3118344774
3146722886
4203033302
3666162389
3733205653
3746570916
3708826532
1546847396
1410738340
1422145668
881076356
348399748
121973124
101087620
101610886
101610886
101012790
34915622
49597734
61663526
28158262
1101638974
1370074495
1370072572
1974052284
4126770620
4047079868
4047079932
4047083892
3761219860
1613753172
1613114100
1613109924
1633824422
1671571110
3802548134
3802449062
1654951030
1659145222
1650768134
572827910
572832007
572905494
573454374
573446182
572917798
589432870
552733926
547489414
547492486
548614787
546321027
813704835
813752961
272662945
272728469
272859525
289833229
324457741
304508169
304359723
304359723
841235323
845634490
581274298
581207962
582255498
581997450
582267386
581214250
581279786
585605161
573022252
556261436
539435052
539893804
539897900
539886380
552469037
598672923
598675035
597441099
596408905
864856777
835488473
273582793
281974477
281973445
5014085
17568289
17572386
51126818
34484514
47067170
42868834
43398274
45484162
61282691
15047571
16104374
15838622
275883406
275820699
269529259
808497321
808497257
807428137
807477289
807608329
807540489
820121147
815926827
816056875
816110091
832866827
317099787
308710667
845579531
845447225
841261097
841261097
842440745
840359977
822886505
537660585
806230441
810433209
815676041
883235469
883177101
883177179
883962474
888152874
351297834
349430062
366141494
382918934
109224194
243376450
247501282
239108514
83919266
67358898
67530115
80112001
76434304
79645616
95283856
384592528
107224976
103039888
102810037
372486439
376545575
375431459
509649187
509649185
2120267040
2120398112
2128779008
4117929216
4097215937
4097804691
3023817126
3023788966
3026795174
3035314927
3035183725
2431138348
2426941224
2426940456
2443969560
2158760968
2158761096
2158769292
2179730621
3245083054
3244592038
1092914102
1092721078
1361164662
287423766
824418566
824287238
807510022
807510022
807510022
808669310
806489262
805702063
814615213
814631597
831445701
865003021
916234765
375169295
1444716606
1444525118
1981455390
1981450494
1985644734
1993005470
1992847295
2144872104
2094609064
2088383144
2088645289
2082935342
2082542382
2086671150
2095063854
1017127706
1017143562
481355018
479255816
411486216
138860808
202267912
203181324
205248268
205189900
339653148
352224828
1354141340
1370917517
1391889028
1457957508
1449428612
1445249717
1579487909
2116498095
2116428527
2120557359
4276101167
4288684077
2090868780
2090954780
1558372360
1549967368
1548987656
1480637193
1572911931
2118368058
2118293770
2118289482
2115142858
4264919194
2117374110
2115293342
2132152479
2081829871
1683369703
1691490918
613419558
613428774
1687167798
1687167254
1702977542
2004918278
1937809422
868262942
838900782
838908222
1912834334
1917749773
1926139516
1921962604
1925903084
4074304428
1918431628
1881043336
1881021832
1344149899
1346312602
276642218
1895590314
1891395818
1925182478
1924984846
1928110094
1919721534
841785406
858697742
808382666
1886309263
1626262188
1621998252
1626122920
1618782952
1614063128
1614061832
540323848
540319791
540057638
540263458
540427298
1614154787
1618349857
1626738209
4042664449
4042664449
3556121089
2461469185
2192902673
2192914993
2190817825
2192849441
2193373985
2193361249
2196555889
2204932180
2171443540
2171452276
2172500853
2172500597
2441067111
2441067383
2441066598
3011491942
2973612150
2705111254
2705307862
2737764518
3794696358
3794680226
3798874770
1659845267
1660172931
1658092418
1658092482
1658321202
1658239506
1660332546
1659283970
1617340930
1613142530
1613007362
1613547778
1613547554
3761002598
3760986214
3773569126
3769506022
3787340102
3818797638
3800906310
3817618002
4035722083
4035197041
4040439872
4094957760
4097235408
4097227488
1685502704
1693891264
1688648384
1726454336
1714195264
1714198833
3861755938
3861870691
3861653603
3995871329
4000057569
4004317604
3987683988
3987683988
3970251408
3969923728
4238359235
3698342354
3692050530
1409361954
1409427730
335686146
348269058
344095298
394435267
377720449
378638208
1452642192
1456836016
1444191648
1442880928
1979752353
4127244195
4127244002
4249025250
3166890722
3166857826
3091278402
3158518338
3158458050
2646744770
2676098738
2660307874
2660250018
2660241570
2675970214
2642419894
2646631614
2513468638
2505137355
2272361673
2267213001
2271406409
2271398153
2279852345
2514537848
2514545784
2506203224
2640552264
2682421580
3756180316
3732100076
3744476908
3744475885
3576830719
3576830670
3581026254
3589289470
3585106158
3618693358
3618681071
3618738397
3622933708
3613506764
3575748980
3575892836
3575827172
3579992804
3588370101
3588435606
3554743798
3613394150
3575710950
3575716962
1428237570
1432431362
1440770563
1432451589
3580001796
3340918276
3345141524
3345075492
3349204260
2275454244
2543889724
2276503308
2276704220
2276646317
2278737327
2238924207
2217952686
2150764446
2149740494
2418174926
3491982158
3563120910
3588290830
3353410846
3328296222
3328427279
2254689551
2263999837
2263967101
2276687213
2280807725
2280836397
2238958893
2238772541
2247157005
2247157517
2243163935
2243155823
2247215086
2234568174
2234568190
2234698190
2217933198
2490558862
2515726287
2515730383
2539904589
2535511629
2535495197
2539693613
2548148013
2511447917
2511402989
2498819565
2490422773
2484159989
2484225269
2507281509
2507291701
2548247573
2548247557
2279815437
2405644557
2415075087
2247167775
2242975103
2240831855
2243027454
2243023358
2247197110
2238743983
2217778623
2232463263
2500963293
2534582989
2534582981
2538794565
2522043973
2532324983
2549101543
2549159406
2548241646
2548239590
2540899542
3581091014
3312659910
3311480278
3311412606
3344987486
3353408862
3319850334
3319840079
3319905615
3320954205
3320028461
3621952829
3613581085
3613579021
3609417533
3609286445
3609279789
3307285807
3345029183
3613476958
3622947022
3589406158
3450969566
3717302270
3583215327
3583153885
2513610460
2513692404
2505107172
2500911012
2500873636
3608370604
3608378813
3608406431
3614701982
3622956430
3621891550
3588326878
3580069150
3580069151
3579950399
3563318591
3563284791
3575724838
3575856422
3579976998
3613531638
3622966678
3616546198
3616554391
3620758933
3619811733
3619811741
3611341213
3610292733
3609304895
3542145807
3508562702
3512937246
3521263934
3517069630
3550616959
3517056477
2443248093
2180007356
2171660269
2167449405
2167523133
2166407709
2162487823
2158290735
2158400815
2158925103
2226095405
2238498109
2234303757
2267932109
2267997645
2271668685
3345381869
3614853551
3610266031
3610274207
3610505103
3609387727
3613573839
3613512319
3621839727
3613451567
3613414703
3613613087
3613598743
2247173431
2247179559
2230459693
2226264357
2226211109
2224052485
2224090949
2240870341
2241058535
2245252783
2236731054
2165361326
2165426878
2167642782
2171841502
2440146382
2440144214
2472780038
2472775942
2468578591
2468451647
2468605295
2473847167
2482239965
2515716573
2507328980
2488432068
2484150724
2484089212
2490380588
2498770220
2497920316
2241997629
2275552029
2275490591
2276464926
2276464958
2276463662
2276479086
2276540670
2279850142
2272379070
2255521214
2249237951
2266082719
2265165213
2265100237
2533535693
2512629452
2512629500
2513567468
2505068525
3576761837
3576892911
3609336047
3609337086
3613539534
3579979206
3581027654
3581113671
3589396311
3585144629
3585124149
3618678583
3622876455
3622933799
3623064615
3621962806
3613543510
3581025367
3576831359
3576831343
3576835903
3580985119
3580910862
3613445390
3613506894
3622021070
3622942682
3618670315
3620767467
3620773613
3612602092
3578982124
2505223916
3025379308
3027344748
2769403172
2769398069
2809379125
2809240085
2809179653
2804985349
2805175809
2770780721
2888188449
2888704609
2888566755
2900888738
2896693426
2896959666
3165395122
3181852818
3198298242
2661428354
2662475138
3734009731
3599824289
3602967972
3728764340
3472907740
3474087293
3341950269
3307355455
3320003902
3315612990
3315629342
3349249374
3350298110
3348191679
3352304031
3343981965
3306364317
3306315772
3289538348
3291731772
2216752924
2237720332
3315639836
3349194268
3350241852
3350237805
2241040879
2228405670
2152910246
2150812070
3224521110
3224578438
1076963718
1396058502
1379281030
305532039
310313093
306122901
305082805
309146533
325854949
862727909
870612981
870621045
862297461
862297460
862303604
862303509
291616021
274970391
283358742
1424211478
1424211510
1558362678
1558374950
1558346286
1491229486
3655473462
3680578566
3681631239
1540371461
1539380245
1505834069
1505965173
1497445733
1480670565
1480670581
1497578821
423836929
457391377
457391377
457260849
423640881
423657265
415268721
406880113
406970321
138534865
155451331
155451347
155434962
457555954
1531297266
1514520050
1522908563
1523039639
1523037589
3737491380
3737491108
3737425580
4265909932
4278558397
3171130285
3024533925
3032922597
3050739957
3075972180
3059129620
3057030420
2788594948
2787570949
2720458225
2791759843
2816925602
2762459046
2762295222
2767520662
3966047174
3961792342
3961532198
3961596710
3965847854
1755388190
1755330574
1755396110
1772170254
1771054095
2072010767
1002500319
985772207
994218157
2063831229
1023512973
1006894989
1006828429
1011014557
876870589
885111741
1708370877
1643555741
1677106829
1676051149
593985861
589598773
572825637
1646551085
1663508541
1629884463
1629885743
1621494319
1622018607
1621953051
1638144523
1940154891
1927609869
1994821900
1994821948
4142321956
3731222820
3748978981
3745476918
3711833406
3711843102
3696896782
3696900990
3701018606
3633844958
3365417934
3367572300
3434873148
3438018604
3425453100
3425586188
3441883148
3475417100
3325470988
3329657612
3740764684
3736962684
3736908652
3736908140
3736899692
3601649775
3597406314
3610128490
3694076266
3693941610
4230940394
2087591658
1961695882
1957460618
1957473163
2007861640
1449565576
1445377928
1445376648
4129731320
4147569256
4118209064
4107788840
4103561768
4102316649
4119080811
3619949051
3611691194
2533759130
2518038666
3596037258
3604423818
3600179594
3600212410
2526454250
2526388714
2543100206
2505351486
3023546166
3023474486
3038220085
3205998389
3188040501
2936333076
2902815476
3154514668
3156084396
3158183597
3169061869
3164871148
3215210748
3216260316
3199546572
4271055949
3753928015
3678495086
3640799726
3641835630
3629269118
3637658702
4241673294
4240485754
4240485226
2839587690
2839779915
2848099913
2848306761
2873467497
2869277289
2869293609
2869809707
2870961963
2938060075
2942111083
2950237691
2912618491
2914661018
2914591371
2918720395
3187152043
3186117803
3186183339
3186252953
3161091213
3157159119
4230882511
3694530766
3694551294
3707134318
3719778606
3736356654
2662657807
2667358735
2659105295
2671741495
2641137191
2624100149
3169489669
3169485573
3187524400
3195851616
3191763424
4265480688
4265492708
4265361637
4282137709
4236208153
2097047560
2092881928
2090653724
2111629340
2099012620
2132561996
4215226572
4282270117
3756929703
3719180962
3719169666
3702459010
2628520594
2624077538
2620927970
2625383923
2650746053
2646502596
2680094148
2677528021
3600074085
2521859367
2517677347
2517693458
2517756947
3608341521
3607264337
3573702081
3561119617
3570585217
3566374545
4103442099
4103389094
3851726246
3881086182
3876887662
3876881454
3879109654
3879116807
3878608919
3878056037
3878032741
3865448037
3873836583
4003794487
4020581893
4020708877
3987025421
3991223839
3975433006
3899972398
3897940271
3898050879
3905273103
3905201932
3921977868
2839917084
2835673644
2835378796
2835362540
2835422700
2873166063
3146057966
3146123518
3179677886
3179756702
2643207306
2644305034
2644280714
2650643851
2650582664
2642192008
2637988568
2619703864
3156709944
3156402696
4095928105
3844188203
3881863210
4000417834
3998455819
3994200079
1846715407
1846968335
1849065727
3997090287
3980321703
3967215271
3970288291
3903179431
3903184631
3904206549
2826183367
2819891910
3893634798
3893634542
3898017006
2828078318
3096511742
3096655055
4185992397
3682659524
3737184708
3728784372
2655099892
2655428548
2655449541
2673263061
2639774181
2623389997
2631725357
2631721789
2629627709
3166546729
3186936681
3174353899
3174877883
3174981258
3174445706
3178631818
4252177322
4251984046
4251984110
4176486638
4193264846
4193479759
4193446925
4227005709
2069028685
1532221261
1515321113
1532229403
3679704859
3648124219
4185175339
4168399915
4176854075
4241988873
3168247117
3185022813
3218249724
3218511580
3193419484
3189241532
3054853804
3071676076
3073773220
3879149493
3849598455
3789821031
1642332198
1642336310
1675961350
601891846
871443462
860956694
827328822
834668822
817891654
817957254
818093446
835071383
835022263
868539831
868519351
843353525
851807669
843941301
863877013
862824277
829400597
829402677
288271924
1362017844
1366210100
1366210084
1374081572
4058419508
4041651484
4041653276
4109875485
4107647261
4107582269
3024468541
3037699709
3071264349
3205448415
3205169919
3209368302
4291377134
4258805230
4187493614
4170716414
4170923086
2044406862
1507404814
1499212830
1532765279
1532323023
1532485839
1531425935
1539423630
3749747630
3749747374
3733043886
3733167870
3598882782
2526187998
2530382319
2547093869
2505082157
2502987052
2503188284
2486368780
2960321100
2985524941
3014791101
3014794671
2465281455
2456815022
2452620734
2452817338
3525522650
3529518154
3554698250
3550602250
3517027338
3584138509
3584147292
3588471644
3580009300
3575827444
3575832052
3575901684
3575899639
3512923638
3521312214
3521312726
3512915314
3546334562
3546307937
3546316148
4150274420
4158732644
4116908388
3613591653
3609402453
1445150023
1981953286
1986156358
1994518135
2007035637
1974513364
1957800668
1960024828
1947306748
1947242108
1949351549
1680911983
1696657006
1734475630
1734466926
3890338030
3891394798
3882998910
4134786078
4134703118
4151480582
4116885815
4100175159
4108426005
4108557073
4109548336
4101155632
4101159216
3021196544
3020997888
3021029457
3037876723
3037861283
3042055842
3050446514
3046334130
3046243986
3079731890
3065043922
2996885970
3001088322
2988763474
2988714482
4063182323
3794681249
3794673056
3807132832
3802676384
1655446688
1638676689
1621899459
1625565634
811604418
812649282
879823682
611392323
628308803
661858643
645081457
644966897
653289971
653294067
653326837
644938197
661780949
594672117
594803191
594803189
593754453
862182229
862183255
862182677
862149941
862149941
870472981
836917535
836991295
836884799
836884766
828635470
301201742
301047134
1374784638
1374782846
1374786942
1366424958
1374814006
1357994807
1085373239
1152530723
1152526627
3300075811
3438356771
3429907219
3425782547
3423783699
3356666689
3360860737
3369249344
3386093248
1238613712
1314103024
1314119344
1314020016
1179785905
1179728563
1179728290
1179728034
1378884770
1378930850
1379004611
1378000899
1378066433
3261120261
3286276645
3248527917
3517028909
3500399165
3500366381
3500285487
3500282667
3522232363
3505389611
3497005098
3493082238
3222546654
3222304974
3221244110
1073793486
1086572998
3246587206
3280119110
3280119046
3330451253
3330516773
3330318112
3326119200
3523513440
3590687824
3590689908
3591353573
3591304421
3608077511
3558747535
3562940878
3567192798
2493450878
2226985518
2226928174
2224827950
2224826110
2224305046
2228552102
2228552103
2227503527
2151678357
2152748421
3239280005
3272767876
3274865028
3258411397
1110796677
1122314629
1118256525
1118188941
1135018397
1139082221
1130633199
3273918447
3273922422
3274012422
3278140694
3252976950
3248773430
3248806198
3248871702
2175269142
2175007014
2212682022
2212743462
2204355894
2204237078
2212605190
2212605718
2212601655
2179305317
2179305460
2179303860
2170916276
2166738364
2167397820
2150531060
2221289332
3295031088
3303483184
3294962976
3290759457
3290645793
3424843059
3424840962
3425872130
1276291330
1326623042
3468868034
3465715138
3331491266
3333587906
3333538738
2259731362
2259739558
2261836271
2278679039
2547111263
2541213017
2536937241
3610150681
3526068088
3597264840
3598247880
3594024393
3610787067
3576379642
3559528666
3559524570
3572107770
3500818426
3232310990
3249038030
3265807247
3270033837
3261653221
3257458789
3257655348
3244990484
3236864260
3232666396
3504833084
3496249132
3240402216
3274045785
3257325771
3257288843
3257206922
3257350554
3287690682
3249939354
3233223322
3501281978
3500200682
2426446443
2430640680
2422256168
2439096072
2468457224
3005324040
3005319992
3005725240
4079415049
4079904715
4092462475
4058906794
2984969386
2976722090
2435656874
2439914890
2477138826
2443641546
3517186782
3248497246
2174804863
2174793013
2178989109
2178980917
2204141621
2204272693
2200082711
2200086791
2200087815
2535568663
2535568695
3613569317
3613578021
3621966388
3588343316
3563083269
3564207685
3559992933
3560189805
3576962541
3575068127
3579191501
3587662029
3587567709
3570504829
4109474940
4109474136
4101016008
3580922824
3597777560
3593662105
4063371929
1915949755
1915950063
1936920875
1910572075
1910508591
1893804046
820193295
283262223
274863390
287518998
288362847
286523791
289685951
323273133
331781085
331780877
331789069
298296091
273983274
273984042
273975866
273124058
1346865818
1371982746
1136795530
3330676110
3330674894
3335925790
3335856174
3335790638
3331596606
3348899151
1201629132
1100568508
1106789292
1094239148
1094222268
1077916056
1344184536
1881056536
1880402200
538220827
542410762
569804810
594982922
574530570
574537738
1645887578
1645887723
1661621161
1674310312
1636364008
1636629209
1636604619
1674353611
1665444299
1661337034
1661424090
1627853243
1694897064
3829805804
3835044460
3834983020
1687171612
1687171592
1955619336
1958802953
1954803210
1954720058
2093197354
4114978858
4114909210
4145317898
4129201226
4129203274
4132864078
4132880462
4134944894
4151730223
4099153957
4099154213
4241757732
4236713488
4236720657
3633125905
3637250611
3645639202
3659148034
3661260610
4201300931
4205495281
4205417120
4206404256
4200129188
4211663508
4178112140
4161399484
2819291820
2824522152
2908653740
2933819500
3197602829
3197408269
3067404557
3067404559
3059114031
2541098031
2507540590
2516453606
2550024694
3070151635
3067922945
3058478592
3054282496
3054281984
3072240896
3038691072
3023996416
3023029968
2959987363
2700894882
2700878754
2700879270
2690910374
3764652198
3764390062
3764590782
3772921038
1642209357
1638015244
1911632652
1911568153
836009787
827640602
1908722442
1406110490
1405524746
1405527818
1405526282
1388552474
1388425531
1384157481
1384153388
1384169772
1388437804
1380147500
1375957036
1392641085
1342573643
1342577099
1347828171
1356204682
280431242
278142618
282343099
366224057
391394233
391410089
370270377
386982121
391160073
391217417
391218491
1473358122
2000791914
1983949034
1447160030
1447229834
1463965066
1439826826
1439826906
1358037562
3522241322
3521128234
3621791535
3622842159
3618645263
3618653517
3585130973
3570631101
3562176957
3561071005
3556811196
3556880892
3562255324
3562185421
3562202845
3578982137
3612539641
3593657305
3593653081
3597916507
3530619995
3539002378
3533750282
3533815866
2461225002
2477945194
2448581614
2507351982
3559931567
3564116629
3572566661
3568504452
1420887972
3571475428
3563118900
3558928668
3558913340
3693193501
2099358221
2100341263
2102458895
2134907518
2126585566
2143486878
1606549678
1602355374
3751215278
3721688206
3721702607
3713312847
4250254093
4250384909
4283939341
4025981468
4026370620
4026370604
2942287404
2904471084
2903426797
2836231871
2837260207
2904362158
2908555438
2950105246
2945924238
3213042894
3213043151
3213042443
3180533545
3184594217
3170322473
3169310761
3186460777
3220015321
3202987465
3203965387
3195576779
3122188523
3122135147
4179296555
4164563754
4164559674
4176093978
4171768090
4172821530
3635943450
3638118602
3629734090
3360188618
3385355722
1317753290
1318728010
1184764171
3334340920
3539273000
1400127272
1362919208
1361888072
1345110473
1346150795
1346142394
1356824746
1351521455
3499014637
3503274493
3502746332
3502746252
3536240268
3531773580
3532833421
3534885533
3539018669
3529516013
3526375211
3526368554
3525523770
1394682122
1935682634
1407200458
329303178
329303178
330353819
328420776
311582120
317881516
305292524
304276604
1378082877
1377890366
288653630
276137246
284133134
1357823246
1353705814
1354033639
1351908263
1099189158
1132940198
3280097270
3285351798
3252839686
3244385542
3227636998
3236160791
3236160853
3303139188
3295723476
3293690448
3293747728
2220005904
2423491120
2430638640
2447490576
2481106448
2532490800
2524089888
3058929184
3054607904
3054548512
3056652833
3056648739
3059761954
3068154214
3085173222
3051357694
3026259134
3026335902
3034721439
3031577807
3031437407
3052417034
2507153674
2503025418
2502041882
2434956330
2971912234
2977286202
2985723915
2985732169
3015031752
3019214536
2994176712
2989982424
2990011112
2989974249
3002540651
2998215531
2998145071
2476998767
2443444446
2447712462
2430804190
2422419710
2163409150
2163412222
2161334474
2152949963
2153244875
2165762511
2165762767
2203515598
2186757838
2193969918
2195018094
2262126638
2261995566
2264100902
2280742934
2278681623
2236873813
2235758836
2231630292
2231622084
2231558020
2231565956
2168614532
3250810548
3250597604
3250597604
3250665253
3519092005
3510632487
3507769391
1360326975
1897373983
1896657675
1896649225
1627947528
1627947592
1896470233
1896446715
1896495866
1900952298
1900952490
1909398010
1938099418
1939079242
1941180427
1403334665
1403482200
1395581288
1396564328
1092407272
1359797193
1359793099
1364052938
1909448010
1368388890
1368383802
1368383803
1351611225
1351611289
1343149993
1360001449
1393359017
1376557195
1389217930
1389352074
1112993994
3258347530
3275124762
3224789802
3233113642
3233044015
3231012381
3231044124
2174022188
2174014316
2211759084
2205467496
2201473592
2167854617
2148986379
2148985354
2148919834
3491031418
3520387290
3549743242
3533161610
3533099146
3535155339
3539874025
3525190120
1394553192
1394479400
1360929032
1342710024
1342712072
268983048
281594648
1351404312
1351453512
1367710152
1401393545
3284578699
3267801531
3263607722
2189796270
2189735598
2193922791
2202376743
2232262181
2538516229
2677974277
2677976341
3200035879
3200030759
3195832358
4264856678
4281369718
4010987526
3977404430
1812078654
1811952750
1811951098
1816279738
1820461738
1686244026
1956056730
1972635274
4120667786
4120691343
3583477151
3583423917
3614942445
3610617085
3610747981
3610440973
3610433293
3614625343
3581070895
3027365422
3027365406
3025264478
3033910750
3050692090
3047022507
3080576680
3084746424
3004966556
3006804620
2973242060
2972197672
4050194472
4054319148
4054646815
3501142030
1353590794
1085220874
1081886810
1141672154
1158645898
1158593930
3573981642
3607536078
3611591662
3611599598
3619988078
3599082031
3599692317
4141749001
4066246952
4085055528
4050465832
4029560888
4033755400
3492690200
1349262089
1416380233
1416381899
342671755
350736795
363278585
363212921
28717081
11941161
22427945
51849579
1125411147
1125448138
1127518090
1114932154
1113883578
1115001787
3260462010
3263603691
3280380395
3280314859
3280327086
3280392614
3280364007
3284492783
3277062639
3277136221
3239387913
1360339737
1360340792
1343649560
1342600984
1342461448
1342494216
1342490121
1078971977
1078909899
1087306202
3230554586
3230554362
3280876698
3265147018
3265212874
3265008123
3265090027
3265028587
3244089833
1075637737
1074650473
1074634105
1074564425
286047561
319741705
302964488
302964297
302939899
323776427
331624362
331613626
331661706
331841675
826712249
805740716
805347436
1883284524
1891871540
1892063796
1901562421
1377225222
1377713670
3525195270
3525182246
3537633574
2459705382
2458652734
2475429966
2207010894
2207043790
2173489615
2160431509
2160572309
2161098676
3234836388
3226320804
2148383140
2148441524
3223240004
3240013572
3273566981
3273452339
3256676131
3260825382
3269350166
2262716678
2525938134
2526003687
2542577061
2509022629
2647436725
2639049909
2634855669
2634851575
2634867799
2483973463
2483978087
2489195111
2491026037
2499414597
2516262468
2478319428
2478335173
2465998069
2463896805
2455516399
2450267567
2186153399
2202959319
2194498903
2471329559
2202926871
2198862597
2169436929
2177809152
2156844624
2425311952
2425311952
2429375476
2420691821
2417537839
2417539882
2958596394
2975369498
2706937882
2736306218
2738399242
2792988875
2793111691
3862610059
3879342507
3845792175
3829277103
3833538479
3841929119
3837209503
4103416735
4103093134
4119920078
4159809806
4134635790
4143229214
4074810670
3802181487
3803555561
2729878184
2746651320
2706752187
2736050858
2738143982
2720058990
2720058151
2720294967
2729244677
2728982532
2729049092
2729114628
2733302980
2741658756
2703901829
2959738023
3773367462
3773566182
3765181478
3760995390
3760991502
3761007902
3765366575
3769554719
3769468687
3768354383
4035741263
4040015453
4048223829
2974444149
2971347701
2505649124
2516396516
2544706788
2544238788
2544243140
2510696768
2243371793
2381586979
2377396002
2381588834
2382117222
2272790758
2256096406
2256168070
2530931854
3596285134
3596211454
3591955583
3608718605
3610881293
1966845212
1947968828
4028273924
4028273668
4045112324
4044981268
3776546100
3775903252
3775845972
4048438996
4057865911
4041092774
4042537894
4033099942
4033100966
4028630166
4116840646
1440903174
1470292226
1453500163
1453436675
1454419731
1450224931
2115284003
4262887443
2131665095
2098118855
2081030582
2086282150
2094736046
2094605998
2094542506
1960323818
1960315850
2011105738
1453091274
1452074442
1452065162
1384956298
1385988250
1386188985
1402924200
1405545640
1397026220
1397147596
1376969676
1379038164
304361972
304357877
305406375
288694695
275915191
278271895
278269653
280480277
279218732
316967212
304392204
304518156
305037324
305037324
305037788
288278460
270941885
812001983
811993774
820252334
819998638
815818158
815854062
870363406
853585934
853585934
840998974
841080878
841162810
908206138
908211498
887241258
883296793
883243529
883173897
480275033
484503258
476096138
1546683530
1544717450
1560458442
4249003114
4240482606
4236485166
4254511663
4254499372
4256989740
4252558860
4281921036
4281977828
4248489124
4112174244
3038432420
3041578116
4098620548
4115377796
4148864580
4158317060
4159357444
4058824997
4054114342
4041532462
4041660462
4033267774
4034316494
1930872974
1914173582
1914172550
1914065031
1916149893
1983259045
2002203301
1976845989
1691635365
1687538373
3837127365
3836783189
3853561397
3887109669
2935071285
2786107925
2786107957
2786108965
2786256423
2786215207
2790392871
2740126839
2740128983
2974948567
2985703655
2981497063
2979335671
2979274183
2442407375
2442407375
2446683463
2438290487
2438286391
2169986359
2169994519
2203397910
2177117974
2177185078
2172982566
2156336422
2157385062
2157278710
2157204991
2178177021
2178207741
2169819101
2165627869
2165604317
2165833695
2164718943
2164714767
2168876319
2153016607
2161409309
2161401116
2177195292
2177305916
2177310012
2168798524
2169314596
2202998052
3276740581
3276619701
3259768727
3259781015
1120718742
1120785814
1120900510
1107800494
1359327718
1342550390
1342682375
1343663365
1343727877
1343592469
1347930165
1371949109
3532523799
3264089351
3264087814
2191462951
2190221927
2190221927
2207004670
2173444046
3247193086
3314367407
3318553519
3310164927
1162296223
1157709727
1157641631
1157722519
84128151
83932551
352366019
469805313
1010940177
882095377
883143473
878948913
807580195
824365571
858128899
858129927
859704295
854341999
581711979
581707883
867970123
834413643
331152395
324832602
39620074
1113439722
1189062122
1184805322
1186910666
1318998986
1335759594
1301160554
1284252270
1288450875
1280062265
1275343160
1275340152
201599448
201599384
201615512
201713816
67565704
67280008
67339407
3506430
2461742
1093120046
1113760038
1117954822
1386390023
3533865473
3532751408
3531637536
3531645284
3527451748
4060136548
3523560676
3523611813
3541962151
3493735846
3506310838
3501133462
3502048982
3516669654
3247709767
2206526019
2210851075
2206644291
2173099219
2156330195
2160489939
2152077235
2153125873
2153199329
2153000805
2161389349
2161388837
2177112375
2177108279
2210662718
2206472510
2206677310
2206538046
2206469438
2211188030
2211188030
2177834286
2177858878
2211216766
2212289887
2212285903
2206063055
2205014495
2205022687
2206185983
2172631039
2170467327
2170467295
2170528255
2162008505
2153558425
2153615768
3223179672
3223311832
3223289816
1075724040
1075724040
1977608
1961224
1873929
269785097
269846795
276274443
368547145
385323209
1449562317
1445368013
1445367949
1445360029
3593614261
3614585511
3566352046
3565173422
3565173422
2222992314
2227186058
3292603786
3305337290
3344044490
3335655899
3337822585
1190207596
1139814444
1096893756
1077136668
1077082380
1077062412
1077127948
1344584473
1399102744
1378320664
1378320728
1379242236
1379709436
1377677740
4065113004
4073494440
4086091437
4052524733
2978913949
2978922492
2983636988
2975180636
2975112988
2706677308
2773990972
2776018492
2776034876
2771740204
2770601516
2770601516
2770601516
2808876332
3085704236
3047950396
3047954492
2511149116
2544834620
2276268093
2276276247
2276276310
2242713686
2246907990
2246907990
2246932566
2246932566
2246965590
2246966102
2246949718
2246949718
2238560582
2238560583
2372778949
2372778948
2381167300
2381167349
2372778725
2372778671
2372779695
2406333103
2406333357
2406332829
2406332813
2406463900
2406476796
2368629308
2368611901
2235441725
2239374205
2247762411
2248094187
2247953593
2180778137
2180782233
2172410009
2171947144
2172045448
2169959560
2203508873
2203508878
2203574446
3258250414
3526673582
3525821678
3525768526
3525534990
3542117647
1394830093
1398963065
1407327209
1404115881
1404054937
1404052875
1404121227
1373831418
1348535786
1344342314
270608698
270609166
270543119
807479567
824388879
824251709
828441389
836764461
838091581
836027196
826589976
826574616
826642264
835029976
835033817
835034105
869268475
860879323
860813787
860847578
860831194
827276762
827211226
827227614
835644926
835515886
836555262
838635902
838636030
829403643
275751419
275751417
808424953
812620265
812095912
551991736
603367816
576104840
571914376
571915401
571912329
574005433
572944635
556208239
539365423
539107622
543302182
547560998
547559975
547429079
547379847
833645191
869529991
840322439
840304007
842352311
845431463
585590437
585459439
585393791
585426711
576762943
585273391
585273407
585150495
593540127
589542461
555914285
555910189
540198189
538117405
605161311
605171711
611462894
619724526
615526143
613498575
613637839
613545551
884012551
888203015
879813907
1410418466
1410533154
1410532914
1345458738
1416766226
1437999378
1453723970
1453785538
1454195137
1321030080
1320967504
240933152
169633824
169617444
453777429
437193735
441057286
173670662
182068038
194650759
148443829
148402853
138995621
134785453
206092733
206223757
358267277
375046095
376342351
309102367
309113135
304914735
841851163
858755353
858756397
830322029
838118444
601142316
576160776
639090696
639033609
641098041
641098603
643175403
634652078
550768046
550768030
550587806
818110359
886267543
886273719
886072019
888168707
812720131
274862099
270667811
270741539
274935859
291640082
329384450
312608259
313656835
43335235
42229459
46452451
38045671
54887927
63345095
29798599
13038791
5530727
1320039
1316071
1454215
5648775
14033543
16135831
62330551
45430423
44316295
48502407
48514951
49038807
65893751
32334119
15557415
15557383
15680263
15680279
15683878
7168294
19783990
19846406
53396742
57656598
133023062
128831990
128971254
95416790
128841078
132969846
99603830
99603831
94893399
94744917
10858836
15053300
6599092
19248548
37136820
37140880
36149648
40736144
40735124
40734869
36679863
