4165268132
4165232356
4165215973
4257492846
4287970414
3751222510
3751150846
3755410654
3721856206
3713471566
3628557646
3636821791
1490321183
1490321165
1490415373
1507325197
1540804893
1515376685
1511047215
1510002735
1510072351
1510203487
453276763
402942075
403007613
407271628
407263692
407243212
408160204
433324748
466895580
466830061
1002660589
1002463983
465594086
448816614
448816550
448869622
1531007198
1531171166
465752382
432181566
415281439
415280413
432121885
449034261
440637460
436308036
436442308
1510125700
2046988420
2064810372
2020770484
1755482852
1755417124
1756404276
1758505493
1745937959
3910148966
3943768574
3927048430
3929014446
1794113710
1804665070
1837248974
1837113547
746595529
608185481
872560777
872552601
872552873
876747433
897730201
932528843
917815819
380932875
376759597
305458220
389051684
1429369616
1557295616
1553396256
1485099552
1485103984
1485302721
1506208706
1272875970
1249889186
3665677218
3665576370
3662942610
3662946470
3661652142
3745538479
1547891117
2093144973
2093079181
1975581581
1967172493
2000791981
1979891197
1979875549
1981006029
1997787213
1964175677
1947296559
1947284007
1951479334
2094208550
2090012198
1553141030
1435506726
1469081622
1456498695
1447160903
369212613
369341652
369291476
369283269
352469445
339886583
348473319
348412910
885001198
348130030
348130286
482484063
482501391
1556275973
1490084661
1480631073
1480631073
1480632097
1547935521
1564646977
1581423297
1443027585
1442990723
1444023185
3591572896
3528527008
3536917732
3549507684
3515883572
3297779988
3297796884
1100010005
1100001814
1135718694
1202758694
3346041894
3339946102
3338840262
1191356614
1141026246
1409460038
1409544819
1413870177
1422250737
1422250993
1422692833
1372369124
1397534885
1376695429
1444871303
1444859271
1446956447
3531591598
3539232494
3535038078
3555997215
3522434623
3506180909
3572310829
3572377469
3572463581
3568262621
3723414980
2642344388
2670645188
2670511952
2535780912
2548425252
2544230948
2544362020
2545181220
2679399013
2664718821
2664711334
2665270438
2682113214
2541672606
2537015550
2520221790
4130510926
4130516238
4132611342
1716758286
1733338942
1729340766
1694667870
1694663790
1694749934
1729122534
1712590999
1712656631
1712718317
1674971109
1622607605
1622552133
1622551045
1890986503
1891437078
1891371542
1356605974
1373383998
1407130654
1138623518
1137444190
1103626670
1099432366
1099432894
8913855
25772988
59365292
38322092
37267900
36415948
36350284
36349196
36413700
36278548
24019204
7241997
7241740
7245116
1345104164
1345104676
1349433860
1357814276
1409125125
1392310095
1919697278
1915486318
1915621486
1915629678
1982738798
2013139406
815600590
814228142
277357246
277352078
277351131
277404392
344505208
1959311624
1981393160
1981457672
1981453068
1981514316
1980269548
1984463789
1984448431
4131929518
4115278254
4123929006
4124978606
4139650222
4139074759
4136952007
1993646151
1913954383
1912910894
1912769598
1879215374
1610780174
1616031290
1624686123
1626637887
1624553231
1616152015
1627701407
1628192943
1611600047
1611538623
1615732911
1625170411
1906180923
1908348681
866921993
1923885577
1923934729
1944889912
1936505353
1937541833
1899794315
1898742683
1932366811
1933497339
4062081899
4066272041
4074660137
4091470120
3012489324
3012407508
2978788548
4052520325
4052520374
4056778150
4044353958
3507364326
3491639758
3493208398
4030604638
4043250991
4038860607
1354505055
1352408665
1402738185
1385976329
1390269193
1381875993
1377804329
1377738859
1377739899
1394517451
1365151179
1350471115
1350012379
1349881323
1349883375
1886712303
1966367215
1966432479
1949790687
1953902959
1953894767
1953895711
888542479
888610062
887432474
837035323
862201115
845416201
1919176216
1923533416
1923545832
1923394248
1923399368
1927578312
1383383785
3528733419
3528794922
3527876650
2185633835
2194022447
2189828141
2206479365
2206483460
3247211980
3246755324
2156173741
2445588910
2466552238
2467601838
3524703678
3523654030
4060520846
4077085134
1895829966
1883308410
1883374442
1891770923
1958880827
1958815241
1958751753
1413746440
1413762312
1430605064
1607982344
2136405256
2121721624
2061672984
4209082888
4209017368
4210070040
4210144809
4199589865
4194346987
4211123627
3208754603
3175257003
3175272875
3041120699
3024343483
3024246267
3024516990
2975213374
4057408830
4092867902
4067692590
4067758126
4065656894
4064542782
1917583390
1917583435
1917796681
1917735241
1917812057
1942837529
1909377289
1909381451
1909368907
1893509321
1885122761
4034691529
4028597144
4032729784
4031705768
4039963304
4039963373
4039398123
4056240746
4056315754
4057394538
4049070202
4115720314
4114652234
4076899402
4144008266
1979823178
1980953691
1981210731
1987469562
1987457227
1987510475
1999044827
1952846329
1961308649
1956984808
1958035048
1958042232
1958017608
1962191561
1970581193
4147418825
4130637723
4133847483
4150755771
4150694313
3076977129
3078021993
3044501049
3044533801
3044402729
3086344745
3064329019
3064938762
3064807450
3064743018
2524728554
2518424814
2518564046
3609075918
3575521486
3588125662
4104045311
4106207964
4106024668
3569151708
3560746716
3558643420
3491156556
3491156572
4032123500
4048818925
4048822762
4048823530
3512024314
3512077514
1349912782
1349916878
1089812766
1089748246
1089745686
1084564226
1084613378
1085260050
1085178163
1106153777
1181454800
1445561808
1445563856
1445563792
1445698996
1446886820
1451027692
3598509309
4143826155
4143759851
4076138922
4084524971
4034389691
4099339915
4099856265
4108240265
4108177897
3034374507
3036471594
3053220650
2549904170
2548884010
2548430382
3085293118
3219644191
3220606735
3178662157
3176643453
3172318972
3172439757
3205944013
3205919437
3205960397
3193188717
3201577065
3218346025
3218931753
3185447945
3034458443
3026086859
4099791834
4108114842
4107590538
4124363146
4157982091
4158058907
3621183673
3612434601
3614515369
3610259689
3576770605
3564249381
3571590435
3568450819
1420963075
1425173827
1429259763
1175568803
1444069779
1444073857
1444144517
1443999173
1444002165
2003941671
1970383663
4109613615
4109471290
4109403706
4109406778
3025199675
3025297979
3159503403
3167826475
3163555177
3163557355
2626686442
2626959818
2564041162
2303993930
2304064570
2413757466
2413748238
2409537550
3751518223
3751321613
3755520060
3755507820
3709440236
4246314236
4246313212
4246444248
4245330888
4111379148
4111391375
4115599006
4116453054
4118549166
4118549422
4118556847
4092407981
4088295636
4088853508
4088853508
4088704260
4092897076
4059342629
2985603367
2975121710
2975711534
2971549994
2975745835
3017701931
3017702009
3012848203
3084135114
3075747274
3037991066
3021226170
3025551546
3032891902
3032900414
3032837910
3033853718
3033853719
3035950391
3178738709
3191247877
3189146693
3193869509
3192298996
2797969316
2797911716
2789537516
2785305308
2802066140
2802066040
3841991528
3846320424
3855745064
3834839080
4103080985
4106491913
4098107659
4098222410
4106730954
4123499914
4292775306
4278095242
4269184906
4269193115
3203773355
3203703275
3220218347
3178279275
3178344810
3178471722
3176326442
3176325930
2941449022
2941436447
2924724765
2924573209
2924569112
2924576632
2941344616
2916206953
2916469097
2899691641
2891316297
2891243851
2908025675
2769666651
2902905450
2907071082
2890343022
2890216942
2898527470
2898593006
2898609406
2915392735
2948819085
2940397773
2932010444
4005808092
4005675613
4014010893
4009779725
3976225565
3976356141
3846336813
3888250921
3888316457
3888120841
3997178889
4266006859
4282800970
4282809034
4258745034
4260646618
4243900154
4243641082
4239455226
3163660794
3163791849
3167854824
3159400552
3175211128
3175281016
3208835944
3208868392
3209105976
4282847801
4283830843
4132650555
4132518186
4157618282
4157626618
4124105930
4124103818
4101030026
1886683274
1901494715
1935053227
1926669739
4140232111
4131839375
4131900815
4145534351
4145477023
4116111807
4126335407
4126400959
4126234621
4126169069
4117784557
3832571885
1685087085
1685218109
1701974333
1701904669
1634734361
1668292889
1668292873
1668428041
1674708761
1942032153
2009419577
1992776473
1993664841
1993670089
1996262539
1996262539
4152132763
4152197274
4118712730
4127105978
4109804202
4105609898
4105561002
4109689259
4117782953
4113572008
4113789160
4113711144
3849470264
3781320200
1633708552
1633708553
1633708571
1642330890
1910623498
1902166026
1936998474
1918320730
1918263530
1993761003
1988518319
1988449727
2009877919
1968000911
1951288975
1959161486
4107724446
4237682686
4239439854
4243629422
4235240510
4247823423
4247822364
4252151868
4260810796
3182870572
3182751804
3187007804
3187045688
3179173689
3179171371
3111996010
3112127098
3112000202
3145494218
3142872778
3142874842
3142928346
3151316474
3151328762
3151323386
4191641851
3117867257
3108421789
3141894301
3141841053
3141837053
4265910764
4266107880
4266127912
4266055192
4148644360
4111948313
4095179307
4101389162
4101458426
4101260490
4109648010
4124360842
4157989082
4140229114
4140226541
4140139884
4141208956
4132893788
3078021196
4118175948
4118180316
4116150252
4107493101
4107345647
4124065518
4126158462
4117767998
4113576254
4111663374
1964114190
1968378123
1968251195
1976574761
1708467001
1707414041
902041113
927206971
927746779
936168331
1993337739
1994239371
2129960331
2146731403
2138408347
2004324795
1970713018
1970708890
1979097530
1970463210
1965188074
1965106154
1965105514
1969434987
1710358825
1706229801
1706104088
1977642248
1910565129
1969355531
1970510618
1970374986
1970310602
1968227738
1976877242
1976947130
4122399147
4122407337
4160152493
4151767981
4147476405
4113921941
1966563727
1970496974
1970529502
1978924287
1935760511
1935694973
1935703353
1935799608
1935864584
1935856136
1902363160
1902166824
1902179112
1902437160
1903548216
1901446681
1632978457
1631932027
1682312827
1683439226
1691692826
1962175770
1962171418
1977898010
1970631755
1970626633
1968664793
2002211065
2001097129
2009559465
2009559979
1988457451
1988449258
1992642922
2001563946
1997530410
1963981082
1948252938
1948101386
1952230346
1952225674
1952220554
1951695242
1950663067
1967649195
1933992427
1380327787
1381376287
1381115165
1406483773
1943289133
1909740841
1901907993
1901953353
1893695947
1892582859
1892517819
1347198954
1884078058
1879881706
1880077146
1952359243
4101956363
4118734111
4134452607
4142841199
4142849535
4134454727
4134519239
4134293975
4152123879
4127154671
4127072743
4127068631
4124901781
4124841365
4108074484
4099242468
4099374052
4099406804
4101500869
4101351237
4118057799
4160009079
4143424375
4143362867
4141324066
3864300835
3864312099
3859851559
3880954935
3880950837
3881272341
3876966421
3843346644
3842331092
3842381477
3825352357
3964866213
3968861863
3968866038
3968870214
3968886022
2895211526
2890950711
3960494391
3960486151
4250216775
4292292055
4288026070
4271243718
4271243734
4292281318
4283708390
4250167270
4250199894
4258590023
4291079509
4274300373
4265916357
4127504069
4127569623
4144414439
4148608999
3041300327
3050736935
2815673621
2807153925
2807096581
2807424340
3075990628
3042366716
3042331900
3042331860
3042385396
3025485284
3050776428
3046597245
3048559199
3048493662
3052696190
3050599422
3042275830
3025229302
3025360382
3025358303
3025358797
4099096013
3562220997
3562153285
3562151943
3698413591
3698345014
3698414626
3698515250
4233358706
4258377202
4275152322
4275220930
4266819971
4266820035
4266886629
3998330341
3998264805
3880840679
3843063031
3843036350
1695552694
1695692198
1699888550
1708269479
1741819575
1741889415
1737699271
1739599157
664812837
597702933
568342788
820001548
820132404
904014372
899821332
895487764
895487252
891555077
925649167
627964279
627964279
627964279
627964279
627964279
627964279
627964279
627964279
627964279
627964279
627964279
627964279
627964279
627964279
627964279
627964279
627964279
627964279
627964279
627964279
627964279
627964279
627964279
627964279
627964279
627964279
627964279
627964279
627964279
627964279
627964279
627964279
627964279
627964279
627964279
627964279
627964279
627964279
627964279
627964279
627964279
627964279
627964279
627964279
627964279
627964279
627964279
627964279
627964279
627964279
627964279
627964279
627964279
627964279
627964279
627964279
627964279
627964279
627964279
627964279
627964279
627964279
627964279
627964279
627964279
627964279
627964279
627964279
627964279
762165623
1030601079
896384502
896384502
929936822
913158582
1986900926
1986639806
2125053886
4272536510
4289575870
4256020919
3170810277
3162422181
3156142836
3155680836
3109508700
3109511732
3109380644
3138413093
3109057829
3109047335
3116391479
3116395591
3099684038
3099733958
3116515206
2646757254
2642561446
2675984550
2675984550
2680178839
2680585351
2673272005
2673210821
2672875477
2675009365
2675140469
2675173221
2675438885
2683819300
2650260844
2649775436
3723783500
3698600924
3692370940
4229372892
2081569724
2085764541
2102531325
2102772989
2136248415
2119999517
2122097693
2122099741
2130488605
4276661525
4268277015
4264211751
4129992999
3056518135
3040756615
3028157333
3036480165
3035371173
3036427940
3035375268
2968268484
2968333825
2968071953
2431151409
3500954675
2427240466
2427437058
2448347142
2435742726
2469255271
2453534949
2453334452
2526731156
2526660244
2525545092
2459493068
2465784430
2439602726
2485674534
2485678374
2485650470
2485787670
2489990151
3564775493
3587844293
3604633733
3600697478
3599058326
3603186087
3594568621
2516632236
2516820712
2520883832
2537598488
2512431640
2492643896
2494736922
2497818170
2485450282
