1522962847
1523028895
1539617727
2068100095
2068100095
2068296063
2068230461
2068230456
2051461432
2051461400
2047268104
2131156232
2131152697
1834470953
1834323579
1843171019
1836877707
3984360330
3983835578
3983905211
3983978923
3983991787
3983991786
4252443498
4252242779
4252250971
4252382058
4260770666
4256575867
4256641355
4256576843
4254493771
4292212826
3755268218
3742669050
3610556618
3744773322
4281635018
4285825242
4293099771
4256334312
4239565164
4239581996
4243645220
4235261732
4231069492
4231195412
4231194964
4281532373
4267100101
4275520199
4275532359
4275401279
4283716415
4252266798
4252265518
4252260398
4260677678
4294428750
4277599438
4277592271
3598172557
3598107021
3598602684
3615383980
3621070245
3587647413
3570874263
3566539711
3587445678
3522966446
3522965982
3514652106
3547287514
3547323242
3530423146
3530354522
3530351947
3538743627
3555476427
3522101915
3505259195
3505268395
3501076139
3501023151
3555513775
3538744557
3530338429
3526144029
4062487580
4062487580
4062555148
4062616589
4062616607
4079409198
4029030182
1881539126
1885733462
1961296606
1957102238
1957769903
1957704685
1955644525
1951443981
1964026892
1980804104
1980998664
1913816072
1916175625
1932971531
2000047739
1965452010
4108610218
3836013226
3836006331
2780071307
2780074377
2949952456
3210056249
3205755435
3172098602
3174113838
3107004974
3111194926
3119710254
3098607662
3096511598
3096513782
3095599301
3636488388
3628132804
3624197572
3641105796
4177978756
4211516868
2051450356
2059919332
2059722612
1791290900
1782935060
1778859548
1778718268
1779700268
1800672045
1774456879
1770340398
1753534526
1753522271
1753522383
1757720717
1749333645
3897015948
3892755100
3892755132
3909532349
2936453805
2919669165
2923873708
2924922332
2790704476
2801264413
2818043453
2784357949
2784296495
2767509038
2758066734
2771173935
2771173935
2775437877
2809001749
2808993621
2817316341
2808665573
2808665511
2808956087
2809091222
2809033878
2817422486
2800114878
2792766622
2792762510
2792762574
2725653726
3060219134
3068595422
3085311182
3047566814
4121308670
4120991102
4155536671
4142982157
4134597644
4130385948
1980805148
1980997660
1980937228
1980933133
2131948573
2102838333
2088225918
2088226302
4236201438
4234108862
4234098366
4234093238
4244583062
4240249558
4240192245
3702797028
3702794084
3704890676
3696507924
3696696340
1278622724
1282811141
1282815749
1291207173
1152860693
1156399701
1156437716
1165874928
1165883376
1164956368
1164825281
1160106705
1294324467
1294465010
1294465010
1298654690
1340470710
1340462486
1189467526
1185010071
1185018359
1184997877
1202954468
3354502368
3614483937
3610617313
3610686929
3610675139
3593963475
1446356979
1983357427
4130836979
4130853107
4130697335
4134887527
1970745639
1953960231
1962219303
1425352215
1425483271
1425487367
1425479479
1421088567
1421088023
1152652614
1155888582
1172829638
1197839746
1181058946
1457883027
1458017713
3601307056
3606161312
4142966496
4134642400
4130579184
4130583281
4130468595
4130468322
4130369762
4151333986
4158735394
4125508611
4159075331
4154877187
4154975027
4160090675
4160549411
4152218167
3076507223
3042856903
3042926039
3051190743
3185327543
4259069351
4294718902
4294776310
4294906838
4294906711
3690279703
3656721175
3648332567
3648070431
1500587807
1498445599
1498447167
2042686767
2042952749
2034531389
2034596877
960902413
960902413
990779197
994973485
977745701
977614645
985937181
985937181
985937213
978088255
994898303
424456702
961393150
953135518
684703135
684571039
684571071
1757919741
1774631117
1766243533
1795593421
1795592397
3943076031
4010168495
4010152367
4011197359
3992389287
3837068967
1689585367
1689597447
1689529863
1957965575
1957965079
2012556375
1987523782
1446909062
1446903942
1446379910
1458963110
1454772903
1471616749
1421639421
1421667064
1425320696
1425321800
1440194504
1473611737
1448391657
3591676267
3591741738
4145459514
4116107550
4101390622
4101457214
4110308718
4110383086
4110252015
4110178269
4116502413
4150067149
4150130653
3596482013
3598706015
3615350815
3615354911
3614797919
3614921981
3522567661
3522629613
3522633709
3589750453
3589609109
3581220549
1434269381
1434396375
1433679863
1433675238
1433675238
1968469478
1976942710
1976926550
2111082782
2111086878
2111087903
2113709853
4252811069
4252810036
4248812340
4248756004
4252948260
4252942708
4252385749
4250357957
4250170567
4282672343
4282868854
4258682230
4158015326
4158113407
4157921023
4157929471
4149542879
4283756511
3746852831
2639736830
2639667070
2507542334
2507541822
2222398750
2247439638
2243241238
2243174455
2241077301
2274648356
2257908004
2257879412
2264171508
2255783845
2251787685
2249693687
2248595926
2265344454
2265327942
2265327878
2269519638
2261190455
2261062455
2273600277
2273636629
2243997973
2227274205
2227275197
2227281341
2227412381
2219031997
2487333293
2483073965
2499843049
3607483097
3607557065
4110872539
4110739819
4110805482
4115585274
4116630666
4116563146
3615244490
3614196170
3597533690
2524324714
2532714030
2532648510
2526361150
2274637630
2274633535
2274649885
2274682652
2274686780
2245297724
2171897644
2424276780
2423699236
2423762468
2958339684
2958343924
2684665588
2684657365
2702155445
2702155431
2769141414
2770132710
2770882534
2804424183
2921938391
2926130389
2926129365
2934649047
3215864055
3215865058
3182310626
3165011186
2628074578
2624945154
2620845058
2618731522
3709250819
3742809347
3744892481
3610756801
3611248257
2541708951
2515998375
2515816103
2515815855
3086277807
3084188831
3084232079
3084232079
3084165871
3017052911
2983576303
4034348799
4030142071
4030084630
3493278998
3492024359
3496218663
1352998965
1369844741
1403926532
1388185604
1117522244
43830261
43816917
43430343
38187471
50696639
50626991
319075759
289713071
297839549
1371713469
1363321757
1430425999
1427276107
3577118987
3609503003
3613451578
1432380730
1466053947
3621925161
3336704825
3471968025
3465547577
3465817913
3470093099
3352690491
3353122138
3246162382
3229516238
3228468111
3228492431
3229542045
3227346604
3495700388
3511427492
3506716908
3507994844
3512058185
3522490953
1370810075
1375005434
1364589226
1360444074
1394006442
1393921418
4080317642
4079321167
1902551101
1902551085
1894753077
4042240565
3497968149
3492696583
3492688386
3559798354
3559722082
3589015778
3618388199
2544187607
2662738119
3736563142
3470223174
3472871942
2399060486
2399027990
2397655334
2414370854
2380849190
2309611558
2343211013
2347484164
2306395140
2302179700
2285463925
2285513543
2285514319
2298091086
2308571726
2308441055
2308465661
2342020584
2346253800
2337851816
2333657592
2335955416
2317019608
3390762457
3407603675
3374035787
3629814538
3638211098
2564399914
3097010987
3120084777
3153639721
3128466216
3122236216
3139082872
3105554008
3088740937
3088716491
3088712698
3101233642
3097231534
3114009774
3114040478
3117182094
4182631558
4178502791
3691963599
3713981949
3713945581
3739111423
3738525271
3730054663
3730587398
3726452502
3726446902
3730772262
3716031862
3707647430
1555695046
1287259591
1287194005
1150894500
3298583012
3302810084
3311198564
3344736612
3305940284
3310271804
3310262588
3251489085
3251620157
3251567453
3286167501
2212407247
2195624911
2195030367
2195030142
2195034214
2194972710
2455019815
2538906919
2539099687
2534921781
2501830229
2501830237
2501822173
2642396895
2505920223
2539409022
2539413118
2537302894
2537368942
2503814230
2491352134
2629697734
2629705862
2629722294
2629689506
2629603491
2650572192
2659025296
3191779780
3191780164
3191645972
3208422948
2889133605
2754980391
2755062310
2755066662
2889338679
2891269463
2917090773
2933801413
2933801413
2933785941
2933654903
3999012647
4014748967
3976996215
3981385959
3989774565
3985449124
4288487556
4287521932
4270783884
4274966412
4266458044
4278512300
4279528429
3209981931
3075870505
3050767929
3086287385
3086754315
2545771035
2545803567
2545791023
2545779823
2510064894
2648484054
2635901142
2636094679
3172895839
3172910159
3172910415
3174459343
3178653279
3187045999
3218196079
3218130287
3218134061
3200294973
2923470877
2937173005
2937235213
2907876876
2907875916
2916256364
2757005036
2752810732
2752825048
2755445448
2755515096
2754406121
2691493865
2708234089
2741782009
2741846489
2741834201
2741309885
2741309629
2716283069
2712088761
2695311546
2695238842
2695241210
2767067918
3027184398
3022858510
3022597134
3035184158
3165328398
3182039054
3198832670
3198866526
2666198270
2667439318
2656890070
2589746678
2585601535
2652779903
2388526397
2406876476
2415334708
2377586484
2377455412
2375300900
2240819492
2240811308
2240823661
2280965613
2272577007
2272628223
2272632831
2272762847
2237053919
2270604239
2270619999
2270690655
2270690686
2270690686
2279005534
2270682462
2237136734
2270527327
2270525311
2270527359
2269511037
2278030717
2202402140
2168831452
2151718868
2151718580
2151780020
2428997296
2429001392
2420485808
2416426641
2484508338
2487142050
2536493746
3056169714
3056084466
3060546674
3068402790
3198425206
3198629974
3198298182
4294060103
3646041167
3641910541
3624018191
1480732991
1490161967
1490227503
2026951997
2017504525
2017503500
2017507596
2034350940
2067972041
2063775691
2046989259
2063848138
2063745658
2068185642
4191553322
4187366698
4187235627
4187235691
4190385611
3645142409
1493663113
1493691801
1481108905
3636919737
3653694872
3653665176
3687285208
3745879000
3747455580
3747590716
2673735212
2673700652
2682087725
2673752365
2405304637
2405371165
2413761807
2409574671
2375954783
2375880943
2409365742
2411480238
2264712447
2256313567
2256387293
2256387277
2256512461
2273224141
2272700253
2239151727
2222378543
2222444095
2234900287
2234903871
2272652319
2279072799
2530735135
2526409023
2529482095
2546239487
2537850878
2501369566
2484508406
3024000950
3024008118
3024069014
3028070798
3025962382
4095526287
3021856143
3021929901
3026119596
3036573420
3187637980
3187441228
3187437068
3220976925
3211531583
3211531310
3219993654
4226167102
4226159422
4226945854
4216525598
4216329566
4215288926
2076189790
1539318875
1505764425
1505833289
1489178889
1489072953
1489105721
1480718105
1480701785
1480703833
1480703833
1497612233
1497610185
1531090889
1531151049
1497596633
1497617129
2034660073
2034643945
2034709865
2035103016
2034832424
2068468761
2069517385
2069552331
1515773130
1515781306
1515777194
1515762874
1526321306
3673932218
3668693482
3685479210
3685413162
3718967595
3702190376
3706322216
3697924984
3693660888
3693857416
3711617672
3711626888
3749668825
4286346731
4286379371
4286440809
4252950845
4292797213
4292534812
4292600348
4292465404
4250518188
4246258349
4246240943
4248332714
4251482282
4151007402
4159358142
4159357134
4150935566
4117389582
3580384046
1953097518
1961553710
1978335103
2012929375
1996213709
1996344525
1996342493
1987892461
1916559467
1379737691
1379733706
1396642014
289285102
280896238
1354629757
1354564108
1354499592
1090027032
1081666088
1081981481
1375648265
1371188747
1403631179
1940423258
2007531818
2012778537
2004463657
2000216104
1966809113
1966743561
1883116553
1883114985
1961757353
1957563065
1957629577
1420301961
1420325512
1420358280
1416159912
3564757673
3581601773
3623546349
3607031293
3607023053
3598599503
3593273615
3592945935
3580433181
3567920941
2628462445
2628267885
2628263933
3721934797
3474478029
3457839823
3462017670
3739100038
1591554470
1599869102
1599886510
1561074842
1544513738
1544513995
1562340681
488601417
471322953
1549128009
1557516569
1553256762
1570084138
1603778346
1591125806
1584834062
1580701198
1578473230
1578472767
2132247597
2132706409
2132722777
1964962893
1964729421
1964721277
1968833837
1973028655
1972985645
1972927773
2006482191
1943557391
1406887775
1390044903
1388995239
1388991159
1447642759
1443366535
1460144055
1427050421
1431181237
1422796277
1423910199
1425827127
1424813335
1424817431
1442623287
1476177717
1587521301
1587450133
3603857685
3604517173
3612931557
2235202007
2151291271
2155481991
2164132535
2164066998
2159877702
2158764550
2158764342
2175541286
2209095726
2209095726
2175557678
2179776575
2162983231
2154660285
2150602173
3224354201
3224354201
3224287625
3242113161
1128183945
1111402699
1379694666
304876602
304952378
305013035
325722683
300556857
280560184
278397480
281559656
273474300
844796
5030829
80495013
80691605
80618949
80619329
72232737
68099873
67571473
67505921
71716099
207013122
225952770
259380242
125171026
107992530
107988914
111921074
111933106
112846513
110684080
110667680
106471840
1176084912
1195282752
1194230017
1197834275
1139056674
1139057702
3261447222
3324340278
3325503510
3325438262
2256407334
2277379622
2277312062
2277249550
2277249614
2259423967
2259468973
2263647148
2263647148
2263716796
2263724988
2271524772
2233767844
2216992740
2351423348
2351361808
3425070592
3426102784
3430295040
1291204096
1289101568
1157046288
1149178913
1144980529
1077824513
3819587
20638147
54259667
40498163
36459379
36455249
1111310640
1130165536
1103948064
3234638112
3230186336
3280714688
3263870913
3330978690
2257232258
2257297826
2262348706
2249753506
2266531494
2501557974
2503649990
2507844422
2649337109
3169369092
3177757700
2620124356
2637096388
2638112420
3745387172
3749577381
3722314371
3701212146
3701223714
1553735714
1289495586
1291594802
1283337218
1212034051
138296323
138284289
138218753
192761155
183356867
179144147
178619827
182826419
174437811
171287971
168142243
1241819042
1514448546
1514448546
1514250930
3661804162
3661796294
3728966630
3728799206
4265668014
4290903471
3183738285
3184778668
3184578028
3184575996
2675036940
2540827404
3610305293
3610272541
3610403101
3581047869
3572914237
3568716156
3568781788
3570719692
3562340301
3692361551
3692397326
3560293150
3564622118
3562397990
3570753830
3705090130
3704758466
3436328386
3436318194
3453029858
3486531043
3469813217
3472061249
3472085441
3462758849
1332056513
1193715651
1164357315
1278119619
1279233746
1563971170
1563960867
1601709345
1609049120
1588081696
1588200497
1592656897
1583748099
1316361479
1314142006
1321496358
1317334830
1334093103
1334089021
1317311773
3335369023
3322917678
3322593838
2248885822
2194146846
2173374046
2157579726
2157607054
2157636750
2159647935
2158541997
2213325996
2188156076
2251064764
2251133308
2251272468
3324948740
3325993220
3615400196
3590242580
3573433708
3565095404
3562605036
3558419452
3558681564
1415392076
1414999820
1431765261
1465188637
1205084974
1205084974
1199842286
1199843246
1183590830
1317538222
1334397374
1334499726
1334488463
1330307471
3374113629
3359417135
1210360639
1210491711
1492559679
1504750399
1540668223
1514445087
1510316093
1510904876
1510920252
1527660572
1476743244
1476814284
1476852380
1481038516
1489455796
1485068981
1485074069
1501914757
1506177989
1506197813
1497874723
1493479715
2030343458
2063907602
2051386114
2051256067
2051121921
2046923025
2047209829
2047160677
2064004597
2034637285
2026248677
2027293159
2027227647
2094349711
483664270
482353550
482353550
482353582
482353582
482369966
499348394
499315530
360903178
394626825
395611944
294951208
368486712
356428041
339650761
339512457
339509403
359973051
360104107
393666987
1465050041
1448272637
1448211181
1447081581
1455468333
1992338749
2126883903
2128053311
2128068618
2136420619
2032022795
2032015162
2015235882
2019368747
2043418410
2043425082
1502355722
1506550090
1238115146
1229727594
1238319082
1233533946
1233533850
3381017498
3381599674
3414953371
3420194185
3412017544
3479101832
1314824604
1331601820
1333698956
3447566844
3443304428
3443304296
1295298344
1561706040
1562353160
3709779464
3697190409
3707680331
3573471099
3589703147
2513733609
2505360253
2668951117
2669012493
3747078669
3755402041
3187143977
3183264809
3187524667
3187604490
2642344970
2642385946
3206515834
4280276442
4266255818
4266190026
4274627818
4275732715
4141580525
4133081341
4145602764
4112244940
4246364364
4229593021
4234038957
4237101807
4253878999
4254939847
4259130951
4261160471
4261159735
4261163831
4118557503
1971070271
1968975165
1977428269
1439512621
1439505469
1976356956
1968156876
1968156812
1896645000
1934133160
1925745321
1925745321
1926076843
1917779131
1980638362
1980637338
1981685946
1948131498
2097026778
2091795982
2091732494
2091445771
2091707931
2095902251
2104290603
2137844782
4286440494
4217360462
4182163662
4190601402
4190478762
4291076522
4291092891
4291097033
4291748313
4283330904
4280222520
4246471464
4229772072
4234094376
4233575689
4234115401
3571440075
3588135387
3621697946
3621754250
3604775818
3606873034
3606873050
3598618991
3598623087
4135575917
4135445605
4133475573
4133475572
4152284372
4152247428
4118692996
4118758589
4101846189
4034733229
4030670239
4034864799
1887385262
1895775918
1908219582
1907112590
1894525582
1894526863
1886348767
1349408223
1349337423
1357701390
1374479678
1374485806
1366089006
1399643454
1399412030
1407796526
1403765118
1403700701
1403706780
1408817308
1400432812
1379445164
1933290940
1932178124
1898877516
1903067660
1902412333
543469359
539289647
539261031
539236583
539363543
539367559
560348567
602289830
598094502
581300982
581215942
581215814
585413910
585405494
572896278
572961798
573479942
573495558
590240034
590231842
590231907
602802659
598608067
581835975
850269381
850333893
850137159
854351975
862724199
829170031
812463487
812521439
812535551
820993791
279837407
279837389
279820877
300718861
325884173
304462861
304458773
304458789
308716837
846116148
1928238864
1945011984
1911521552
1903137040
1903144976
4029256816
4029199840
4029280225
4033571555
4042197730
1894583010
1902907378
1919685074
1919758614
1919758358
1919754302
1928077630
1923948826
1907258634
1353636618
347065098
350587658
1415969290
1545989706
1550083658
1550861146
1492190058
1486041962
1490102058
1490036026
1489051962
1489043774
1489043518
1488982078
1488987262
1488987519
415247741
138491901
138557397
155325381
155321157
188941125
188814101
172046141
180436781
180370220
448805676
440418108
440415516
440406300
440422712
440430888
457503016
457499949
424015215
423755774
423747582
406970334
406978270
423753726
432232382
432232414
461592030
461600254
461602303
461471085
465665404
465657116
457266460
440628508
436696332
436729112
436600120
453377384
403045869
407698911
416087518
416153054
416284158
416284159
415692247
424080709
457635157
440915253
440791333
440791397
440775031
440775030
453882238
420327934
407748094
407485422
415824878
411696126
411761614
432692175
466493389
441320909
440861053
440873324
440758637
440529263
440463727
457225582
423673326
432062446
432062398
432127902
432275343
465756047
465756045
465739261
457350637
1531164141
2063839740
2030285260
2030154189
2030089165
2013312741
2013314791
2013518566
2013420150
3628219254
3628218726
3653377254
3686925558
3665957062
3666284934
3666170247
3666146229
3670340524
3670337516
3661950940
1527578396
1494187804
1482063660
1482121020
2019024669
2014829853
2013773085
2013510943
2063709535
2051122631
2051257799
2051266006
2051233254
2051093862
2067873062
2034449446
2034373670
2042758182
2038567286
1501770566
1501574087
1501590213
1505817501
1497413052
1497406940
1493294556
1493425500
419591452
423769372
406992156
406994188
407051548
406854972
406863164
423834908
423760653
465638217
465581385
465591801
465598953
457206121
457259369
440613129
440548617
440545545
440611133
977285421
440430893
440422764
440455532
406974956
474345981
340130301
71694845
8747517
9271679
29182463
61701565
60716429
63861133
55370157
55363500
25993132
26065341
59619775
42973630
47167790
35634222
36678686
36545550
36545550
36611134
305044543
306088991
303007773
370116828
101629068
105574540
105570692
122315396
80425628
80286392
76030696
76097128
77277736
12261945
1085999385
1084967119
11131022
11057294
11046046
44860590
49189038
36606126
36614326
36614278
36630726
37416998
37281830
37282852
310097700
318412316
1408930308
1425650196
1421386268
1421451804
1555735052
1555743240
1488650778
3627814442
3627821610
3627821354
3644590122
4210755594
4205447179
4205499464
4205359240
3736637832
4273513128
4223181481
4219052713
4214862507
4281959082
3208233626
3208340170
3173655050
3039440186
2489985066
2506688554
2447968282
2460555274
3265865738
3282771978
3232370702
3233480757
3233284128
3226992672
3222864160
3221970720
1074391601
1074457347
1108007170
1108003074
43698178
45864979
43899185
43809056
46954784
1107851552
1108106080
1124882804
1091328341
1124915526
1124915526
1129184598
1137570134
1133507062
1083175414
1083143166
1083012093
1083127660
1150172012
1141848940
1276066669
1275804282
1225407050
1242184522
1243231050
1255887690
1253659130
1253634410
1251533166
1251533295
1251540396
1253673380
1316850100
1311082900
237078932
169056436
168016020
168011916
168011980
436447260
436377629
1047968012
1013361412
1013877252
1022265860
2096017092
1818013348
1749860004
1749858980
3897342692
3897338404
2891250213
2893871654
2775448358
2792081446
2800405542
2800405510
3065761094
3063443398
3063442423
4271454695
3604551910
3596157030
3594190886
1445593150
1445597242
1579819018
220864522
216934666
145623562
145230410
1219041994
1219050186
1219051210
1218998986
1218999002
1219032042
1252582314
1252565929
1319681452
1323862436
1311345076
1311345044
237754516
169605300
169601156
169568324
440084484
438970655
409872655
409885455
417778191
413568527
413448767
416590447
448838574
985700526
977311918
973183230
973183038
973314078
1040365598
369277966
1410526222
1412566030
1545996302
1550780710
1487805030
1487878758
3635231334
3634903669
2561210948
2562243140
2551757380
2551757396
2550708852
2567477844
3125390916
3125387988
4194951908
3121173156
3189310117
3191406767
3056271534
4108979354
4239014026
4171905226
4171917386
1504372811
1521072152
1521024024
2053689352
2049704200
2034111000
2017341992
2017342056
2027758191
2021927534
2021927718
2026121270
2026121222
1522890758
1522923526
1254398023
1250728007
1250736215
3398232438
3402198006
3456769702
3288995462
3298431630
3231318414
3233480894
3232284846
3233329327
3229138093
3224938708
3224938756
3225070340
1077586436
1077586628
37386884
308942468
304743300
1378484644
1379537063
1447633062
1447567846
1456996614
1592280582
1604890142
1571334718
2041162287
2041166636
2074716460
2058070316
2050722604
2048625244
2047576780
2047453900
973679567
973678830
974010606
974003310
982384750
512098382
396230726
10039366
14168262
1651846
1776054
8002214
12266150
12266166
11217542
11087494
1101533830
1118306966
1118307303
3266261283
3271319843
3254542625
3233571105
3231510821
3231502629
3248410893
3248394508
3248391436
3235743020
3227294828
3223114860
1144837244
1144935501
1278088267
1294876106
1311652602
1311652602
1311648458
3391889098
3399762778
3399799610
3400855850
3400851754
3398738218
3398738281
3403449772
1249676708
1244498052
1244498052
171415684
169257092
168208524
168208460
436709404
420916492
947829260
955165196
1018071628
749439644
754494124
1816702636
1812512428
1812512428
3960053420
3831020076
3833379372
2708335148
2742024748
2725169965
2733526831
2733264702
2998538206
4070055406
4069010670
4069009646
3537573990
1381632054
1379535878
1111098374
37367810
104472578
75114242
83507714
78252738
212404866
1286408834
1286544066
1219394114
3366911490
3384586770
3399263010
1318887713
1318888932
1318886564
1323075748
1312655524
1312131236
1312213152
236386448
235302336
235285760
235220227
239418642
240590098
232655618
77466179
77220549
76241556
76343972
214739620
239905708
105692396
105688109
105692205
38124589
1112971311
1112967199
1123993614
1090406670
3233679622
3298756870
3432979254
3432987234
3432856290
2359048930
2295651043
2281999072
2349304384
2349242944
2349317696
2353313472
2391057136
2391057056
2391192240
2253308576
2249999009
2184970663
2250771631
3576301738
3697948874
3702138890
1571432458
1537947658
1252535338
1517035562
455868458
405668122
405680650
1478369802
1480865326
1216621158
1216621158
1221356134
1221392998
1234041462
1250810742
1250808166
1250554086
1250537709
1317638312
1188675768
1111081096
1110065288
1076509832
1076509064
2767496
2767497
15284874
11025034
1084763802
1084762026
1084974058
1135501690
1118724366
1185870622
1118810927
1118151468
1118607140
1122803492
1110293492
1177533108
1194311316
1195345548
1327293068
1326195391
1258824430
1264071470
1274557486
1588075566
1588119598
2141829134
2125178891
2057938955
1521069145
1512670891
1511753387
1510704783
1510597262
1510547982
503984934
370815010
363474979
279576609
11141121
11141125
11141445
7012997
5907077
4925063
13110975
8966061
25988525
25992669
26129865
1100916171
1103078747
1135457647
1106097455
1097700399
1076728895
1077785623
1077784597
1077858613
1077863269
1075765985
1130029745
1115411073
1115375491
37438866
36241586
41496754
1121460386
1134043366
1100554599
1083905589
1085884988
1090058796
1157163564
1206429996
1319746572
1319809037
1324007437
1244315672
1244381224
1245401128
1243180328
1247309608
1250452345
1233707977
1216996299
3431588857
3423327209
3288977385
3289107192
1078721224
1351260872
1352567497
1407109835
1379713754
1379713770
1377599978
1377604010
1376563370
1380503726
306764942
307821710
305757374
1382710454
1114258566
1139420294
1152001158
3299569878
3303666542
3433689646
3702108734
2628620828
2628560412
2628562492
2632756780
2553068072
2554104360
2553728568
2551639560
2571562268
2609703981
2609697903
2609693798
2573190215
2552124487
2618971461
2486847221
2499433143
2428113555
2427982466
2431129234
2439515810
2468879778
2187861154
2196309154
2192179330
2192445506
3270385670
3261915142
3240927271
3228347429
3504843044
1358334740
1356237316
4032203269
4044794373
4062160453
4062020165
4062151287
4061840355
4061852642
4064879331
3779601059
3758629554
4031264418
4039642530
4035448035
4035446883
4052252753
3533433025
1383786693
1379592388
1378543748
1382673572
1391029412
1386882213
1391071391
1382744207
1382744286
1407845694
1441668670
351215158
350764598
342371903
472411711
1010556733
1010536221
739876637
738763580
751346668
747151788
747151548
742957240
1678291112
1678349480
1678416296
1611307688
1615497896
3767175784
3768240648
2699622920
2707975688
2737583912
2720863784
2725119528
3002991144
3000894025
2998670171
2461802730
2460754154
2527604974
2259295486
2259295430
2259369030
2263358470
2267763735
2351620375
2351604237
2355798540
2364187148
2359861764
2293802740
2298001125
2551744175
2550761135
3624912638
3624289998
3641058894
3674615054
1527196702
1531722814
1506548798
1485317150
411641038
478885006
210443406
76094862
97070487
105528711
34231686
34226566
34173334
34201974
39366946
49853218
1118603042
1135382306
1135386402
1119852850
1117689907
1116703793
1116570672
1111851040
1108197472
1108267232
3255751648
3272537760
3221909136
3225971392
3226032832
3293208256
3301586624
3301581632
3231392068
3233292788
3233362404
3283957156
3267108269
3266056110
3270250158
3287025342
3245081274
1093407386
1076655002
1076720538
1077895642
1077928394
1082122570
1086240074
1102034250
1102026010
1106099515
3287137595
3261971741
3262100765
3530526749
3597635613
4134506524
4134514716
3861885996
3995973676
2923407404
2854135852
2854153276
2921202028
2921202349
2923299502
2935358126
4020568750
4020242094
3835699118
3835705790
4105189518
4109576335
1348610244
1348478988
270542860
824190988
824253452
824323340
825421340
624143932
636534303
630230542
668240398
801934170
784960474
