1356602399
1355615239
1406075927
1380926965
1376769013
1376228245
1376227989
1912705973
1916834727
1925231015
1925227927
1656923278
1648536799
3791829119
3791886383
3875706925
3875711021
3843467565
3830890284
3763783228
3763847709
3759948605
3760022383
3760006119
3776775143
3813475310
3813475166
3787805194
3787740682
3771006475
3771001371
3762350619
3762354715
3829422602
3841990218
3842252506
4010020858
4014214634
3930397930
3934729450
3934729338
3934728250
3935186959
3935186956
4220411916
4216155348
4211919780
4211923620
4211993252
3943672493
1774496430
1753525934
1753267630
1820564663
1824693365
1682164756
607143988
538978356
555953204
555883556
555880236
560336428
565644861
548734558
546592462
545560206
562859662
595889806
595888782
591707022
570718670
570898703
587606319
555100461
561392940
632685324
632631820
631579196
631510556
665071116
627313412
627964279
627964279
627964279
627964279
627964279
627964279
627964279
627964279
627964279
627964279
627964279
627964279
627964279
627964279
627964279
627964279
627964279
627964279
627964279
627964279
627964279
627964279
627964279
627964279
627964279
627964279
627964279
627964279
627964279
627964279
627964279
627964279
627964279
627964279
627947895
896384375
1030602231
493729206
476951990
493729206
493731762
527284914
535149234
1340455602
1324202674
1342028210
1205517442
1205533826
1200252049
1204497568
1137384608
1113131408
1111170432
1111102848
37368192
19542928
2847728
275771952
275550773
283938343
283421479
283945253
275626261
1903073541
1936625412
1919321604
4066808349
4133986877
4133786173
4129326637
4146130727
4113591079
4101139237
3035790180
3170009060
3220309972
3203548036
3203645908
3203444836
2930815013
2930806838
2932912134
2920325158
3977310246
2887173478
2887173990
2887141078
2891321030
3973328582
3973345094
3990121846
4254555238
4254485590
4258679878
4258683142
4250340614
4248649495
4248643447
4248773589
4252959189
4252959733
4259271653
4254954468
4237095668
4237091412
4241285644
4228702748
3960270392
3826187048
3827210536
2782824744
2814282296
2796390920
2800517640
2922152520
2922152601
2922369711
2922246830
2926080422
2934441126
2934507702
2934848662
2934336646
2925980870
2925980679
2792811789
2792746781
3874811452
3891553836
3832898076
4095095301
4095607299
4028236371
4032365923
4109896803
4105980003
3032271091
3082737857
2533288129
2524901251
2520698498
2524890802
2533278370
3065893794
3065831842
3065831842
3080512931
3084707747
3055316705
2520587987
2520661954
2452501954
3542496466
3521445986
3500474470
3500277830
3500281862
3500285959
1352720701
1348531500
1345363740
1395702536
1379113736
1379371784
1918273816
1985383480
1985446968
1983156312
1983156313
1983352953
1983295721
1981194415
1985984430
3881672366
3848257174
3831426702
4099829390
4101920398
4236052158
4235473582
4242814446
4242813999
4242811935
4242811933
4242811965
4238746685
4238751005
4255597901
3719578589
3751076861
3755271661
3721704813
3713506620
3742797628
3730294556
3732271900
3732267836
4269798204
4265530140
4265592089
3208628537
3158219129
3160324569
3168701129
3167585993
3167019723
3167019738
3166986986
3159626478
3159622126
3161719014
3161719014
3170250822
3724419142
3755877382
3755809799
1600075799
1562257415
1144928515
1149112067
1149109058
1149059650
1157383154
1289540578
1302328290
1340000194
1340001987
1342037713
3489459953
3489460192
3489508832
3464478193
3464467953
2390733937
2399121491
2394943570
2394812530
2411521378
2413358434
2639839074
2635698018
2635831058
2669388562
2673451282
3722027057
4258918416
4250530816
4229528576
4095432720
4095367280
4095400928
4111387364
4157574868
3817639556
3800862340
3805060756
3796666036
3793655684
2719920580
2722013684
2722030052
2742936932
2692603429
2701122085
2692741653
2692607493
2692513300
2691978797
2690913837
2783188525
2816742188
2934702381
2934243645
2934779933
2930516025
3215725673
3165460603
3166583002
2629707978
2631805130
2622241242
2349617098
2617889098
2647384394
2676596826
2677645546
2677776554
2547679624
2541585288
2537325192
3577528968
3577140152
4113986904
4113984536
2000054328
2002090042
2002184202
1977018378
1977060426
1962180814
1962180814
1962246302
1953935550
4116095151
4246659301
4280213972
4284400580
4267688692
4278056692
4277790460
4278019676
4277954349
4277937449
4152112235
4118021499
4101453147
4099292667
4107747291
4107544523
4106577611
3620692699
3604959871
3604836959
3621614158
3621570430
3621580142
3579697518
3579762782
3579747663
3579747655
3615397191
3530867157
3530871029
3530870949
3530870948
3530978468
3547751844
3514197428
4034285204
4034318036
4109862421
4108621365
4104431127
4121208342
4158956854
4150637606
4146568230
2804386854
2771815495
2771844165
2908148829
3981956461
3981801341
2903848527
2903844574
3178702574
3178698478
3186952110
3182757358
3182757366
3166008775
3031721413
4120145348
4115951044
4145380788
4080344500
4080483764
4063636885
4080153989
4082255765
4082353077
4059141093
3786453541
3785400853
2715853333
2707730997
2690954789
2686842405
3760602661
3760593445
3828222951
3832289462
3857455286
2012678294
1991642246
1991386310
938614850
368123906
351281218
351273026
349234163
72411107
72398755
22279571
54718851
37933379
46301446
315654438
317760815
316714283
316901641
308451592
1382517528
1381337912
1929875144
2001109640
1975882376
1959047848
4237603497
4237734827
4241942506
4233162218
4228951406
3155405103
3155344700
3176373508
3171981572
3205541124
3205738260
3193107988
3193094656
3195159040
3069264480
3069448929
3069453026
3065263074
3199467746
3215721650
3169586322
3161332866
2621319298
3694536834
3560324226
3564582322
3589563798
3606345094
3606541766
3604479431
3595890151
3595857253
3604244341
3621148253
3587572317
3583984223
3586085599
3585470959
2645865709
2650051821
2637464685
3171988492
3205604364
3205735688
3205735192
3205669416
3209884200
3209877048
3176320568
3184774761
3050368745
3184586475
3184578234
3083913098
3069231498
3069297082
3060978154
3077759338
3077824894
3040077086
3044238654
3044504894
3044422998
3052807638
3052807638
3086423478
3086418358
3086434454
3050782870
3050827974
3042043078
3027297366
3027348791
3027414807
3027480327
3044058631
3073422871
3073488693
3057030949
2792801573
2790772021
2790642965
2807554309
2807558421
2773996341
2757215037
2759840607
2759681919
2688318447
2692504047
2692499887
2751285693
2793348493
2793288589
2793354189
2792686044
2817855853
2780107117
2763339119
2763335006
3031721438
3184846078
3210009846
3188051143
3187991751
3187991877
4261929780
3192320804
3218260516
3184674324
3185004036
3168136724
3176463140
3176520484
3210202964
3210201028
3210527109
3218883495
3185329062
3168688038
3168692150
3160237462
3160171702
3178524902
3212099814
3210200150
3193361478
3193431302
3193302790
3193433862
3210141462
3076443446
3042954526
3028014366
3036411231
3036403543
3036403447
3036272375
3028043495
3028046503
3025957285
3034329255
3051102391
3052745911
3044344999
3027703031
3027711223
3051779415
3085366549
3085424389
3068516101
3060049413
4129595925
4129808919
4131320335
4280173070
4280235550
4245436718
2135693354
2127300650
1993082922
1591546970
1591418958
509227086
505020622
421134815
408560623
417017581
412818045
412813901
412814028
419257036
410844876
427618780
459067836
442278316
441229741
441229741
994353581
2076555183
2110242734
2110242214
2110240254
2101777758
4249261902
4245149214
4229289534
4095639086
4099817007
4099542567
4107800359
4107801655
4109914135
4126916679
4158251205
4141393109
1993123061
1984924913
1984335059
1980148979
1980148819
1980148803
1712753747
1712751731
1719125089
1719128097
1714933873
1731711089
3879170279
3848761831
3840366567
3840233191
3836169879
3836042903
4109725335
4109659831
3035915959
3033818773
3050595221
3050596276
3086349812
3086341588
3078085973
3076979973
3043220743
3043351831
3039129398
3043452726
3043448374
3220112950
3219916342
3203151414
3204196150
3204199734
3204194614
3221037110
3120525399
3103146053
3101082692
4174765252
4165266900
4165265908
4165266924
4182011245
3678627631
3679605294
3679601174
3742581254
3708838662
3711985431
3703629621
3699629876
3565342548
3582119876
3587608448
3612774272
3542058880
3525280657
3592278931
3609051575
4145926566
4145901926
4114423846
1967072286
1970220062
1978607678
1978611774
1975073082
2109226267
2107127241
2144867208
1599615880
1599611832
1599627944
1608016617
1570361961
3584018235
3567093563
3567039790
3588007215
3579683903
2539561997
2539568205
2522779085
3055456252
3072235252
3074340436
3040801365
3044897397
3036422757
3036423013
2499023335
2515800295
2515875047
2448889077
2445152469
2445152461
2445152461
2159882445
2163487183
2163570015
2155861370
3228564858
3241016666
3240472026
3275007450
3275076810
3543647434
3342320842
3342816762
3342755306
3615385450
2550032234
2545800062
2545472478
2545480702
2528748031
2533073405
2533077500
2524681716
2520356340
2520620532
2520629108
3057626932
3057561380
4135495461
4134516007
4134388014
4135441470
3862951006
3862424670
3877088366
3877018734
1700187222
1700250631
1700131847
1698160671
1698165039
1702842671
3850323439
3849265135
3840876479
3840876191
3841400479
3841293981
3837030045
3853840125
3853840253
3891586364
4160087324
4151701517
4146978829
4147044429
4113453533
4112926189
4117188585
3789901801
3852819449
3852860361
3886410571
3890540315
3890539834
3865433402
3865428026
3861237818
3861372990
1718018110
1718014015
1735376957
1669283900
1668632828
1634169084
3765375420
3765371292
4033807260
4042069693
4037884589
4037360303
4037352127
2963618527
2426694365
2430889677
2430920397
2984616653
2984747645
3081216613
3085284903
2809435686
2792658742
2788463894
2788536342
2805325878
2939576374
2939581542
2906002918
2888962022
2901609126
2914192030
2914193102
2911907534
3180341198
3218089438
3209700702
3729930070
3729921911
3738309927
3738187063
3733988375
3738181637
3738333197
3748851725
3698508109
3698491868
3696461804
3704659944
3703614184
4232096488
4097878968
4093886360
4094859208
3021128665
3027420153
3027719017
2960618345
2960470888
2960471404
2960489964
2969533948
2969533849
2986175883
3019666827
3019654026
2994553786
2993570746
3010352123
3010291675
4092389243
4092388651
4092392763
4092392475
4092392458
4092458010
4092064826
3546739754
3526774843
3526770719
3526758495
4080415613
4093006573
4088808173
4053648127
4103918303
4107069151
3494405983
3557390111
3558503743
3560645933
3560907053
3564974364
3564966748
3571275612
3567089405
3566071549
3498372735
3498367830
3234123606
3225767254
3222697302
3222696402
3227406786
3252568530
3252638194
3252638195
3252671443
3252672465
3244161009
3244097521
3508321777
3541417297
3524766801
3528981587
3528840211
3528840499
3528980278
3546248998
3554506342
3520882406
3520868070
3519823542
3519880854
3553429398
2462517143
2462516725
2193954164
2194941236
2194959668
2194959668
2211736884
2211739444
2245358388
2245423396
2277929316
2244432356
2244268527
2227491310
3292840190
3288845534
3288840222
3289749566
3289810974
3560351758
3560352782
1417127182
1416069902
1434354247
1434354261
1434120821
1429828129
1429811745
1429813025
1429873953
1429873937
1434063936
1442514112
1442403520
1476121984
1409258896
1392478096
1455261329
1455199953
3337994195
3329753075
3325394402
3325308386
2268341730
2270639602
2278969826
2543276386
2543178098
2543116563
2545197875
2528424483
2532611619
2541002275
2536807987
2536872499
2537528883
2537414439
3059545127
3067929639
2527032407
2530620487
2539002951
2534870242
2501315042
2490765282
2499162098
2509647814
2241079238
2241078722
2274682178
2278851922
2270987639
2239597877
2239469845
2172234004
2205722628
2205792256
2201671696
2185108496
2201886064
2470315360
2424194912
2428388960
2427379408
2427256513
2428288723
2432474866
2434572018
2468126418
2467151602
3003973346
3005021666
3017595106
2996721874
2466134211
2457745603
2470328513
2470389985
2474519777
2445159923
2445164482
2176269890
2176060946
2180777778
2170307890
2170352914
2178654210
2177605698
2177479891
2160628913
2152242356
2215165076
2483796404
2483731440
2485041872
2501816016
2501896016
2535323600
2535449045
2518083061
2521224693
2529578469
3066416613
3066362869
3083136725
3050812997
3029841493
3035931253
3035935333
3027538789
3022308709
3039153253
3072744549
3072734291
3072734291
3072730194
2540059730
2540050882
2548439506
2544319478
2527533938
2528579394
2528462594
2528441090
2259985171
2259985189
2279641956
2237695712
2216724192
2485247728
2485280464
2485280448
2489720816
2497983973
2510562405
2548311157
2524251159
2524333382
2540885318
3748916726
3715164646
3713051031
3574704517
3557993860
3557989764
3574760836
2503131540
2507260388
2515629412
2511349028
2511351589
2514497061
2246061623
2246129190
2174752550
2191786278
2192850982
2192883766
2192867542
2197587094
2189200534
2182913431
2166333063
2149498501
2149508741
2417944197
2420041365
2499602405
2499603941
2499607671
2499271751
2490883159
2490760567
2490756983
2507597399
2507601623
2507667155
2534733779
2534700531
2534767857
2539076848
2539011184
2530622464
2463570944
2465551632
2465558836
2461397284
2461397284
2478149925
2478080303
2465504366
2452920558
2450835694
2450901246
2450971086
2450976206
2480340942
4086751055
4070045471
2996155678
3000280126
3006570542
2973098030
2956914774
2956906694
3027682502
3036039062
4105639591
4159967911
4143198949
4134810341
3597940341
2541037125
2541038861
2507614220
2507560964
3581302788
3590249548
3623875036
3619484637
3585922013
3568686015
3568817070
2499077550
2486500782
2484386222
2484582847
3021450639
4111970255
4149454669
4158108445
4139221813
4143419685
4134920503
4146585655
3039810615
3023031351
4097820983
4101921575
4110309943
4110290514
4124902978
4133229250
4131656306
3527676770
3527749986
3536138482
3533058290
3617469638
3586062470
3569260678
3569326214
3568277958
3567884487
3030947037
3035406444
3027017836
3039600748
3040862701
3040764901
3040744165
2776565479
3858564839
3858577335
3858507231
4160561615
4160692686
4150223310
4150059995
4149520123
3880042106
3880029722
3888418586
3888299275
3888555275
1968628745
1949782025
1949630489
1950290988
1950231588
1954426148
1962810144
1958612496
1438533120
1455407681
1458406209
1450017219
1445957827
1982763250
1982771426
1986441442
1718071522
3883382003
3828724977
3828743653
2754969316
2754947820
2754951916
2691971820
2695117549
2695118575
2964600510
2964600734
2979279262
2979279038
2475962550
2462412951
2462576775
2454122693
2517030085
2518053957
2534898695
2501339190
2505468214
2499176726
2499165958
2230785542
2230653446
2226410262
2241098087
2241126757
2245129509
2245119253
2238827797
2272381237
2270289719
2270428983
2270652182
2270652182
2270393622
2270381398
2269594982
2270512614
2270524887
2279073735
2262169541
2262161397
2262161381
2253752292
2253686772
2457113972
2452995445
2474093909
2471951813
2438397381
2438462965
2471886311
2538894759
2538893479
2505330855
2505527543
2497073623
2497073479
2497138951
2497016599
2631151423
2622827327
2373921566
2340297502
2608728862
2675772190
2648185818
2564306842
2560107194
3365413562
3369603754
3361211050
2287469226
2287478446
2314743086
2313771054
2313934894
2347489342
2414582798
2414586886
2397807879
2393486597
2394658260
2396689908
2388233700
2520485348
2520686048
2537465200
2535384400
2501297488
2501329233
2484417011
2483369459
2483369462
2496011766
2491816406
3567147479
3583859157
3590121876
3615288724
3594315140
3594498436
3592418180
3592278773
3528839911
3528849127
3528849383
3545625959
2539115591
2541151239
2541151239
2507666487
3052707111
3033841447
3029383725
3033856573
3033913917
3027619389
3027748415
3027587959
3023311735
3040088422
3042186342
2513704038
2513452134
2547199046
2547149830
2547154182
2537807110
2546063175
2546001863
2512511943
2512642485
2504115621
2504115636
2504379828
2504260516
2504174564
3042097716
3075972612
2536875780
2520097540
2520244997
2520236343
3054977318
3075822054
3042272742
3033945574
3029747158
3029747143
2492814789
2497471812
2489115956
2501698868
2537553204
3074338068
3084826909
3068050751
3063659807
3063518495
3069809695
3078148223
3073953903
3040440551
3040744933
3023966181
2961051621
2969505525
2979995217
2979870273
2442932801
2543596099
2542559811
2525848259
2530046710
2529776614
2529777126
2539216054
2539486366
2505963726
2501900494
2501834959
2506090975
2506092379
3613390603
3612866319
3595948319
2522149183
2522148911
2522214447
2521133103
2521264173
2512802109
2496086349
2496025157
2496058079
2496644863
2496513790
2496454654
2504849918
2538437086
2538301914
2539204570
2505649867
2489267915
2497656411
2499614331
2512131626
2515822378
2547310890
2463428923
2463481887
2462547999
2479329309
2445784349
2437387580
2420477308
2420477437
2420477949
2957483949
2974269357
3007835567
3070754239
3070746047
3053944255
3070705087
3070700991
3074567615
3074571711
3083023807
3083941279
3079763407
2543052239
2545018655
2549147453
2539714365
2539705629
2502022415
2502097951
2489515054
2497902894
2498939262
2499267358
2490748430
2505430542
2538927903
2522145085
2530533436
2531029044
2522632228
2535211108
2501841396
2484999877
2489192141
2499415759
2499484366
2633526014
2633558766
2633558382
2646121758
2679669006
2532877070
2541347614
2474238766
2440687727
2423997612
2432391340
2440566956
2456291468
2452228236
2452496268
3530453644
3531535052
3530871517
3530875773
3511985021
3495341341
3497437965
3506346765
3506425165
3497815519
3492554207
3509531135
3509453294
3513188846
3522508142
3522438958
3522440990
3251928846
3247758094
3247738630
3551960854
3535189302
3535254822
2465562743
2457833687
2990440661
2990444753
2973144192
2956392336
2956359332
2956399268
2687832741
2691965613
2696160943
2694064047
2694073598
2961460302
3028633614
3033950222
3033950239
2515954751
2515954999
2499153207
2499675923
2432566867
2424116051
3495694643
3491508273
3510445073
3544081409
3531500545
3531004931
3531000835
3537208803
3536094690
3536114146
3536114150
3536077294
3284538862
3234213870
3230019174
3230084647
3297586707
3298571777
3302766337
3294393601
3290299649
3292182849
3292175169
3292172097
1143653889
1164689921
1164759859
1165812003
1165811747
1165911139
3313392835
1174390995
1199430834
1199418802
3347031426
3355280770
3355280850
3355416050
3355440610
3345342947
3345277923
2272649953
2272786129
2256008849
2264260241
2532696049
2532638177
2533227891
2531130738
2531065122
2533125474
2533125478
2541499878
2537362902
2503881166
2505994655
2514442173
2496430076
2496425980
2631724892
2631728988
2631788364
3705660892
3722368508
3579758524
3609118644
3609124788
3591827380
4128767389
1980820893
1980817823
1980883150
1997631710
1429221502
3559928122
3563222826
3571605290
3567503914
3567573530
3585392399
3619011853
3619003661
3757345820
3744767028
3710366756
3710312496
3694063633
3694051585
3699262225
3585753649
3585753843
3619376791
3605596823
3592948407
3592960951
3592972735
3530059199
3605557663
3602399643
3602432507
3606896954
3606864174
3623822654
3590270270
3573431614
3707387182
3707452782
3707311599
3705344447
3705209245
3705160157
3436765533
3445137693
3476664639
3476926767
3476922686
3342185246
3606544654
3602875679
3600712764
3617490156
3615468780
2503785880
2487143304
2486098568
3492728457
3496922779
3502036910
3518817194
2445074922
2476532218
2476597611
2531190059
2524902703
2524960047
2524926239
2524852495
3598590735
3615433503
3579384618
3562734890
2497333563
2497337675
2497432011
2489096651
2514267017
2531043209
2531033801
2531033817
2531103465
2455745515
2455757807
2468340207
2434684407
2438870470
2422157762
3504287923
3504157859
3502519457
3502521569
3494198769
3491184065
3507896129
1396063808
1396055745
1400114881
1406410661
1368669605
1368421797
1367470519
3515330951
4052066701
4119113173
4156860725
4141198117
4067801637
4063075877
4063073813
4062966279
3056488982
3056485158
3056533734
3045000358
3036546198
4106114182
4104025222
4104121542
4124896471
4132760631
4128566325
1981148213
2115468340
2119595060
2119594260
2136396052
2102903636
2086126277
2088142405
4244082503
4244605783
4244478327
4236029302
4250709302
4284344118
4267561319
4267536751
4267667823
4267659374
4267005038
3998577886
3998706910
1876389338
1842860026
1838665627
1825691531
1825699209
2085713289
2081780952
2081760488
1947544808
1947680109
2002128509
1995572829
1991443037
2125468381
2123395805
2126537433
1564501464
3624036684
3624032524
3628485404
3637971500
3636210220
2562482716
2579067469
2595836622
2593714918
2597905062
2589516262
2606269670
2558102630
3093989446
4177438790
4185827407
4212959309
3927742589
3927947357
2921249884
2938017084
2903951148
2887139900
2889156140
2889164332
2889168428
3170704941
3182169638
3182169894
3215721510
2678854774
2645307638
2645323990
2644890758
2649199750
2640813447
2637479813
2637479820
2671230860
3206463372
3206458316
3189681101
3189680477
3193941373
3193824317
3191631933
3208401023
3024028031
3027898735
3028161135
3035498237
3031369429
3031176917
3036440285
3053217741
3042799053
2505985485
2506051023
2505956862
2505430382
2650142062
2650140958
2650272527
2650272541
2650272573
2650137380
2641688356
2641688372
2675299708
3212311932
3212312061
3212244477
3220624895
3220685279
3186999775
3178549759
3178553711
3178554735
3174430063
3174432127
3208117631
3212213631
3195426142
3061727566
3086991694
3086996319
3053314943
3044894591
3044304765
3044371967
3078059263
3078059231
3078046863
3077899407
3086292415
3050776495
3029481133
3029471996
3035706060
3035636428
2490376828
3581162345
3589632361
4126504251
4126539018
4118145290
4118133514
4118069002
4118062362
4118648090
3043934554
3073294682
3077554522
3060683642
3061740522
3070125034
3069977066
3067900411
3067901401
3086841304
3086972376
2541573464
2537374984
3610726664
3614896408
3614957880
3623211320
3589625177
3581369817
3564563931
3698518523
2624773594
2624832986
3169943898
3186660122
3182469946
3182469674
3186746922
2641487406
2675009070
2603812447
2601976799
3143046127
3151442413
3117756773
4187295797
4193518644
4176747572
4166265876
2014587148
2013538572
956573964
956771597
994520349
995046685
1003238719
1003238719
1003255295
1003255263
961312221
961314719
961346239
961411839
961544191
961544063
969913631
969848159
969389391
969389527
2034611703
2034611607
2034605463
1799855541
3947338677
3947281061
3947281061
4010196645
2936452788
2936469156
2940392101
2906834597
2773730933
2784091701
2782985765
2782981687
2774593047
2775055893
2774980117
2804336181
2808989477
2808923429
2808927589
2783794549
2783892823
2783901015
2783965567
2918012286
2909558142
2909568382
2943118462
2926017662
2925943934
2926973966
4000723982
4269220878
4269175839
4269169727
2079742983
2079742983
2037873671
2104845399
2102748631
2102858198
2102858134
1551307666
1551307410
1557598898
1557467874
1553213155
1552166497
1552232017
1419197952
1150768640
1156957696
1165805313
1198311185
1198380339
1198511459
1198520161
1206908769
1206773617
1340928837
1332597573
1332725333
1328502391
1332705015
1332179942
1331770342
1332752886
1332752598
1330672886
3485496551
3485527463
3481399189
3481530247
3464746631
3465643926
3348201894
3352330470
2278592742
2270212198
3310592118
3310526486
3581075735
3564294420
3564324180
3557885812
3557899876
1410547300
1412570708
1345455812
1344734917
1080367047
6624758
15013110
94712054
94725334
132510915
132617283
124237137
87402289
1429251873
1433446241
1467066225
1458747201
3606222529
3597895377
1580319475
1580298978
3727762018
3748868642
3723956770
3706983202
3706987810
1560030258
1560095762
1298009090
1298009090
1339704323
1306248451
1306494771
1306297699
1574741475
1565304226
1600038786
1583253122
1585349250
3732505234
3728315122
4281905762
4248364834
3157845283
3160991011
3169449249
3165312277
3047867717
3215640389
3195651909
3191371605
3190367589
3190371687
3202946407
3152559918
3148561982
3203022350
2666206798
2667120478
2595749998
2595750127
2327314652
2325225608
2325241992
2329469880
2388181736
3480978408
3455746248
3304752331
3295329386
3559430250
3559692522
3559827658
3559828938
1430169546
2000601738
1983300282
1983366826
1987340010
1995727850
4141109738
4153688315
4120342617
4103479320
1960190232
1960258872
1414802232
1416899384
1417095961
1442199834
1475812826
1458897370
1457258906
1188835482
1183084730
1183109294
1199866095
1132495100
1132568700
1125297160
1192405256
1158850824
1192405848
1192291048
1599159000
1607605961
1339163337
1334903785
1336934891
1169170478
1156653102
1146220566
1141936406
1280352594
1287693650
1283506130
1149352946
1149410215
1163041669
1177717637
1176669573
1445381332
1445318773
1445224501
1579442231
1596268855
476516654
484778542
484778542
481637942
415053334
412956167
1490888215
1221424989
1221425117
139294669
156194765
156124621
157238605
157270397
157077821
207414589
475817469
475889085
358580159
392060831
375265175
371004311
370999709
303890845
303890556
317657128
850206760
850159912
850192680
581929481
581863947
585992714
577537546
573342250
657228330
657257066
623768170
556626923
560804265
560805289
602749353
602749369
602749339
602749067
602241163
669351051
635564170
631500938
899920090
1973658410
1440981546
1441112618
3589121583
3718887981
2645145900
2678700076
2678700076
2611591436
2343144007
2343275206
2305546978
2284550754
2351565090
2356021282
2356549650
2364942402
2362845250
2362849346
2362841155
2362837059
3430750579
3426498851
3426490675
3425573123
1278089475
1282292033
1282234688
216849712
225219888
221090128
221221200
254775632
170889552
170898416
170894320
170895312
170899392
170379072
438814224
439832100
441724460
978594344
977546025
977561899
994364778
1003801850
1003799754
1005900234
972341722
963953146
941965802
943083947
943087785
945185193
953606572
965144508
429235076
433097349
435210881
426822611
137420147
405992483
403891250
403890195
403873795
408069377
1490195792
1536401360
1519491456
2060552320
2052098176
4195469488
4199664032
4206915488
4206915234
4219498082
4223867426
4208007730
3662682674
3664788274
3664787474
3404938242
3402767362
3415358466
3414563842
3381005314
3364818002
3364358626
3365633011
3365559235
3371944898
2297006978
2288557490
2305336738
2340004771
2331616160
2327356320
2597888928
2658711440
2654834304
2671741572
2671168180
3174554348
3172330476
3176525164
2916480376
2916389977
3184841753
3184845835
3176457242
3172367486
3172341102
3172335998
3210084734
3218539302
3197436719
3197465405
3214270748
3214206748
3176447772
3155467788
3155606024
4229344776
4229348872
3960768088
3967075177
3983851881
3983818859
2910212219
2910216283
3983958107
4015399291
4023789051
4292286426
4275310490
4277406618
4290186138
4290124698
4294405530
4260685210
4260422043
4235256217
4235375004
4235375580
4252214260
4249936868
4249937889
4283690467
4283594995
4283586802
4285680866
4285746418
4294071378
4294135810
4284571922
2103469842
4251051794
4234407474
4242733875
4243839795
4260419857
3748699409
3746665747
3730016019
3728918034
3728922130
3729192498
3745963826
2681654642
2682080498
2648530163
2642246865
3715980483
3714020803
3713950195
3621671905
3621732849
3590144465
3590156753
3564757328
3564892496
3560690948
4097560340
4101630780
4101630748
4126779932
4126989945
3892106859
3881616122
3881616122
3843838698
3843842730
3879477674
3883873754
3892188379
4008579323
4003803387
4003737882
4004786442
2146709786
2138517802
2104959274
2081760570
2086089738
2088109067
1023280139
482149401
482088009
503063625
494674249
226234697
125584219
376324987
384717819
384725467
384758235
384602587
401380345
879531993
611235800
611237336
1684843880
1684841832
1702663016
1732031080
1849537113
1849528921
1849590377
3997095787
3997100395
4026460523
4022196603
3988626891
3976049615
3963401167
3828323279
