1358699551
1356663823
1406075911
1380926837
1376769013
1376228245
1376227989
1912837045
1916834727
1916842919
1925226935
1656988815
1648536735
3791829247
3791886383
3808598061
3875711021
3842418989
3830890285
3763783484
3763847709
3760014141
3760022383
3760006119
3776775143
3813475311
3813474942
3787801102
3787740682
3771006475
3771001355
3762350619
3762354715
3762313738
3842072138
3842252506
4010020602
4014214650
3930397930
3934729450
3934729338
3934728250
3935252510
3935186956
4220411916
4224541908
4211919780
4211923620
4211993252
3943688869
1774561966
1753525934
1753267630
1820433591
1824693495
1682148372
607176756
538978356
555822132
555883556
555883820
560336428
565644861
548752990
546627278
546609870
562858702
562858638
1636076431
1732549133
1711585804
1846001164
1845944893
1846944293
1746280993
1748439329
686030881
682886163
679754819
679749699
679880771
948316995
948312643
981862979
448531011
443287105
440144449
442446433
445456993
981738083
981739107
998518371
683948899
675297651
692132211
725752147
717364051
717425491
717232979
717323095
717454167
717249399
717249383
726976871
627964279
627964279
627964279
627964279
627964279
627964279
627964279
627964279
627964279
627964279
627964279
627964279
627964279
627964279
627964279
627964279
627964279
762182007
963508599
426637686
158202358
158203382
158201334
158183926
157921790
162116094
1487516154
1487516154
1487519226
3635132922
3635133435
3647713241
3643455432
3140138888
3140130696
3140060568
3140064680
2875899816
2884304552
2884292296
2884226632
2884161032
2875776553
3144183339
3144167210
3144165162
3110809882
3110801674
3110731818
3119190058
3098218602
3098234986
3098074186
3098060874
2565384393
2569648584
2569706888
3106583944
3106575752
3106637736
3144324776
2875889320
2867517176
2867516936
2867450392
2858967593
2875728426
2875732522
3110863162
3110666298
3110666298
3119189050
3152746538
2594838634
3735697546
3735627915
3739756680
1579730056
3593048216
3593179288
3593113736
4100882824
4100358792
3827471944
3827538460
3827345964
3764431404
2686495273
2686561067
2770584873
2770616619
2771125035
2771255851
2775451179
2779385406
2779253630
2779257342
2812819710
2812837086
2818077063
3041551239
3041534607
3024757390
3033145770
3029864618
3031958698
3035106491
3026786457
3039443080
3072993736
2536385033
2653825546
3747879434
3747876378
3747874618
2414612522
2343116842
2611597354
2611511358
2611646477
3148513284
3148522052
3153634032
3145245344
3141055136
3106453412
2905126052
2905136292
2888354981
2888714407
2754009335
2767645189
2897668612
2896619012
3890635269
3995542023
2922189326
2938896942
2938635050
2947024234
2913471594
2896697450
2896697466
2913483978
4154991818
4151009674
4150981002
4125806777
1957400744
1957220520
1961382024
1948778696
1965560856
1982477608
1982476072
1986670120
1994993160
1990723081
937952778
1021838858
1021838970
1021924714
1017738346
480867562
346812602
350941323
342532232
338337928
338268348
1344831660
1881440420
1914864036
1650628228
3806510660
3806505472
3806374432
3806374436
2732632615
2741222958
2770507306
2770650410
2904818986
2905343274
2905476926
2909408894
2917801854
2913475069
2913482972
2913532108
2914579660
2911609036
2911543436
2911544204
2890572457
2887369642
2755133866
2754348202
3761117418
3761125610
3790485850
3819846410
1672309259
1655499275
1655503370
1651297802
1663910202
1664028730
590295082
556609578
561655850
1708798074
1971986650
1971985114
1971854010
1972124346
1435269786
361559690
495776651
260887432
244126408
172959272
168765992
169749032
171850524
1244529927
1248329734
1273806878
1223458830
1223327822
1219137742
3366624726
3366689782
3366698582
3383277310
3655902895
2607326889
2636687016
3177823400
3169563816
3169563816
3177747592
2905126028
2905190604
2905256972
2938813485
2938809647
2943024430
2942956862
2942924602
2942841642
2875724074
2842165546
3915907370
3915907370
3924492586
3953787771
4272625368
4273543816
4273478280
3736631944
3732466312
3727206028
1328133004
1160483724
1143653260
1147847372
1156243012
1156246247
1424878306
1424796322
1416408994
3575944070
3743449478
1596096646
2116206598
1579307014
1579229230
1579425838
1592009770
1605183785
1605175592
1571293992
1571298204
1567124364
1562943372
1563001220
1562804612
1566736772
2137166208
1596109216
4281447392
4281377312
4281393698
4281364006
3211803182
3182565930
3181517610
3181709354
3182217274
3181938699
3215559688
2884156680
2885195336
3143213784
3143344824
3139166892
3206111973
3174568162
4230481058
4096265378
4096395426
1961506994
1957312898
1957314434
363733633
363274880
115405440
102859200
102859060
371241260
371240232
908110632
639691304
656669224
660786744
669499912
670843400
661144089
661144169
627659753
627799035
627914619
627905915
627905883
628053323
628028491
636400859
602911962
581811418
581803162
585997450
577608858
573419770
573370602
573403258
556691514
539685162
553313131
563801832
596179624
646486936
650697096
638082184
1040978056
1006764424
1006769069
1019359919
1016215207
1016164006
1016130290
1015066322
1036037958
1044429830
1044552710
1040364566
906162198
906047542
907030582
890384686
819083054
814877228
830753508
898386580
931711876
923326852
386686084
520491140
486674820
1010963076
949105328
949187296
949019169
949019170
416326182
433106726
433101094
465672226
1245812770
1245763602
1245763586
1245903874
1522725889
1518792960
1587462848
1589297792
258687872
86589824
69800080
338366644
338624700
338036136
887283496
1956887080
1688250936
1688250904
1688250888
1826662922
3999305226
3995436570
3928932650
4197335146
3123392618
3123327018
3119124522
3114938410
4188676410
4222312795
4205339080
4205371592
4201144520
4196930776
2066416888
2016023768
2016042360
2087377512
1823132281
1822988889
1873324617
1856552776
1860732248
2049474649
2049544282
4197118058
4281004142
4230639718
4230623586
4243215202
3970596578
4104777392
4121554576
4272487296
4268259712
4264045696
4264115328
4264171683
2133473698
2087324582
2091715254
2091728530
2091131537
1554260544
1553998336
1558241840
1545642545
1596043011
1445113606
1446181638
1450368262
1456659750
1452733741
2006447404
2009908712
2001259912
1997066120
1997065112
889936536
1024334472
1023818376
1023553240
1023553244
1027815388
960508413
968941806
998301806
2072027230
1535221770
1539486986
1539489546
3678648890
3686840874
3686841898
2576596538
2576799290
2577319466
2576893482
2581071738
2583170554
2306350570
2306415850
2373590202
2381978810
2381984922
2380952731
2380919945
2380853384
2380853384
3446182040
3341324536
3609891896
3609916472
3609947176
1395207209
1395354921
1399481640
1944778552
1943782936
2009646792
2001260168
1997065096
1997069240
1963707064
1024330392
1007042184
1027745496
1036133112
1036194795
2109755566
2076237998
2076222694
2042668246
2042733766
4181966790
4190289414
3653484038
3654467078
3654483718
2647817510
2675323942
2675773486
2683043886
2678784043
2679775513
3753583368
3721929224
3696760328
3692903944
1411268184
1411324568
1413286808
1899760008
1898204299
862243978
845204618
845251738
845395418
853664026
853926202
853860650
871342122
1907269674
1911201835
1911271720
1977123320
1967687064
1967689624
1963559576
2098134680
2098081468
2097555128
2097293032
2097288937
2101419498
2042637546
2042652906
2038491210
2038475850
1501602826
3653350154
3653341706
3653342762
3653498410
2575464234
2610050350
2341870638
2342456426
2344357119
2348289229
2322075084
3395816708
3397008644
3397004340
3397002292
1245324304
1312445440
1311429632
1311425536
1177191744
124421568
90934672
6922128
6921104
1344905108
1344905140
1345034228
1346343668
1346237036
1880908524
1948002024
1967405743
1975790254
1954888102
1954810022
478218370
482479234
482484355
483533185
215114113
231924609
198222834
1255186914
1255187746
1246805794
1246805282
3396380962
3404773682
3400792118
3400719398
2327215150
2344500270
2310540602
2313686298
2313702667
2313772299
2288545035
2288549147
2288736027
2305447739
2305439513
2338920217
2338856731
2338856251
2338863467
2338863483
2338928955
2313894171
2313887002
2313885018
2313892827
3387495323
3387496377
3387447208
3387449256
3454590904
3446267832
1298792344
1294598040
1294597528
1294728600
1294985656
1294985656
1294461432
1294461242
1327757626
1327757626
1327757594
1298652954
1303379770
1236270654
3383328318
3450428990
3450358334
1307057133
1298745772
1298876844
1298888892
1332312468
1332308372
220821892
86596500
86854548
86469556
86239732
86092151
358848822
358717750
1432459574
1432467742
1600240414
3751918110
3752180254
3752704574
3752434238
3752577598
3748268589
2674531244
2674526636
2674591916
2682984620
3622508700
3613997196
3609995404
3341564300
1197816260
1138846164
1101130980
1101239399
1373868390
1365348646
1344377110
1348579598
1348575502
1885449246
1881258030
1898027054
1898022926
4079388686
4062615566
4062635022
4151820622
4157719534
4120040175
4103267055
4103268077
4103204589
4107332319
4117790687
3610271711
3593958750
3593934206
3593929774
3615294518
3581766742
3590286406
3586057542
3569284935
3583415111
3587543617
2505355985
3042423408
3042358880
3042295328
3042221600
3038101044
3071786500
2803341060
2790622524
2792670508
2809449772
2809460012
2809460009
2809447721
2775872889
2809410873
2808421673
2816805177
2816805179
2816940826
3848747290
3848617274
3848607034
1701646394
1710035002
636228666
632034318
632044558
636225614
627964279
627964279
627964279
627964279
627964279
627964279
627964279
627964279
627964279
627964279
627964279
627964279
627964279
627964279
627964279
627964279
627964279
627964279
627964279
627947895
762165623
762165749
762166709
795719095
778940855
778941879
778941887
774748607
774207935
790968767
1025588159
2095201197
2091007404
2092051884
2089821580
2089870796
1547740508
1560330036
503363092
504411653
504423174
504586526
370290734
374476846
374472750
340935742
340950278
273870150
274059215
269781983
269781423
273975725
1406581149
1385607053
1391900549
1391821717
3528766373
3537150885
4074021605
4124354279
4109807334
4101422690
4096958066
4096247362
4096258306
3039146034
2808410147
2816798752
2816831536
2808556800
3040161540
4097190436
3023440420
3026587252
3035434692
3030648263
2493781222
2493781094
2510566502
2275683398
2275867718
2259606534
2393806086
2662044966
2661855525
2661851172
2661851252
2658705636
3208159460
3208217764
3174728837
3040540055
4113235879
4117680038
4117614054
3883748806
4013780167
4282150215
4286410597
3992878693
3992915573
4244047431
4234490566
4234224278
4101051046
4109370278
4103078310
4119868598
4118815878
4123028614
4123258054
4124228951
4124294967
4159807007
4142964237
4075863565
4067473181
4134835501
4147434791
4113974631
4111861223
4097185126
4109768038
4105639270
4122218871
4126433543
4126499077
4118142981
3579180309
3579182453
4115136373
4115070581
4123524725
4123391863
4124438903
4157985239
4149723607
4149659103
4151760855
4147640183
4152227823
4150033903
4115951101
4115955101
4116012429
4116143517
4116084159
1968599967
2002252695
2002121687
1985274231
1985257783
1987354647
1987372085
2003297333
1965483029
1948702037
1952891740
1952696061
1709295357
1742864125
1726085755
3873504043
3865110826
3881888826
3881853962
3848486922
3831906586
3831910763
3841348589
3837088493
3834933996
3771789020
3771849420
3763718860
3763723228
3780504445
3780439677
3813992031
3795186191
3795210783
4063625775
3006738727
3019186469
3014938661
3014934573
3012837645
2979526413
2979445517
2979445021
2979445101
3052714351
3044326911
3073673167
3073803215
3073823694
3073831294
2809426286
2817811502
2801101870
2794872086
3063297286
3063296774
3197379350
3218350630
3184796454
3168211246
2631206269
2648443132
2673608916
2656831732
2655869140
2664331460
2664328644
2597217860
2320458308
2303554132
2286940791
2563728998
2563728998
2626473446
2626473190
2643250338
2525813906
3595068545
3590857856
3591910544
1461321888
1411252384
1411265936
1423863680
1356778112
1895602880
1886694004
1902422581
1398848279
1382260487
1382192902
1378063154
1377870626
4146112290
4147160354
4126325795
3048705315
3032387347
3049162243
3044726339
2671429314
2671432322
2671335074
3212338594
3220728995
3086514401
3082508528
3086669888
4152032320
4152030208
4078563584
1931010352
1628987685
1612329255
1612316982
1616514910
1618676318
542710334
542661166
541620778
558390075
600438025
583659785
600428889
600428905
558371177
554179881
554175295
587929919
587872557
600451373
579479853
579419421
579345421
596131085
596122957
596384079
599525711
627964279
627964279
627964279
627964279
627964279
627964279
627964279
627964279
627964279
627964279
627964279
627947895
627946871
896381429
896381365
393064889
359510457
342733753
342734521
350599865
350599865
1424341689
1470479033
1453768137
1453765963
1453760523
3605311515
3596918827
3609716074
3577140714
3711356378
3709238666
3704958874
3721664442
3719627674
3719762939
3719766907
3719394105
3585111849
3723552553
3715149097
3710954809
3708927033
3742602249
3742471497
3577840077
4114973693
4106721005
4106675941
4098289639
4115135975
4148677863
4132947063
4132888646
3591790598
3593891846
3593883654
3614856486
3581353766
3572960870
3572960966
3572987598
3568789135
3585463997
3585394348
3618949036
3623155116
3610571260
3577176268
3577110733
4114047437
4114048489
4116082537
4124569449
4153933433
4153792009
4157919753
4157907465
4150059545
4116566585
4116680491
4116613419
3042875435
3084818559
3068042318
3068125198
4133478414
4129149038
4129247726
4148040174
4114495471
4252897263
4244443119
4242284031
2094804365
1954294925
1953840268
1953977500
1953945004
1962341372
2113249996
2111087173
2111088407
2102699831
1964287782
2000004918
4130535222
4134717238
4143072614
4137043431
4141155813
4157875693
4115670525
4115736541
4149356495
4149368287
4158064094
4157883742
4143207902
4160091646
3619156478
3585536479
3570921807
3570722637
3562334044
3558733628
3558831916
3493805884
3497992028
3506380637
1895767513
1912414203
3623696299
3623712683
3606954427
3598565850
3592192474
3592196442
3592200506
3596396346
3607094842
2529160766
2529062446
2528519470
2532705326
2549350446
2507210782
2247241739
2230464521
2230481160
3304159000
3564166696
3559950952
3559951064
3574893256
3608460168
3591679880
2119472008
2119532937
2115162521
2134041065
2134008297
2100437353
2102599995
2102469947
2111073594
2111109434
2111150362
2113247498
2113378570
2142747914
2142614794
2129690635
4266754073
3994259497
3993149549
3926057324
3926061540
3926016484
3998417124
4023452900
4258467284
4107414916
4107415172
4103145125
4103079589
3566211763
1418732162
1417683586
1421878738
1077947426
1074817074
3209218
3385346
19310594
52857859
36077571
103202818
103792850
103792802
104788386
107930274
401527442
296701587
296307349
296295092
296233644
300428204
287844780
271389081
271516043
271451038
1357267694
1352712814
1352704558
1352705582
1369489158
1403174662
1403172623
1403172623
1470287149
1474563373
1432627501
1429608477
1463159133
1461082605
1461116317
2004321165
2004124557
1943372428
1908708092
1909236268
1884070436
1682744869
1615824675
1612616995
1612632098
1881034786
1879965698
1879445510
1879441478
826674502
809908695
281422742
1350970246
1351039622
1350924934
1402248838
1385464462
1387561614
1924629454
1992265958
1992073445
1989452004
4132741348
4128567524
4128661740
4264977900
4281739116
4285662764
2146633245
2125473289
2125473291
2125671947
2062683930
1523845418
1532241962
2035644442
2018953290
4166946250
3906700233
3902309080
3902309112
3902321384
3898122856
3893928552
3910705789
2937763567
2923100142
2922992878
2792099054
2800028926
3873838302
3873846479
4151717007
4118162829
1953966749
1962293903
1960185486
1419052686
1418998670
1419010526
1440018814
1440084279
1440079925
1442111532
1442111532
1433723948
1467415836
1467407624
1467403016
1465305944
2144717528
2136252153
2135998457
4279281657
4279338489
4279468329
4283863353
3219054649
3187663149
3170656573
2633507357
2633512493
2625187439
2566462191
3099183791
3166210479
3216608414
3199831246
2931592398
2935794974
2923212590
2923281982
2789127695
2805376527
2771822127
2771842607
2772419110
2776449910
2810003926
3866981590
3865918646
3865910438
3874294950
3874426039
3886947477
3886955911
3854444423
3841861254
3841402502
3837203094
4105507478
4103352966
4103348870
4102318039
4102319999
4103143295
4124113183
2505173007
2536700959
2675100703
2658323743
2666779965
2666882877
2666886013
2658603869
2658537821
2658611693
2641719789
2633454055
2497103319
3570791895
3571246551
3571246583
3562841462
3562929526
2489242998
2501825846
2501821751
3613377815
4150252869
4133418821
4143896404
4143421300
4143289700
4143224164
4132738108
3071644700
3038227469
2769808669
2769747839
2752960238
3830928110
3839181550
3839169246
2782360270
2784458495
2817875821
2801031468
2801031229
2792650765
3056888909
3073778125
4113969806
4109501070
4105306806
4105372326
3568309666
3568311650
2490395650
3559975938
3558925315
3563167747
3621957633
3601235969
3605446849
3597058177
3592864945
3727154657
3731352549
3723881319
3707038503
3572788759
3564398095
3564381711
3577033246
1467421566
1381372271
1389769189
1385627876
1389629612
1405366460
1397023132
1896128924
1896125436
1900316636
1933870941
1933872462
1913040142
1914088734
4128681278
4149673278
4150183198
4125050718
4261376895
4240274415
4240204781
3185338349
2648467455
2640148447
2673305567
3746916318
3755439574
3755365846
3755361494
3755283702
3721671919
3713283567
3715576317
1563824989
1547047693
1551332108
1559556892
1559555884
2094316332
1951709996
1947511581
1964354125
1997977295
1444332174
1446396558
1579549630
3732279726
3736479150
3753127150
3717475438
3583781950
3583782990
3617399245
1470067084
1169802140
1173914540
1146660780
1411166124
1411231140
3558256100
3575037308
3575024908
3610480396
3609320973
3613551117
2279751197
2279738925
2246051375
2241856815
2241863727
2410684462
2410881086
2394124318
2394018078
2393932606
2398126378
2387902762
2387903851
2656407033
2651294153
2651240841
2651765129
3676219528
3676301448
4179417273
4179515579
2036264383
2103370070
2113822983
2104250627
1953452290
1412309314
355344595
356323811
360522147
358490499
366611843
366611335
330894071
330832614
313010926
313274318
317465039
384106573
392429576
343167016
477569320
483749672
483715624
227596825
110610955
245287434
249121550
249085966
199868470
216723558
208330850
204185826
204186083
69903233
338330496
325750656
304909184
304389073
304593745
304527969
308783907
846507299
857007395
840712467
839762035
1980666209
1989062753
1990107361
1990111425
1992200321
1983754640
1899865760
3762138784
3762150048
3761228464
3765291712
3773618928
3769401057
3773048546
3774161558
3765904006
3761582758
3828617638
3831764142
3856927918
1654659326
1654790175
1654810637
1655760909
582019085
594734093
556945677
540410381
808845949
808845869
830210599
865873447
849092135
849087747
312222722
316424274
316588230
316588230
316592335
299282895
284602317
347585117
1421187645
1421130365
1424272235
1952754987
1998890283
1982103899
4129718473
4133921277
4151763372
4147210148
4113639332
4096995237
4101193381
4109567911
4105377682
4104329090
1956648850
1977623970
1977623970
1977640402
4125156802
4125201746
4158887250
4158764306
4150377746
4150377747
4150311189
4150324020
4092652068
4084407844
4084338212
4049798700
1902318397
1885540671
1902182446
1903232046
854621214
854697998
844146702
843098126
839157775
302484687
302944399
302936207
268841103
268837007
282469311
1354183341
1354063528
4038392552
4038371944
4034177592
4078217736
3793136136
3792022024
3804530424
3796140715
3792028586
3792048554
3775271338
3826389166
3827437990
3831640470
3835828102
3835903326
1738549518
1990224141
1990256652
1453385732
1450211588
1462976452
1412563868
1347551919
1355940527
1957827494
1961980326
1441849814
1466998854
1448124430
1443935294
1460704302
1427354910
1412603149
1425461005
1421232668
1555438108
1555372572
3707001580
3682065341
3665218959
4210475470
4209082574
4200628334
4197490799
4195393901
3120603453
3137381132
3103827724
3108224812
3116555053
3095583535
3163736622
3163703902
3178433230
3106148302
2603876830
2603876590
2601791726
2681151726
2676891774
2676957559
2408063988
2408067988
2409165700
2409149324
2396559244
2396622732
2665126317
2656737454
2671484142
3208217646
3173679386
3173691914
2888475144
2888476184
2888497704
2888485416
2825443883
2834066222
2833517598
2825256974
3894804494
4163768414
4193136878
4205454510
4206516398
4204447877
3197675908
3197676420
2857937548
2853938828
2923336396
2940109404
2906554916
2905924132
2754668064
2754631456
2753823776
2766406691
2779120662
2779657414
3048090806
3047963814
3047704742
3047704759
3053058181
3044993157
3042896261
3176590487
4246140070
4281521366
4013158470
3995262978
3861050418
3861053218
3873693218
1722849831
1857157972
1855060420
1850763652
1829845380
1812076964
1813127076
1813122981
1827800803
749798995
748697154
748693314
748693330
749791218
1840289746
1771083714
1774231362
1807785218
1788066066
1855109395
1857206580
1861417844
1869773780
1865554836
1829900212
1813126565
1813120167
751895719
764417206
766534854
766569539
769715201
761506865
761444385
740546611
757331986
757324882
758308210
1869798962
1857216050
1856166422
1856100919
1856010772
1855990276
2069969412
2033392212
940707572
940711908
944965605
680527333
747650519
1032859010
1066413443
529541507
517175683
517208467
248625555
516987313
533764576
527538544
1466153232
1432595216
1424210448
1424132608
3571620352
3705911856
4242647584
4259568163
4158839394
4158873058
4141894818
4142943394
4132510870
1913863302
1913859206
1662200006
588458014
590424094
589379598
589379598
555948047
560085279
568474207
552799967
546311839
562056861
562089629
549572245
550616789
821145557
837922647
829534071
829472247
863100390
856807910
856906214
592607734
592603542
594700694
603143623
603016391
602950751
601955391
560147775
811805983
811810079
811802431
820068159
836820799
838111039
569675548
568171292
618502932
1692240660
1691982356
3973818884
3973818900
4242255380
3109660212
3142182420
3150964260
3150724709
3150712806
3118205158
3120302326
3120367830
3116316758
3116329030
3114199046
3118376983
3143612436
3138363140
3138366980
3138252356
3138154052
3104583268
3108780773
3099855077
3099855077
3099921653
3108443333
3116835013
2579980487
2575818950
2575802534
2576191654
2563604654
2555217342
3624899998
3624844686
3641634190
3641634250
3641600458
3641654602
3641646346
3641646362
3646821658
3655209242
3654750490
3649319194
3649335675
3653562747
3376739837
3359962621
3359962589
3368416733
3368464861
3649483229
3653669341
3687223805
3678901757
3678903805
3657931261
3657808381
4194676735
4265977807
4267020623
4267147613
4262969581
2669031660
2635473132
2635541996
2621910508
2630303724
3162726372
3046233812
3046216260
3079770693
3079713350
3067131494
3054810662
2786369062
3860307510
3877018678
3877026870
3845626934
3828864055
3828806717
1681323069
1698092053
1702282357
1733674215
1733615087
1733689326
1719001055
1719130847
1853348445
1853226621
1852174141
1852172092
1852143421
1717915965
1717899645
1717900799
1650791871
1650923963
1659313051
1659313051
1656175259
1672822683
1623009162
1623138702
1627333006
1625104782
1625056158
1619841710
1636614895
1670234717
1653595660
1657268748
4065848092
4067879212
4067883308
4063746364
4080289612
4046733964
2961064588
3032367807
2493907630
2510560678
2510559654
2514499798
2271357958
2237803527
2246190357
2225153829
2225157668
2225145380
2359299604
2359299669
2363506421
2372992997
2373033461
2373172727
2406725110
2406585846
2405537150
2388768126
2388901726
2389879134
2389944414
2389813374
3459366014
3459370078
3325214926
3609350351
1411523405
1412571724
1412563468
1146099212
1146105357
1145055773
1153444645
1082342007
1082273478
3229824710
3229619846
3246442166
3250833078
3242362774
3275986839
2202056101
2193661412
2193656948
2186533908
2186505236
2182294836
2188453156
2280728356
2176001572
2175873572
2242933284
2242954085
2242937842
2247132050
2163246002
2154858150
2150670006
2503056310
2536684438
3073550738
3073550786
3073551682
2805116674
2805114374
2771576631
3039981367
3040034103
3040025655
3073444903
3059810342
3064004646
3064139822
3064079162
3601150522
3617849883
3299082763
3303803401
3291249161
1077738009
1077713416
272140808
286825032
857325385
572363723
572371419
571453882
571383978
571449514
571318443
575504558
1649377454
1917818286
1934614454
1934548630
1900968647
4115557071
3620629207
3620568821
3616301045
3616306677
3582321109
3565674965
3565547989
3565475315
3570912738
3562453474
2620897506
3173226738
4263681218
4267873475
4268982593
4268802337
4266713888
4262486816
4283507248
4250084897
4250091233
4241492899
4241492899
3167046018
3167152514
3179736451
3180763009
3214383057
3218380560
3195315984
3191138100
3072651044
3072618277
3038911783
3043099942
3035759990
4103210358
4107535734
4124325143
4148456711
4148555021
1712843021
1712781629
1717012773
1985449013
1993770005
1984401413
1980018693
3875831813
3842277589
3825655269
3830901411
3839290019
2763967106
2764032642
3049113218
3086776311
3061080295
2788450405
2792645677
2801169453
2813746237
2811649285
3046276887
3050528630
3075821430
3004435926
3004433862
2971084230
3041272278
3045471190
3045540823
3045343991
3050108661
3050110837
3075268436
2539650372
2539584580
4078890180
4078892229
4078884053
4083078645
4083078645
4060084223
4060051319
4043143031
4034754135
4034745943
4034745951
4034664062
4030465638
4034660326
3497475559
3505863927
3499512963
3499607171
3499488385
4057245073
4082935217
4066289073
4076779473
4143876033
4134392785
4062995441
4062454775
4045681126
1881485798
1952920046
1961038190
1956839802
1956708618
2107909387
2107911433
535063305
526711592
493136696
476876296
476876296
409765385
141525785
141488953
166617903
159260975
159064358
1226444838
1225658471
1225740535
1298068613
1306451333
1304334213
1168412308
1202757285
1185986477
1320199599
1592829359
3727730158
3727730158
3727927070
1580377614
1580447262
1580463934
1584653622
1584525366
1584484374
3730034806
3729977574
3746754982
3696678278
3696674694
3707160198
3707080407
2629090917
2629087012
3165955876
3186927396
2675226132
2671113733
2671181335
3191234086
3191281190
3195484014
3203674350
3199205631
3197124797
2681421964
2673243276
2635525260
2635590812
2501372332
2505566637
3042443165
4149723085
4145522637
4145541903
3073560847
3076768030
3017916462
2984305710
2984600614
3034993958
3026601286
2491369415
2499625621
2499768996
2499637940
2497459860
2489071316
3581226965
3614846423
3614846423
3614916054
3597956566
3615286774
4152210646
4127167559
4127167765
4127038773
4160527669
4160531765
4135363892
4131369237
4131319829
3073790167
3174449383
3187081703
3165865959
3165741047
3165744710
3186650630
3209717254
3205555782
3174229574
3178397398
3184676582
3184611238
3184807343
3218367679
3208925407
3176616143
4250341455
4258685199
4254492477
4254492204
4290084452
4294200932
4145336268
4145534412
4145210508
4111627405
4115815821
4040314269
1892746687
1894789615
1886397423
1882203118
1882395502
1886606126
1886516527
1894841663
1894824206
1886436366
1899006990
1915913230
1915913550
1916203470
1920385998
1924580270
1922270639
1922086377
1720757288
1716566024
1712367624
1714531336
1714660409
640868378
640827406
842137630
842399982
830407150
821903270
817642145
1891175040
1891306112
1891203712
1354297024
1353246401
1374479041
1408164545
3530474304
3542500160
3509012336
3496435168
3571837408
3568626144
3566533088
4103387857
4120225410
4149650114
4145451730
4146447090
4146447090
4146422710
4146425254
4150622631
4142225573
4142713023
3870087423
3886853245
3886851101
4126060559
4033249294
4028993590
4029145126
4079902774
4063130098
3799401378
3807789730
3801432739
3800319716
3822378548
3765754372
3760515332
4029147396
1881499957
1612987703
1614025010
1618870642
1625178978
1620984679
1621086581
1619844373
3784108037
4090292245
1913509909
1913485317
1913404869
1930311423
1942881967
1938687663
1938687663
1938560687
1938568110
1934385294
1930223822
1896656906
1879933962
1880001291
1884203592
1885252204
1612491628
3759970652
3764163660
3848183820
3890128188
3823023405
2732492590
2719780398
2719784486
2719843878
2736686614
2736703094
2702631654
2708816550
2742830006
