4062498672
4062510960
4062505264
4062636064
4062636064
4093036593
4088855873
4158058307
4149667395
4145468994
4281751042
4248245794
4285863714
4293729570
4260117810
4259851314
4255657202
4290319523
4290315441
4290339985
4290307200
3749242000
3745049781
3726159285
3726311271
3728404007
3731549735
2527919639
2527919637
2528099861
2549006100
2641270532
2624226560
2632615232
2629731793
2633794017
2625430500
3157586916
3040199668
3040330716
3038176605
3042438269
2782390399
2780158190
2784348398
2784283898
2776089802
4114534603
4114571467
4114440445
4097652205
4097255269
4107747109
4109835827
4105641475
1962366466
2096461314
2095572482
2087088898
2087142146
1550254915
3710190930
3709928802
3748740450
3731958050
3606128946
3602066738
3333633362
3332862914
2259014530
2258928514
2258928035
2259464609
2234289313
2217511153
2503907521
2537465920
2520688704
2518608192
2522807889
2522793681
2539570897
2541672145
2516506321
2516580179
2516378979
3049040993
3049040993
3086785632
3077364848
3072644561
3072837105
3072771041
3072774883
3077035763
3077045891
2804411011
2808540099
2808609267
2816855523
2784285009
2775904513
2771706133
2754994997
2755060517
2759258925
2901722669
2901462573
2890983963
2903763531
2937318347
2920406491
2926628090
2926625978
2935014618
2935211258
2951934186
2951897450
2918343035
2901631839
2893247455
2893100031
2758817775
2775594991
2817787879
2797011959
3870692293
3870696261
4143391565
4151649101
4114442237
3850370541
3841902829
3837757645
3837626509
3841760653
3850151309
3845432281
3879052265
2805375849
2805367592
2809513768
2808151848
2808114984
2774623788
2775004732
3882160669
3883340559
3883340062
3891532846
3874757742
4004793582
4005481606
4005485702
3875525831
1987891335
1997926551
1949753766
1953915318
1953899910
1953893766
4109832086
4109638630
4105449447
4126420693
4160040644
4151654084
3547662020
3547662228
3556186036
3551991204
3602330023
3602325942
3618972150
2549358950
2238985510
2234785062
2218011958
2230594839
2226415375
2360604430
2377306638
2377286182
2377417254
2314516070
2301922934
2285739863
2285812053
2571020629
2604313940
2587535172
2587529796
2585444932
2585358924
2669175676
3159908713
3159913577
3162262635
4233976058
4234143946
4234063050
4252411082
2004189642
2003091914
1998701018
1965224442
1965189098
1965172587
1965172603
1952462619
1885607707
1893991743
1894061375
1895118110
1895249214
1374630270
1387221462
1387155846
1387184518
1119699346
3334226338
3337900450
3325317538
3308541410
3291903282
3296126210
3319129346
3315461379
3349080321
3351181569
2256455937
2272906577
2268657009
2273042737
2247783217
2176795425
3250373408
3317489952
3303859488
3291274528
3425470816
3442379088
3710826948
3714755783
3756694726
3731461350
3727208614
4264079542
4264137094
4012619686
3978864294
3983060647
3992563365
3992895188
2952175172
2805303060
2804974900
2804983092
2804131108
2804082468
2804139821
2942388013
2908833583
2908755775
2942313790
2942313758
2942379390
2925606270
2934117758
2929853822
2929935871
2930859485
2928770509
2944429517
2906746253
2902687645
2885836719
2891073455
2899789807
2898216959
2898089935
2898028367
3170660190
3179048238
3178764590
3212512558
3212444990
3221098766
3216904462
3182899535
2645910013
2629063909
2633256101
2641381557
2503035029
2534566293
4145441221
4128698181
4133413637
4143887109
3892285492
3883438124
3845689388
3761810556
3759778012
3758795772
3775826604
3775826620
3808840351
3792050078
3792118206
3792970158
3797234606
3807774638
3869705918
3869517470
3869516735
4137972221
4137992197
4112823301
4096238597
4096175365
4095913735
4095904294
4108487462
4238580519
3163610407
3218203669
3201528917
3193061589
3193323765
3201782245
3218556327
3218556839
3218562999
3050798751
3042832079
3044931279
3044832973
3040633565
3040617212
3040687596
3044873580
3042706541
3050577021
3050663183
3029789967
3047079183
3049176383
3082590255
2801571887
2801572895
2791152669
2787095581
2786956093
2803880492
2753450540
2755539500
2755528228
2759593572
2766933604
2762739060
2762737748
3031177332
3031382116
2494445604
2511218743
2242848790
2246981654
2246973462
2280527894
2280528146
2414681362
2414615826
2414704466
2339370834
2339353414
2305602498
2372441024
2355729344
2372637652
2641081236
2636756884
2636758940
3173690252
3173690316
3173690060
3157961420
2889517797
2755233383
2755183206
2772259830
2805752022
2805752054
2793234598
2799129763
2794898593
2794904704
2794904960
2815948672
3780245136
3780245172
3778238164
3844283973
3844157047
3844091495
1700802151
1709252199
1705054199
1688274887
1688212871
1705043335
1710269831
1710331271
1741919623
1741791189
1733340789
1865461349
1865477669
1696851751
3844232486
3844211750
3848406054
3856798770
3856823314
3886215186
3887263763
3853684993
3853681413
3855783684
3847460356
3843134996
3977369133
3977311791
3979376495
4012906346
4017358186
4017425642
4025814266
4021632155
4021761179
4021695691
4256575951
4260766159
4260832223
4258620159
4258554623
4258554495
4124336767
3621122943
3755472671
3755398925
3730132255
3729808703
2681268591
2681269359
2647915887
2639447903
2639446542
2639446542
3176321542
3217154854
4223722790
4190168358
4190174503
4164967717
4165160244
4160898836
4160902932
2013360916
2013295380
2013291264
2013340416
1476470064
1480604704
1488992289
1501706321
1233262657
1233263809
1305611457
3455536595
3489124067
3468154595
2394289907
2394220227
2393961923
2394013907
2394013921
2414900449
2381325797
2379229157
2379429605
2245205751
2245017255
2245015207
2245015231
2236626846
2236692414
2219931583
2220060607
2222452191
2218121503
2218035487
2233776903
2238033671
2246553351
2242295559
2279773991
2549186855
2674950437
2656141797
2652078325
2651041989
2651316293
3725028439
3724945639
3725990119
3728083446
3614837638
3622701702
3585017478
1420563078
1152136070
1152332726
1152328615
3299681263
3299615471
3303809645
1148524077
1081413181
1077156409
1081371161
1081403915
1089780491
1098157835
1127712587
1128170459
3273556879
3273560463
3252453862
3234627942
3503076710
2429527398
2447289826
2480844243
2996219265
2996221840
3000350640
2991888304
2719257520
2719323056
2721575844
2721215460
2736923621
3777180655
3781244782
3789569322
3789569326
3789584702
3785619726
3785603343
3785403663
3790906639
3782522703
3761669071
3761668815
3761685215
3760607983
3777241839
3777241966
3781177646
3764454687
1625365783
1625372791
1621178615
1621563525
1621506437
1638282629
1655099781
585617797
585466247
585466855
585406311
1650765679
1663871855
1630382895
1664003391
1647220029
1651410237
3807281453
3807225133
3798771501
3811356477
3812400701
3812462125
3812020015
3812017965
2792801581
2792867133
2942686525
2942653821
2909230461
2909213695
3966055423
3982766591
3982758398
4016378334
4024898046
4024776122
4003797178
4003821722
4020697227
3987122315
3987122571
3991314313
3961815753
3961815609
3961819688
3961905704
3961578280
2887836460
2891993389
2892054895
2757840382
2766346742
2766354902
2699180438
3772983702
3789761926
3823575430
3807842695
3807777157
3807777204
3807739044
3807701156
3824543893
3823548741
3823275269
3823152903
3815024159
3815024173
3877942829
2804196909
2804262701
2905009957
2905005861
2905591589
2939014949
2876624183
2943868279
2942818679
2942684535
2942649847
2875539959
2841997815
2825351669
2825351509
2825220477
2825223548
2900719932
2900879708
2900879837
2900785629
2934331790
3999683982
4000723342
4000788894
4000657838
3999543726
2934723758
2813091054
2814106719
2780491020
2780540684
2765729292
2753078796
2753095228
2769935980
2770325356
2808008684
2809581053
2818034141
2817915253
2750774645
2750774783
2750756863
2742367134
3816104350
3811844542
3816034734
3816096170
3824485563
3802598585
3802224793
3802167688
3803212168
3807406472
3796945288
3797108104
3822207416
3773956521
3772916139
3772981743
3773112687
3773108527
3773055807
1625575950
1626137102
1626205710
1617865502
3765410094
3765274663
3764750631
3778447623
3812002309
3795224261
3792863943
3792864214
3792863718
3862008294
3860915686
2787175782
2808342886
2774722933
2774653300
3848362996
3848371188
2774752244
2774752244
2783005172
2783005044
2782939444
2782992692
2908956980
2908956948
2908826389
2917219094
2946701110
2812478310
2812477926
2711879854
4037808318
4037546142
3500741822
3500677263
1357383820
1076389964
2861324
36350220
36349192
36348168
36405259
37519402
309887018
307790890
290098474
1372227882
1405811562
1468792778
1200355211
1200313225
1200255896
1167663784
1155015336
1081620140
1081609900
1077747628
4140476
3566988
18277772
35053965
34775437
34845063
34637159
40930598
316705830
316976167
296002597
300064789
1365422085
1461879061
1462797093
1443070485
1443009031
1598207494
1598088742
1572892462
3703729454
3704756266
3707111482
3707570186
3723443210
3585676763
3619180985
3589861817
3581469112
3581473720
3579348920
2514456233
2548017833
2548034287
2522673023
2457129790
2473968446
2447819070
2426593598
2493964606
2498206758
2489616423
2486470903
2501179589
3607424133
3607515269
3607511431
3612758743
3616936679
3717538535
3719587438
3723783742
3757370174
3749558555
2659162379
2659162379
2675936521
3211628377
3211633529
3178607353
3178545913
3144958953
2607833965
2591236911
2616334126
2616335670
2616409366
2616273974
2348098594
2314679351
2314604629
2295726533
2296202117
2296145541
3436177029
3431906949
3436027815
3427597735
3439648230
3474310214
3474379782
3474386950
3323453470
3327451182
3595887918
3595885887
3604400921
3537816392
3546217177
3546083065
3512263385
3545862857
3537600987
4074340843
4073234671
4073239597
4064840741
3792210980
3776625684
3759842372
3829065156
3829298629
3829272487
3829338022
3858565030
3852731814
3852739030
4121174342
4121241374
4120979007
4122025535
3752869405
3752865293
3723783685
3724011333
3724461508
3713974724
3562914292
3692417532
3692492124
3575051549
3579297077
3587483959
3616581942
3599805734
3599826022
3604071654
3528901782
3526770822
3526758787
3543536563
3510047475
3497464563
3229037138
3304404498
3304339250
3299882258
3299943698
3300074770
3297996050
3318865170
3319127826
3354705746
3350507511
3333732279
2259990455
2264699301
2256310693
2252194213
2252198333
2252173807
3342804270
3341692222
3580766494
3580782862
3589208335
3585051917
4121726236
4293694776
4285314360
3995898136
3996028952
1848553496
1848553532
1848496189
1865240623
1866346794
1832793962
1836713706
1824198378
1824067274
1958424266
1958424138
1958227790
1421354351
1421358445
1471680844
1459175756
1182450124
1178255820
1178259789
1176196446
1176050746
1176180794
1197087034
1205483834
1169911578
1303995146
3450401546
3450372954
3450372587
3450384808
3446187432
3446390696
3446381240
3446316744
3710566088
3744114376
3610964988
3610964460
3611193836
1461661932
1427448044
1410670845
1409758685
1409683295
1413877279
1423277595
1419044379
1955915531
1957999369
1978962233
2012578107
1599574139
2136446042
2114821210
4262247530
4262246442
4262308138
3193879850
3201998634
3202020922
3134874121
3109691913
2556047885
2556039725
2566460013
2562196205
3098018221
3165143207
2628305078
2628309174
2632691879
2624172439
2619975557
3157241732
3157175172
3174476188
3205933516
2937568460
2937293901
2941430861
2933042255
2932980783
2924543022
2920346926
3188815150
3188856638
3195147070
3203532606
3203599654
3216055590
2645630262
2628918534
2629180678
2360808710
2360619799
2360615461
2377441829
2410971756
2414118620
2381088396
2355926668
2357182108
2625551020
2642328236
2638195364
3174608565
3208162949
3074401669
3040798101
3038700725
3038674101
3038735509
3038588101
4111803605
4116129269
4124447525
4053205541
3786753591
3819981335
4090527495
1934715157
1930610709
1914096647
1916162053
1932936277
1932809589
1662805991
592332774
600763863
596397527
596469079
932143189
936337605
894382277
873410757
1946620055
1946621351
1413888935
1418140327
1417747127
1417681543
1551908487
1569728135
1334846343
1341137879
3488706919
3454137639
3454068007
3454053671
3479223607
3470898455
3403788551
3399725335
1520676919
1521980455
1517589543
3660893223
3661089831
3661516055
3659429127
3676186438
1494034118
1481457302
1489977014
1485127350
1485143958
1485272454
1569182854
1568986295
1572926629
1427176868
1427218340
1427345300
1964228484
1997645780
1999741716
1999741748
1731244325
1730196775
1730278694
1734597926
1701043518
1710411550
1708281374
1968328206
2001162015
1992621373
2127883309
1859447852
1859447868
1715860492
1711715340
1711707468
1728481093
1694942933
621201109
625462901
1699039079
1698984295
1682186727
1950687479
1950691575
1951203511
1951335831
1959673751
1418082999
1552366263
1552235143
1568747143
1300314055
1301360967
1303392565
1285583141
3433100583
3433096487
3387010327
3413359875
1244894483
1249096979
1257480467
1251192851
1519751207
1515500583
1511363623
1511427127
1511426071
1511434519
974105879
973975319
978171159
978170141
973975581
974106711
991613015
2014986454
2082357654
2082344894
2088700590
2097089198
1958681278
1958689422
2008885903
2008823693
1991520669
912535784
891297832
874521896
874589992
874720808
888221208
548419080
816853512
816853532
284176941
284189485
283427645
275626485
7191039
11401727
11401726
28146175
61701565
43939213
47084941
38594477
38586284
25991596
26065341
59619775
42973694
47167534
35634222
36678686
36545550
36545550
305046590
305044543
306088991
303007773
370116828
101629068
105574540
105571204
122315396
80425628
80294568
76030696
76097128
77277736
12261945
1085999385
11225295
11131022
11057294
27823262
44860590
49189038
36606126
36614294
36614278
36630726
37412902
37281830
37283108
310097716
318412300
1408930308
1425650196
1419289116
1421451804
1555735052
1555743240
1492845082
3627813418
3627821610
3627821098
3644327978
4210755594
4205447177
4205499464
4205359240
3736637832
4273513128
4223181481
4219052713
4214854315
4281959082
3208233626
3208340170
3173656074
3039440186
2489985066
2506688554
2447968282
2460555274
3265865738
3282771978
3232370702
3233349685
3233284128
3226992672
3222880544
3222011680
1074391569
1074457347
1108007170
1112197378
43698178
45864979
43899169
42760480
46954784
1107851552
1108106080
1124882804
1091328341
1124915526
1124981062
1129184598
1137570134
1133507062
1083142646
1083143167
1083012093
1083127660
1150172012
1141848940
1276066669
1275804250
1258961482
1242184522
1243231050
1255887690
1253691898
1253634410
1251533166
1251533295
1251540396
1320782244
1316850100
1311082900
237078932
169064628
168016020
168011916
168011980
436451356
437426205
1047968012
1013361156
1013877252
1022265860
2096017092
1818013348
1749860004
1749858980
3897342692
3964447268
2891774501
2893871654
2775440166
2792081446
2800405542
2800405510
3065761094
3063443398
3063442407
4271454695
3604547814
3598254118
3594190886
1445593150
1445597242
1579819018
225059850
216934666
145689098
145230410
1219041994
1219050186
1219051210
1218998986
1219031802
1235809258
1252582314
1252565928
1319673260
1323927972
1311345076
1311344788
171694228
169605268
169601156
169568324
440084484
439232799
409872655
409881103
417778191
413568527
413444655
416590447
448830382
977311918
977311918
973183102
973183038
973314078
503494686
370326542
1410493454
1412565006
1546061854
1550780710
1487805030
3635362406
3635231334
3634903669
2561210948
2566437444
2551757380
2551757396
2550708852
2601032276
3125390916
3125388020
4194956004
3121173156
3189310373
3191406767
4130013358
4108979354
4239014026
4171905226
4171917386
1504372745
1521072152
1521024024
2053689352
2049704200
2017333784
2017341992
2021536360
2027693679
2021927470
2021927718
2026121238
1489250310
1522890758
1522923526
1250203719
1250728007
1250736215
3398232438
3402198006
3456769702
3293188742
3298431630
3231318414
3233349806
3232284846
3233329327
3229138092
3224938692
3224938756
3225070340
1077586436
1077586628
37370500
308950660
304743300
1378484645
1379537063
1447633062
1447571942
1591214854
1609061894
1604890142
1571334718
2041162287
2041166636
2074716460
2058070316
2050722604
2047576668
2047576780
2047470284
973679567
973809902
974010606
974001262
982384750
513146958
396230726
10039366
14168262
1651846
1776054
8002214
12266150
12266134
11217542
11087494
1101533830
1118306998
1118372327
3266261283
3271319843
3254542625
3233571105
3231510821
3231502629
3248410893
3248394508
3248391436
3235743020
3227292780
3223114860
1144837244
1144919117
1278088267
1294875594
1311652602
1311648506
1311648458
3391885002
3399762778
3399799610
3400855850
3398754602
3399262506
3399262697
3403449772
1249675684
1244498052
1244498052
171415684
168208516
168208516
168208452
436709404
957787404
946776588
955165196
1018071628
749308572
754494124
1816702636
1812512428
1812512428
3960053420
3831020076
3833375276
2708335148
2742024749
2725169965
2733526831
2733264702
2998603742
4070063598
4069010670
4069009646
3537569894
1381632022
1379535878
1111097350
37367810
104472578
75114242
78264834
78252738
212667010
1286408834
1286544066
1219394114
3366909442
3384586770
3399263010
1318887713
1318888932
1318885540
1323075748
1312655524
1312131236
1312213152
236386432
235302336
235285760
235220227
239418642
257366274
81660674
77466179
77220548
76110484
210561700
214739620
105687468
105692396
105688109
105692205
38124589
1112971311
1112967199
1123993870
1090406670
3233679622
3298756870
3432979254
3432987234
3432856290
2359048930
2295651043
2281999072
2349308480
2349242944
2349317696
2353313472
2391057136
2391057072
2391192240
2249114272
2249999009
2184970663
2250770607
3576301738
3697948874
3702138890
1504323594
1537816586
1252535338
1517035562
455868458
405668106
405680650
1478369802
1480865326
1216621158
1216621158
1221356134
1221392998
1267596150
1250811766
1250816358
1250554086
1250537709
1317638312
1180287160
1111081096
1110065288
1076509832
1076509064
2767496
2759305
15284874
11020938
1084763802
1084762026
1084973546
1135501662
1118724366
1118761758
1118810927
1118090020
1118609188
1122802468
1110293492
1177533108
1194311316
1195345548
1327293084
1326195391
1258824430
1264071470
1274557486
1588087854
1588119614
2141829134
2125178891
2057938955
1525263481
1512801963
1511753387
1510704783
1510597262
1510547982
503984934
370815010
363474979
279576625
11141121
11141125
11141445
7012997
5907077
4929159
13127359
8966061
25988525
25992669
26129865
1100916171
1103078751
1135457647
1106097455
1097700399
1076728895
1077785623
1077784597
1077858613
1077863269
1075765985
1130029745
1115411073
1115375491
36390290
36241586
41496754
1121460386
1134043622
1083777895
1083905589
1085819452
1090058796
1157163820
1206429996
1319746572
1319809037
1324007437
1244315672
1244381224
1245410344
1243114792
1255696168
1267229561
1233707977
1216996299
3431588857
3423192041
3288977385
3289107192
1078721224
1351260873
1352567497
1407109835
1379713786
1379713770
1377599978
1376555434
1376563370
1380504750
306764942
307821710
305880254
1382710454
1122643078
1206529158
1152001158
3299561942
3303666542
3702108718
3702108734
2628620828
2628560412
2628562492
2632756780
2553059880
2554104360
2553728568
2551639560
2571627804
2609703981
2609697903
2609693798
2573124679
2552124487
2618971461
2486847221
2499433139
2428113539
2427982466
2431129234
2439515810
2468879778
2187861154
2196309154
2192179330
3266187330
3270385670
3257720839
3240927271
3228347429
3504843044
1358334484
1356237316
4032207365
4044794373
4062160453
4062020165
4062151287
4061840355
4061819875
4064879331
3779601059
3758629554
4031321762
4039642530
4035448035
4035463267
4085807185
3533433025
1383786693
1379592388
1378543748
1382673572
1391160485
1386882213
1391071391
1382744206
1399521758
1407845694
1441668670
351084086
350764598
342371903
472411711
1010556733
1008439069
739819293
742957628
751346660
747151788
747151548
742957240
1678291112
1678351528
1678416808
1611307688
3762981544
3767192168
3768240648
2699591176
2708237832
2737583912
2720863784
2725119528
3002991144
3000894025
2998670171
2461802730
2460754154
2527604974
2259295478
2259295430
2259237958
2254969862
2267763735
2351620887
2351604237
2355798540
2364187148
2359862788
2297997044
2564339365
2551744175
2551023278
3624847102
3624294094
3641058894
3674615054
1527196702
1531714622
1506548798
1485317150
478749902
478885006
210439310
76103054
97070487
105528711
34231686
34226566
34173334
34201910
39366946
49853218
1118603042
1135382306
1135386402
1119852850
1117686835
1116703792
1120764976
1111851040
1108197472
3255750880
3255751648
3272537760
3226103440
3225971392
3226032832
3293191872
3301586624
3301581632
3231392068
3233292788
3233362340
3283957156
3267108269
3266056110
3287025326
3287025342
3245081274
1093407386
1076655002
1077769114
1077895642
1077928394
1082122570
1086239050
1102034250
1101894938
1106099515
3287137593
3262102809
3262100765
3526332701
1383043101
1987022876
1987031068
3866079260
3995974700
3997018156
2923341868
2854152220
2921231420
2921202668
2921202349
2927493806
2930180782
4020242094
3986689710
3835706798
4105189518
4109379726
1416767685
1348675652
274737164
824190988
824195084
824384524
824340236
624094748
628211229
630234638
667978254
667716366
801737690
