1358699583
1356663823
1372523527
1380926837
1376769013
1376228245
1376227989
1913099189
1916834725
1916842919
1925226935
1656988831
1648536735
3791829215
3791886383
3875706925
3875711021
3842418989
3830886189
3830892348
3763847709
3759489821
3760026479
3760006119
3776779239
3780969455
3813474942
3787801102
3787740682
3771006475
3771001355
3762350619
3762354715
3762313738
3774880267
3775143451
2701396539
2705591163
2739215467
2747743339
2995205243
2995728507
2458857563
2190422090
2190221386
2190218362
2206993518
2211208054
2211281238
2211281238
2211412342
2177857910
2170517878
2170518358
2172484438
2172484423
2172484439
2172516695
2172516727
2172500343
2171451895
2171451863
2205006293
2205006229
2205006260
2205006260
2205137044
2205137044
2168453268
2170550676
2169141748
2202712564
2202708964
2203823076
2199501812
3276389189
3259612995
3267991634
3259873330
1376630882
1376566306
1377606770
1379179714
1932960899
1965458817
1952884609
1962379139
1953869234
4099271842
4099205282
4099205346
3025496546
3050662771
3084217969
3203690036
3203690020
3197394468
3197132336
4287655440
4258361105
4233329937
4229123443
4097262834
3577169138
3608640658
1997991299
2002185603
2010550145
1979158145
1979031441
4126191587
3849367395
3782256418
3777226290
3810743810
3810984466
3810865762
3777241698
3764659046
1625556774
1621428534
3769567255
3769591812
3787253764
1673309188
1652339716
1646100484
1662944196
1628341956
3763242724
3771703015
3771514342
3763121382
3758941414
2702041318
2736710118
2736681890
2742961842
2751334034
2751399570
2816751538
2783196562
2783262162
2783917399
2783784199
3085773063
3085789463
3064846645
3065892112
3065894144
3084689664
3044860164
3024085764
3024024068
3156657748
3186017892
3181661927
3215224294
3220466926
3077860606
3073669374
3040237822
3078019294
4160146766
4139173645
4137019140
4141146372
4132757796
4128301348
4128698912
4145464848
4114009600
4118793728
4118634000
4118564144
4118568224
4125914401
4125848881
4121580369
4125835859
4108932818
4117264082
4117266162
4150918130
4151040498
4159428818
4159438018
4150918226
4117361779
4117362035
4100652881
4100644369
4109098499
4108975635
4125753123
4125684835
4159205475
4151849059
2004496451
1966747718
1966742598
876223350
612047398
611924518
616110630
616110654
548934158
616309262
632037646
648806506
648806511
627964279
627964279
627964279
627964279
627964279
627964279
627964279
627964279
627964279
627964279
627964279
627964279
627964279
627964279
627964279
627964279
627964279
627964279
627964279
627964279
627964279
627964279
627964279
627964279
627964279
627964279
627964279
627964279
627964279
627964279
627964279
627964279
627964279
627964279
627964279
627964279
627964279
627964279
627964279
627964279
627964279
627964279
627964279
627964279
627964279
627964279
627964279
627964279
627964279
627964279
627964279
627964279
627964279
627964279
627964279
627964279
627964279
627964279
627964279
627964279
627964279
627964279
627964279
627964279
627964279
627964279
627964279
627964279
627964279
627964279
627964279
627964279
627964279
627964279
627964279
627964279
627964279
627964279
627964279
627964279
627964279
627964279
627964279
627964279
627964279
560854391
560853495
560837047
560837049
627945913
627945912
627946424
627949240
560315064
593869496
589413048
589561480
593688200
660857481
669114794
635560170
635543594
635674666
627155227
627155721
627159576
635540024
1709281848
1709290040
1843499545
1835107866
1835107882
1835371882
3991242922
3987572922
3987708058
1844427914
1697099914
1730654347
1730630025
1730294184
1713513384
1713513384
1726095787
1721843190
1721773314
2124426242
513813762
245378306
245448450
245510914
262288130
262304514
228774145
212238592
216957888
208634512
205227668
204181148
204462748
86507144
86343320
388265896
392193513
929064171
635495530
635495483
635547673
627147032
627147272
627147288
895586840
1969332777
1709286954
1709286954
1709280554
3857026282
4020734122
3987704986
3991911562
3882856842
3878662537
3878146456
3878056360
1730290088
1730290088
1734484392
1742808565
1742810370
2007051522
379661586
379665714
111228690
111354626
128066306
128332034
95338755
95125760
99189008
82412304
74030612
74029628
69843512
87669272
356040216
354985512
892139112
627885032
762102249
761582057
761648123
761647995
761647962
761656154
761787194
761787242
761767786
757446090
1835375754
1835375770
1877318842
1873263802
1877195930
1864610954
1864610186
4012085658
3978465706
3978486186
3978437034
3982631402
3982628846
3982626678
3974249234
2095262482
2090938114
1553999107
1436885249
1168515072
1202597888
128843968
124469440
124485824
124490192
124490320
90938900
90815004
90815000
354986552
388820520
388818728
925685096
627884521
762102777
761648091
770036730
770036602
761647914
761787178
757588538
757442138
757446602
761634010
1843764458
1873262762
1873263802
1877193866
1864609930
1864610186
1864536474
1864544682
4012007850
3995214250
4016186794
3991084522
3974306174
3974310166
4238552834
1956720386
1419846402
1437016834
1168519619
1135481217
1135214720
1105937536
1097583744
1097858177
1093663891
1093655763
1126561074
1126457634
1122263846
1118839598
1118844457
1133514728
1133513640
1095769000
1091582376
1192302985
1125260682
17957258
17957258
24208378
27321194
296002410
296001898
296067432
279421288
283484540
270905656
807895832
539132424
539145736
539200056
589466152
576891435
576891403
572750539
572526218
858784394
825229738
827457706
1351753898
1368531182
1169162246
1169170434
1202003970
1202118914
1201840386
3349324034
3483803907
3450241812
2381809436
2363329148
2631707244
2623318632
2486995496
3022556728
3022620184
2804585016
2787815976
2787808810
2787755050
2787728426
2787712058
2921995354
2921993290
2938778826
2842308730
2846503530
2913612522
2913547914
2913494665
4121456265
4117253784
4146842024
4079623592
4079624104
1663973272
1663902600
590095240
824451480
811868396
820060261
279057411
279053315
10552323
10748947
11342865
31880193
31904001
23249155
56787779
65188674
62034755
45257479
1116844853
1116774957
1116775976
1118875176
1118887464
1408293608
3542145704
3508653736
3508618680
3508552088
3512746137
3521139099
3554763194
3546506218
3554894698
3554927914
3550719034
3584273466
3567369258
3563166778
4095841546
4095841034
4028736010
3777147402
3815937626
3815937786
3797079787
3811786479
4046526125
4028696487
4028695974
1881481446
1894195430
1353127026
1403454466
1386622978
1118707714
1118756865
1118806016
1136435504
1207739680
3313481520
3292175872
3296368132
3305014788
3233646204
2445051628
2442966760
2447171240
2436685480
2436882088
2436880040
2473457304
2473358024
2456580680
2456646200
2456778537
2456646955
2464971818
2481781802
2511199290
2494553114
2494551514
2498729418
2490208650
2976747946
3009778090
2993082794
2989646219
4080151944
4046530952
4046530984
1882401196
1882400988
1882401805
1893888021
1889714196
1889959936
1890037760
1889907456
1890877952
1901363732
1901429300
4078354972
4078321209
4082510120
3008636968
2482243624
2482374856
3518381448
3518849928
3502011017
3567534778
3568058794
3572318378
3580190954
3341182058
3341181962
3592875018
3597593610
3605826618
4138502185
3082397992
2813897528
2780343880
2809697864
2805498440
2805498472
2805629544
2789122664
2789139051
2789094254
2788430694
2801533282
2800484450
2813133922
4154997842
4159188050
4159318082
3622447170
3756665154
1609174850
1340673730
1341667314
1337532914
3451597250
3434856898
3300492162
3568940977
3567890100
2495199892
2499320500
2490940076
3023612588
3040388780
3006853804
3006026408
3006005995
4079747178
4083417130
3018133546
2980457498
2980456458
3051759626
3051808778
3052845322
3182737930
4256470602
4289495754
4021060250
4020798123
3882599080
4146996136
4146471848
4112654780
3844219052
1629631660
1642278060
1907370140
867182789
313583687
313568263
49462533
40011008
1109557536
1114013984
1130816272
1130820096
1374077440
1357365764
1348850228
3563187756
3563579948
3563576120
3571829544
3707030072
3707037384
3707036361
3722724026
3722724010
3722707370
3756478634
3756486890
2674287866
2670128202
3208030218
3210061834
4292720937
2946480680
2946346520
2952308232
2906165832
2906161720
2905178665
2771026219
2804863274
2772308334
2755010902
2692166115
2700345763
2695627175
2964130979
4054653107
4071438483
3534633091
3538823299
1114516675
1114443779
1114378291
56963123
31858707
31858947
82182407
73859861
208746301
208744252
209140504
217385496
234146360
536669816
452765400
452756104
443056795
460030650
461087402
427336106
947708138
2021449834
2019423290
2086599706
4242467099
4259232537
4158622216
3086780936
2533131848
2532082392
2527642280
2544386728
2510885547
2628395946
2632655274
2364022954
2229800110
2229864638
3295615110
3228444806
1076308102
1093024901
1126323332
36892800
41083264
49537920
40936096
36741860
35889764
304252420
321097476
1394649388
1935714604
1935711532
1935705384
1936885512
4084380168
4084376093
4084332077
4084266543
2473680687
2473987367
2482379813
2482316325
2549556485
2549481731
2549485827
3355324675
3321827666
3321696370
3320647922
3303870710
3429831038
1283397406
1547638282
1547517451
1546923547
1546923563
488908587
1029965115
904135003
904200267
904348875
897545467
897445034
930983082
930391434
938770826
937722250
2007335322
1739043242
1744217514
1735830954
1731636395
1714928811
1714797819
1714921691
3862356058
3878834218
1731342634
1701978922
1710696042
1974943470
1958157047
1958025973
1419001476
1423189888
1439967168
1435972288
1442206272
1173771073
1173386051
1165025634
1165222178
1165119763
1165099271
1164379911
90520087
358951487
358885933
358887273
392439273
401617353
401604936
384844040
384844089
376497449
392226091
392293675
392277338
392201690
1474594266
1436844955
1437041561
1973856184
4125534120
4117147624
4117085928
4284778104
4293177945
4160205594
4160139322
4151762986
4147602474
4114037866
4097186030
4097186006
1417035207
1356203905
1356268160
1368863360
1368732352
1133982400
1138102976
66474688
66515520
66499072
65524240
65390133
65357349
65363503
325353007
393490219
389295915
389293355
930369817
1064583433
1063534937
895762937
895833593
895942651
895938490
896003514
895794618
904168858
904167834
670531995
1744216987
1710727851
1701029547
1831059370
1830924202
1830921706
1832100202
3979522330
3979534362
3979501610
3962776618
3161667631
3169982511
3166046527
2629181191
2627024389
2643731013
2644275793
2646463073
2650653024
2648473952
2640085104
2640228672
2669601536
3728626177
3728606727
3728678438
3728031278
3748993646
4288945642
2108431610
2091652234
2091651211
2095333512
1566917000
1562826696
1597433720
1597435240
2134041960
2134091129
2138157387
2012316106
2008122331
1973782505
4108689128
4100430696
4100430632
4100438844
3023417116
3157631764
3023299093
3023237654
3023204914
3073790498
3061187171
3070168803
3069119425
3064666560
3064486112
3064528032
3081299364
3035161477
3026821775
3022558894
3039596198
3056438182
2720450998
2724650886
2724620165
2720408196
2988778116
2988712884
3005691308
2976253112
2963672248
2963540136
4037028008
4037028073
3500222554
1352873994
1356937226
1088433162
14689290
6303802
2101290
2166826
2163738
287599630
287598862
891635982
627964279
627964279
627964279
627964279
627964279
627964279
627964279
627964279
627964279
627964279
627964279
627964279
627964279
627964279
627964279
627964279
627964279
627964279
627964279
627964279
627964279
627964279
627964279
627964279
627964279
627964279
627964279
627964279
627964279
627964279
627964279
627964279
627964279
627964279
627964279
627964279
627964279
627964279
627964279
627964279
627964279
627964279
627964279
627964279
627964279
627964279
627964279
627964279
627964279
627964279
627964279
627964279
627964279
627964279
627964279
627964279
627964279
627964279
627964279
627964279
627964279
627964279
627947895
896384375
359511541
359510519
359510455
359510451
493729202
493731250
208517298
1277540530
1277540530
1277556914
1550253442
1576989634
1570693826
3751080675
3751060449
3734283748
3730095332
3724851428
3741624548
4278495740
4278693836
4278630092
4282811133
4283876077
3042951909
3042767847
3075794423
3075800294
3075988582
3075656822
3084114966
3086017798
3052462358
3035848998
3052558118
3044214566
3077572391
4130607971
4130411383
4134736197
4143083845
4155700293
4109564997
4101101637
3560298821
3560360900
3564621524
3564500708
3723780837
4294193909
4143256533
4143395301
3618922855
3585368423
3568657758
3572985294
3564596622
3577207182
3575105950
3612724671
3612728767
4141209503
4143428559
4143419935
4142240319
3085218607
2808390949
2774836261
2774901796
2771883300
2771895060
2803319381
2803249917
2805150445
2809205487
2783971310
2779778558
2695891166
2964330718
2964339918
2981194958
2985550990
3522618767
3612726783
3612661759
3612719095
3614897013
2541150485
3078086933
3077435701
2507134245
2507070773
2507037973
2641321749
2674726679
2674734903
2657953047
2667402551
2667402295
2684179511
2684220543
2650142047
2650204109
2648094413
2648147597
2639578813
2504324783
2500126383
2634311342
2617737134
2488678398
2490775006
2490832254
2499088694
2499096854
2494656775
2494656773
3571507476
3572556604
3560036156
3576811292
3608334092
3608320268
3608321300
3578903893
3579114837
3581202757
3581263957
3615408373
3623801077
3606995191
3606978903
3598530006
3598456822
3598530534
3622774382
3584915054
3702277726
2628536078
2633826063
2625433375
2638212959
2635591646
2673145854
2681525230
2677326254
2677391791
2643906991
2648138215
2639618533
2639622629
2639623653
2639783381
2648106453
2639754709
2639648213
3742684405
3742754037
3742819413
3747017749
3742817541
3744914693
3728144645
2652305685
2656493333
2656488711
2681587014
2683597302
2650108390
2627159014
2627158695
2628997797
2633102005
2633004021
2641393141
2637200597
2635163861
3708889319
3708823783
3706797543
4239529927
3702670279
3702674115
3706844915
3698382435
3694194274
3744525906
2658264834
2658313986
2532738823
2532675383
2530520869
2530585381
2543827748
2516426548
2516438804
2508051988
2524926484
2524910372
2524906788
2524712229
3598452775
3531081766
3526965298
1379544066
1132080130
22690818
89852930
122276866
122393666
101364930
105624002
105493490
256422818
1556652710
1556652734
1556850319
1557042831
1557106573
3704081836
3703893420
3703893420
3695504876
3695631821
3695631821
3695492573
3696555493
3696621045
3558274501
3560330183
3560309703
3564504054
3572959074
3567523682
3567527714
3567527682
3588564738
1458906434
1450520691
1182076979
1177882643
1178010643
1194722323
87432451
74874387
1291316787
1555410435
1554884162
1575847490
1609533378
2129627122
2130679138
4277968930
4001144866
3997016099
3997017121
4013747237
4013714725
4013296996
3996519924
4000778132
4009695125
4278007191
4277937590
4273743782
4273939190
3200123590
3215938182
2628575878
2628560519
2632822405
2632948613
2623900556
2619656621
2619370925
2619352557
2637242863
2641506607
3186828607
3165744405
3165776389
3165776389
2647702069
2647760405
2681394885
2681394055
2656256407
2651849127
2534408615
3037726118
3042053558
4109511063
4105185445
4105189541
1961900165
1969437829
1969317317
1969284564
1969284965
895530341
891401589
891403541
622968087
622902583
627096887
1734589751
1734524223
1734524223
1730321727
1730190399
1730198591
1696971839
3845567551
3845575727
3846063151
3877504367
3889825519
3873113775
3868794551
3871162039
3871092375
3086757782
3053284742
3034578310
3033976199
3029767671
3029841749
3029710101
3186943285
3179078949
3174851877
3174905127
3157661155
3023439842
3052799906
3082225570
3079734675
3062912131
4136690881
3595625537
3608210449
3610438931
3576885011
3581042195
3581036082
3581363794
3581231826
2507527126
2516572102
3030382535
3030228823
3029647205
3053236069
3078405941
3061167893
3056973589
3056985429
3057115493
3057086821
3078570341
3078553957
3085898087
3085242679
3085251871
3051693391
3052875095
3036102487
3035962711
4099153399
4099153399
4099151319
4099896774
3571414470
3571413382
3588190614
1432221079
1432221111
1969087927
1964895733
1964832245
1971181013
2004866389
1946153813
1929241439
1920856959
1920845679
1920849901
1937112573
1945632253
1641545689
1641410393
1632956025
1635122811
1668675451
1668567418
1668284762
1664090234
1664299114
1662132458
1632773611
1641175403
1670568953
1670765001
1653915081
852796616
844408008
857067721
857604313
826148331
813315691
821704298
1907033706
1906849290
1911039754
1349002510
1350139198
1358519590
1358710582
1358709510
1421656838
3569148726
3586040630
3619596101
3602816836
3601763284
3605826532
3610021732
3611082100
3611272516
4148093268
2000609636
1998541157
1935540581
1935540724
1943934452
1944010228
1910337013
1977445829
1977581509
1432289223
1415501637
1415563093
1423758113
1423766817
3571250471
3571280983
3613289554
3738856658
3738836418
2660894658
2663057010
2662863395
2393399840
2661869156
2678908516
2683088224
2675214704
2671218112
2652276160
3730219328
3725762866
3725758498
3591798834
3593912338
3593880598
3609606230
3563460854
3571845622
3571911639
3571784405
3567523524
3567530692
3300143680
3300205105
3300336161
3300336161
3304404529
3304132371
3294711571
3311521027
3311901953
3353845057
3353709889
3353710033
3345325537
3462773985
3462636769
3462639825
3463680211
3727921267
3727941730
3681804578
3646153506
3629252130
3629177378
3628136994
1497491970
1514400514
2051259394
2046925826
2046919698
2047181906
1778750579
1778820323
1800315363
1758368081
1750843713
1746518081
1746416881
1746415073
1746677665
1750997667
1822296755
1823936130
1821707906
4254344834
4287964802
4287981458
3738527634
3738529730
3730141122
3738496466
3734826466
3734369767
2662696295
2662630757
2666837364
2658186580
3190928724
3190927732
3188830500
3205739301
3176309301
3159814677
3033973271
3025651519
3044330799
3040663855
3040827775
3040246751
3077995215
3086438095
3086288799
3086226335
3086229951
3086295487
3086823935
3078427135
3044881791
3044813871
3028036671
4101841950
4101972238
3565101518
3573363162
3571192250
3566998970
3583855034
3717188090
3754932731
3747457291
3728260361
3731403016
3731403016
3739914280
3731533864
3727679532
3745374252
3711890524
3693017565
3697203967
3705588462
4124887798
3051138758
3084695510
3076359159
3076490197
3040777173
3040793301
3028206309
3027620583
3027563239
3025429222
3021235174
3021239782
3027526759
3027598439
3036109911
3036043271
3052828935
3086413063
3069701127
3069703175
3069693958
3086401622
3086368870
3050787303
3050582503
3042190327
3042191326
3075813118
3075948270
3084345326
3050786782
3052914510
3048600398
3048514317
3048515404
3052709688
3078401324
2923273260
2923332732
2923070536
2788876616
2805654873
3845844461
3826941933
3831455716
3831306212
3772584820
3786748756
3820442453
3824632597
3799467783
3793106695
3793190742
3809574774
3780237158
3787834742
3766797790
3770994142
3770993918
3762670815
3779517767
3779521861
4123452756
3049612068
3049607972
3084321573
3084845845
4158592279
4082968039
4082904295
4082908326
4090957190
4057353607
4057355655
1893131139
1951785875
1951757011
1947497075
1947498083
1947496035
1953786594
2004320242
1993791426
1993786818
1993785794
4141203698
4139054178
4155810851
4160072759
4126649365
4151835732
4146512980
4146513220
3072771412
3076964708
3086467876
3048264228
3035686452
3035686404
3025200660
3025268261
3042303527
3042198822
3075736806
3069640950
3069575318
3068527798
3068466342
3076791462
4151655574
3614846086
3612749191
3612484999
1464936391
1475441495
1441882679
1425105462
1425073718
1416685106
1416752946
3564240147
3581009159
3623019527
3738629141
3738616949
3738518773
1598817527
1598817783
1573654502
1573478118
1549500006
1482358294
2019290630
1484302150
1501077830
2037948503
2035855607
2069410039
2119807221
2119816677
4267433445
4267433453
4267629549
4286471629
4118699469
4101391823
4101391775
4109846511
4109718255
4109656687
4249936431
4249936447
4233159453
4233142589
4241732669
4107439133
4099050517
4099116341
4115901207
3981618695
3981884935
3881209383
3881142119
3860107621
2786439633
2786509253
2786509301
2787033253
2789045413
2793175463
2818341287
2817809071
2817903279
2817916637
2817910349
2775900685
2708791821
2708763439
2708750638
2708807982
2708940142
2708870398
2708866270
3790996702
3787263134
3787267327
3787421919
3770574919
4036951303
4037008647
4057839367
4059931159
4118258229
4111987255
4111987319
3844002519
3844003831
3847609767
3847543983
3855931631
3889477853
3889539405
3872763657
3864376845
3876885020
3845444124
3845517868
3845616493
3845460973
2809463271
2792752631
2935363015
2935369798
2930061366
3198431270
3215204391
3165003783
2629181711
2629198607
2627065423
2627504879
2622265839
2634856623
2668542093
2652809421
2652814543
2518664655
2518635007
2524869038
2524320686
2532709286
2549552038
3623170998
3587515270
3587515347
3587651153
3587642929
3295952656
1148463888
1148463360
1148664832
1148591120
1148388400
1162941488
257126401
106091520
106349824
114722064
1190626640
1191150929
1191163345
1181595633
1198372529
3291326133
3559765669
3559759525
3563966372
2498616748
2495437996
2494840044
2499030124
2515807276
2515873068
2496999228
2161192700
2157131452
2425423549
2425357999
2425419694
2446374318
2482016686
3010822574
2988737470
2988737246
2737086990
3810829838
3811028494
3811028494
3810966078
3777428270
3777125166
2774666542
2774666718
2783118750
3857855630
3891410062
3868406942
3868415231
3870676031
4139119901
4142261517
4150785293
4113036301
4096193565
4096193661
4101395693
4099098095
4241586095
4236339133
4253112061
4254095357
4157629789
4151697421
4151833629
4117152829
4117155133
4117159711
4251451166
4235493150
4231296822
4229199670
4233443190
4241839974
4237645798
3163912166
3214366099
3197556099
3201822851
2656432533
2656557029
3193435876
3201560164
3201363500
3211852588
3195075884
3195075884
3195073844
3193172229
4283626247
4283618103
4250026854
4250027382
4250291670
4250392790
4149729430
4149729431
3075988613
3050820756
4124438932
4124373436
4107564028
4107625212
3036111468
3052876399
3051632174
3051624238
3043235118
4117041438
4100329742
3564512015
3564529423
3707232031
4239777087
4256471422
4256471262
4288978126
4159149262
4151739598
4147609854
4147425519
4145389807
4111983085
4116107773
4116076021
4116145653
4118226407
4118231015
4149676023
4143384567
4143399893
4143403861
4143411988
4143276820
4159989508
4118046549
4101275639
4099334119
4099334118
3036138934
3036020118
3052791238
3052926918
3077960534
3077960246
3077956134
3077961270
3076879894
3076880147
3076871479
3086304551
3220456486
3220569206
3218472022
3218594902
3210138822
3210196183
4283938039
4283799029
3998594548
3994527188
4011322820
3977772532
3962984420
3962963940
3963028469
3962835957
3965985767
4259395559
4288749415
4271914838
4273172294
4273106758
4273132870
3740390742
3740594278
4269072487
4285849831
4252398837
3698744661
3697691973
3697758037
3697565527
3714344567
3722733158
3757139942
3752981478
4294005238
4291842294
3746590943
3713032415
3713163599
4101166431
4109520761
4109487097
4101044697
4117821849
4117821881
4149280697
4149277641
4149343179
4118270234
4118204714
4100904234
3035616303
3035620655
3035489565
3035427613
3053310749
3185558301
3210725357
4283301869
4279037615
4245548951
4249282439
4249286031
4156997839
4156932319
4148478079
4148556863
4145538111
4145474879
4116117311
4116019005
4116469565
4116469309
4158608956
4158543388
4137573892
3600703044
3600670037
3604282485
3595885797
3596469495
3598630983
3598630982
3615412310
1970270306
4096778482
4096255426
4096259522
4096251842
4234661618
4239904482
4239785570
4257015410
4292666887
3193759351
3189532263
3195827558
3195798758
3203925222
3202286839
3219068119
3177002135
4233897109
4242351253
4237714837
3700835733
2627126725
2650129861
2675244375
2674961719
2672930087
3193021735
3193026359
3201423127
3218331415
3218265887
3218298726
3209779046
3176154982
3176399151
3159626015
3176411423
2513773949
2513858045
2509663709
2543254925
2547375501
2538915229
2538915229
2539111839
2539058687
3075991023
3071665535
3073762591
3073893645
3073897757
4118213949
4118206333
4124497789
4124565373
4157986165
4149597557
4145403223
4145140087
4147336567
4149368190
4149433838
3880871422
3847251126
3846399382
4097996255
4097984479
4098049759
4107556447
4124342141
4115955549
4149507415
4149634551
4158022135
4158026239
4153889741
4157986637
4124440397
4124176188
4252237100
4286045484
4285914428
4294243597
4277526799
3740758302
3749597550
3711893998
3711762918
3695052278
3698744774
4244004294
4241980871
1557458903
1557458899
1565845331
3713524563
3742888275
3711418641
4252352817
4250269475
4258752291
4258758263
4258758518
4258627447
4258553335
4258553079
4292115687
4158094581
4141241541
3604366789
3604432277
3595858871
4149502638
4115952302
4116010686
4099393246
4107655166
4107593078
4109690230
4109690199
4118148373
3581396276
3581330724
3581334820
3614801204
3614801157
3614932229
3614864647
3757462803
3719775539
3719644451
3700707619
3704967987
3713454915
3709260739
3742815683
3747075475
3746952627
3621123507
3621254583
3603297703
3621053861
3612665301
3612663253
3612659181
3581208428
3581273644
3614828053
4134916613
4134978311
4151760151
3614958951
3581275490
3579305442
3562424274
3696646082
3713496002
3713364946
3579146610
4118140259
4126528865
4120180704
4254394096
4258571984
4250248896
4283801284
4283797492
3210001764
2941627748
2950151461
2952238391
2951972135
2943391022
2943414574
2939220798
2903765854
2903733086
2902685694
2890364902
2890358246
2899791334
2916437494
2916974023
3221192007
3200177413
3200177413
3204371733
3204445205
3195925525
3195917365
3196048501
3195991141
3212760311
3187590615
3170748375
3170760407
3170723542
3170334454
3161804406
3178549094
3160735014
3026478390
3026609926
3027661574
3036640070
3036443110
3036443110
3053203943
3086947799
3086955999
3078438381
3086770029
3086833468
3086828812
4150031688
4150029640
4150066297
4149597417
4149724667
4156801498
4156813786
4148290522
4148193274
4114638762
4114706350
3032743855
3032929725
2496025037
2497167820
2497560909
2497499437
2507986221
2507990319
3078483263
3212832031
3195985183
3193883933
3210725149
3210708765
3189216797
3189028445
3189023325
3189040093
3192382463
3192312318
3209085374
3175499262
3158662398
3159705726
3159705726
3184916606
3086478431
3086476365
3068579916
3060187596
3076964684
3043939196
3044012588
3035489836
3035426348
3036475005
3036442462
3028055550
3044820206
3043770542
3043968190
3043902926
4126045646
4126043599
4125916543
4117523823
4100744543
4096746823
4097798983
4097667687
4101861991
4116468583
4124856695
4158416199
4141212997
4141285317
4141785029
4141850325
4158439141
3084697317
3075250151
3076360055
2808058166
2807996694
2776604982
2775970086
2758111535
2758242351
2774930477
2776042557
2776041725
3883207165
3889629629
3855818655
3850442383
4118836111
4123026318
4123059087
4123128799
4114862559
1967313375
2001916381
4149408093
4149409117
4132693247
4132463855
1984984303
1985238255
1934968063
1909867999
1895192285
1962311389
1962278621
4109692501
4101301877
4118062885
4149523253
4151694165
4135056199
4151768007
4160144339
4160144354
4126426086
4117772262
4100990967
4096997207
4101190965
4101055781
3572507692
3572511804
3568333828
3566234885
3566468869
3570851383
3570847335
3612722806
3595879110
3595915974
3595981510
3595981762
3613356514
3562824930
3562808546
3562829027
3562915011
3504244163
3554575811
3537810883
4143883715
4135433719
4135421941
4143810405
3889993317
3881609004
3877430572
3877397549
3862914093
3862828141
3862824045
3867035005
3892205405
3888019037
3852330565
3852003077
4119389191
4123583539
4099620962
4099801298
4095608050
4095620515
4101379747
4109764275
4155905667
4138956419
4138858179
4138792642
3065032546
3086004070
3086004006
3178354470
3178612535
3174364695
3174327837
3207951933
3212269359
3212137775
3220534566
3184883062
3184874838
3180451158
3180391878
3179408631
3217157351
3204826343
3054977223
2518040903
2539544855
3086938917
3049116453
3053246269
3028089629
3023944461
3040786701
3078535517
3078528477
3059532749
3055309709
3055289245
3055485869
3078501293
3053397485
3049076095
3032300870
3032251654
3032245510
2493375750
2506090358
2539640150
2539111894
2522334663
2530659541
3069697508
3086347748
3077891580
4147488220
4113995084
4111896908
4111905101
4111852829
4111791423
3038016815
3037027629
3042401581
3050724717
3047116156
3047017804
3214796236
3214796253
3202217957
3193295719
3193426551
3208049239
3208041303
