3730305535
3729912287
3730043359
4266833375
4283665791
4145055853
4145068077
4145063997
4115770381
4115854605
4111646981
4094903061
4096999971
4094841442
4099043938
4107465586
4120105282
4287878466
4271100994
4140946514
3067411554
3059215842
3193434103
3210207189
3210037205
3209971701
3218360165
2647930725
2647926581
2639603477
2641831701
2641823075
2641839218
2648069314
3721880770
3721848194
3713463682
3713451922
3757295299
3757168593
3736139105
3740328993
3731940385
2654004245
2670978308
2670913284
2637364784
3178417776
3167932144
3163670260
3163608724
3184588469
3184583093
3218202855
3209949414
3209806054
3209707622
3209712694
3209784334
3209849094
3211946806
3187079734
3187137046
3187138055
3187136199
3187135429
3218588053
3176190116
3175145633
3175146657
3175216291
3175218594
3175215010
4250005218
4250140242
3207755330
3207821122
3210966290
3219379490
3215180835
3219147825
3185605893
3160501508
3160567316
3160569460
3186803316
3186705013
4260393557
4293943581
4285555775
4285619247
4268967983
4269004863
4264782943
4279362637
4279361613
4250137565
4258452076
4237477484
4254254676
4254256708
4285620036
4281613781
4281613733
4281611687
4252439974
3170255782
3164033718
4237681302
4236567174
4253329106
4250199794
4246005490
4248303090
4248237170
4281750642
4286450722
4286516274
3756997650
3723439122
3723306259
3723305235
3723309319
3697742597
3698721621
3698738900
3705065204
3704670964
2646649596
2646649532
2646650780
2680199068
2672854940
3075588781
3078083501
3077927853
4150735277
4150727149
4150657263
4150727791
4150666270
4150684686
4125551902
4125424926
4252294926
4252276494
4250175262
4233204511
4233339711
4233275183
4232310631
3158507509
3158507461
3167117207
4253503415
4270151095
3197457591
3201650855
3195289831
3061170407
3195527269
3211108661
3160711989
3160716817
3160718849
3160734211
3160861186
3160861474
3177639394
3212234162
3193357442
3193324674
3193402498
3193202147
4283721185
4283705317
4294191077
4294258645
4294389189
4286002625
4252452305
4294394337
4294374389
4294439429
4286444037
4286378500
4286375476
4285328677
4293717285
4256160807
4260285447
4236168454
4231974214
4231515478
4097166694
4118151142
4143431511
4277573445
4275540224
4132819264
4145340784
4113916384
4097270240
4101374369
3034974115
3034976179
3035962274
3035904422
3052677351
2683071559
2666521605
2662326533
2662195717
2678972980
2678972965
2649027109
2623817254
2619629094
2619629350
2620737830
2625068086
2624744454
2631033862
3704812806
3703755590
3720606550
3712086995
3745633233
3728851345
3728856485
3594581412
3602967972
2529291668
2529426820
2546193621
3620177141
3621225957
3612836327
3614880215
3614880198
3610694086
3577206230
4113954023
4231359719
4233570535
4235672663
4252439575
4252767551
2146185535
1609314591
1609380639
1609441879
1572217589
1570207445
1602541204
1606741684
1598353108
1594351557
1595331911
1599526150
1501021462
1499841574
1499845670
3639010614
3639010614
3635865366
3635672599
3637572113
3629183601
3623936737
3623941857
3623999203
3628195683
3644978546
3687052626
3686986050
3737309250
3737305427
3737358817
3753939424
3745560480
3745558416
3745754496
3745945984
3729164788
3729247716
3730163045
3728209735
3744953158
3744944982
3711250790
3715375334
3721733351
3721802951
3720748231
1606880327
1606683766
1606690150
1607738726
1574331350
1570128582
1570226819
1486682017
1489300896
1497689504
1493556672
1527176641
1511421249
1513518355
1517770018
1525962018
1542742306
1492411186
1486189330
1486352914
1486221842
3637835299
3636526627
3628129905
3628321491
3628256211
3645038035
3645035970
3678589378
3745665475
3477225939
3485716961
3451974113
3720406432
3720408464
3720591744
3754080708
3737557460
3737554421
3730278261
3732375367
3727094343
3727151958
3727028710
3711197670
4248133863
4233507031
4173730887
4173796423
1506022454
1497637926
1531192359
1532436839
1540764631
1503003333
1501841044
1501882044
1506078396
1497677532
1258790852
1493603653
1498846469
1500938263
1499840566
1499841846
1499919670
1500966263
1534488021
1532458965
1532302300
1532039932
2069041916
2069041784
2068928057
995120681
726724395
735112491
735110459
700699915
692306699
692175387
687927851
687890987
687944235
721631035
725817659
734075177
734017577
713046297
717241609
717295947
717291595
729809019
729837675
696279147
679534699
683799915
675412859
671218267
671332953
688110409
725794121
725856585
734237001
734105947
734106475
692171371
687993451
671180395
671170155
688340843
688274795
700857435
730209355
730156107
730643531
696560971
700822859
684045131
675648091
671388283
671199851
671330923
671307371
688003691
688003947
721557867
717363307
713234507
713101387
713031755
713031755
696258683
679485547
679501931
683730283
683800939
683932491
692321099
725793099
725784907
709068105
725713225
725647705
692162937
675525481
675390057
671215209
671181419
688077419
721566539
708984139
717386827
713261131
713064539
713068651
713073003
734044523
692167259
671461979
671461977
671461993
671594089
1745256043
1745239659
1762008427
1808663659
1804469339
1804353611
1804366155
1774740299
1749575243
671673963
1745480683
1749932522
1808649626
1783616906
1783554186
1783554202
1792004282
1791803562
2060218542
2060215470
2077043966
2026780878
2022586702
4171106894
3701291599
3701227231
3704891039
3703841437
3712180925
3720467372
3720401324
2646668716
2646650364
2638261596
2638331164
2646779148
2643633412
2627122964
2495059749
2499120677
3027536423
3023407715
3040263889
3073810113
3057043137
3057042115
3061273554
3069452770
3069452646
3069448486
3085763622
3085775926
3047973950
3081532478
3081632863
3085958351
3085958351
2540690573
2536492173
2537553053
3040345341
3040269823
3040241623
3027707478
3027710550
2499162710
2499162694
2499228502
2499097047
2499032309
2499116277
2499107060
2515884276
3589406036
3623085636
3614667277
3593536015
3593474590
1580216874
1584406826
1593058346
1588857899
1588857865
1609853961
1198804040
1327418508
1327418764
1293876623
1293329806
1331082654
1205252510
1171632518
1150648710
1169654230
1436914662
3584336869
3584336740
3588532004
4117009700
4112817460
4097284356
4097227013
4097239046
4097305622
1949708310
2000028022
1987445206
2012611462
2008433319
4156016292
4155804516
4122249508
4279543812
4262766596
4262962180
4128666372
4130734663
2000028310
1974863526
1956653734
1957702566
1957706150
1955600526
2001742991
1459871885
1444126860
1915789772
1914741620
1667277348
1675661860
1637913141
1675735615
3814962751
4079140398
4079131182
3005401390
3005433902
3005614110
3076930574
3085317135
3081129997
3082240061
3065311548
3199526172
3203720476
3212179228
4281849628
4231512605
4231516701
4235707199
3967141675
3967064363
2893326633
2893392185
2910234908
2927073564
2792654604
2788459276
2788463372
2788676396
2788680492
2787402284
2808417828
2817460788
2817333764
2783721988
2779535924
2779531828
2813123444
2800540533
2800548343
2800548086
2733431026
2725083314
2792323250
2770745522
2753968258
2753969282
2766552194
2762354098
3030724258
3031183010
3031186098
3026983618
2485918210
2620287490
2641177090
2683054594
2662083074
2594516482
2326142758
2326136102
2325808166
2326004774
2342798438
2347549831
2340211845
2336070020
2334108548
2334059412
2332978100
3376819173
3376819173
3376823575
3376547079
3376481303
3372249150
2298536255
2298519887
2285937999
2294527965
2558771132
2558634668
2559028908
2559033012
2630323860
2638710412
2635499196
2635505325
3174469615
3174469119
3207502926
2943331342
2951521327
2930552879
2934542653
2926301465
2921935673
2921866041
2938839913
2938775529
2951351723
3988720059
3988588699
4256970890
2109483210
2111646922
1565861066
1565810890
1546702938
2083574138
2087891290
2018681627
2027005755
2042669611
2034285098
2030369338
2031025946
2036004122
2044444730
3652829306
3684290682
3684192506
3688391930
3688492538
3688558459
3680130683
3680110171
3682141899
3724023707
3724113851
3724176809
3722079673
3722141085
3713652109
3713586653
3749238617
3749242681
3749504571
3716015663
3715628845
3715485485
3713043757
3711993117
3745756237
3745752157
2600706141
2600661501
2605118973
2579955709
2575756029
2575825653
2576120501
2614905511
2606501614
2568951790
2573078910
2575171902
2583564558
2315083782
2382128166
2415455270
2381904930
2373573651
3443252547
3443180993
3443180929
3429527937
3446296965
3447325125
3313369925
1163723573
1163662125
1549543213
1557949741
3705433401
3705433371
1574493451
1598672138
1581958474
1583007178
1515964410
3671643114
3738739433
3751518889
3755713160
3747132312
3742938024
3742938024
1595519912
1599780856
4284132828
4250577181
4250573119
4234119230
4229269534
4229289230
4111626702
4144104398
2114323086
4282782358
4286997157
4286965668
4287941092
4153706548
3075782668
4128548876
4128677900
4128698636
4111909389
4095099455
3036024367
3031706158
3031706414
3048483310
3085969807
3591380366
3591508878
3608289934
3615630015
3582071207
3581935783
3582984423
3576750087
3575685135
3575751949
3575884559
1440979487
1436977677
3618015757
3601267212
3598602188
3594256812
3594256557
3611099325
3581808829
1423319213
1418079679
1422141846
1422158742
1415048006
3581271814
3580155670
3589055270
3589055270
3584791334
3584656182
3584795415
3718947100
3723162908
3714767224
1562987496
2133347304
2133543640
2133490632
2133090249
2121285978
1055965306
1049743482
2127663226
2118185066
2113987627
2114037865
2135079273
4257397352
3700857545
3700870731
3701212746
3697025610
2354852474
2355049002
2363371562
2377646190
2376597742
2410352782
2410373261
3467158668
3471355324
3458764204
3459026348
3459157468
3459157324
3475422541
1332143439
1567057262
1546020206
1546056686
1551287294
1560250079
2090641149
2111090668
4283739516
4279548988
4281769004
4281767212
4281499932
4247835148
4247872029
4247925309
4247917103
4252110638
4291889454
4287629358
4287633450
4294129674
4260527370
4260721930
2102706954
2043990379
4173652331
4165263599
4165903871
4165910471
4165844695
4174179959
4165725783
4165662278
4179248966
4196090198
4202365030
4202364966
4202378294
4208469046
4204277030
3667410222
3667409182
3671599374
3663211790
3659144462
3680126750
3680129838
3654939247
4191736415
4191721292
3654860628
3646467940
3646470945
3642482227
2567577138
2550801938
2282628866
2550998306
2580296802
2374631649
2408185984
2391425152
2391335040
2325254308
2322105516
2317925548
2318117100
2334832876
2302318975
2297101262
2297096910
2288544462
3358084846
3358346990
3644196590
3641848526
3678610382
3686818270
3686854766
2571165934
2554373614
2562833902
2562829311
2559028981
2558967540
2559491796
2630846148
2623375044
2637797108
2671431648
2653867424
2653867409
2658030979
2524325314
2549560818
2541556066
3581751606
3590140215
3623624759
3623625767
3623625783
3623709719
3590257743
3581844943
3590295007
3572795295
3570698182
3587544006
3579228502
3575046502
4111851878
4111589671
4145209639
4149409045
4157785348
4158115076
4149529876
4145348460
4078268268
4078315212
4082512589
1937113743
1937048495
1911828910
1907631534
1907627246
1907645662
4059364558
4049378382
4078738446
4145845278
4146050318
4152276750
4294881799
4290687543
4294824485
4227129893
4185187877
4166317349
4166304801
4161033267
4160975891
4228080915
4228116339
4232507091
4249288387
4283879043
4267069315
4143402371
4143271347
4139080946
4139085154
3065277730
3084150050
3050596130
3033920311
3034042999
3024417767
3175409655
3171739095
3205264791
3192739031
3201203447
2681109731
3721018611
3720952083
3722001169
3747289875
3464108547
3472506626
3472495874
3463118866
3462987826
3395833874
1265360962
1214947778
1223328194
1223397250
3639315346
3639184311
3631856550
3627854310
3644631534
3139218942
3122525566
3126841710
3135103471
3151520237
3117969897
3117995432
3120061864
3111673260
3111738845
3109711311
3143249358
3143247182
3143185758
4218957159
4227411815
3690606565
3685357300
3653173952
3652993984
3656709056
3642024896
3641762768
3641763824
1494347728
1498578897
1565677011
1565660658
1548879218
1551058194
1551064326
1550941446
1567648022
1565550902
1599207702
1607720214
1590922550
2127660334
1993381166
1992589630
1992589694
1992597887
4140146991
4131759405
4131714349
4149004092
4149204780
4115576612
3041566564
3041513204
3075001044
2471025364
2454276816
2521451248
2529827440
2530879280
2530877745
2532978705
2531934225
2548748307
2515193938
2498418002
2624294338
2624555970
2624560066
2624567618
2624452722
2575105122
2575098918
2575065126
2581487910
2577297790
2560427358
2566655870
2558290799
2574805871
2572939119
3143303165
3151676877
2598097292
2597905804
2597873084
2589468076
2669163956
3709736884
3695052724
3698725796
3706852772
3706721781
3706727751
1576036615
1601202439
1601300759
1601371221
1597166661
1597165764
1561514436
1565708676
1565775796
1548812005
1557196519
1557195494
3721457254
3723689558
3757201174
3748878102
3748709682
3748709683
3757176099
3757174561
3740397361
1582432021
1578226961
1577120819
1577186390
1594094678
3707950294
3695363318
3695367670
3703829974
3703701446
3703635799
3699420789
3699420772
2625699428
2495665908
2505163508
2534654708
3073557492
3056779685
3061235861
4134990023
4160218199
4151702591
4113953855
4113952031
4097306397
4117166905
4125612840
4159033129
3069463834
3069474058
3203732490
3195408410
2659061802
2659069998
2650420526
2562331438
2562327070
2562265614
2562220623
2562257629
2583218173
2306399725
2568608237
2568677871
2567629311
2555047375
2563440591
2564480909
2581127069
2574835709
2675464127
2669238207
2669376959
2669635071
2672784879
2682246383
2644507901
2610817109
2614929669
2606532868
2602405124
2602497284
2585716532
2602492708
2606650212
2615035893
2581028853
2571394533
2554625255
2554359159
2554424590
2554494734
2562866718
2558733886
2558606894
2575580966
2311327094
2302936278
2303131862
2311458998
2311397551
2307137757
2307137996
3414454600
3486827336
3478439688
3459571480
1309986088
1310182712
1310129416
253225992
252988424
253168904
253103436
253115852
236332492
235300316
247910869
244822469
110465476
131563972
100107252
284661220
1358280420
1343600372
1343731412
1413478100
1346360023
1346176230
1367086310
1375473894
3623358702
3623493710
1473904910
1436160542
3585746446
3300795918
3300486734
3304652543
3313032939
3346570985
3338180344
3602617304
3602616792
3619270744
3619270776
3581522025
3577319533
3577319535
3577476318
3577410766
3577374174
2002419686
1994096614
1996062710
1996060102
1450796486
1450926534
1446736342
1444639206
3596177894
3596436967
3588087668
3571449460
3567254068
3566991892
3566853636
3566850564
3585626676
3539477029
3531088166
3526897766
3526885614
1362627758
1345980574
1346254990
285097870
280888974
78971598
78909967
76558879
76572205
79720237
205647663
205713167
205713358
256034702
173261726
181519294
1255248318
1255256511
1254334909
1254335997
3393234284
3661672236
3687884332
3755057724
2677187080
2681377288
3217064488
3141571176
3137401384
3137402408
3137429033
3105037610
3176271162
3178628122
3178693658
3177663514
3211648091
3194803291
4268282201
4276666441
4276736073
4272648394
4293468394
4100464810
4096404650
4096399530
1882851722
1887326090
1911447435
1945950088
1945944968
1409057208
1367118248
1349821416
1349953400
3496388140
3505298989
3505311277
3522154015
3547135774
3530417942
2532238614
2532241430
2548990006
2515107879
3053289767
2516493079
2512298503
2516297222
2541283062
2452119462
2452098470
2452294822
2452229286
3530232998
3538624663
3538559109
3534381252
3555352580
3505087252
3504991780
3504896548
1349016100
1349200405
1349127750
1349125574
1349320854
1349259430
1349791910
1362108582
1431314934
1430287126
1438663175
80798213
80799237
215082509
215119373
1288848909
1284656655
1284722207
1305529198
1607522794
1582366138
1581579418
1577366682
1577357450
1577373851
1577427371
1577427369
1566016492
4241654380
4241658428
4241729052
3721439772
2647697964
2588981801
2588989993
2589314619
2589378363
2598289723
2596257835
2578989099
2562211887
2562220318
2566595343
2558403391
2554282863
2554088559
3627403375
4179019853
4279691341
4267092045
1591707853
1585153165
1446768781
1446633628
3594014892
3593098156
3614077612
3585762980
3585730228
3619219188
3617120852
2547819012
2522657301
2524820279
3011359527
2976814374
2976570646
2959788358
3026831830
3022572454
3023630270
3040505758
4151993758
4143534270
4076617918
4071375086
4075557110
4067369206
4063174902
3527287031
1396580607
1367216605
1357841100
1353650892
1353659101
1353545309
1353274911
1357436442
1357436442
1349047834
1344929370
1898823258
1898954459
1898815480
1936493944
4092364056
3807155464
3798839560
3794641688
3811418920
3777946152
3765367336
2691584552
2758694440
2758630952
2766753320
2766719800
2766719864
2783500888
2817054280
2800276187
2817127130
2808869610
2770989806
2770891438
2754114990
2758309038
2892520630
2901170358
2917981366
2919160966
2952723654
2950603974
2950669799
2944250229
2944185684
2944251220
2939680116
2939616612
2922905060
2922905060
2943876596
2941704149
2916505557
2916447191
2918478182
2918453606
2918454310
2943620134
2944341078
2952670662
2952671175
2948497047
3183431351
3187492503
3168589703
3160204679
3160204535
2893911159
2894050583
2893997317
2909267733
2905073460
2938500900
2922895156
2923415317
2927515413
2927579959
2952606567
2952532326
3187410406
3179025654
3162447062
3162381510
3170778438
3166666071
3183277943
3183277943
3216811863
3187451717
3176965461
3172828517
2904522869
2904461397
2906038341
2906055764
2939610340
2940206309
2944392677
2944225253
2952089333
2952222423
2952230471
2952754774
2951509862
2943104870
2944153079
2952734151
3221120455
3216930759
3217016823
2952644327
2916931558
2908549110
2891771222
2891316310
2757188822
3828817111
3845533063
3845533061
1731599797
1668418981
1676871077
1672549813
1907430549
833626311
816865479
1889575173
1893769493
1893766965
1893830199
1642236423
3814894086
3793988102
3860957718
3861090070
2787544870
2787554606
2792793391
2801189676
2818032492
2809516860
2771710748
2771705660
2771712300
2775902252
2775607405
2773567743
2807434446
2815820942
2815832470
2782340006
2784440998
2759131874
3027505874
3027509826
3035899670
3031721238
3048733958
3082222855
3082200325
3065423621
3069480764
3061616428
2788986668
2804714792
2771303704
2771303432
2771297304
2771361832
2771185960
2771374653
2775499310
2783921774
2917930734
2910590950
2906396150
2906395862
2905486534
2834179286
2829991142
2830064887
2846808516
2864642500
2864688452
2868686148
2856101668
2854004516
2853999405
2870933294
2869880686
2869847918
2836299758
2840530926
2848722910
2878156750
2878285791
2878281725
2879128541
3143369549
3105629519
3105762687
2573084911
2577283311
2577275071
2577275023
2308913295
2308185485
2379482525
2366903725
2366910893
2369016253
2373308861
2415124948
2410914244
2414911860
2414916908
2406780716
2405796668
2405935900
2674305597
2674309933
2674298669
2540602655
2550104350
3085672478
3077550446
3040712046
3040857582
3040791462
3040795574
2776559543
2780293013
2778003349
2811557789
2807347165
2803146239
2805447983
2771839278
2770790702
2770857262
2808217406
2817750814
2817672831
2784167677
2775585461
2754622389
2754613653
2754806165
2757887125
2766281941
4122163223
4138821655
4138854407
4138855686
4138902790
4143100166
3017244934
2958393719
2953282943
2953235967
2954297343
2956390253
2767712045
2763323181
2780091197
3082052445
3086246781
3042194285
3155428205
3155494773
3155629415
3155635239
3101113383
3099008023
3099524166
3149835590
3133124423
4210656967
4195976901
4195918837
4194869733
4194885871
4194840815
4212786411
3105754346
3151894890
3953007482
4204600138
4204538698
4220266314
3687395658
3653832990
3636990254
2287548206
2287546166
2354655014
3428392806
3436844950
3449436037
3482985348
3483006852
3483158420
2278346660
2265221540
2231667172
2215807268
2215816449
2222106433
2230362883
2245042979
2270204711
2252767527
2262204757
2262221061
2281107765
2205447461
2167670061
2150961021
3225303439
3227396495
3302889886
3319728286
1205275806
1448432014
1446302095
1446035935
1462801213
1562485309
1545658925
1549854255
1549856559
1549856559
1550939503
1557348847
3716333983
3750134159
3750138271
3750072767
3720658927
3713313647
3711216191
3711347214
3743873550
3609616206
3592619982
3592618446
3597795838
3599905263
3616743469
3616608557
3618636093
2280654105
2205170969
2171693323
2167630106
2152921370
2161364250
2156250570
2156185034
2156709258
2160887291
2153613291
2237576943
2273224413
2262214285
2530649733
2530588596
2524222884
3073676708
3040187812
3037901200
2752684496
3826426228
3843268900
3845382453
3845382935
3844236086
3831718694
3831715110
3839970606
3839937854
3841312798
3841296399
3858217289
3866623305
3866547657
3862381001
3861185499
3861320683
3882300138
3848745706
3840225902
3836023342
3835954991
4105442591
4105446415
1421091853
1419518989
1436353805
1100941261
1100679119
1088096159
1079600559
1077536175
1077470383
1077535887
1098899591
1098301575
1131839623
66290151
65118503
65069863
308373287
375483959
375483255
375614455
375868917
1449346517
1450426821
1584644421
1584501045
1592832805
1592828709
1609605925
1576067887
1550968111
1548942639
1489172719
1489197311
1489193167
1489456591
1506102607
1497847583
1532388894
1599501838
3730265630
3738527486
3738462126
3738465710
3729020350
3737416126
3737186735
3732988325
3749966316
3615674668
3623076157
3311517981
3290517791
3290948895
3290885434
3291928874
3562523450
3570912075
3565522889
3582300105
3587475336
3613165496
3544037288
3527340988
3527340989
3531502493
3531503039
3531417007
3531416741
1396516021
1932865685
1899442421
1903391029
1902207797
1910530869
836789015
836822839
828436262
811859814
812834294
810732950
290573719
323011799
307282965
307249173
309551125
309518605
846391071
871558703
837986878
819125006
1355991374
1373030606
1397015759
1380237484
1376002220
1380196524
3536265644
3532018404
3548792548
3499542212
3501649604
2158489285
2162473686
2221202146
2221006562
3290529458
3311495090
3579928994
2515591330
2498810082
2490406006
3023084566
3039930630
4147226887
4147357957
4017270021
4017274117
4017263893
3979579431
3977351271
3977348199
3843278054
3845309670
3845281254
3849541078
4017305543
4017170375
4017303287
4025556709
4025551461
3987741557
3987746581
3987810053
3989926660
3989861124
3973116692
3963642196
3959447892
3892340052
3896606069
3900890465
3900890211
3969047570
3969113090
3964785666
3979576322
4013080850
4013093459
4010955475
3876655827
3876595382
3880791718
3855691430
3885043623
3887140279
4155573703
4155848007
4143277127
4143277271
1995531495
1918057719
1918047446
1913716950
1996685799
1967285223
616817191
612409917
612412933
616605957
608217109
604088343
1728219143
1711702023
1711702215
1845903751
1846952615
1851138727
1855207079
4002684647
4019465927
4019463887
4019465679
3885448367
1737821351
1740901525
1732523141
1996497029
889336757
885154533
880992805
1687205393
1689299459
1626385155
1617996034
1882307842
1932690691
1980924355
1980907907
1980892561
1983004065
1995517857
1722821537
3870310309
4153421701
4153436039
4157662663
4124095831
4115707159
4117800199
3857818887
3857949959
3857954615
3841169191
3832651559
3828588325
2754776869
2754792741
2753743927
2770557975
3845354582
3883078854
3883087062
4025623974
4006747814
4006809271
1857228439
4021370517
3987744405
3985646532
4241499076
4107329860
4098930432
4233144064
4241532672
4239503105
4239572227
3971128595
3836910642
3849423906
4113925154
4113024050
3844522098
3844477426
3844485523
3777435027
3764850609
3790933665
3786489504
3820170960
4071843392
4071711232
4071944773
4076134885
4076135591
4073995430
1918175382
1912933526
1980173494
1996633574
1976705574
1687413286
1689301523
1823516163
1827712771
1817487633
1812249617
1862697987
1845919939
1845924227
3993424787
3993392035
3993249443
4005838499
4001630887
4001700807
4002752967
4002752711
4002495733
1875971237
1834028181
2097223109
2097288149
2084713205
746676853
746627607
746628871
751876355
743487491
1813035011
1813026819
1846772807
1846706375
1846735047
1846682087
1846686439
1859327719
4002418343
4019199679
3985649295
3985647247
4258292687
4258394591
4124169165
4124111693
4258308873
4258374969
4124290089
4118001705
4101216313
3832776763
3832711194
3832711454
3828584206
3828586254
3828593166
3845297022
3878933487
3862131173
3861078517
3861065956
3873636844
3869312492
3886089580
3853526284
3840943881
4096795913
1949508879
1949435199
1425213230
1420887870
1421154062
1421153550
78984454
79115526
100095302
132629830
132481990
133006294
133018295
133145271
133149621
1198502837
1198502837
1198503413
1199418869
1199422965
1333050855
1316269479
1584768503
1584764374
1584890182
1593278742
1584910631
1584783399
1511284773
2064932901
2064986149
2030383405
2034574717
2035101533
2043489231
2043624399
2077171663
1539770335
1522862079
1522889711
1539666943
1539601245
1497687005
1480910845
1481111021
1481022893
1497815477
1497880965
1497758597
1497661057
1497839281
1497772705
1497502433
1506953187
1540478323
1515453777
1515436289
3658718465
3725827857
3729833761
3738222113
3738218083
3738234611
2664562355
2659441313
2660424096
2677266848
2677066212
2540719924
2535460357
2535468559
2501914190
2514694110
2510437542
2493727910
2493564070
2497744022
2486279303
3023153220
3039012868
3038947588
4112689668
3856837136
3856834067
2774963762
2770572834
2754643810
2754643426
2754724195
2754756963
2770539205
2770412229
3877840517
3881970349
3890416303
3886025134
3886287038
3852744894
3852745870
4121371791
4154581199
4158693453
4150370332
4150435861
4116885765
4125274901
4108498743
3840057126
3831732518
3827402790
3828451366
3962735670
3979531286
4013092870
4010959047
3862049223
3862037141
3883009701
3891465893
3887074981
3853520548
3853531077
3853541701
4126171141
4126172183
1978756134
1970420854
1997737174
1997604342
1980892150
2001863286
2106749494
1821438518
1821419063
1821682453
1825876229
1816438791
1829087239
1778816007
1778811079
1778827653
1778795173
3926353573
3938741988
3934535396
3934590916
4001707460
4001637765
4001654183
4157027751
1967592886
1946621318
1946628482
1946555318
1958884326
1955680806
1689310743
1688250883
1960880899
1952491779
1952692483
1999801671
1980941767
1980907911
2115113367
2115122085
1859330981
1854941157
3884982245
4155518917
4126174533
4117818695
4151426327
4149452055
4157773575
3889411847
3853629239
3853629223
3841037607
3832651045
3828583717
3826485541
3828517157
3828538405
3845389349
3844305975
3882045527
3881963735
3883012535
4017231783
4025683623
3891334821
3887140533
3887077077
3887081157
3857720133
3849347909
4097008391
4101207831
4107499286
4105303350
4105434422
4105434390
4105360643
4101489923
4096183555
4096183601
4096152865
4096210193
4096197953
1969684931
1474757043
1474630051
1453666722
1453789570
3601273219
3602347907
3606407091
3606343587
1456500647
1456565655
1448295815
1448283527
1448151031
1582576485
1599398693
2094309669
2096406817
1819587617
1817488433
1813294097
1812245505
1862697985
1778810945
1778827715
1778794994
1778865058
3930333858
3934529186
3951302562
4253300610
4253298054
4253379974
4253440437
4253419956
4291168644
4267117956
2119239044
2121363892
2138137060
2104549669
2087777575
1815149879
741402935
741402935
758184199
775113991
775045574
772948359
772985255
1859167143
1854973605
1870708389
1837152916
1820371588
1828760260
1829812804
1731460628
1730297381
1730297381
1730218533
1663043879
1675696167
597755943
664864791
664873991
664939535
664873999
665070599
665061383
627964279
627964279
627964279
627964279
627964279
627964279
627964279
627964279
627964279
627964279
627964279
627964279
627964279
627964279
627964279
627964279
627964279
627964279
627964279
627964279
627964279
627964279
627964279
627964279
627964279
627964279
627964279
627964279
627964279
627964279
762165623
762165623
762165750
762166710
644726206
644724150
644726198
644725942
1714273462
1714273462
1714273462
1714273463
4148100263
4118740903
4109266597
4105051845
4104990407
4109119175
4100208375
4100199399
4117041639
4125323575
4158910741
4158910733
4158715149
4158696717
4116752669
4100122895
4100127503
4101426014
4101361646
4099196842
4124885930
4158505450
4158448095
4160528477
4135428124
4134253628
4150897708
4146637860
4146986004
4117683524
4117679572
4117121013
3043444645
2775937975
2776069014
3856094198
3855668070
3836801830
3974161174
3974164758
3961581846
3961573654
3961770255
3961714461
4015193660
4006796860
4006828557
3998318157
3998509005
3998491103
3998494910
4285857946
3841327258
4109763771
4109790655
4109856189
4109658077
4109657037
1978933580
1970549020
1969492285
1952919853
4100333869
4108807981
4108679725
4105030159
4037859919
3590101711
3606875087
3598026703
3598042062
4134912478
3060257262
3068584430
3068584430
3068518894
3069490030
3195049854
3190857502
4264606990
4264616975
3996147743
3994230841
4128387177
4132569193
4149609721
4158000600
4124523481
4107631321
4107663945
4103577097
4105541129
4105474571
4126446091
4151611995
4130845421
4128699373
4144394671
4144439727
3037082031
3025536239
3036021982
4105575758
4238683406
3701746974
3567529758
3584311166
3588503551
3580172189
1467303832
1462880152
1443939736
1980798360
1979753945
1979755581
1997581359
2001839151
1970451511
4118000695
4101080087
4101144855
4115825431
4115846131
4149408755
3084048371
3084376051
3050691939
3050626403
3052731683
3077893939
3061313043
3061315089
3061314065
3061183249
3061174608
3061305680
3078020548
3044985284
3044985236
3044924837
3044863397
3044827557
3076288991
3076280783
3045024735
3028182782
3036577390
3032337198
3032271150
3032276254
3036472398
3028149326
3040276703
4113977599
4151722471
4151788007
4151644647
4151584767
4151650253
4160057309
4126662397
4160216733
4160052877
4151596685
4151366301
4159828719
4159955563
4159828778
4150292782
4112540990
4112540735
4112675871
4117914639
4117902413
4126280925
4124134621
4157634717
4157630623
4157992351
4258790815
4258715103
4260791255
4260856599
4260664101
4259623461
4259620388
4251312693
4251443765
4180767271
3106935334
3104838182
3104847206
3116375270
3112176870
3112389783
3179543693
3183733965
2646863300
2646801732
2680354053
2681393461
2681586471
2681500455
2675729254
2675921766
2675852774
2642363894
2642363862
2673825230
2673831118
2673732814
3613256958
3613261054
3621770718
3084878175
3051323677
3051328285
3025531452
3027559980
3027560236
3025530732
3025624572
3021344140
3038121357
3042383261
3084326311
3080525222
3080459686
3048482230
2499028374
2490709458
3560400706
3559270162
3563534131
3571726131
3588515635
3601294611
3601233155
3739665667
3740781843
3732180279
3730086182
3730086262
3729103062
3729173654
3737576582
3729220758
1598502102
1560745079
1545477413
1549666852
2097023524
1018108452
1022111284
1013719572
1013720580
1026295556
1026305828
1038880549
627964279
627964279
627964279
627964279
627964279
627964279
627964279
627964279
627964279
627964279
627964279
627964279
627964279
627964279
627964279
627964279
627964279
627964279
627964279
627964279
627964279
627964279
