1358699583
1356598303
1372392455
1397687637
1380926965
1376768949
1376227989
1376227989
1912640421
1916834727
1925231015
1925293463
1648534670
1644342495
3791894655
3791886383
3875715117
3842156845
3826690349
3830894396
3763783196
3759489821
3759952765
3760005991
3760010215
3780969447
3813475054
3812967006
3787739658
3787775499
3771006475
3770739227
3762350619
3762347547
3779120651
3774895627
3758364378
3762554874
3762560490
3762633194
3779541226
2714712314
2744072411
2995731483
2995728393
2458787849
2190352395
2190352399
2190221615
2206992174
2206993262
2207013734
2211207542
2211281238
2211281270
2177857910
2169469302
2170518358
2170518358
2172484422
2172484439
2172484439
2172516695
2172516727
2171451895
2171451863
2171451863
2205006293
2205006261
2205006260
2205006004
2205137044
2200959124
2168453268
2170223028
2202729972
2202726372
2203771876
2203841508
2198451164
2202644940
2202636748
2202636792
2198714344
2433592297
2434046697
2434177739
3575032522
4116101770
4157910682
4149520298
4279558570
4279550378
3172877802
2889766378
2893997418
2902451513
2901275400
3187536392
4286378504
4286378509
4212920885
4162662951
4162789666
4166918178
3638431778
3633971218
3633971270
3650760902
3671745670
3671780742
3669596550
3669526942
3673733551
3673730475
3732448491
3715731963
3699085817
4235957113
4235899753
4235965416
4231590888
4231591912
4246237180
4246416284
4279909260
3613007757
3613263295
3623158191
3602120878
1454457086
1454436606
1454433310
1458611206
1446226950
371366914
388142082
354587651
338067459
338083843
472825875
476987411
409928755
405740849
410992433
410859041
419247648
415052320
412692992
412624384
429401600
467171168
450488177
450456897
449412417
440932689
436746609
436808049
441002341
441007973
986255973
986260053
986260037
981996149
982000231
983048807
733494895
703073143
627964279
627964279
627964279
627964279
627964279
627964279
627964279
627964279
627964279
627964279
627964279
627964279
627964279
627964279
627964279
627964279
627964279
627964279
627964279
627964279
627964279
627964279
627964279
627964279
627964279
627964279
627964279
627964279
627964279
627964279
627964279
627964279
627964279
627964279
627964279
627964279
627964279
627964279
896398711
359526775
91091319
74314103
74314103
74314103
74314111
74315135
74317183
74316159
74316159
74382671
74382671
91157839
91026815
74315135
74249599
74248574
74445278
74363350
82818006
82686966
32355318
28226294
28226294
61863670
61732854
1122893814
1122893302
1122991606
1118795254
1135572214
1135440082
1135374578
1135440098
1140842978
1115681251
1111486963
1128255955
1128133619
1098707939
1081930209
1090319841
1107164661
1107229013
1139734853
3262052615
3257886983
3257761558
3257743126
3261862710
3271299878
3266851110
3264745762
3264893235
3264894403
3266999681
3288060305
3279541168
3245986736
3246248880
3224695712
3222335905
3222322597
3222321509
3222386999
3228674359
3304171799
3316886791
3315770631
3315762117
3320022709
3290924709
3291930277
1144422036
1143094928
1428236192
1444950432
1981809056
908071124
908075284
643835188
643837220
577776933
577777957
586231847
584257591
595660831
629162011
885059867
885108027
1019316539
1019251067
1019316699
944212811
944151051
939963915
956740107
721854991
721855023
956801638
2034541158
2017764066
2013573858
2013591266
2030319330
2064070642
2051423638
2055608502
2055604389
1518733476
1518409908
1522545796
167772292
150995076
134226324
138420641
142631331
142631331
209904003
214086019
205689219
205689282
72529218
74684690
14784818
14727458
44153106
44218818
44227457
44173184
48562832
35652256
35656608
36708704
36708641
40906019
48246034
60893442
27420930
1088583938
1088572690
1089750306
1087128354
1082934178
1082934178
3229930403
3229933489
3230120880
3230054896
3226909168
3222710737
3275140545
3329402307
3329660803
3329656707
3324415410
1176943027
1176959105
1176647808
1193360544
1461724576
354494432
892474080
896541296
904930868
634400308
667954996
651181877
641744181
641760549
658529575
667016487
767679798
750900534
750880022
750882070
683773718
683903510
683911686
683911686
1749199366
1749200402
1745008146
1745073778
3892422242
3892428515
3892574945
3892501216
2818726624
2835483104
2856454368
3133279424
3129082945
3129094210
2592157938
2592084130
2659197090
3749784994
3699509666
3565357219
3297774721
3304063104
1141899392
1142157440
1142075776
1144169729
1144039683
1147185426
1151449362
1151514882
3567425795
3336739075
2262992643
2262991362
2254619186
2264011298
2255561250
2188386850
2196775714
2191525158
2191788071
2209089597
3249276940
3245086796
1093540044
1128142028
1125790092
1124823436
17322415
840622
5026726
13416358
8698774
8764374
8894855
1099344261
1132899460
1200006276
1196864644
1293385908
219403428
471000500
470965588
940728101
961556005
982525477
982524437
982524679
985740055
977277735
994058599
960507751
968899374
965163822
965091134
461780231
445083974
440717814
1258603006
1259139470
1225646478
134604222
214202798
1283815854
1283881406
1300650383
1300635021
1200816524
1206911372
1194345436
1160921452
1147232556
1147151661
207629605
207646005
207813908
207813892
208854292
204592400
219395328
252876032
240289040
248747313
114406705
114406673
106140723
1179816995
1179825203
1196618771
1095949635
1079152467
1079496675
1075105507
1360031475
1396729587
323012451
314688803
1405257009
1933811777
1895931973
1610720309
1610716452
1615171428
1623494261
3762601501
3758407229
3758392893
3758523957
3758547495
3759596071
2687853350
2759067494
2766407158
2766478486
2766547078
2779129990
3869644931
3869641859
4003595649
4003672961
4292879281
2087723937
2087725025
2020617699
2024876147
2075273219
983710723
983696387
987825155
979431731
980477217
978380064
977315108
725718308
692297012
692174100
692108052
700562196
700553525
1774427447
1765973031
1761776678
3909260326
3909327974
3909336182
3909337046
3909262070
3909263014
2869092006
2936458918
2936360614
2809400999
2774796199
2782922165
2783135125
2783141269
2778955221
2778852629
2813389077
2813388821
2813455383
2817780759
2742146071
2737914935
2704475439
2704409967
2704412655
3782610942
3790015486
3785689470
1638144350
1639197966
1637623055
1620845829
1623737605
1623770436
1615574388
1615439860
1615441620
1640738516
1674226389
1657728455
1657732343
1716374695
1711623335
1711606967
1711738261
1711738549
1715670692
1736646308
1870749348
1871828692
1838284356
3985747524
3981487680
3981487697
3981491937
4014071523
4014168034
4014151654
4014088166
4283572198
4250024418
4258470387
4258273361
2112894979
1557145603
1557145602
1280522258
1280456722
202586130
206649394
206781490
213007378
212999170
78777346
83299330
92081219
20563393
87667153
120172945
124359057
107844017
107844019
107853235
1450162609
1450162577
1987033489
1988082609
4135430832
3862210272
3862209124
3862209060
2788667948
2771886629
2754672421
2758860069
2758854951
2759317831
2758207687
2758208706
2816984210
2800075954
2795881954
2800080226
2926048547
2921817907
3928434455
3928434455
3928307510
1801723174
1768168742
1759779886
1755585582
1755778110
680926222
679816455
679750919
679750983
948203463
952432006
944223623
960937351
994491799
440843703
449297911
449183223
449049943
163771203
138670451
138498403
134222305
138416609
138491361
147207633
210124224
210124224
210115969
76959105
100126083
58033555
37066162
37070226
36808066
40998354
49403155
32634659
15854883
7466275
7597363
6487315
23514370
40355586
48613138
49103666
49103666
49107234
49279010
1115677730
1115597875
1113232595
1130071489
64586129
29995153
131965073
123712689
119512241
1192728817
1192736995
1461168611
1461039075
1951772387
4107380435
4107515521
3841164933
3832776340
3826353828
3826295460
2752553892
2752570340
2685522404
2691811300
2691942252
2690907981
2690902879
2774591806
2816530734
2799814974
2799881486
2925679886
2925666574
2854297918
3944821038
3915452718
3899724079
3908047207
3903848807
1756364839
1756434549
1754346565
1753295937
947923137
952134083
943975875
939720131
419847618
436688338
436409842
440548722
448929042
444728594
444662578
176173858
192946530
146809314
138424802
138424738
146881954
142753170
209861507
210124673
210132929
80138176
81250240
24479696
52793808
36020689
35889617
35885907
41124627
57774899
7468323
7464227
7859235
7858227
58186003
41404691
49794306
50185474
49103122
49102898
49115426
49176866
49996067
1138488291
1096401841
1078494097
4756400
4760480
5023137
1074576801
1141225907
1158134227
1464314066
1598400754
1598139618
1564665298
1548941250
1557316547
1557283477
2026981029
2026956452
2018569892
2034298540
2034302957
2067819871
2034263311
2034263070
2014523454
2014515262
2018849854
2027367743
2022075197
1770453565
1803721341
1787010645
3938490181
3930097093
3925913797
3925909981
3925979629
3993219821
2919413485
2936192749
2948774637
2811398893
2811464685
2779811325
2716894669
2737873357
2735858125
2735993343
2771579887
2754770799
2759007599
3840084471
3974302150
3974180294
3965789638
3982701046
4024631798
4007854550
1856176510
1805717846
1806707982
1773152526
1771071759
684780303
692123933
692247837
725799949
725794829
1782759455
2051101054
2051039598
2067850606
2042754406
1489206758
1489075670
1488993730
1489059777
1283596016
1283596000
1300387536
1338168896
1338147776
1313046977
1582347505
3729894643
3725768850
3725760898
1444055426
1460849538
1460733650
1429222130
1416634978
1419846243
1956766496
1956676644
3835725856
3841230848
3828656128
3977685248
3860244736
3862070528
3862331649
3996549399
3996041702
3995562406
4024725922
3986709670
3969931430
3969939630
3992054206
3992185245
3981699980
3977374540
3910200076
3912264460
1797335869
1797466415
1797462318
1801652526
1810303790
1772555047
1772555063
1773472565
696261381
696265029
696265029
696266053
952123205
415334213
415364597
406975988
155316644
163705012
163836052
163836053
138671237
138640513
138493139
138623315
138557698
138559234
146947842
146939650
214112002
214308610
1149650178
1167475970
1136084242
1136510323
1136510305
1119737313
1134400945
1134409137
1133360544
1099806112
1105051040
1130151329
1111342513
1110816947
1110947923
37140483
37207043
37088275
35480627
35463219
35524897
39715633
46793297
63570625
64557713
31052433
100266897
100530065
82821009
73898385
73898385
73898387
73775571
73902163
1416080403
1416080659
1952955953
1952955937
3827809841
3827670545
3844443665
3878000161
3877938977
3877938531
2804204643
2804728931
3878538471
3849313511
3848665447
3848665463
3848763765
3982981469
3949410780
3949411804
3949927900
3949928444
1810317052
1810317053
1772174078
1772173950
1773157182
1804613950
729824270
729820174
729818126
696262670
968896782
415330655
415330686
146896382
147029502
147061246
147061206
147061190
147062214
147060162
146994498
142790979
142758211
142767425
146937155
147197250
1212616050
1279679826
1288066370
1166427458
1136477522
1136476530
1135460722
3267220833
3284006384
1136440816
1134345648
1105051056
1105051056
1096662448
1127595440
1110818209
36945075
34845779
34845715
34730003
33677363
33644593
33711153
38159633
38143761
63834049
30361233
13456017
5108657
5043107
5043107
5044131
5109747
5109235
5104115
4579795
13066627
13005702
9324166
1083066038
1082482350
1083539134
1083535054
1085763535
1085636447
3236197743
3236197743
3227804015
3236172158
3253014878
3252826974
1102198590
1102462782
1135020863
1122310461
1113930028
35925292
35926332
35918108
36438284
36442412
304902444
908870956
627964279
627964279
627964279
627964279
627964279
627964279
627964279
627964279
627964279
627964279
627964279
627964279
627964279
627964279
627964279
627964279
627964279
627964279
627964279
627964279
627964279
627964279
627964279
627964279
627964279
627964279
627964279
627964279
627964279
627964279
627964279
627964279
627964279
627964279
627964279
627964279
627964279
627964279
627964279
627964279
627964279
627964279
627964279
627964279
627964279
627964279
627964279
627964279
627964279
627964279
627964279
627964279
627964279
627947895
1030602103
1030602231
1030600119
1030599093
1030599092
2104342448
2104341937
2095429045
4234526644
4230069173
4234263477
3161635527
3186817750
2681367142
2664443430
2656306694
2656372230
2656507654
2659131686
2680098854
2679963686
2679984246
2646372437
2516345028
2490134724
2485961100
2486093500
2490287788
2498688748
2498684668
2489642716
2436165581
2453072335
3526814095
3526871183
3526876331
3530945707
3539759275
3606868107
3598700939
3580810123
3564032699
3572459182
3572262894
3572294638
3572294510
3572298543
3563377471
3563381533
3563382300
3563449884
3563580220
2489776956
2489764180
3580283204
2541129157
2524415189
2532684023
2532634743
3069571190
3060260902
3060195366
3077039462
3043481062
3026606018
3026339526
3026387655
3027325671
3035657957
3031461604
3048238948
2515544885
2549102853
2541174023
2540051463
2472940551
2481329175
2448364599
2448364599
2445088055
2442417527
2442426359
2173990902
2245284838
2236892134
2232764278
2216056662
2216060246
2236968279
2245295447
2245328343
2245393359
2277965775
2269568591
2202521181
2202331005
2202330413
2470764597
2445754421
2445754420
2430058597
2430072165
2421667301
2434240485
2433191829
3003485829
3003424453
4060135109
2986454749
3053694943
3053579774
3053809134
3053940206
3074827758
3084260862
3046507470
3046573006
3046401535
3046434285
3046434284
2513749500
2505393548
2488752012
2484271004
2484270757
2484295589
3023167461
3027299831
3027365319
4118015813
4151764737
3613840899
3613808387
3609548594
3743708450
4251258146
4251323490
3756135619
3756139971
3723702723
3723563473
3721467361
3721410529
3721408485
3721408245
3757076437
3757307349
3757233621
3748824149
3715269653
3698363701
2624630069
2624630576
2490478097
2499194385
2515973649
2513880625
2547500579
2522170915
2522175011
2453083683
2457143154
2465531122
2461275378
2528474290
2528498870
2526334134
2538914967
2501231815
3021379015
3023484679
3023480341
3023349285
3023351421
2773789533
2807344095
2806442479
3074878703
2807448823
2773893207
2706784351
2717274175
2717341039
2746604911
2746547055
2734029437
2726288973
2719995469
4078785093
4045165125
4045210149
4049417063
2986157414
2982096230
3080665446
3063744630
2531067910
2531138566
2547918086
2510169351
2241802535
2224836901
2358825253
2627245861
2644025205
2680732629
2655562197
2655563253
2652486885
2652538101
3206185157
3174727877
3174728901
3157980628
3157849572
2893604452
2902062693
2902185599
2902056654
2893606606
2889411198
2889482094
2906377702
2906473686
2944205015
2944217301
2944344309
2952733173
2919113191
3164025334
3164018038
3166637398
3166113094
3170336070
4234673990
4252362310
4286375494
4292667351
4292671461
4284278756
4250789876
4246624212
4282271637
4286464981
4269687255
4278141398
4278015222
4275860710
4275856486
4292732022
4292796759
4259248071
4259247815
4250719959
4250713831
4250709991
4284333943
3999186711
4007575303
3999186695
3998719285
3866465317
3862205476
2788463652
2788986916
2923352116
3996565612
3996533228
4017423276
3991340028
3974566621
3840358111
3840224990
3839897598
3839897518
3837073342
3837203358
3834979214
1838424970
1876173706
2136408971
2146897835
1995782507
1990469931
1990555659
1990486027
1994714121
375713801
392478745
359006265
476451129
477504041
477504041
351679017
351605295
82056767
82056735
82052637
98895645
99026703
98912007
98948375
132486423
124096791
124227863
241545527
241538423
375755893
375886933
375831621
371637461
371635445
371627255
371627263
925818095
925891821
892272108
1970208492
1961359100
1957140220
3836056284
3837113052
3833901821
2760155887
2915084015
2902501095
2902689510
2902628326
2902644070
2902580326
2936396854
2923854910
2923846686
2924350494
3999140895
4275969085
4275977565
4267588941
4267587535
4267652045
2119635933
2128020477
1452474877
1469384153
1473593165
1440033613
1565862669
1568096045
1568104239
1575310638
1566930270
1567060302
493310286
494391630
494924126
494924158
475920382
475889663
1549659039
1558047165
1558161837
2094906557
2094896527
4241850767
4241985951
4241994223
4107776367
4097877799
3021006631
3020972581
3037930029
2769424941
2773615149
2778007279
2912161787
2912172474
3985909946
4258543770
4258551946
4249902475
4114616719
1962947533
1997681276
1997681196
2001871652
2003837220
2003838001
2010326017
2010281027
2009322963
2009189878
1975552502
1438697926
1430309190
356645202
339896627
348285219
79838241
71447601
71438353
67309569
68292609
68301121
74642113
99795649
111251088
1185188560
1453628112
1457830548
1457827508
1449436860
1449435832
3592716969
3592733355
4146579370
4150717930
4125584618
4125582586
4125585610
3588710602
1474719946
1466380522
1465987311
1465984175
1466116287
1466116511
1432566686
1432494030
3303216846
3303080462
3298820638
3299087150
3299107630
3299107118
3299664174
3316556094
3350110527
2263716157
2255258876
2250803384
2250868888
2252249224
2520689032
2520689052
2537467340
2503907277
2503459663
2503463470
2506617390
2498228782
3052311335
3048125205
3081611124
3081547748
3077094316
3056126908
3072969612
4079626700
4046335437
4046329119
4029087790
4033085486
4041482286
4037357870
4038398286
1889304006
1351416198
1368181143
1372555687
1406050231
3553010565
3545670277
4118192853
4117934933
4117992244
4113800476
3845175612
3878726444
4012943917
4013140589
3996311245
3996271247
3994223262
4010869422
2941260206
2911908006
2897294566
2897421382
2897241094
3164626950
3164626950
3181539358
3181793565
3215343961
3219934712
3211528696
3207346616
4281149864
4281235880
4285430168
4293227912
4293136840
2112111048
1550016876
1415733548
1415734052
1415722544
1415591424
1415587392
1432499793
1449268946
1450315730
1458703826
1190333906
1189091570
1205872754
1172319314
1155542034
1156594706
1156599090
1152437538
1152620834
1169337104
1202892544
1202896400
1198556768
1175488224
1174444000
1443014096
1459792961
1459797075
1430375539
1430511075
1431457763
1431456483
1433623265
1433500401
1475410881
1475475907
1475513795
1441961154
1441964114
3589513490
4117995794
4117869842
4113677618
4113676594
4151557409
3883056928
3881010976
3879962144
3842213460
3825448916
3829509620
3829444069
3829460199
3825269990
3825327350
3826441458
3826404594
1685212530
1685144866
1685091617
1685124401
1685319937
1735544897
3865202883
3865187458
3865253266
3865517730
3873906338
3873781410
3869520546
3869516534
2796299094
2796314894
3064750346
3081563403
3085756697
3077413209
3073349849
3056572633
3191840217
2927073241
2927072088
2934407736
2934150696
3220432424
3178358328
3157352985
3157336637
3161666095
3034776558
3030647214
3030647982
3030649006
3035367582
3043760270
2972612814
3005638863
3009834437
4083607493
4092982212
4092908436
4082418612
4082419620
4078225380
1929891620
1666645792
1668738864
1668611856
1668082961
1933372673
1916132611
1914064147
1913015794
1917209826
1648880867
1657137651
1669721553
1904738241
1892087744
1892087681
4032222081
4032223121
4032100261
4032102311
4040490983
3767835622
3851860838
2778184503
2813701399
2817893639
2787483655
2787631127
3861311509
3878047797
3878043941
3882226981
3874627373
3874556205
3874490687
1995470879
1987275855
1986196687
1986249103
2002993551
1902264719
1910658477
1893957551
1893805735
1885417143
4033035990
4032913110
3772841590
3772835686
3769672998
3786450230
3786446087
3767567639
3771971377
3763513120
3763582752
3759376160
3776040225
3809533281
3792756065
3791902833
3791837265
3812817173
1631836469
1631706421
1615158549
1615163669
1615680263
1632440599
1632186663
1632186734
1674130798
3821612543
3884674015
3884673935
3884940175
3851242383
3854845839
3854844811
3049616335
3046253567
3046253549
3046319085
3046118373
3050312693
2488345549
2488410445
2488414477
2488409357
2488358973
2488334701
2488396157
2549279695
2532564939
2661401290
3735077598
3739337710
2665607662
2665537775
2683363559
3178276071
3212029173
3071446213
3054668999
3054695879
4128432979
4149473830
4124140070
4107298598
3840962343
3832568615
3832629543
3761359127
3776182551
3814193415
1665518855
1657046023
1657634831
1666027613
1661768805
1661793381
1628300517
3759074789
3759071205
3763259045
3771713269
3787773653
3888432852
3888437140
3888641940
2814535669
2814519285
3049465781
3175163831
3159566263
3159571879
4243786151
4239460791
4239408007
4243599239
4252053381
3614664647
3597812183
3597816258
3614699730
1467011170
3622888546
3622888483
4159808787
4159877381
4159870212
4143093012
4134765876
4134636853
4150304053
3882131319
3844448254
3827812350
3827746494
3827716798
3828839102
3828446190
3831591791
3848360253
3890242873
3890244889
3890244889
3873697049
3873701147
3874741627
3874538971
1727022555
1735411099
1735595419
1735533979
1701979547
1701979583
1710364078
1710297598
1739665886
2008052062
4155536666
4159726874
4126205210
4252103962
4260533562
4256601386
4256666922
4256998715
3216813336
4293700888
3999841592
3995634712
3995763736
4013605992
4013872360
3982415084
3965605117
3965615325
3965072855
3965130711
3965130487
4241949302
4241822326
4254409302
4254425687
4258619991
4258559813
4283825925
4283957005
4283955996
4283948860
4292140860
4283749660
4250194189
3981754397
3965177967
3965121775
3964075246
2890333430
3964075478
3980785622
3980776135
3980903111
3980903125
2908214116
2908091748
2941545572
2941545589
2941593717
4015467639
4023784823
3990225750
4258660934
4241822302
4241761150
4258537838
4250149370
2144679370
2143690058
2143750987
2105805321
2110003720
2035314440
2035416328
2069071112
2069071129
2060554555
2059444538
2051121530
1795404282
1795265022
1761644970
1761661354
3909350827
3947031467
3955387049
3938671257
3938470537
3938483849
4005619593
4290830729
2143408600
2143506920
2135060844
2135126060
2132004892
4283691013
2102648847
2102584334
2085813518
2085800718
2093206078
2042681982
4223690622
4290798366
4283511054
4249878910
4233102190
4233171818
4173430510
4173425630
4169530318
4286962126
4291160271
4274382029
4266651853
4284432637
4250878444
4250751980
4233896685
4232847983
4258014782
4258037294
4259184430
4259315062
4259306566
3722431686
3722415303
3714026901
3747593652
3747589556
3732846036
3728659924
3728195920
3728167216
3732300064
3749077280
4294173728
4258395184
4283554832
4283620352
4283604225
4291989105
3218310897
3183515349
3175134935
3154159287
2885740199
2751655846
2755854310
2764263398
2765443046
2757052246
2775913302
3044356950
3044352454
3042255319
3050649077
3183810021
3180666324
3168026052
3168091332
3168238676
3185044764
2650203405
3220632845
3220561167
3195313502
3195383294
3191322110
3210200542
3210068382
3209753007
3209716207
3209717231
3176363389
3209854781
3178450725
3186839349
3184613207
3184587095
3184582999
3183534455
3175212375
3175347991
3208830775
3209091893
3217377557
4292103477
4283700277
4216795167
4216459583
4182905711
4182906606
4181802750
4190121919
4223675807
3753931917
3753923725
3712086149
3695374724
3703764885
3569538741
3569524453
4107509733
4101029733
4116758389
4133719301
4129459973
3861024517
3862011701
3861952036
3861964332
3860062781
2786227007
2790409071
2815492590
2814378478
2910847326
3179487566
3180471374
3180817534
3180715135
4254451805
4258646093
4233624013
4233559493
4229357509
4250322375
4283777207
4262752422
4262797478
4262863030
4267061399
4275524087
4292178535
4187252261
4170546701
4172409357
4172343820
2029021996
4182802221
4195382565
4195438901
4194750773
4198945125
4207399415
4190420949
4173703813
4173769349
4173761221
4173762245
4166354677
4250194917
3205554663
3188744679
2920363502
3998299566
4015070638
4023590334
4019658142
3986104270
3990306127
4174720271
4168363277
4168367165
2036415517
2036544543
2045908023
2077300006
2076185958
2076190070
2076390678
2076318998
2038635798
2038445335
2042914583
2026173239
2017579815
2017694565
2013368829
2017498589
1765850317
1765846223
1795397787
2063784075
2063784075
2063752414
2063750398
2067887598
2042656746
2038461167
2038560509
2038552157
2076284493
2067896132
4211324740
4211324244
4244878836
4248999924
4249016021
4249011909
4258514629
4283516661
4283447271
4285605351
4285627623
3220196582
3220295142
3216242006
3220432711
3186747143
3186943765
3178553637
3178623333
3178746229
3178680661
3178688853
3178689909
4285922407
4285856877
4285847661
4285848701
4250393935
4250334479
4250333967
4250391311
4250227007
4250236206
4250221870
4250286894
4191558478
4225120974
4225186510
4224007902
4223694846
3145782270
3145781759
3145773565
3117458301
3176182364
3171005004
3171071692
3204623948
3204579180
3204504941
3210005549
3218426941
3184935949
3187045453
3170772301
3162383823
3162380239
3179169790
3221177838
3203745262
3199523935
3203726415
3203787869
3195137308
3193038156
3209951180
3176354781
3159716847
3161805798
3161933798
3170258918
3036110294
3035655506
3052465490
3086017875
3075727681
3746816321
3742392640
3708891504
3708949856
3713140064
3704754032
3719433745
3719368261
1605376597
1609596791
2136010087
2047927399
2064901190
2063769798
2034413766
2034413782
2034365926
2013328870
2013292006
2013357558
2017687527
2042845157
4186134245
4186003189
4254170820
3721654212
3721526740
3712277860
3712343156
3712406532
3713451012
3713914132
3655132468
4194149680
4173245746
4173241634
4189424930
4193553506
4178871394
4211377362
4194492610
4194459842
1778524370
1778528759
1782776311
1799689189
1774466733
1753512620
1753602748
3901094540
4173654668
4249153421
4244957133
4279695055
4279681791
4283613934
4285744814
4294268846
4294211054
4260650478
4260642046
4260635871
4252312799
4252316895
4252442111
4252442607
4293992431
4293998335
4289734343
4289749703
4277265367
4276130149
4271931429
4271931445
4276196373
4284722453
4246972693
4247956245
4180843285
4180859669
4185324343
4185283895
4185328949
4185851159
4181529879
4180948279
4185138215
3914687527
3923113079
3956602199
3955533127
3955533637
3955277397
3938565749
3930308581
3930234861
3930312191
3930443231
3926228062
3943117854
4211487806
4178973998
4177397038
4173203247
4173139765
4170980949
4171001541
4174180292
4165857220
4182753220
4216298997
4216184167
4216192887
4216186743
4216322039
4216322039
4216182775
3109017061
3117336037
3117401525
3116718037
3116656597
4257507223
4257576631
4257698750
4258747310
4259271086
4250747311
3697100031
3697138783
4229822469
4231915525
4231915524
4164413700
4180057349
4184246021
4227236373
4225204789
4225036837
4198818613
1782898997
1799675943
1799738407
1766315047
1766186086
1766194414
1762520254
1796076702
1796068510
1779422622
1783625695
1783625471
1783494269
1784673853
3932091933
3932050975
3942598175
3942468991
3942468830
3959311566
4227730638
4185785550
4168417503
4164170239
2020942831
2029396847
4170647357
4170454845
4170458909
3632538911
3653526815
3646354717
3678848861
3653607391
3649355743
3649351637
3653613525
4191131637
3108930421
3108930423
3105588087
3105470183
3105482471
3088840439
3088744071
3155826309
4248766389
4252243109
4294182053
4290053303
4273340551
4288110790
4287914462
4292141422
4292210990
3746944062
2673202207
2505563199
2539051293
2539117341
2539126605
3084312541
3084306335
3080700351
3084767678
2547839398
2507436454
2503440294
2503374582
2503358166
3178706646
3186893430
3183223094
3182194743
2645311509
2632729653
2632737845
2624447548
2620388668
3628061980
3644781836
4183749900
4217304844
4225759036
4190926381
2035050029
2015179327
2015236623
2015233807
2015298831
2019495263
2027885951
2044683743
2078269902
2061300110
2061283743
2060235199
2060232110
2060234158
2119018926
2119104954
4262387162
4280239450
4146004298
4145942858
4149621626
4153749998
4153160174
4086051246
4086067646
4052603308
4052518316
3511453084
3508313548
3508514636
3508448772
1899933188
1932977668
1933035013
1932773173
4084372517
4122121253
4122139700
4107455492
4241611780
4233162036
3692047652
4229104948
3709284668
3722322215
2610823470
2610562030
2610497518
2612528558
2616745390
2604184974
2602149326
3676022222
3655049677
3654920012
3654924140
4246443892
4246376388
4282027460
3208359396
3208359140
3206216932
2937769828
3042887204
3034464789
3033989703
3033801414
4099678934
3028039078
2960921766
2969308326
2982086838
4089329799
4089326727
4072662407
3539330438
3606356950
3604259190
3597959486
3597960486
3593786406
3609521446
3576065334
3714475287
3706083093
3706078004
3702997588
3707180740
3572979396
3562040976
3557879712
3557877153
3573609648
3577860228
3619811524
3619877060
3620909317
3622995733
3514158629
3513047591
3513018934
3513219670
3546708990
3597094334
3597746622
2532397246
2532438238
2528239695
2527174687
2531308589
2523184173
2535758893
3072695356
3060178188
3060184588
4143362588
3203772973
3209995821
2941560615
2936378679
2902770999
2885997623
2886194551
2886096375
2890270647
2890272407
2898658966
2898409142
2898274214
2910876582
2911916470
2945537430
4023393670
4283444630
4283444406
4278267063
4283569311
4266788047
4266803405
4294165533
4288787757
4288787772
4255168268
4242585101
4230002189
4231189053
4245832239
4233573102
4233372646
4241827302
4258731198
4258665630
4258729118
4292283550
3737049293
3737053388
3736579276
3740579276
3732185964
3727991404
4248212029
4235629103
4234596910
4234534446
4234477422
4230019438
4231126238
4252228815
4283692173
4011057548
4011057564
4010006516
4015249124
4023572196
4023637604
4021409589
3891328277
3882921989
2943590405
2905845813
2905838645
2889274423
2893471543
2893446694
2901900838
2784300582
2809464566
2793144726
2793148598
3069968566
4155965606
4122349757
4105577612
4105645444
4101009348
3558894108
3558927133
3693145885
3743481101
4267887884
4276276996
4276289284
4277265972
4276199988
4288918069
4260528663
4185113143
4178625126
4178633574
3103842662
3103843431
3108198439
3116550167
3112355847
3179472901
3179789573
3184965445
3184980677
4250321605
3205939957
3206005667
3205879267
3205518562
3209712722
3209897042
4283638098
4266860918
4275249494
4275520982
4271326422
4271228150
4254397687
4237599973
4241794548
4233607108
4099331780
4097229380
4113744500
4147200548
4147130916
4130349356
4130350141
4151405693
4153636975
4271065327
4287843535
4287722702
2010202318
2010579326
1576415598
1560224047
1559044911
1551443767
1551449653
1559833109
1291332145
1291333153
209285633
226120193
226411073
259949504
1199473040
1467909296
1451210928
1451075761
1446881713
1451080625
4134901427
4134834855
4151632550
4151632558
4118078190
4117775206
4151407910
4158727206
4158727222
4158727190
4151522310
3614577670
3614594054
3715266310
3723657014
3719585303
3719585541
3723788037
3721852181
3721842965
3713515861
3713253701
3708928981
3696350181
3562139557
1439951781
1439886215
2010306951
2002111877
4128560533
4128567733
