1358699583
1356598287
1372523527
1380926837
1380963317
1376228245
1376227989
1913099189
1916834725
1916834727
1925226935
1656988823
1648536735
3791829215
3791886383
3875702829
3875711021
3842156845
3826691885
3830892348
3763847709
3760014109
3760026477
3760006119
3776779239
3780969447
3813474942
3787801102
3787740682
3771006475
3771001355
3762350619
3762354715
3762346507
3774959115
3775143451
3775143547
3779332987
3779402090
3813096555
3821485179
3801035899
2995728474
2995728458
2458853450
2190221386
2206991454
2207009662
2173491822
2173483886
2173548902
2177743206
2177743222
2169485654
2170534103
2172631239
2171582685
2473441436
3010312380
3010443452
3006183596
2737813692
3811293372
3812276460
3778738412
1631217900
1664755948
1664756093
595278687
561711647
567876157
567884349
630795837
633020991
633025054
749499086
749511310
766280334
1030338234
2133441214
2133441214
2120858559
4268341439
4276796591
4294620399
3212502239
3178943837
3040798335
3044996637
3084320285
3084373532
3084176220
3084163932
3084173148
3042295644
2773923676
2773979437
2773782571
2775879790
2775879790
3845452014
3828610302
3828540606
3828546718
3828538782
3832729487
3832762271
3857809374
3891275358
3882952222
3865125438
3865129598
3890221678
3051370222
3030394798
3031513014
2494764982
2494628743
2226131655
3299881799
3304071941
3303219469
3303219469
3303138589
3319838013
3353392445
3353458441
3353577225
3353576713
3353707897
3613691385
3609496827
4146436346
4146306554
4129471962
2787555162
2787550010
2787566394
2788614442
2789138730
2793398570
2799497515
2795032877
2795016492
2728104220
2744882524
3780955484
3775712332
3758905420
3758504044
1611020780
1611020780
1612062716
1624710804
1620383376
1619861136
1619795584
1888230016
1888230016
1368152704
1367800448
1434872448
1434872513
1301688003
1308040514
1306860658
1231301730
1227107554
1226910946
1226976402
1273109634
1268927618
1270074754
1269927298
1536203730
3683691362
3683691041
3683691040
4187008544
4245798448
4245790304
3172044512
3172191904
3172039328
3205511584
3218086049
4275112099
4291955891
4241628371
3570547795
1423125507
1420832002
1420832050
1420832226
1425145058
1449303170
1445102722
1445102786
1579320386
1579191346
1579198498
1580247074
1580263458
1584609330
1584535826
1588738871
1588731431
1588790821
1590703637
1322264069
1312909063
1329722694
1279499718
3426979286
3703803798
3703676822
3703684822
3699489494
3703683686
2629873255
3158617831
3171219175
3204740799
3037012927
3037148591
3025011887
3033466029
3029271724
3029275788
3034391692
3025954252
3028084060
3028067612
3035606812
3035545117
3035536958
3053296190
3078404670
2990407454
4064206606
4064167182
4064216446
3809808494
3780587758
3780587630
3763802222
3771012206
1623465086
1623211086
1623201870
1639975119
566233561
566434280
566378472
557989884
557924316
591429580
587218380
587210204
591477628
591608428
599996988
591469340
591403532
591399436
591469084
541276732
549661244
545401404
546773517
548678149
552339973
627964279
627964279
627964279
627964279
627964279
627964279
627964279
627964279
627964279
627964279
627964279
627964279
627964279
627964279
627964279
627964279
627964279
627964279
627964279
627964279
627964279
627964279
627964279
627964279
627964279
627964279
627964279
627964279
627964279
627964279
627964279
627964279
627964279
627964279
627964279
627964279
627964279
627964279
627964279
627964279
627964279
627964279
627964279
627964279
627964279
627964279
627964279
627947895
896384375
896382455
896382391
896381367
896381367
879605175
879607221
887995829
879605173
879605172
880390652
1950003661
1954197977
1954193899
1954057707
1961659386
4100561658
4234918618
4248500958
4248561358
4252885706
4286464859
4278079851
4273610793
4277805113
4277806088
3732616200
3730324584
3726142568
4229819640
4233029065
4237277129
4237137611
3968645098
3968644458
3968119914
3976499306
3976495226
3876045018
3875983866
3842929387
3842388717
3829859052
3838051036
3968082508
3968082444
3968083724
1837379357
1870736699
1854224698
4005891098
4274850826
4266460234
4199153867
4199174619
4182401529
4173980569
4169769881
4169770969
4169776633
3096231403
3096294891
2848830846
2870313310
2870444382
2870380030
3910589934
3910659566
3909478638
3913673982
3948377294
3948302542
1783775566
1783779646
1792217383
1792225583
1783701535
1779442703
1779442975
1783054191
3938850543
4203677419
4220323467
4186449545
4169723529
4237078217
4237146873
4237146857
4237082473
4233925931
4245995819
4279615547
4279631995
4245041515
1829708267
1816470507
1824985849
1820790473
1753569993
1770285899
2072307995
2055530762
2059790347
2047333387
975093771
974831643
974831659
974839849
978968681
726196729
692642201
676049289
1758115208
1754175400
1754046124
1753525932
1757800124
1749481356
1745016716
1744979869
1744918445
1765832619
1874884522
1874876410
1842364362
1833975562
1834057482
1701932602
1702096426
1710487354
1743901962
1743909130
1733423114
1733554206
1662111790
1660993774
1627701754
1627898330
1615252955
1623652665
1636231977
1636150057
1673915337
1732700105
1728533385
1728316299
1728316331
1728316331
1707159979
1736651183
1719873935
1719869903
1988305231
1992302623
1456480303
1447043119
1464148027
1170617627
1149636379
3298168331
3298707983
3300830990
3300763403
3454842187
3446441435
3480061339
3748038041
3744896409
3744904633
4281378217
4281378731
4281378475
4212381419
3914594026
3922781674
3922780538
3981500491
3977277515
3977408783
3981633327
3985833773
3851607853
3885027117
3872441613
3860128013
3860324621
1645666575
1645633839
1662320939
1615069547
1623458171
1623524683
1623661385
549923656
549923576
566700984
600255368
600126857
591659401
591397051
591397035
557920683
633565610
629404158
629334478
898883910
902882054
357622582
336818966
336737030
1413690134
1417875751
1418937645
1418906925
1418914076
1555212556
1601603852
1580566668
438601868
438668429
438681757
976433343
976363695
974267307
991044331
953348651
949023291
680567323
1754310171
1758505531
1757461311
3905132863
4219635775
4207056927
3124952075
3187807242
2652241946
2518024494
2547384878
2509640238
2495554095
2493264493
2493301357
2512159612
2545714252
2522645580
2451487820
2449910861
2449894495
2449947759
2449874159
2533758443
2487629547
3565560459
3565625995
3565429387
3565449866
3565995678
3301739967
3557661103
3557730733
1409722781
1409739661
1963388813
1979885453
1979949957
1711514005
1711387047
1711321447
1716565287
1743894071
1743885847
1667339829
1663283749
1663218237
3794989629
3795013933
3811578921
3811642409
3824552169
3784706219
3784718491
1636253066
1703159690
1690579850
1682256779
1950819243
1950819247
1959072253
1955008973
1418928525
1418798493
1150363071
1284515263
1284515215
1288725967
1276163407
1276294415
1282577671
1147373335
1155577639
1147249191
1147318791
1143112207
1193461455
1177699983
1181896095
1190382783
1185993967
1324376303
1315987519
1299210271
1148371231
1156764479
1156768303
83010111
1147253263
1142982159
1596166095
1580370847
2117241279
1982967231
1718661022
1718662814
1718649530
1647411962
1647485675
1646436975
1646453615
3793874989
3798220845
3806609453
3819175983
3791593567
3781042383
3781044127
3813609199
3821996781
3784182380
3767492108
3768348168
3769954056
3770154248
3786915080
3790927131
3809796394
1645010986
1661780074
1628291306
1611645162
1615774974
1624164447
1624168781
1619979229
550431389
591818381
637936525
1711608205
1711342015
637600175
574624175
1652569005
1652568749
1719673549
1720721997
1989157645
1993351449
1448091689
1460875304
1410479416
1154621193
1150421769
1085672201
1085726479
1152820495
1152681230
3450110154
3739517098
3739648170
3731263658
3728192730
4265059787
4264994779
2117267195
2066955947
2016487083
3895468715
3908051882
3903852970
3968881083
3985699033
3985678409
4018184216
4006718488
3998460184
3860052536
3859987000
3859995193
3864448554
3809952298
1661223802
1628193274
1611415802
1615675626
1624132718
1619941438
1619884318
567097678
575613391
571352463
571355277
575537293
583336364
579088812
595600300
595620540
595612301
599843725
599909261
860054493
822223197
805515544
339943736
1422075192
1418927401
1421035833
1421265163
1421252874
1555467018
1505069834
1525977050
2053408730
2049741210
2116915611
2116481209
1849090217
1846698153
1863541161
1816224681
1824646795
1824571035
1824570090
1821415978
1823517210
3990989066
4016307210
3995255818
3190161418
3191222334
3191218222
3203805486
2662741806
2662741550
3216443182
3199517486
2660548958
2526314959
2530509961
2522193064
2249701548
2249578652
2251622596
2251692116
2520136996
2536908324
2545295972
2543198869
2509726343
2224547462
2223804038
2227473810
3288631462
3557096614
3556830631
3558008247
4099074015
1959847935
1978724223
1966124863
1695596343
1695782167
1695781125
1611759877
1615953925
1641254967
1666366511
1645410615
1644361991
1644358423
1644358439
1648578349
1656832829
1656750413
1656759113
1648370537
1665466987
1623589611
1623590639
1686579119
1954817471
1954817419
1954813067
1417942155
1418145163
1418079625
1434871181
1283843549
1284563421
1282466588
1281483532
1277374988
1277300253
1281498925
1298282797
1340225839
1323437343
1324434766
1324368334
1322316190
1322295790
1321247087
1312858159
1296150591
1276284943
3427964173
3438447885
3300036365
3299970877
3572539117
3696271085
3708849821
4279338639
4262627007
4262635183
4264731310
3862143726
3878794078
3878129950
3877811518
3882003494
3873680422
3874595878
3874533654
3859919111
3791757573
3791778085
3791962405
3808772397
3813098861
3813606893
3788447231
3788455391
1674524122
1674393050
1670198746
1670198746
1670190538
3783620554
3783651291
3766874075
3771051993
3771051977
1640345417
1631960409
1631974681
1632096313
1661390891
1661923371
1661890667
1628263531
1631935595
1640446443
1640446447
1636240862
1673986510
1665999759
1665999759
1632576169
1632580265
1636647656
1619906296
1619844616
1619847688
1624042249
1611443467
1628355851
1661898043
3792145771
3859252587
3863380441
3863445833
3880112441
1812263209
1812214137
1813324281
1813390761
1817583019
1821772203
1771442107
1788220815
1788289421
2060722575
2069111135
2043961646
2022990638
2023056158
2092425742
2096559626
2094519818
2145242874
2120010426
2120088218
2119621531
2117586329
4130653624
4130652600
4134846904
4149277096
2010375080
4124238700
4126335261
4109553669
4125283335
3856710694
3890260006
3865094438
3866148718
3994126302
3993088975
1862377935
1828959263
1862454319
1845676079
1846790191
1850828847
1850828862
1850965022
1851151374
1851151646
1725875519
3871262591
3854287567
3837379277
3839423181
4099433165
4095287901
4095292013
4095555309
3025943277
3029601007
3028552111
3045329038
2525239439
2524980431
2253464015
2383557391
2385654319
2398249517
2410799653
2578506533
2559620357
3637808391
3625225543
3642001511
3675556071
1510386903
1510909127
2047779015
2047844551
1791799781
1808376741
1808377509
1808383653
1850326661
1846209415
1847254407
1847512215
1847411951
1851540591
1862008875
1862074427
1861033995
1877958921
1827563273
1828609565
1828604445
1828702751
1824382527
1824325167
1828517695
1820128542
1813902350
1813963791
1812882719
1829581103
1829507885
1833698157
1757938541
680096623
680125903
684256718
684239310
684239098
730577130
714773723
718979277
708497613
1799045321
1748959723
1748972139
1748975147
1761413674
1823820394
1823800906
3988055754
4004837067
4004824715
4000695963
3996645035
3996247465
3996153001
3996135593
3995078856
4016140376
3991068712
3987923240
3987927352
3988120332
1827987980
1819566605
2014589479
2013541926
2013534054
2018315366
1758415974
3918449718
4003367942
4003376134
4007570439
4269707015
4265512471
4263157503
4263045039
4263272878
4262207914
3997970602
4006477994
3867541934
3884335535
3852452191
3837776137
3976126729
3966741768
3962415928
3961825896
3961842408
1765034920
1762922376
1745880969
1745949321
1746018991
1758601966
1823675118
1823675230
1823679758
800140558
921708814
913319951
913389599
913389629
846535721
871694377
836174137
814023513
814498553
546095867
546080495
545558383
566532391
554014775
587570199
588231703
588231703
588165223
588157031
587890927
558596527
558600605
541823901
541831865
541832889
541834905
1615444617
1682815625
1691335609
1687070907
1704372447
1710664911
1731698895
1714794703
1712763135
1712779503
1712845031
1719005415
1735714023
1735781879
1744240119
1744228215
1709690679
1709506327
1701113111
1701111063
1697113399
1701240103
1735806311
1744244087
1744117110
1744124182
661989654
662120727
645864247
645859895
654252597
649928213
649926165
648881685
648820229
665591301
665586181
627964279
627964279
627964279
627964279
627964279
627964279
627964279
627964279
627964279
627964279
627964279
627964279
627964279
627964279
627964279
627964279
627947895
560838007
560838135
560837046
544059838
544059830
544061878
544061878
539867318
539867382
590198902
573422711
1646181447
1645130949
1649385701
1648869605
1661399205
3775295909
3825611687
3825677239
3829871350
1690773110
1686512214
1686578766
1687629390
1956064847
1977055821
2010467293
1992608237
1992579565
1984191693
1979973837
1981087821
1981682031
2131632943
2102272623
2093818607
2089558781
2089578205
2089319071
1573510043
1607199631
1607167438
1598972366
1298071566
1298071583
1291780143
1291788589
1291200317
3434487325
3434498573
3434465997
3317467791
3351023519
3333982142
3606614974
3598226350
3594105262
3594170798
4135301223
4129857575
4129858613
4147686405
4114540545
4030617617
4027974739
4048945619
4057334711
4052026023
4051972775
4051972783
4035711711
3498841691
3503046265
1373399897
1365010761
1394601289
1394595273
1394460105
1394443595
1365149019
1365163371
1367321962
1367125358
1400677726
1451196879
3598614991
3592323399
3596517749
4133351717
4133282085
4158448933
4158514469
4158610741
4158608727
4116600263
3579729350
3579725206
4099755446
4110015911
4109954983
4110018295
4108056261
4124677701
4151948805
3598509623
3594315367
3594281831
3594477671
3594391799
3615359223
3590193367
3501592789
1354118485
1420263220
1420163637
1425340949
1416948565
1427434839
1427496439
1461175447
1465303175
1465794695
2002665621
2011034085
2010964453
4158448487
4137479727
4137524799
4141657630
4133285662
4129090830
4129256718
4112385294
4099802591
4108191215
4108191663
4106553263
4106490775
3569644423
3569644503
3570914262
3570821063
3562500039
3562367479
3562367462
3570891254
3587575238
3588161862
3615294278
1451037494
1451168566
1458516797
1459560764
1455235384
1459367208
1465678120
1461508408
1193077000
118471113
85560779
72909003
349733071
343638237
341487708
1415225636
1415226149
1415489315
1428074306
1461636802
1312772034
1312624530
1329530786
3489596834
3753709986
3719573923
3434357123
3434357121
3451150817
3455378912
3480545137
3476530945
3476530944
3480724224
3489637140
3758072597
3757806365
3749414717
3732511023
4265195823
4265138415
4263020719
2115540139
1998123161
1733881993
1700385177
1669034408
1669030313
1669033389
1651141037
1919565247
1936418718
1634333662
1644135182
3769533214
4038034718
4037842206
4042040350
4058833950
4050579518
4079890478
4151181359
4152295917
4160690172
3619567356
3586080508
3590094540
3563908684
3564088844
3564089101
1953348893
1970060317
2003614749
1986966533
1982779477
1982775477
1983791269
1983778981
907415973
907482023
1028993703
1012212471
1020600883
1016136211
481296898
480256514
480305666
481338930
483438130
416333378
1002606018
2059570242
2060618819
2121763889
2117385253
4264864807
4264911910
4279374102
4279370102
4283564902
3717268070
3719377510
3585159782
3585152639
3585473229
3585383364
3614739396
3609500108
3593313740
4130321868
4131304396
3862868956
3860239213
3860312429
3860128047
3860095022
3876856878
3876926510
3843490878
3846577262
3838189038
4102952942
4237100798
4237039246
3179816590
2642964174
2546532038
2538602310
2672799558
2682234646
2682168118
3084292375
3050799381
3084353588
3075507236
3071317108
3071581436
4145401068
3860778412
3879624620
3879632572
3883827164
3892213709
3892147535
3824969038
3824969550
3816646462
1635739182
1633646126
1625114158
1625032222
1623982605
1623995165
1624056188
1616847340
1615799804
1615400349
1615350173
1623742911
1640552875
1669979323
1670107339
1921708107
1943789579
1935630399
1881104685
1881092393
1881085673
1885277865
1884637880
1892973192
1893068424
1907816333
1912051085
1945403597
1944354845
1902477341
1931977773
1932520493
1936649519
1668209975
1651394343
1652359975
1650197302
1649148726
1649218342
1649357607
1657742119
1670193971
1670132562
1640773078
1909216726
1900826038
1900808630
1900808630
1934433174
1942903686
1938718406
1938716358
1401742293
1401742332
1372365308
1363980788
1347262308
3494745956
3494883188
3494817364
3494821717
3511598951
3528375783
4065263047
4065252807
4065248711
4065150327
4065079151
4081856303
1901932079
1902054975
1902055231
1902054719
1901540415
1900360767
558116893
558117901
537138191
537134463
558302703
566693870
562503663
595868639
595868111
566507853
558184733
826751293
826685756
818297628
549862941
549924365
550252045
559689517
561793325
627964279
627964279
627964279
627964279
627964279
627964279
627964279
627964279
627964279
627964279
627964279
627964279
627964279
627964279
627964279
627964279
627964279
627964279
627964279
627964279
627964279
627964279
627964279
627964279
627964279
627964279
627964279
627964279
627964279
627964279
627947895
896384375
493729271
493728182
476950962
476950962
426619830
158184126
1231663806
1273607866
1252653754
1252621050
3400153930
3416930570
3416860970
3416796458
3370661130
3370668362
3370669018
2313736698
2313737706
2347367914
2347334890
2347318394
2305367322
2313901322
2380976394
2380976474
2376765929
2380829096
2380825000
3488121784
3479733944
3475605160
3442460328
1294390968
1294104216
1562535832
1545740760
472916216
1009786968
1011949640
1011953929
1012036873
1028805897
1028807961
525425946
374398234
374405402
376502538
108023066
1181748506
1206980666
1169371194
1102196794
28450874
28729401
26505256
26001704
51151208
50890216
319393272
856657864
823107464
806338440
806198152
809868184
827300504
1914682264
1981790104
1981784537
1981739261
1985933421
4133412973
3873366125
4026458461
4244547277
4244541135
4236217038
3161312974
3156494074
3156481770
3156485482
2918655018
2898148394
2898148366
3164480527
3164546381
3168282109
3159907820
3172552092
3206175884
3189390476
4263134349
4266312068
4140552924
4136170220
4152910444
4158153276
4149764652
4145570153
4111992041
4112058539
1964902538
1952336010
1960233102
1960233102
1978848398
2011279567
1466204173
1462009916
1462018092
4133809196
4134004772
4142327844
2998328660
2998321620
2998846423
2478162646
2482291430
2482266726
2457600550
2457810486
2457609782
2456562726
2456296494
3555330078
3505011726
3505005583
3505008716
1350222284
1343848908
1343787468
1342748157
1343007215
1393330286
1380878366
1380882446
1380904014
1377707214
1449009550
1442198149
3568714420
3568485028
3566241440
3570450080
4093685457
3692078594
3708986626
3727864834
4267938838
4264027174
4263846950
4263851046
3194827046
3186426151
3166636004
3032303572
3032243588
2499607940
2503789956
2537524116
2520685188
3598629508
4085182084
3546078896
3511967392
3495171744
4099085984
4099028896
4096861601
1949312419
1969237474
2011374946
1470240002
1453457410
1453395970
1457532946
1323360306
1314955302
1314956350
1324464446
1586534702
1585482042
3733166362
3749887435
3720786376
3712582600
3695739864
3691758312
3692720744
3692701480
3699060025
3694733355
3560450154
1413163258
1416236170
1441400202
1168786314
1169900175
1169969853
1169970092
1149002220
1144808805
1142908197
1159606039
1193158402
1180567042
1188954882
1184761618
1184699698
3334288434
3334419474
3351146514
3317354514
3438903346
3438907442
3439038545
3437921344
3437989200
3429402976
3441989984
3441994720
3475614704
3341462400
3342503808
3610943408
2516237984
2515515056
2511196816
2548421264
2539975344
2520048288
2518704800
3055575648
3009438499
3009437734
2984270886
2984368190
2967656478
2967664654
3051513870
2539792398
2539797774
2523010334
2464613678
2532638762
2528972842
2459701291
2208051324
2174243020
2241380492
2245558668
2245559948
2279186076
2279325612
2271067565
2266822062
2267013550
2269012430
3611173834
3614843466
3556123146
3555995434
3547605355
3509856635
3224791499
1077869003
1082052042
1090504014
1090306335
1086112063
3254571301
3321717029
3313378087
3313116951
3480894019
3489274435
3485076307
3485010771
3388476915
3371704675
3369623591
3361267751
3361268007
3361264407
3388535559
3418006339
3416961859
2343208401
2348452069
2306378084
2306382116
2335746844
2323294732
2390408716
2396685893
2396750551
2396553894
2530779814
2539185062
2534994342
2537079974
2537196726
2536151494
2536159494
3077090055
3009980943
3011034942
3019543870
3017453614
3084570670
3050946606
3042496622
3038363886
3042625006
3084574143
3084582301
3067717773
3059267724
4128807308
4263230620
3994807436
4011814284
4011746748
3977655716
3828749732
4101179296
4101182096
4109578881
4109574787
4256244402
2677023458
2677024306
2677024274
2679138066
2645645078
2510673174
2511131934
2510855214
2649267242
2683930747
2675673289
2675673288
2671303884
2670220508
2636793325
2636780399
2640982574
2632594030
2628334206
2629384151
2629318551
2627219349
2631430037
2631722901
2640114589
2669515725
2669576461
3730739485
3732778028
3741100076
3741100076
3594299416
3594180632
3594144793
2520383755
2503606602
3023700314
3032089578
3032159210
2962781930
2424893178
2441670283
2437467785
2500577176
2483738520
2487932312
2487875000
3025988840
3160205560
3156191740
3206462812
3193870156
3202257741
4275364182
4266975718
4262748646
4279575974
4246085538
4229304211
4235331201
4109566592
1961964160
1962095493
1962083285
1961890095
1911579951
1911613482
1903224890
1903208458
1932638219
1664322827
1664255307
1668448713
1668710857
1634910683
1699856875
1695568363
1695572458
1964205546
1968596330
1979082602
4155885386
4155885322
4155876874
4153714186
4153779979
4260869389
4260861229
4252337197
3174155375
3207849054
3190976846
3190952798
3195142774
3193377382
3218371110
3180622638
3163841821
3031952652
3031825436
4126988604
4152151356
4145893128
4145944328
4146012953
4145488170
4111937834
4108255338
4103931118
4103883982
3499937230
3566788047
3565722580
3571097460
3579754048
3613303360
3596542528
3594437616
3598700960
3596382624
3591856304
3591774337
3610378370
3576823986
3564180642
3572530662
3567382374
4104235574
4104171030
1956687630
1956687118
1960942606
1969392702
1982303279
2117588015
2117468215
2117468162
2100690994
2084508514
2096968418
1555894946
1421808274
1421750915
1421768321
1438506624
1455196800
1190968224
1450551712
1450552464
1446285520
1445253364
1444962532
1429234156
1949524973
1953658605
1957840746
1957711738
1974488842
1475374858
1475603722
1466092826
1466125594
3623181594
3623187770
3623839018
3602870570
3600372026
3600306458
2530791738
2261374266
2261372394
2244729002
3302713531
3302645149
3302638988
3302703500
3428664252
3428070052
3692307108
3710935780
3711132196
1562567220
1562632708
1601285892
3715349253
3713243927
3746798134
3746798166
3745750598
3745747526
3742466566
3742679606
3749036582
3723411502
3723162662
2645260326
2682796086
2658674694
3732482054
3327794182
3327791126
3336180086
3350922206
3317367501
3300528796
3299545844
3303555812
3296220900
3289937908
3289918805
3288873343
3293251646
3294238846
3344574798
3329912262
3338363846
3333145543
3332998085
3332998132
3320361956
3295193060
3291065828
3292174788
3308952708
3342449812
3342388405
3245884581
3321583015
3304727459
3304727266
3303678707
3303740019
3320402705
3345609475
3341410563
1177542979
1177465155
1177456963
1181385031
1206485367
1592309039
1592323369
1583934777
1579707705
1579708217
1579689785
1583941433
1526399785
1538982761
1538789753
1509437913
1484269019
1483225082
1483284474
1484459994
1493114874
1492991994
1488730042
1234727867
1234756024
3482902968
3487146408
3743003048
3745023400
3745038268
3745229468
3740969620
1589309078
1455091430
1450987110
3592949542
3592946990
3576283166
4100628494
4109018126
4109016079
4108884045
1962457484
1960356764
1960422044
1954457244
1950282380
1883194013
1899938285
1932447791
1987038254
1726797846
1995237382
1986848774
1982777350
1982777350
2003750198
1978582822
2109698870
2143122199
2140696925
1071145212
1045980332
1058548908
1830299836
1813932444
1679751868
1691798204
1687670428
1689290380
1689298636
1710269180
1735451372
1999841023
4113704950
4112659942
4100067686
4108386598
4238410038
2090934542
2091131658
2091131657
1554263832
484718888
494172472
389404952
372701448
370588937
387236169
320127435
288670075
271925289
270926121
271455000
288237128
293481097
333200043
311188138
311216554
310937738
310938762
383291530
921284746
1042980890
506372122
355393850
338060078
338043437
471994925
476254764
485491244
411064104
411101480
411085000
1484830857
1501739403
1522973130
1514573258
1249870810
1525646330
3672880106
3736842730
3736838633
3734741480
3671843816
2589516520
2635625160
3692700296
3694801547
3694792346
3707308970
4238870698
4238882986
4239927434
2109352074
2147361931
2117939337
1043620264
1043456424
775135720
779198824
787522861
783328575
804303119
762360078
741585166
741585726
741602094
739382062
739382058
739378987
743578921
747769113
747768072
1018370312
481378059
346107662
346060558
81839886
23363966
40207598
48661630
313951246
1387697167
1387705404
1388290148
1383964900
1377603764
1377354156
1879818924
1879753388
1879754412
550174429
547011197
548977263
553167231
590916703
591182975
573867135
573752542
657638646
670221478
598877351
603006087
590422149
556933508
590481060
603129516
597692076
597700333
598763215
1672536590
1907400974
863010846
1932574766
1914987566
1915118638
1915102494
850267933
851316508
849086744
827074888
873277896
336468936
341708489
345376443
882115243
885269162
348414906
356815274
356815274
902071726
902204863
2009509327
2010558221
2012589597
1740486173
1739568652
1861129740
1869514509
1865341997
1865309229
2101282863
2081754175
2080769359
2084971479
2022056677
2021995237
2021929909
1485054933
1485055301
428092679
193293582
180780302
173432078
237372686
254101310
69685086
1277513694
1278529438
1280610238
1305779646
1334093246
1585815711
1585815965
1585877405
1586926557
1586921965
1993642084
1981064292
1979770092
1996498093
1963139229
873603213
873604493
877790855
278005462
278072854
1351630390
1085287942
1101032967
3248549381
3282077204
3248914964
3282993668
3284042452
3518792364
3516695212
3518282733
3542399086
1914746926
1914746926
1914877982
572695566
573743118
638771214
637726766
642170927
642170919
642665557
793148759
759658967
760708087
760568823
767909623
767917815
751133367
751133343
751166095
751171215
751173311
751102637
751069885
1816423101
1816160941
1824619181
1841430447
1838273887
1871769614
1878056974
1844502550
2104614950
2087874854
4231140662
4231142678
4229110550
4233173766
2089172503
2089158197
2105999997
2005668428
2005672648
1456223192
1443676648
1460438440
1963834792
1963960792
2001709384
2010093897
1993182027
1984794603
1981593578
1980576698
2114326922
2132152730
2111189419
2089165739
2089165739
1551901055
1551900943
407953671
403816471
403759127
403759135
402713613
402840589
423812365
457366799
440551179
441730827
441762427
458527339
1002742379
969188971
952413785
969183049
2069268825
2052491737
2052505051
2048239579
2115281882
4262761434
4262892538
4267090926
4288078318
4019634623
3986080141
4254552461
4250154396
2080648620
1812212140
1812277672
1816267176
1821509017
749933001
749740491
748692299
752935707
752919323
745582875
745582907
741381439
741588283
741522185
741522249
607295945
660773321
643993033
643993035
576882011
576947515
576827451
576823338
572645422
572645422
572645423
572710959
573730863
577912879
592856375
559304535
544628439
553081559
553089751
552959575
548765271
567639895
567569879
591687127
591670711
625290679
625423783
633681831
633616039
633349815
629159607
629235445
662822453
663809845
802221845
770764551
745795095
743636503
743595543
742608447
742661679
1011105326
1011095342
1044649278
1053572470
1053572582
1053563366
1053559254
1053564231
1069950279
1019617541
482742541
348520716
340066680
340006312
348399016
348401577
478474153
495294363
495105931
495366091
495291658
478513466
482838571
474393627
2102830091
2031525967
2065137869
2065007085
1778684333
1778426285
1778426349
1778557389
1795355597
671270877
672550765
676810091
1758726443
1750349866
1750346810
1750346778
1767318538
1775637530
1808143866
1854215850
2122585786
2122658458
1988502173
1451700924
1452016284
1457275544
1379697560
1379250520
1395040520
1898360072
1881581832
1617402137
1625786681
1642567737
1701165065
1730511051
1731379339
1697792155
1681015019
1685205483
1618092910
1693462063
1691363903
1691380255
1687284543
1687325967
1676838157
1651736845
1645576973
1646233405
1646255663
1644818287
1650163055
1717175518
1985614046
1983586526
1983455454
2004689150
905908718
884868862
815730262
278736455
280831559
280846917
297620420
335086036
326959572
322773396
289351092
286735780
273096172
281354237
281026253
281046601
298870361
332522043
328593979
293917243
277140027
277140267
281858347
281859375
340585775
72281391
68054287
68027727
85788111
123470237
123666861
234763197
217985949
217396109
216277981
216347645
144914239
161560383
195061566
178300734
178562366
1257551166
1274328366
1272226670
1267508206
1250730734
1250931423
1250857677
1255051972
1243530100
1245496612
1513903140
1513436204
1496724492
2021004301
955401501
949081389
683730221
675340345
671145993
671146073
671379689
671576299
671496171
675682027
684136043
680277627
680272459
680276555
952906315
952906315
948728395
948746059
948739915
948803931
