1358699583
1356598303
1372392455
1380910421
1380959733
1376228277
1376227989
1376228245
1912640421
1916834727
1925226935
1656989079
1648536718
1644346591
3791886463
3791816751
3875711021
3842156845
3826690861
3830892348
3763847709
3759489821
3759960941
3760005999
3776787431
3780969447
3813474942
3821355550
3787740682
3787783690
3771001355
3770739227
3762354715
3762346507
3779091979
3774881291
3775143515
3779332987
3779336554
3812965483
3821485163
3800511611
2995728474
2995728474
2458853450
2190221386
2206991438
2206994302
2173491822
2173483886
2173548902
2177743206
2177743222
2169485654
2170534087
2172631239
2171582685
2473441436
2473441468
3010443452
3006183596
2737813692
3811555516
3812276460
3778722028
3778701484
1664755885
1664756157
595278815
595266527
567876351
567884349
1637427773
1622879805
1639659037
4055645709
3517721093
3349965381
3349433029
3349510773
2275752503
2242198071
2242263335
2225485863
2225416231
2230585399
2163476567
2155104471
2171984085
2170018245
2170485189
2244931013
2244995541
2228025825
2229066211
2220661223
2357041655
2373950934
2373893586
2373894098
2373894098
2373959634
2356522962
2356521554
2352327251
2299898451
2333534803
2315680339
2315659793
2315659829
2597268277
2597071157
3666622773
3687594021
3679000613
1527453749
1527323669
454638615
454573063
524036165
1060898885
627964279
627964279
627964279
627964279
627964279
627964279
627964279
627964279
627964279
627964279
627964279
627964279
627964279
627964279
627964279
627964279
627964279
627964279
627964279
627964279
627964279
627964279
627964279
627964279
627964279
627964279
627964279
627964279
627964279
627964279
627964279
627964279
627964279
627964279
627964279
627964279
627964279
627964279
762165623
762164599
762163703
1030599159
1064153535
1064153533
1064153533
1047376057
1043182777
908442809
908441787
841349307
841414794
862337162
828778890
821369786
821313210
821368506
817173146
817304218
816280234
833413802
833397742
871145774
845716518
854169638
845912102
845920310
841594934
841611351
841627863
841623797
862599588
837421988
820644532
820517588
820525780
820525652
816347652
833157636
833141268
833141524
870890300
845789500
845912372
845912340
845842709
845843506
842697762
842762274
859551778
859498546
841672770
845871554
845859202
855329939
846814387
1937274035
1903719843
1887139766
1894405814
1890211542
1890408030
1890350654
3568070190
3568070191
3618400555
3601856553
3605452857
3597060105
3597129801
3597528521
1986897097
1988076729
2004783275
1967047851
1965999291
1965815002
892071134
875293822
606862702
627759918
636182334
636051215
904412429
1030235413
1063858485
1063981351
1030427431
1030296103
1021933111
1022979591
482044487
482048579
482040385
486231745
352047057
1415174003
1432213363
1432212787
1465382162
1381496130
1381483714
1381483714
1381483666
1398134194
1398138790
1397089958
1363533478
1371918038
1406652102
1402338886
1387589462
1392356455
3538795559
3530523685
4134109236
4150898708
4113145940
4096500052
4096521052
4096447100
4096448100
4100718308
3036506852
3036445412
3036446324
3036444253
3036639823
3036574222
3053408798
3043754814
3077309738
3194762538
3194823722
3203347515
3203338523
3203158281
3204215577
3195818969
4152117179
4150021562
4150217146
4152281274
4160679098
4160677018
4143833226
4076662922
3539988634
3531534586
1396629758
1396596830
1396601942
1378763862
1400796534
3556766502
3556626982
3556557367
3518805525
3569200645
3573267972
3564740100
3559441940
3559446132
4096521828
4234868452
4243216100
4243150580
4243093236
4235749085
4235749375
4252526078
4252531966
4281883774
4267539514
4267664410
2128507930
2130669594
2130538506
2130538506
2145349659
2111452537
1960447992
1952123576
1951992504
1951992473
3573034651
3571000986
3570999962
3570955194
3520623082
3520622698
3520643178
3518549497
3518602236
1370204844
1374284476
1382674060
3526083980
1378500829
1378500718
1378824238
1378689070
1932473358
812268810
816461322
883585560
883675704
1957200408
2104267272
2117910040
2118101528
2116004408
2115283512
2118429209
2114430474
2047234570
2047213578
2048327722
2066612266
2020484202
2091788538
2091784586
883575434
883477130
884514714
1979232427
1996009640
1985585320
1981391016
1981325480
2000332412
2000333364
1932196404
1936591377
1928137234
1391214370
1382818850
1399656674
1366163586
1366167682
284037506
11469186
11338641
11350928
11297744
11331536
15576836
15702540
300784156
1382857272
1382853416
1919723816
4067211304
4062745640
4062941464
4113203720
4096426504
4230652620
4234855095
4235018914
4234940578
4100726950
3026989222
3043892374
4159585422
4159580558
4155390606
3618384542
3618384554
3618385834
4125906362
4126982634
4110213242
4059619386
4055405625
4054422632
4092325112
4079742136
4062865308
1915369116
1915359932
1919562413
1919497647
1919423662
1936200894
1902916814
1886266574
1886262542
1894729498
1894612538
1961684538
1961684538
2091707962
4239240762
4239175210
4255688232
4222133816
3132732952
3126431256
3122171640
2853801704
2853805800
2872688360
2821324520
2888498905
2892652186
2892635818
2909278122
4000058538
4000062634
3995931806
4000715918
4267122830
4274987214
2141070350
4238228494
4240068366
4239052302
4238974478
4238911086
4239959662
4237861614
4271415997
4271420072
3195574248
3056109032
3056176232
2787887208
2703939689
2691365240
2695547592
2695514824
2968264328
2955683464
3039568824
3039568300
3027108013
3165520110
4239262190
4104725598
4104662070
4121455670
4150840335
1982565455
1982442701
1982377101
1982442685
1982459071
1982586046
1986715118
1995077102
1944744238
1911116094
3517567758
3500857102
3505360670
3505162814
2968033854
2968230430
2980743709
2980743900
2980749020
3018380956
3077101244
3056091820
3056276397
3056214190
3056148718
3060269166
4138401918
4054458394
4037943307
4038028553
1953331464
1412258632
1429170632
1462708683
1467954634
1467810138
1429995834
1417412922
1424831290
1420436026
1420453402
1420516889
1420353033
3588811544
3613957960
3598356360
3594164104
3610810297
3614999979
3614999977
3623519657
3338310125
3598360895
3594117431
3594052375
3594253063
2520420869
2532999684
2545582612
2512028176
2495185428
2499322388
2490933804
2490957420
2489903849
2515134958
2439608494
3513272494
4079503542
4079568022
4062965910
1919606934
1920655494
1920655494
842981571
842982593
842505313
846580768
846514212
578144548
657979676
657452316
657452316
661515325
661515325
629070879
629034446
612322718
1960398766
1960656558
1960652478
1960785550
1958680214
4039050934
4038854310
4038864615
4038864629
4043075220
3523071620
3552497284
4072326796
4076598924
4084786860
3006850729
3005804523
4079540330
4079536170
3009959946
2993253385
3001803784
3018518536
4092260392
4092325928
4075352104
4075353912
4076525080
4072592187
4076851498
4068225066
4130603050
4112777258
1948647514
1882070922
1885743754
1957042826
883165834
883186314
1470421642
1457823626
375829642
376348762
107798570
107507754
103493675
103424061
103425293
237643525
241829653
183043873
262751505
229131331
82363522
74026114
69835923
2866355
2866611
6995633
15380145
1353362065
1353431681
1374260161
3513289040
4029196576
4029196576
4029197856
2959785568
2691354336
2691354336
2691485280
2708266848
3874291490
3874258214
3865865510
3861674038
3995883574
1848399894
1848572950
1785654278
1794046982
1778316295
1843393991
743273879
743011735
609949111
609949119
1683690414
1683559086
1685656235
1694176955
1891307227
1891109449
1891129929
1890089547
1906895563
1407774411
1391253450
1382858938
3531522218
3539902634
4074415274
4091258042
4057572827
4043028427
4034560585
4033511960
4033577528
4029280824
3760775720
3844629800
1697134632
1730689065
1730807851
1860831291
1856654603
1857962251
1857876235
1862062153
1849458889
1763623097
1746330041
1816586171
1825042107
4240801467
4232347579
4232331195
4233375403
3168628395
3164528361
2898249465
2898040393
2914820619
3221004810
3070206255
3061743663
3057631271
3057599735
3057464567
3055494582
3055429030
3059622310
3068002726
3082372262
4122592454
4105882630
4104825095
4108953868
3613980988
3592972604
3592956988
3593151524
3593080869
4130996517
1979318887
1958363719
1958397509
2092681796
1555663364
1610197508
1580836868
1580836917
2117639271
2117652591
1981399294
1985892570
2011066810
1977496490
1956328367
1893282735
1886926783
1886987963
1618704027
1618730635
1627114203
1624824409
1641605753
1658383097
1652087547
1920491419
1916278170
1916338362
1916403882
1903833258
1895440570
4038750366
4037727183
1890103901
4037583388
4037583416
4054360632
4058554936
4050166056
4113101864
4096514089
4096444459
2087372858
2137704714
2130369290
2054747914
2050547978
2050543627
2050539529
2048573560
2032038377
4166936299
4175310554
4170136282
4169998026
4169932506
3633069802
3633084394
2560349675
3684417896
3667444040
3671642376
3661144072
3661275257
3659194409
3659195498
3659195518
3642424414
3625633870
3629828431
3654995789
3753627165
3736662908
3738755580
3730366716
3726336236
3743117484
3692787116
4229693372
4233808524
4242197132
4238334668
4238211805
4242321135
4099712494
4115440878
3070878894
2802508958
3070949278
3175761598
4250535598
4250474150
4233635542
4233634374
4233835286
4244582446
4240187438
4239134767
4255990857
4289714376
4277975240
4267485320
4263291272
4263487896
4128937944
3057287688
2804646424
2770981416
2758533673
3031066155
3031068207
3031109167
3035104879
2959606495
3005744014
2993160378
2997354666
2997358762
2997440682
4142658714
4129991819
4129991113
3593120264
3593120264
4062882312
2989202744
3005989944
2955658296
2959787064
3031103288
3031084584
3031084584
3048771112
2734196281
2725806603
2721611850
3794317482
3794596010
3794583722
3777938586
3761163402
3761166730
3765369482
3769490136
3786209848
3786173964
2750178828
2976391948
2955424044
3026916396
3031056164
3031051828
2494180916
2494045733
2426930743
2447901254
2481455318
2477273254
2477282470
2477313190
2481491094
2469103750
2452273607
3526011653
3594169860
3594169860
3526993424
3527051045
3598353719
3594159110
3594177558
3611023602
3577473266
3564829122
3699297602
4244588402
4244394338
4126957667
4118569073
4150157392
1449021648
1465848960
1465851008
1364662656
1347902129
1356159654
1351909030
1888808614
1909778134
1366615750
1396635206
1395545670
1399805526
1399666278
1399599982
1409028462
1408840062
1375285562
1354437946
1353391417
1353218360
1353214328
1357703640
1349320072
1361892744
1395967384
1379254713
1379328443
1383522746
1383522810
1400361342
1399111998
1399620910
1399633195
1399635259
3547307291
3530465050
3547242010
3513695770
3513710106
3505321498
3505091130
2431136298
2431136298
2431136619
2431144169
2447918248
2481505448
2473122968
2473256072
3510281608
3510298316
3493582428
3493578303
3492500270
3513721646
3513725226
3521720634
3521712394
3521844506
3517652283
3501923641
3501791736
1358723480
1375530376
1400155528
1383379081
1379172507
1377271994
1377214634
1377231082
1377231342
1383584126
1399179054
1374674478
1357839935
1374617119
1374543391
1399608959
1399347071
1395135359
1361981791
1349399935
1357872495
1357741423
1890581789
1354169613
1358295301
1349840949
1347481636
1343275116
1343242605
1346581999
1346781166
1356218350
1373010926
1910431711
1407178191
1406960079
3520897869
3579618109
3564938029
3577083693
3577216831
3610671902
3593624334
3606203262
2528268142
2528200174
2527125983
2531320159
2522911551
2518909759
2502328862
2640835094
2649203495
2644762919
2644566055
2631980069
2623620149
2619493828
2620541316
2620554133
2620553879
2622716567
2639297174
2680188822
2663444438
2663443798
3737380151
3604209973
3606180145
2523975985
2523091249
3542241569
3509732707
3492939090
3492941122
3513911634
3522173282
3517983010
3281025330
3280997747
3285196147
3285413697
3242354432
1170396992
1153535856
1413594400
1413653776
1410513920
1561500672
2131991632
2117183520
2117118048
2117111009
4265051347
4279694466
4246086066
4229366694
3161789094
3170711206
3165196006
2628258406
2628259446
2628268550
2628264462
2632459023
2355695901
3437953080
3437821992
3429438504
1546193960
1547373592
1547386120
473558280
473474312
490243848
522748763
522815450
925534106
892241338
623744426
757962154
795719098
720352699
1794028537
1785639801
1781445177
1780916763
1798300191
1764614959
1747837231
3907829870
3921526910
3936256078
3935215630
3931038990
3926847038
1779072550
1779045927
1779958311
1868039021
1844969597
1689780476
1688797420
1688862972
1957305549
1957321165
4105944015
1958255310
1467783898
1446813402
4143814362
4272919290
4272591850
4272681450
4277793003
3191398635
3191398635
4248494315
4231685595
4235885903
4240068365
2092649996
2092463924
2088248116
2084053844
2084049364
2084242852
2104102309
2129267127
2125154694
1588153734
1454240902
3735871718
3735871526
3741114414
3732725806
3749175599
3707167037
3702965076
3702769524
3702558501
3706752805
4168130085
4161842743
3625168390
3709003270
3742524930
1595279170
1595344354
1565853090
1574182306
1568943266
1568941218
1468867714
1452160130
316540290
316589954
312444801
1385990048
1401726884
1942791076
1896653796
4045317668
3778981412
1663932964
1663863348
1663846932
1663973888
1663974931
1663960354
1668088866
1642857506
633082914
632163362
632036422
615258182
615254342
627964279
627964279
627964279
627964279
627964279
627964279
627964279
627964279
627964279
627964279
627964279
627964279
627964279
627964279
627964279
627964279
627964279
627964279
627964279
627964279
627964279
627964279
627964279
627964279
627964279
627964279
627964279
627964279
627964279
627964279
627964279
627964279
627964279
627964279
627964279
627964279
627964279
627964279
627964279
627964279
627964279
627964279
627964279
627964279
627964279
627964279
627964279
627964279
627964279
627964279
627964279
627964279
627964279
627964279
627964279
627964279
627964279
627964279
627964279
627964279
627964279
627964279
627964279
627964279
627964279
627964279
627964279
627964279
627964279
627964279
627964279
627964279
627964279
627964279
627964279
627964279
627964279
627964279
627964279
627964279
627964279
627964279
627964279
627947895
829274487
292404727
292402615
292401591
275624375
275624631
275625650
1357756082
1353563830
1353563830
1403895223
3539909799
3529422007
3528371653
3536780749
3536752636
3603930876
2521607932
2521607804
2521083772
2537924477
2538006013
2504454621
2621882709
2622931797
2622898709
2622972437
2631213623
2631148326
2631143726
2494824686
2494831790
2499025070
2490636478
2220173469
2220304780
2148941196
2165785228
2205532748
2187837964
2464518717
2477040174
2477039910
2443486502
2430965030
2418378534
2417460806
2483454534
2483479110
2483480342
3025134886
3026058286
3034437678
3053173006
3212488462
3195713103
3191591631
3190411981
3194508029
3194765677
3204186605
3086754287
3053331967
2516462751
2516392127
2541488301
2524712189
2524787917
2256413772
2256413708
2256412956
2256347948
2281648700
2227044892
2227044892
2227110429
2226930479
2226934058
3304910122
3296520490
3292317738
3291318362
3309210058
1195310538
1193714059
1193652617
1193775517
1450086813
1466929341
1466728621
1441759476
3589189940
3569263156
3569328693
3569149479
3571248742
3562859238
3575507878
3609152950
3593880966
3593617798
3597812102
3606148086
3622855527
3622887783
3589334375
3578848295
3578815527
3511894135
3512090695
3562455047
3587592471
1442276117
1433741069
1433742861
1433878045
1165385253
1474774573
1474582047
1441035023
1206141199
1206370621
1172750381
1174328701
1149138373
1144928197
1144993671
1143804855
1147994534
1156514214
1156534454
1172664470
1206182086
1185277127
1185408215
1189588343
1189199143
1181793575
3329271607
3329599253
3329659669
3329659701
3329733493
3329725301
3346502645
3611267575
3615486359
3579761047
3579298231
3579135399
3579082662
3581224678
3581355734
3589750391
3572776823
3572772631
3589563767
3581173877
3321127156
3321262276
1172721860
1173766596
1165362132
1148651509
1148530407
1148463974
1165241190
1173629286
1207253254
1185357062
111625222
1185267719
1189445653
1449623600
1445376048
1445372160
1999024640
1999078384
1969272224
1696638112
1830849701
3978411253
3979523301
3979523429
3979536181
2907962935
3990081087
4023635583
2948661215
2940233182
2936038878
2936025502
2902537662
2906813871
2898427887
2911068159
2944499279
2945541646
3201427215
3201365311
3193197935
3193263231
3193324743
3075884245
3042342373
3050730981
3050784213
3050657751
3052795734
3086315350
2524397510
3598138818
3598130642
3614838242
3589473762
3572565491
3568382419
3572573443
3572593938
3563126050
3558930466
2485151778
2489346050
2514643970
2543996162
2545043219
2526377587
2530526945
2529478320
2525284016
2525290160
2525298592
2530531808
2522106212
2249472804
2400594452
2367040020
2371235348
2244355589
2240164375
2240025574
2240545190
2174484646
2178678974
2170355866
3307155594
3305909386
3305908362
1158506954
1158670666
1159584010
1163770122
127897354
112886536
129733384
263823660
255369252
253272096
471445536
470524016
1007332544
1024104640
1024100544
1058719936
2132528097
2114468580
2114468452
4278980204
3712749180
3704030796
3699779388
2290491692
2290360615
2290360582
2290360578
2357502242
2358547810
2360642018
2355988882
2351929987
2351868545
2385422976
2385422976
2386212544
2386264785
2654503587
2654532258
2658689955
2625118627
2633575553
2633705600
2365466768
2365470880
2356545776
2406878400
2398233795
2394088642
2410783842
2661325922
2661320738
2665515062
2657191942
2654119174
2587009798
2587009543
2604130821
2570478117
3091075692
3162115820
3169389501
3165202877
2628528317
2645301407
2532117646
2523791502
2524852622
2256478606
3338412463
3334217901
3355193517
3313253516
1144789196
1144313932
1412929548
1412610060
1412606221
1429384463
1429378319
1433449223
1464902423
1472238375
1430553391
1900397357
4123968301
4125017389
4125027629
3623741743
3615357247
2524772639
2518456590
2518451470
2522845454
2522800390
2531180887
3552199159
3518646247
3522849765
3506121573
4034595125
4034464021
4030233879
4030227479
4034519094
4032417846
4048076838
4048076838
4048077926
4081632502
4090220790
4090130854
4056576935
4056577701
4056636069
4056439444
4056480388
4048091780
3008166528
2990979728
4064716416
4132872832
4134703872
4129330992
4129334561
4129336355
1713431586
1646400546
1713504290
1713504498
1998718130
1970406818
1962018486
1890719366
1890729670
1891102278
1907669526
1941219879
4071926319
4071926301
4076121869
4147558349
4097230733
4097196941
4097180573
4096983983
4109374381
3031507945
3031635483
2493528587
2489330442
2485135674
2237671466
2275817498
2259030027
2259025995
2260074633
2276934057
2243191724
2222208676
2218004133
3426159495
3426172406
3426628902
1295917062
1342054414
1320820750
251273229
192552968
188281128
154710312
135834920
135834104
165190024
198936968
249203080
509250952
238720408
1182773640
1199538328
1198948728
3245531449
3245483307
3295817515
3320983082
3316792894
2276852286
2276918078
2394177838
2394739054
2373763566
2352513710
2352531078
2356731527
2356763271
2356099991
2352949415
2369661159
2384341095
2388552709
2396972032
2392253696
2257892900
2257880612
2258405156
2281538924
2264894957
2189069551
2189085934
2189079998
2189341118
2206110110
2172555662
2181013903
2155655580
2151454108
2151516508
2151651596
2420029708
2470361356
2470357260
2457775372
2466236188
2457846556
2533278492
2547958364
2510209789
2492977893
2496951013
2496947949
2490857215
2507560606
2516407982
2549905326
2540463534
2540455102
2540590238
2541642894
2503896270
2503895054
2638112798
2621392911
2625513743
2650680591
2682197783
2661102390
2392666470
2392654054
2391539878
2395738278
2387371174
2399954086
2370237879
2371282823
2362959493
2362955397
3302395524
3302465156
3562322868
3557862309
4094732709
4094856629
4111633605
4128407567
4134580239
4129333263
4129349693
4129628201
4062580779
4079879467
2960001579
3031304747
2494499579
2495422107
3569099403
2226922121
2226922121
2226963339
2231337386
2222832874
3426531562
3426531562
3477059786
1312745674
1245637838
1316896973
1316880572
1316356260
1329017252
1295459236
1295180464
1332929152
1339139712
1338031792
1338026976
3485509920
3485645616
3455237888
3588406784
2497955376
2493564448
3585142501
3585206950
2547210918
2521844646
2450541990
2452800918
3056787847
3055719189
3076555316
3043009028
4099991052
4099990029
4100149823
4100395566
3034907694
3035432046
3169650862
2625468606
2640214158
2538535054
3612273038
3603885966
3599159974
3617047462
3587556342
3571302871
3562893813
3562824037
3562829157
3579655461
3579720983
3615374599
3615374342
1451113734
1451109646
1451113934
1457475007
1452866989
1452844456
1474081160
1434222984
1362919836
1899792252
1899999012
1630449444
1664067876
1646701872
3794185216
3861296129
3861299665
4130734547
4130735538
4130606498
4134800802
4276363234
4272371682
4289083346
4255458242
4239681347
4243908417
3707677952
3707672832
3707607408
3572804448
3564414560
3023368944
3023491680
3159773793
3161871906
3026472738
3043248162
3077327906
3060685826
2666157058
2666151938
2661990402
2682901858
2650596711
2633822053
2633821028
2650143716
2681588725
3201683349
3193233303
3192972727
3188847014
3205714422
3075609030
3042341846
3035977703
3035908071
3035946855
3026517493
3026495828
2910169364
2943662868
2927410692
2921115148
2922751500
2922882333
2792784941
2791820333
2792212589
2926495983
2926467167
2922279967
2923372879
2922127695
2943296287
3161334573
3169714733
3165586973
3165462029
2628528649
2494310969
2495425081
2226981385
2243693129
2281443017
2276722635
2276791259
2276750315
2274652523
2245325162
2245325178
2245321082
2245833066
2220720618
2216527274
2216533434
2216671626
2215557514
2232351114
2399595402
2382851978
2387026890
2395345674
2395341114
2392260651
2392072233
2408865833
2363489560
2354748696
2354744136
2354744024
2350423768
2618859228
2635642508
2669257356
2652562108
2652562093
2656723879
2673492390
2648638630
2650541222
2650021030
2641370366
2637306062
2366790662
2400382214
2412834326
2677073439
2660278847
2660741679
2660733743
2663153966
2533130623
2520551615
2537348527
2503985599
2485012879
2484480397
2488675741
2497000861
2499031369
2515808521
2515866377
2246391593
2229544745
2230087465
2230148411
2226965771
2226964811
2226970075
2245852651
2270689135
2188833373
2188821197
2264318669
2260055021
2275715053
2247407527
2218037175
2216138706
2232915650
2501161810
2501175154
2534794594
2534862114
2541149442
2683751426
2683723010
2679465234
2683592998
2675204910
2639532846
2639332138
2638233451
2629844459
2642423273
2642423257
2663396809
2663453001
2395033929
2396196921
2253590569
2253591593
2270239769
2215852104
2148939976
2153130376
3235281544
3235307144
3235746456
3520889529
3546055353
3529278121
2451350441
2451349993
2450956605
2453053469
2452022285
2451958813
2468703279
2548463918
2544261422
2678508350
2661699358
2663138142
2667336702
2675762094
2621207486
2621325982
2621048462
2625257118
2633509871
2365074413
2365075321
2365075208
2371561224
2405258521
2415776809
2378159147
2378138731
2361230430
2365359359
2356972781
2352778724
2621349332
2637870404
2671419716
2658853236
2658787808
2656821713
2656757126
2673540502
3709422498
3709356450
3743234466
3743362438
3747423430
4266996871
1987511701
2004039093
1970417541
1953640324
1959939717
1959808661
1958799076
4106282532
4107331364
4117800484
4116756020
4150302260
3009447460
3001337380
2997339765
2527512566
2527526118
2527390950
2531552486
2539919606
2502302918
2507554246
2490515014
2498903638
2498833990
2632986438
2632985942
2498852214
2498843767
2498786775
2633000405
2490463700
2490589172
2222018532
2238728692
2238733780
2234580436
2234641732
2234705156
2222122261
2247351605
2242957095
2276544295
2259906406
2264082390
2264020950
2264008150
2255635942
2272349414
2272283878
2238774487
2238770245
2247208261
2280893764
2278725572
2278720452
2270335956
2270417380
2236663269
2222054885
2490595685
2422372663
2418170679
2418494230
2435317510
2468800262
2468802822
2468712710
3614748982
3623138599
3585389863
3585447797
3588654545
2514912723
2514932963
2540958887
2540792999
2534501559
2534619286
2534545814
2534555606
2547132118
2545378887
2510579207
2510612247
2510681909
2514847540
2514784052
2548342325
2548350517
2523184685
2519006765
2519859071
2519988087
2536699382
3044197878
3052586470
3052651638
3052426326
3044310135
3022285925
2619747669
2619747653
2624984901
3698788309
3706984165
3704629223
3583000550
3582990294
3618723270
3616667078
3604018654
2521867519
2521867487
2537600221
2547170653
2513632605
2507595645
2439432045
2439890789
2431436149
2431432021
2448205173
2439505269
2503399285
2536951301
2536953351
2524378887
2524443927
2524216615
2532603175
2549576999
2549561173
2549421653
2549356543
2549093871
2549093807
2549097646
2515608766
2515678350
2498893198
2498975646
2498779135
2490392559
2489384311
2489380183
2489511175
2489511175
2246210839
2246144374
2280747382
2280878198
2272417111
2171751767
2171850615
2171726453
2213603925
2211577412
2194796100
2188437076
2188433124
2469775332
2469840372
2474563028
2474561877
2483016023
2482819431
2474438759
2440946791
2423946333
2423937117
2423871612
2432203116
2432200556
2428069501
2511987279
2511925854
2448216878
2439807278
2439872550
2440987702
2474032134
2474097670
2524433678
2518076766
2518089055
2536963935
3073824637
3078091357
3050693213
3050627869
3042309439
3042301231
3075857791
3071671775
4145931726
3613222350
3578746366
3571340775
2497627623
3034566119
3036667217
3028135169
3028135681
3028070161
3078469169
3061757457
2788595200
2788591360
2788524336
2788479328
2721378784
2704560608
2687898516
2692100756
2700489380
2700358308
2696157164
2763279740
2780059932
2784291100
2717182732
2742348557
2742546189
2725705533
3061236607
3061793758
3061793726
3078558638
3045012398
3044881854
3027582134
3035904182
3052738742
3048675478
3082167430
2545361030
2549572038
2549510598
2514993511
2514796901
2506417445
2502190388
2485445900
2502354188
3580294413
3588672783
3584478478
3584346478
3588544998
3547651558
3543519454
3543593166
3543593167
4063686863
4063424751
4084360693
4050804439
4059254519
4059061999
4059326191
3503583871
2421477919
2966864413
2966869821
3036018468
3035934500
3035934516
3044388404
3078002204
3061220868
3057030661
3057055431
3191194343
3073687974
3077849254
3077849262
3086954654
3086886046
3086886046
3070180606
3078438110
2541694158
2503880142
2491299806
2633971678
2629641182
2629071327
2645881311
2679436797
2683630845
2671037565
2671037501
2671238197
2671174709
3711362069
3698516999
3698521351
3698521429
2647848821
2647908085
2671857397
2520861393
2520845969
3594592161
3603969441
3620741541
3587252661
3572634005
3587309973
3587180021
3578817895
3576719414
3576753174
3575901190
3559044358
3563226374
1419937030
3618080517
3601315588
3605501716
3597960484
3593770276
4130645292
4281836861
4248216861
3157701919
3027685215
3027750622
3025522398
3025428191
3025493695
3033888431
3050578351
3046384047
3046387887
3046387887
2513903783
2516008119
2507611541
2536839636
2536976324
2536924996
2540888836
3614605828
4159734300
4159743548
4155551469
4155550382
4143033262
3060898222
3056651694
3057107342
3055960526
3055952206
3072794926
3051627823
3030669358
3030796350
3030800390
3030908166
2628052230
2649022734
2619818766
2620801806
2620801886
2625533798
3707710759
3573295397
3589549365
3623101701
3612681477
3612742925
3612738829
3614835807
3614837999
3581375654
3587667382
1440072582
1367655310
1367655070
1367659179
1371861995
3578262889
3575049065
3558189928
3560221528
3715410632
3757554377
3740766155
2667545418
2533327130
2659090490
2653872174
2657869870
2640928814
2632540463
2628400429
2628390749
2632454109
2625129453
2641943532
2642140140
2491088845
2491344589
2491343565
2541740669
2524574333
2524730063
2520519038
2520518762
2519993450
2535917802
2485524618
3563464842
3571591562
3567455114
2225082251
2226128377
2276483368
2259738920
2259738920
2259722552
2276561708
2242941484
2247475948
2239218351
2234991278
2234779566
2234781098
2218084778
2217671163
2221861197
2490297100
2491214604
2231150092
2231149085
2239541822
2256437806
2522792494
2522792742
2522857766
2530852902
2681863206
2648303710
2648303823
2637736095
2637731999
2671412367
2671411598
3732833166
3741238222
3740791150
2675239983
2671044655
2671241229
3208030477
3174214429
3178403404
3186787020
3182854852
3031925492
3033830372
3038028260
3038044644
3021362645
3023441825
3023441891
3035957986
3031698146
3031711474
3030460354
3047237570
3064078658
2527220034
2527285315
2661412947
2666586211
3731907685
3725606117
3742513349
3742574991
3742837662
3575069630
1428037294
1432224398
1423573638
1421492806
1421394437
1152181028
1085072676
1080864036
1076688932
1346295860
1346292996
3491155396
3519514501
3548874390
3532031926
3531978726
3536102758
3595871286
3591680030
2517807422
2517803326
2517821246
2536662815
2507308831
2498906463
2498824703
2499038399
2499036351
2495042047
2495599615
2495435359
2516349565
2507940597
2474386100
2457609892
2457677732
3539929516
3539863717
3539929237
3547663493
3224728705
1077403777
1076339137
1076208449
1075876369
1075947043
