1358699551
1356663823
1406077959
1380926837
1376769013
1376228245
1376227989
1912837045
1916834725
1916842919
1925226935
1656988831
1648536735
3791829247
3791886383
3875706925
3875711021
3842418989
3830890285
3830892348
3763847709
3760014141
3760022383
3760006119
3776775143
3813475311
3813474942
3787801102
3787740682
3771006475
3771001355
3762350619
3762354715
3762313738
3842072138
3842252506
4010020602
4014214650
3930397930
3934729450
3934729338
3934728250
3935252510
3935186956
4220411916
4224541908
4211919780
4211923620
4211993252
3943688869
1774561966
1753525934
1753267630
1820433591
1824693495
1682148372
607176756
538978356
555822132
555883556
555883820
560336428
565644861
548734558
546592462
546625166
562859662
596414094
595888782
591698830
570718670
570898767
587606335
555100461
559295788
636883740
615846412
615785020
631517980
631514892
627837700
627964279
627964279
627964279
627964279
627964279
627964279
627964279
627964279
627964279
627964279
627964279
627964279
627964279
627964279
627964279
627964279
627964279
627964279
627964279
627964279
627964279
627964279
627964279
627964279
627964279
627964279
627964279
627964279
762165623
762166647
1030599157
493728181
493728191
208515515
225293758
207993782
82164146
82164146
15055090
15054898
7781442
7778370
7774210
7794691
53362753
36389072
36245665
36249763
307783074
315124646
868809382
835488494
596413150
579770891
579250952
579248136
584359948
571777068
572297256
571228200
554500140
537788516
537788641
550376417
546255493
814562949
814693005
831404685
311048844
311044749
43592077
1115163786
1109923002
1115451882
1124033066
1136058922
1102570026
1351914042
1351914042
1351393578
1351393323
1355326504
1359578232
1376488664
1376439468
1376414892
302656684
302589116
302645724
302645840
281674240
278540801
12463619
11352578
11360770
11394834
15447346
275492882
304717830
303596807
306744612
843626860
843639148
587753832
554199416
537556424
537580233
541770473
562676463
562598638
562607046
902475970
923446402
1057728658
1040771234
1040734370
973670562
973740162
973747330
441066434
1541014098
1236861474
1220026914
1220027110
1217929910
1285038735
1284039324
1284020156
1149864868
1082886564
1079740900
1077578020
1076529412
36362500
36627717
305061893
305123349
841793573
574128165
575176997
583566631
583568759
591961429
554472916
554546676
554676708
554611620
542028708
1624225444
1892530832
1884076672
1879947904
4043766449
4077288355
4081479074
3536201634
2462458818
2463507394
2482381698
2448896386
2162505106
2158302386
2428329186
2428304615
2428300389
2428284212
2428280580
2431419908
2435423764
2435563028
2469051924
2469068340
2452323876
2452166180
2452099940
2464682229
2461544693
2461540583
2461610086
2478380070
2478394422
2466203670
2524936214
2524932118
2520742934
2520765494
3592351766
3609129030
3575570758
3558732231
3558721485
3565145084
3565149172
3564993268
2449353412
2449091140
2444891716
2176521044
2207781220
2174234724
2173186148
2173202532
2173235556
2177430005
2177470949
2177401319
2152237030
2152570870
2152701846
2152701846
2416951222
2500853654
2500753286
2500747662
2538234254
2546627998
2508805551
2509798845
2513989004
2489118084
3558729172
3560863572
3491641156
1343567813
1347694545
1347890595
1364594083
1383468467
1383468418
309724546
309674115
318042339
318025831
845459751
845455663
828744479
829858591
1903600447
1977066797
1975821613
1967439165
1968487693
4111961357
4044786973
4027762485
4031960693
4031932021
4031917797
4040236791
4040170455
4057017239
4090706343
1926434230
1920140678
1920413830
1928601846
1928647142
1659933030
1676718398
1727051070
1727043358
1718654478
1716758302
1980932399
2115084335
2115031101
4279652397
1947598885
4101374005
4105568533
1958085389
1890860621
1895049933
1895049887
1893149615
1945504687
1928792991
854919054
846463374
846463391
853860847
853860655
853844271
845455663
862233887
862369053
862357309
1936111405
1987554853
1985260343
4128553223
4127705350
3590735894
2534296694
2504918134
2630755702
2627609462
2627613238
2560366102
2560386679
2560388716
2583449452
2570342268
2570407244
2570503500
3642155508
4179010036
4182090197
4182025671
4190416839
4182028231
4182162391
4282825569
4282817825
4261922099
4262904067
4128665859
3591766035
3541434418
3495297042
1349910550
1358372311
1354045877
1351949221
1351891901
1356143501
1406995340
308021132
308036493
309646237
845460397
845521261
845455661
845455405
845456437
841262101
841393173
1915135012
1915135012
1916769316
1916634388
4030646020
4028514820
4028498624
4041086672
4036966048
4038859429
4038867622
4037814966
4058786230
1919686838
1919749254
1919828102
1919795334
1919717590
1919725926
1651286055
1650763047
1718926629
1718917909
1712828165
1981212423
2115395895
2115375143
2132148335
2096497903
2025196751
2023098831
4169411534
3632540542
3632556607
4170706447
3096883981
3096806157
3113517612
3112473132
3146031848
3133449944
3125590712
3121584808
3121597352
3189590504
3191670840
3191735304
3178110984
3031310344
3031310649
2494432047
2494301742
2494303790
2222722614
2234846006
2239118390
2415209510
2410953766
2343834742
2344031430
2343989382
2348675205
2315026820
2372241316
2372394932
2368207836
2369256220
2400647996
2249648924
2248600332
2261052684
2256838924
2257564013
2257551855
2211021295
2169078191
2165278647
2148505271
2416950935
2416933525
2416917141
2416851604
3490593204
3495836085
3512609943
3548261526
1384068242
1383927938
1383862402
326901906
293365218
275574242
275578227
292396307
292461825
326085905
326085905
846179601
845659441
845516085
845253941
841071671
842247223
842185751
907189270
907192342
1041393686
1041377334
1060509734
959843366
955649846
951457302
951453207
949228053
947921461
947921429
952132117
943780477
943756285
960533949
960609695
994290847
453360798
453500318
453432718
458126734
424568714
415987290
411784762
1486618171
1486739993
1486653976
3638344504
3646730024
3675100984
3679421128
4224553676
4220297916
4203520684
3134038701
2584737446
2651669990
2652638310
2653752358
2586709014
2574134278
2561551366
3635293447
3635289877
2562461223
2294037350
2285653798
2300366646
2333072902
2332812806
2345263622
2341069398
2307519205
2290668197
2357773228
2363016108
2222575516
2222967228
2151074232
2436024825
3543324683
3525507082
3525568522
4062243866
1914740794
1932566586
1662025755
1627504763
1627635883
1632059567
558240175
558240175
826741679
809849775
1892119295
1892121215
1892121302
1892018822
1891953030
289728918
302830726
1376665998
1376666510
1381909134
1387193006
1387127662
1387063598
1944889646
1902946570
1885776138
1885780746
1894155531
1894154265
1894039593
1902440557
1916067949
1913970812
1914159212
4077830436
4048470564
3503246868
3503258116
3500108292
3500042756
3500046932
2443108092
2476722076
2464010652
2463945116
2455606205
2455606957
2455549679
2992418543
3009212030
3009216030
2977715774
4051527214
4034864942
4046071150
4079621342
4062921886
4068000950
4065907895
4064846997
1917362308
1917419716
1913291076
1897575172
1887348244
1886318133
4042258999
4042152470
4042152470
4041955638
4041825318
4033367094
4050211846
4083774471
1937335319
1935172903
1935172903
1665885525
1728730965
1699431285
1699267429
1741210213
1737015893
1737143109
1875813317
1850598871
1779235303
1779190246
1795967470
2068715758
2068721150
2068721102
4182648206
4183693214
4259255214
4253819822
4253836206
4287390622
3616335839
2542270204
2475089644
2479226596
2446085860
2446085828
2430406340
2430469717
2153657127
2153718566
2421977382
2430357558
2430391302
2443175943
2174740487
3268270535
3259615639
3255487382
3255490454
3255497094
3523916182
3523850422
1377677559
1902027975
1895737349
1894684677
812615687
808376323
808331379
808398051
1882792103
1886917031
1910059943
1939419813
1938309813
1904792277
1888026117
1888008709
1889057285
1354672645
1358867271
1400826327
1379816855
1379811733
3527295381
1916715941
1927140005
1922888356
1924948669
1945920205
1882088265
1882087691
1882089787
1886386987
1894574891
1911339307
1928108361
1928112200
1919725640
1915518984
1915256872
4062871592
4046364968
4033798953
4042183231
4042212926
4109190702
4100791846
4100726054
2088508710
2088506422
2088580118
2086609154
2027757826
2027693315
416032003
433022209
466547969
449758529
449824081
1523435381
1514989397
1515060997
1515178773
3671038311
3670867431
3670860207
3666649487
4203581839
4270490047
4270490026
4022961579
3976759787
3959986219
1679403035
1679534091
1681632267
1614385163
1631289355
1630175275
1630453801
1635696745
1644119533
1677547445
1677537941
3816632983
3783078590
3766301422
3766302446
3841735278
2780576310
2812029718
2795251910
4136397958
4136394895
4140581007
4111335565
3558736268
3560338340
3563482788
4109695660
4107598572
4115983052
4128287436
4128418380
4132605196
4143088684
4138827821
4142968879
3060834335
3073548302
3040272766
3022444526
3027685102
3161737894
2893840047
2916378287
2949916575
3218417567
3216455646
3182903006
3186966142
3178510110
3157538590
2624860478
2633310510
2628858159
2628780349
2628792653
2626691848
3704627720
3695257096
3695654424
3691384344
3692432920
1410801432
1412773129
1413297419
1413285131
292356362
292356362
24051994
57479482
32321594
32257082
28120090
61676634
61675610
40704122
36518010
36516954
103755866
372191322
376320346
384708954
384578410
921449322
921453423
627964279
627964279
627964279
627964279
627964279
627964279
627964279
627964279
627964279
627964279
627964279
627964279
627964279
627964279
627964279
627964279
627964279
627964279
627964279
627964279
627964279
627964279
627964279
627964279
627964279
627964279
627964279
627964279
627964279
627964279
627964279
627964279
627964279
627964279
627964279
627964279
627964279
627964279
627964279
627964279
627964279
627964279
627964279
627964279
627964279
627964279
627964279
627964279
627964279
627964279
627964279
627964279
627964279
627964279
627964279
627964279
627964279
627964279
627964279
627964279
627964279
627964279
627964279
627964279
627964279
627964279
627964279
627964279
627964279
627964279
627964279
627964279
627964279
627964279
627964279
627964279
627964279
627964279
627964279
627964279
627964279
627964279
627964279
627964279
627964279
762165623
896383351
896384439
896382390
929935798
929935798
896381878
1969599158
1961213622
1961213623
1952823989
4096113333
4096178869
4114004901
4118212564
4149663188
4158604533
4141691061
4133433559
4150079703
4152176999
4118487342
1979392814
1957245754
1424766730
1358704394
1358698782
276764958
276682774
274521094
291274822
324829319
308183175
308183429
306090884
303993524
1376704164
1930231468
1896672876
4049398312
4059885353
4054641961
4054623546
4054624010
4059861770
2984085258
3084814122
3062807851
2794437673
2794298424
2791157960
2786914696
2786915209
2787074699
2770215598
2755527342
2759200430
2762213798
2762225910
2763287606
2780095494
3853574151
3857883397
4151481100
4115826540
3846670316
2768567708
2751785356
2751813820
2752732588
2756853165
2765232109
2897412735
2913997343
3080725022
3084919326
4159710014
4151391534
4159915118
3084010590
3084045390
3084057679
4282509647
4265666911
4261539183
3187799534
3057734126
3082879486
3045261818
3162636794
2625774058
2630952426
2622499178
2622503294
3696241150
3704842719
3700587981
3700676044
3719315916
3757339100
1580687596
1580609716
1446380948
1446382996
1461010340
1465132964
366224052
76751813
76763975
78692631
82886950
73458726
73444390
69384198
73570310
90347782
1197640006
1197968839
1197967255
1197900727
1206293409
1206186981
1457808180
1449488644
1449534268
1449617196
1449618220
1449585193
1457707739
1927514762
1936756362
1936766906
1896911274
1896911082
1880273130
1884463211
1949474859
1947395135
1947366711
2081887543
4233430391
4258727287
4258673143
4294320631
4273369559
4204196727
4204253814
4204050014
4202999390
3150229118
3150229102
3175395051
3171393275
3172388825
3038170521
3038137788
3038068140
4149679533
4160099773
4092989855
4076089527
4076085415
4076146919
4072539191
3539864581
3539741701
1392273412
1140648196
1138749204
1138421564
1121711980
1117307237
3263725861
3280502823
3280633910
3520766006
3512380710
3493837670
3493829222
3509488455
1362005319
1395574085
1361932613
1898717485
1882005805
1894720301
1890529835
1890387499
1890336283
1895579179
1887240059
1360846795
1394380235
1934525834
1942918538
3553595802
3554644890
3520517114
2446784234
2505500266
2539089455
2480238127
2463399725
2459195197
2458145117
2525360221
2525491325
2531184751
2531229807
2522711342
2522741806
3525306399
3524716559
3524720653
1377196061
1377257500
1981764668
907965468
907961117
839807501
827217485
810370767
810373071
806211551
806178543
810385070
810315438
818769598
1888448158
1888317343
1351380415
3498850542
3498838254
3498920302
2425280814
2424762158
2424743470
2424809022
2424616511
3028587903
3049557229
3041168620
3036973308
2936375516
2903948508
2903682300
3960661229
3960665325
3897644527
3893370351
1762729471
1762868191
1796352735
1800616671
1809009239
730983943
729933575
700556559
692102175
687914015
687926303
687926398
688092398
1795314862
1862403494
1866598310
3980594854
3984789174
3984658103
2911983285
2911983317
3182458373
3186912780
3044371980
3076999741
3077012029
3085298477
3047221549
3216035117
3216036189
3218141661
3209749213
3208766173
3187795693
3188940397
3054717805
3054700927
3058907231
3067554910
3062180990
2525435006
2525443166
2529633358
2521185374
2534804575
2218132559
2222327117
2230720333
2226591325
2226486909
2226454125
2224355951
2229066351
2220657518
2220661623
2220801879
2355015509
2355015285
2622996084
2639634004
2673182292
2654308052
2658637797
2522264037
3202195879
3202135471
3195851966
3191659678
3191831706
3191749818
3174972602
3161341178
3161341386
2632920522
2628743002
3165650523
3165441547
3170671115
3187452425
3221073469
3221073452
3212613164
3208413724
3208507916
3208606268
3208533356
3208055916
3203730533
3199141991
3199081590
3199102038
3200117846
3203724374
3195393238
3191796934
3191792838
3172394183
3155621063
3157679567
2625048031
2625441647
2632785455
2632785455
2628533801
2628529705
2629578297
2645842489
2645875288
2650066520
2631204440
2622809673
2623398489
2619171449
2635421679
2635400686
2507539694
2505450750
2513904894
2509579518
2492544222
2491626718
2496871886
2219908551
2215663575
2214713285
2214854597
2483285957
3691249605
3707887557
3745632133
3734099349
3734233525
2660426164
2664620468
2656301540
2651903468
2651910124
2656103148
2549213948
2548104925
2514802393
2549400553
2541601257
2537543145
3077502463
3077570015
3085751758
4159488334
4159492446
3610202410
3610128682
4113448234
4113447194
4096665946
4109314522
1974221259
1974220235
2007765387
1475084426
1467941098
1463689706
1430138346
1362045306
1366035418
1370233803
1370240457
1370247625
1407996361
1395642857
1395582441
1361964905
1366084475
1370278495
1370349534
1403901403
1408233979
1395586283
1362030059
1362095579
1366084943
1370279757
1370355549
1370091865
1399584121
1126890857
3278633835
3287112539
3249298251
3249373023
3249370427
3253727529
2167403817
2167395629
2171448589
2246946061
3316620557
3316563223
2226042231
2230236262
2218628194
2216658034
2216598786
2487139587
2503388931
2507587329
2675359232
2675355456
2673344337
2668877809
2538850291
2538784739
2547209058
2547078002
3218109298
3209699703
3208667493
3074518501
3083033069
3082996685
3082996687
3041053326
4110503566
4110448542
4110443454
4114637230
4123009454
4123206063
4124189855
4124206277
4124234948
4126393428
4126180724
4126193012
4126189429
4117866365
4151551325
4147377533
4147338365
4147338349
4147272749
4117912877
4125246743
3030471959
3030442783
3052462911
3052532543
3086471967
3075854687
3075862999
3075568127
3042144767
4115878911
4099037119
4099104767
4098972638
4107566046
4126501854
4093116382
3530938206
3530871630
3526644558
3526751071
3539464573
3551719789
3551741805
3518187317
3522250549
3511760695
3509657879
3497025847
3497029670
3503374382
3503505470
3570585678
3586319823
3619925193
1447144697
1447155896
1979763848
1980812488
1980812760
2004350953
2012669675
4058505979
4049892042
4033114826
4034229242
3497419754
3497424746
3505878843
3505747231
3518330143
3550606619
3538019643
3556095295
4084501807
4082404846
4048848366
4031157694
4031160718
4031177118
4047888574
4144324775
4127678629
4061581493
4065776868
4076074340
4076076340
4066491148
4066491148
3806572300
3806572316
3823342108
3848507965
2754859581
2754859565
2754790973
2771504685
2771418413
2807064877
2798669183
2815907278
2815842254
2782270110
2782266014
3033601982
3033540014
3033541806
3033545902
3050376351
3083934861
4143131853
4143130077
4133959509
3596956485
3546620165
3513213189
3571905845
3572946743
3572946695
3564633863
3564478214
3564224311
3564216119
4126383415
4160062775
4157899031
4149510453
4145525621
4145473509
4149634469
4149682597
4148502693
4148506845
4148625612
4149674456
4149547880
2010463784
4160043579
4155898394
4155812426
3853822794
3858014026
3832842058
3828646666
3828781882
3832980265
3832979756
3828802340
2754962224
2771850000
3040217057
3073838563
3065776610
3064727730
3065920642
3065914498
2528583814
2533171590
2516531126
2516483735
2512260789
2516324268
2506887084
3610017276
3593266508
3597591820
3597066524
3598185245
3598177037
3598045965
3598054205
3614962991
3564297503
3564554511
2499201294
2492942686
3566493038
3566495214
3570688510
3570688510
3562299567
3562304685
3494270141
3494301084
3512126876
3528510908
3524314620
3524314573
3526423885
3526419727
4067616062
4050839358
4101171006
4109522702
3572713247
3568326511
3568330605
4056966637
4056954349
3510632925
3510632797
1363542365
1372991771
1372988219
1373053738
1901389611
1934998811
1930926091
1930729483
1913952267
1913948361
1914080655
1914078607
1914094479
1929823167
1929892783
4056019887
4036158381
4103267165
4105430797
4122011421
4155565357
4159759405
4134564911
4147201066
4111664170
4094827886
4099030366
4107418958
4107490638
4107621854
3570685278
3721684814
3755239238
3747053318
3746987814
3747503910
3749647734
3757913943
3757929285
3753890517
3753886453
3722298084
3587475172
3621037540
4149519460
4149259380
4111711300
4111635460
4093809940
4093822836
4026680932
4026746596
4026599157
4030924501
3015841463
2998998950
2994738598
2994746774
4068502918
3531695254
3536942502
3528799671
3530973575
3530973655
4051096055
4034250095
4033991999
4033981711
4033981711
4059080990
4092636206
4067486766
4061158446
2987394110
2987787326
3007709678
2966828030
2492871566
2492887950
2492856207
2492790717
2496986540
2538916332
2520042476
2519128700
2452515420
2452434445
2452366863
2473013855
2448831359
2427851119
2427793773
2427727933
3505389625
3495952408
3508548632
3509660728
1362180136
1360070936
1360153032
1360460169
1360326027
1360299403
1410630026
1413841338
1413911466
1440130026
3583157226
3620841322
3620775726
3595609918
2522081086
2547179326
2542985006
2542968103
2545065271
2545075463
2415248647
2390031383
2389994551
2384800807
2402626598
2369195302
2352349974
2354971206
2359173710
3432981214
3432538861
3432571884
3449335208
3445139864
3474495896
3474688904
3476982664
3744893641
3610675147
3610411338
3614609678
3622998078
2515574830
2649792558
2633031726
2633229351
2631062821
2622999845
2618674997
2623012661
3050766133
3080126229
3197613845
3197407765
3201598055
3195306735
3191112431
3207976623
3207981743
3207952815
3211090159
3211090143
3211229391
3219537103
3219531087
3202756943
3202691903
2661642607
2661643631
2665753701
2674142293
2637184327
2620527967
2622633983
2626839279
2626905087
2626737087
2649802143
2641677727
2641725917
2536937949
2536958429
2536958413
2535877005
2536398735
2540584863
2548987837
2548528061
3085202349
3076805037
3039056317
3039023261
3038945373
4112622653
4079004959
4079004943
4079009037
4083387661
4091970620
4091970604
4091989036
4049980460
2972047716
2973162485
2973171445
2973157047
3008742023
2740306567
2731971527
2729874759
2729942049
2729763873
2742345761
2770625317
3022397957
3022402061
3022389789
2758083182
2762737518
3165396074
3166443626
3166451802
3183355978
3221122122
2675899658
2675754298
2675758394
3212637563
3212699643
3221153497
3216421528
3199636120
3201614504
3193234088
3210011048
3208962280
3042406508
3025558589
4097181725
4113971421
4147521759
4130744719
2121677198
2129004430
2129002894
2129068174
2128941278
1601970422
1551638630
1014767975
1023288045
2092852965
2092725940
2090657412
1553261252
500490948
492237652
487772468
487702829
1599140157
1601434909
1601361181
2146606393
2062719289
2079492377
1534167305
1496811849
1496763785
1478935961
1479004585
2088034729
4176798121
4170469803
4169458111
4169459134
4253478390
3755138518
3748808534
2658223958
3731895894
3757057622
3757254262
4260566638
4258268014
4258283887
3184582973
4191199500
4183007500
4182818589
4178623261
4178618943
4177783679
4177723262
4278325726
4282515918
4282515918
4292018415
4287631593
4287640809
4152376568
3619698888
3620829320
1431566728
1462950296
1462947209
1462224777
1466287003
1465963242
1398928234
1407447871
1407447327
1440870719
1440867631
1969483117
4116901885
4112777213
4112567733
4112549367
1969522647
1969592151
1969600311
2003166999
4146520838
4146520343
4133937191
4150744103
4158930983
4125376567
4108665095
4108833541
4108571157
4108506677
4108500541
4108499741
4117932301
4149393733
4145143237
4144027029
4144001439
4149433263
4157817775
4159766959
4159780271
4151389631
4151536029
4143151549
4159962589
4159961037
4159796045
4116738781
4116767471
4099990255
3026315247
3170097134
3169898470
3167779782
3184552774
4126174006
4158746422
4150351638
4133705046
3068293222
3068317799
3068379239
3194192967
3189832775
3189827655
4280346887
4251175510
4259450486
4259454694
4259456758
4259325926
4125111783
4125113573
3585092852
3585092804
1441803716
1433484740
1429421972
1461796277
1462050295
1466254806
1432732870
1432868038
1440785878
1440785910
1440789991
1440777591
1424131925
1424140053
1415751477
1415817015
3563234583
3563238679
3580005639
3580005655
3613563159
3730999575
3731081495
3731906391
3731978055
3748868687
3748795135
3723625199
3719369709
3719320045
3723519453
3721424077
3746622813
3742428541
3742625119
3744658783
3748844862
3757167983
2681320815
2681320815
2664546143
2663495629
2663511757
2522054397
3595714221
3612483501
3581021605
3581021621
3564309685
3571520725
3495965781
1348477973
1348478005
1361081397
1361081367
1365308423
1365361990
1407616598
1407618806
1407622902
1407487702
1457838935
1457830239
1458040093
1449585949
1449582621
3613651005
3579957293
3580084525
3563516221
3563579167
3563384599
3563375189
3563407988
3563473620
3563462340
3321247684
2247570260
2278887700
2207589719
2176068982
2176068966
2176085286
2209674542
2213840174
2197061902
2189263118
2453450766
3527192615
3541872685
3508379997
4044337485
4077881213
4090399597
4140734781
4132366653
3055511581
3057413149
3191350333
3208523853
3179151565
3031303069
3031319212
3032433324
2495379132
2495374988
2507957916
2536797869
2503235301
2637572087
2641766342
2633443158
2631213910
2631214022
2633327558
2516021710
2516010334
2516045183
2641746303
2641688957
2637490557
3744526157
3744573199
3730018575
3738403167
3738407038
3738693742
3738563823
3732198639
3749008559
3744879775
3577095311
3564513181
2499163821
2499217069
2515617516
2549118556
2522931724
2522931980
2522931484
2531324204
2531374381
2548219181
2515705135
2488518975
2488388366
2488393486
2488528158
2505237790
2505298206
3050554174
3050406703
3050411823
3046227519
3083967247
3209743119
3205548415
3205504367
3205709311
3205641694
3174437278
3187016126
3164996007
3165008295
4239405503
3702530463
3704676697
3695223049
3691030792
3692275976
3692210441
3708983577
4262632233
4262891083
4197859978
4197843594
4200989594
4209377706
4223078634
4222887150
4189069422
4191248462
4191346702
3721576718
3721449582
3711984879
3690998959
1946253477
1950538149
1958926996
1954712196
1686212228
1740672644
3858804468
3859851060
4128416020
4130598932
4129312804
4129296429
4246876205
4243730735
4239529838
4237430510
3699383006
3699388110
3699388110
3436199886
3428195726
1148586383
1148586893
1149049788
1146384316
1314187148
1312072588
1177990092
1177977613
3324019503
3605037614
3600854570
3617635114
3617757498
3621952554
2535889978
2636547098
2641855819
2625021785
3161894764
3161980780
3176515420
2669135180
2669069388
3212005597
3211882749
3211993319
3178377703
2649905127
2649966327
3180418775
3184588503
3075532543
3075536621
3054548829
3058874189
3084039948
3050487308
3042025020
2769327660
2752550445
2756806191
2759046974
2784081711
2775635247
2771438893
2771472157
2805350349
2805346236
2804367269
2816804277
2812739974
2812674182
3081109654
3216322750
2645827814
2629053542
2633772054
2499570694
2499603462
2495525910
2629739606
2629674181
2684335556
2657001156
2520682180
2520682164
3594309284
4131153636
3056886252
3076866477
3085303983
3047580911
3047648367
2515914047
2499136799
2498227983
2515002895
2514855439
2548406047
2548401455
3068628015
3069611053
3067513861
3059133700
3059136284
3055010348
2987868716
2971087580
2954240649
4028506763
4034793386
4038855082
4037806250
4038858938
4038342794
3551815818
3538002058
3529613323
4066422793
4066418729
4074807593
4074807597
3085083437
3051791119
3026638607
3022409007
3023833391
3158051310
2621245870
2633906590
2646486926
2677872526
2677290958
2413048830
2404856158
2379669775
2375409948
2241110332
2241111868
2245306204
2245500620
2245959308
2237566901
2233453989
2635910567
2635390375
2635521493
2673274181
2681661189
2682058517
2675745303
2671616790
2671751446
2638184566
2638001382
2675764454
2682186998
2682191063
2673233349
2505312085
2500924981
2490504757
2498891317
2494766647
2493726262
2510372662
2242919702
2276726038
2276722006
2262062454
2278880630
2270467447
2235929975
2504373303
2504373301
2512755733
2512763973
2538061012
3058087156
3053892852
3053949108
3053944996
3053900196
3070682532
2769743796
2757155525
2765552325
2782386901
2815810527
2799038415
2792678734
2792744286
3061141870
3078050158
3078033774
3086431614
3069654398
3069532006
3070058358
3070020951
3078479223
3044465941
3161896197
3170803972
3170869508
3028148532
3023893028
3023852260
3024033508
3028227749
2768047783
2780565414
2814138807
2801563799
3070163142
3061250246
3061251398
3061315350
4133876534
3060065086
3060064558
3060031534
3194314798
3212127270
3178567798
3161856214
3161857478
3036022470
3031843526
4104503926
4104509047
4104437297
3026497280
3039096064
3073698864
3071405088
3071505440
3071431761
3037856963
3037859778
3044429554
2981486306
3015036642
3064301235
3064238977
3064243136
3076829904
3039097585
3022452453
3022415589
3022270183
3022272935
3039037602
3043297427
2808510595
2816670849
2813504960
2796727616
2800985344
2809242880
2804983088
2771445537
2771478115
2754750179
2753697442
2757822114
2761951142
2778727846
2812288406
2795530454
2799757318
4133547014
4129354759
4129546245
4129480709
4129452061
4146216988
4112909340
4100340028
4101462844
4109851197
4105566781
4105502237
4120180559
3084697934
2531180638
2531184894
2547971566
2547934630
2514446262
2497668758
2497582998
2516389799
2515799461
2507419044
2536777204
2536846676
2503353093
2515673605
2243043847
2226267654
2226132790
2226413350
2228517158
2220116262
2220346646
2371286279
2370756871
2379215111
2379071765
2224865637
2229040485
2220649829
2235320431
2233288831
2266909007
2253286735
2261149007
2256823679
2256855535
2273608173
2277802477
2245297149
2228716445
2497160119
2488772583
2488573415
2484374759
2484374751
2501354575
3071730767
3057049631
3057054015
3077993855
3086440319
3086319199
3184852701
3184847613
3176528637
3176652751
3210200911
3212296527
3220689215
3220566319
2952061231
2910117935
2908021807
2908026159
2950159661
2949119263
2948719951
2931877214
2923558382
2940587502
2936360430
2937540070
2941671382
2941679319
2933289685
3201766100
3218944964
4250214724
4164300800
4164292612
4164301844
4168559924
4174719269
4170525485
2022972399
2140605327
1586957199
1588924047
1458832015
382993087
383001515
1455743401
1984274857
1984274859
1985254511
1981588543
1920771087
1651287055
1647281167
1932492861
1883144245
1883160885
1885209445
1893597925
1893597925
1962152685
