2629121534
2627024350
2626957823
2626712047
2647683581
3713069533
3708935628
3742489036
3742497245
3741444605
3707890173
1561488799
1599239567
2136097183
2144453055
2110845357
2110841261
2102457572
2098265284
2098265156
2100492309
2100493607
2104688423
2112016150
1575212806
1566635782
3697319186
3697331506
3706768690
3706899826
3717393890
2576527330
2677194707
2680606659
2672282051
2652166467
2652175667
2675436835
2683757857
2545337649
2545272113
2549400928
2549401440
2515830304
3052772896
3044318753
3044318773
3040124436
3040198260
3073752548
3055009269
3059152021
3053974661
3053933700
3053933717
3053862397
3058839533
3086171884
3081838188
3080732252
3052416973
3044042189
3027265023
3025159662
3025323482
3050497482
3050497498
3050562942
3050343790
3044052266
3044052282
2754719002
2754866511
2771576781
2771572701
2771535613
2771587757
2771719085
2805208487
3077903783
4126547191
4160101575
4143344903
4143279367
4139050261
4139050293
4139094069
4143288375
4143296567
4117148694
4096171334
4097215942
4097231830
3828731366
3849647591
3847546341
3847544933
2757222404
2759319556
2755132692
2754042676
2754042404
2753890868
2758216276
2766604020
2778989284
2813596341
2813600694
3082035366
3081516198
3047951526
3043773606
3039190166
3039194246
3073797574
3077990343
4151666263
4160189255
4126569223
4260721431
3723784487
3707560229
4236047677
4234016061
3714055517
3722444253
3722444253
3755998687
3747533966
4150183054
4283908254
3749139886
4286002606
4286003118
4285867966
4285866718
4285805278
3748999806
3715576623
1576097599
1576029471
1576069391
1500555527
1500620807
1498659847
1532204053
1532067861
1526825045
2046988497
2063790257
4211275187
4181874611
4240590513
4240524961
4241522337
4258295461
4258295717
4291882389
4282512853
4282643799
4283692343
4283561015
4159829014
4159821079
4142093623
4142028085
4134688533
4132665173
4132691317
4132556149
4149315893
4115896599
4115905862
4101422406
4101424966
3025651526
3025650662
3042202599
3050578919
3084150759
3216471527
3216496119
3182806389
3186935061
3186677013
3178345749
2641618708
2641622548
3174387317
3174387317
3174391783
3161812966
3170266598
3166068214
3182906822
3187113286
3212176711
3207916871
3205889301
3138911541
3143073061
3142659893
3117430293
3116578357
3116578341
3149989415
3149927974
4215306102
4211144054
4211143806
4215385182
3946949711
3946884175
3930299599
4194473166
4194481614
4194496990
4211274143
4215436735
4181882287
4190262701
4257367973
4253505469
3179771869
3167090637
3168136653
3159882959
3027683551
4100377021
4100377501
4117225373
4150581151
4134822847
4134822831
4128531367
4128732007
4134753063
4141970215
4141901111
4141901063
4158874631
3051516935
3161642295
3159475495
3158361975
3166828127
4240696909
4237420125
4241553005
4249935853
4279565821
4279597535
4279687263
4279684127
4149658655
4151791647
4151828751
4252426525
4250129212
4241740076
4232115500
4232079740
4110429165
4114628335
4156688046
4152492702
4135715534
4135715786
3750760811
3754980395
3713034281
3707824137
3691047177
3695241803
3720469194
2105722762
2105721226
2110996666
2102591658
2131959983
2130845871
2063737221
2067935892
2143372004
2109797933
4258313791
4249923087
4252020238
4285642270
4294161950
3218185758
3218120222
3183513470
3175275758
3208828134
3209872486
3218260215
3216176581
3220269012
3211800276
3205504756
3205697236
3172075348
4252120340
4193334301
4193266719
3656395838
3654298662
3654509590
1489196294
1489031430
1489039702
1480847830
1497544133
1531164117
2067906004
2051128820
2051251708
4198604284
4198610429
4198610429
4198752765
4215533949
4215533951
4282504687
4282504683
4249048555
4249057279
4249040863
4232263567
3695317982
3695380478
3703899518
3720613182
3653532958
3654577470
3654380830
3688005390
3654438414
3654436366
3654436366
3686880878
3686815726
3670042093
3670073580
3670069420
3661873308
3678585996
3674404036
3640847812
1493364212
1493417444
1531035109
3678665847
3678598215
3678598214
3645101142
3712079222
3695441398
3695443926
4240572151
3699441317
3699472036
3703789220
3712041972
3707781588
3708896324
3742585861
3746724869
3757206551
3753045303
3618829623
3616786199
3587229469
3570451997
3562075773
2505303805
2538824687
2546037166
2545959342
2537571758
2638241198
2621701566
2622675919
2633157581
2629041740
2631984724
2640339492
2636141093
2636202789
2619569955
2557699362
2566090018
2582871314
2614228226
2597582082
3671240963
3671232849
3671299441
3729833312
3725655408
3724605680
3724795105
3724729569
3692188883
3696365698
3698459014
3698459270
3706918630
3702617831
2628808295
2643487333
2664491589
2656103173
2656107783
2656304215
2656228438
3740419286
3757180118
3713146102
3713215606
3625007223
3625000439
3629195109
3637720615
3633394231
3633346070
2562778646
2554390038
2285940246
2563030551
2575744565
2576269092
2610871844
2594147908
3134754500
2597887636
2589824684
2587870892
2587313063
2584871078
3205632182
3205637270
3172084950
4241636566
4237433030
3700566470
3700584390
3700653766
3706771142
3715160054
2672883174
2656364518
2664933239
2664625749
2664683077
2664493589
2658202133
2683425341
2650003245
2641483565
3178296621
3174096173
3172064285
3176389645
3176397901
3166957005
3166954975
3166959551
3175338927
3175334831
3175170990
3176220079
3209819583
3209751743
2937089181
2804968901
3073600973
3077713876
3077965684
3086354004
3051820612
3026465364
3026461269
4109132133
4104970343
3030831334
3047670886
2544143446
2540997638
2520234246
2519116039
2535975175
3072782103
3076710199
3085092407
3081945719
3081880535
3081823735
3077629415
3073402022
3040029879
3039968695
3039958439
3086092197
3081962485
3064992725
2527076685
2543853837
3584058653
3567480613
3567476261
3563085349
3558886965
3290516999
3559063303
3559038279
3580005639
3623001350
3606226754
3606160706
3606094178
3597701218
3595616354
2517648610
2517705938
2651991250
2672962918
2679250214
2679246118
3719366919
3718260997
3723504645
3694148661
2553304108
2557572460
2566058732
2563953388
2563801852
3644891868
3678447308
3661672013
3670141277
3671259183
3679615023
3675392063
3641843023
3625334223
3629266383
3637643231
3633387453
3632278973
3636473271
1488989655
1488993367
1212226583
1213405207
1213347847
1481783559
1532378387
1515716403
1512027955
1511757585
1511626005
1511560692
3665342436
3673722532
3671695028
3667590828
3684368045
3650023087
2576281007
2579930286
2580909230
2614398127
3218377871
3218451663
3176638541
3960973629
3960900396
2906032925
2939599109
2922818580
2922897444
3862233125
3862233405
3862307807
3849724654
3841328814
3837201082
4105505434
4105448074
4103350750
4103366726
4103391238
4103375874
1955959875
1419092161
1414897824
1444110752
1444028800
1444028800
1444021168
1448280992
1456488417
3601886053
3617647367
3584076558
3617766158
3621948174
3622014734
3739322142
3739481918
3740455231
3664920885
3662807093
3662750756
1511009317
1528048677
1495218277
1478376917
408567687
483266182
478942854
478946983
478962341
495248293
239120805
234927329
369132563
370195459
370195459
370326546
907188483
936544771
900893186
1979091458
1948752130
2082839554
4230857778
4163650658
4164694242
3103405026
3099199158
3098218165
3098029732
3098029732
3099340468
3103582148
3101139397
3101073733
3092423989
3088293173
3088156949
3087047424
3087051264
2835394052
2852316740
2852312788
2920695463
2935440806
2931573926
2931580070
3202104470
3189517446
3189583046
3193859431
4277822759
4272555303
4272882691
2679055361
2649628929
2624467729
3697672800
3697607281
3698655861
3707065909
3702651511
3702647382
4239502150
4193298806
3144718438
3190852695
3190915085
3188883468
4262629700
4010975716
2903761892
2819696100
2823822244
2832206757
2844985830
3934391622
3938854150
4199883014
4215021846
4185405286
4192876518
4171892454
4172811910
4189597318
3655135174
1532816710
1498872918
1498866806
3629281382
3637727334
3636621671
3636614125
3636708060
3720463948
3745570316
3741432332
3724712460
3725769564
3742411101
3742412255
3713041886
3713188254
3713188239
3587371919
3587367839
3620856559
3620762351
3612370543
3612370735
3610273087
3614565695
4151825471
4093101181
4093101149
4049044955
4049442763
4048327387
4081898107
4081894010
4149035610
4133425786
4150076779
4158467115
3185322027
3181189211
2627689547
3705099598
3695661902
3712185214
3746784238
3746783742
3755176447
3754119597
3753928100
3720373732
3711989204
3712054724
3707958596
3708999028
3709261157
3713531223
3713465799
3713458119
3713453959
3713453719
3713324775
3721717734
3754976230
3721491302
3721621814
2649878838
2633035822
2633036846
2633104703
2649921821
2649922332
2681311004
2672877132
2668688972
2668721869
3742574333
3612489391
4149352367
4149477806
4149481647
4150014143
4116525261
4115485901
1967975501
1431088141
1426369807
3575033103
3575029518
3612512014
4291989022
4286758702
4286754607
3682658159
2608919935
2613122399
2605778302
3641771502
3641902318
3641849070
3646043558
4186120589
4185973132
3682641804
3649091468
3644890844
3644899036
3640700508
3640831517
4178753343
4178761519
4183015726
3111351614
2574464270
2557615374
2563968318
2563836206
2580561198
2579506654
2609062351
2592231823
2592260509
2659549596
2659497388
2655298980
2667879844
3709308356
3709246917
3709265349
3709264709
3713426295
3705103125
3705090837
3705082165
3696510244
3696549156
3707042100
4109691189
4126648597
3623271687
3598091590
3593830862
3593847694
3593810846
3593872030
3598062270
3617982382
2544113070
3081004271
3081037020
3086001228
2536547340
2536678412
3073550108
3044189724
3052843564
3052900909
3052716655
3179071214
3174844398
3174911406
3174972606
3178638558
3178642758
4285936903
4294390021
4159709452
4126416940
4126416940
4126552093
4107669517
1415446539
1432175931
1432157995
1465708139
2010963531
2010959563
2002634698
2002698698
1968607738
1970708970
1970795962
1970656666
1970666906
1970530747
4151437739
4157664683
4140885435
4140953786
4134629594
3597889786
3606209006
3601998318
3618845166
3616543718
3587192551
3578869343
3578951247
3614701069
3589400349
3585146237
3522231805
3513838812
3490774237
3490897373
3490891229
3507635677
3511842783
3513938782
3514004286
3512791854
3513835814
3522224438
3515938071
3515925783
3620785941
3612528439
3595763511
3725780759
3748816663
3748819735
3723907847
3640018503
3633792725
2564062965
2564059109
2554359269
2566972781
2600530989
2606092348
2614489116
2677383452
2677384060
2642917116
2647111404
2638732972
2673331901
2669137853
2534792685
2534735085
2524300671
2524434703
2532761870
3069632798
3069571118
3069498414
3078476846
3078608222
3040794574
3024017103
3024012943
3023953799
3158175127
3155553767
3176529127
3178617975
3086474247
3085368583
3076941127
3077007319
3076743863
3076747943
3051553703
3048276903
3081766823
3079677863
3075499751
3071305495
4147143430
4281495814
4251086870
4242764862
4238572606
4108466255
1978800269
1964185740
1996496012
1996686780
1984037272
2009465752
1972703960
1974755881
3585401389
3584353836
3554981672
3554971448
3546648344
2473035272
2448851464
3503718984
2492891849
3029762778
3035924330
3027548458
2770642986
2770708538
2938547466
2938549770
2905002506
2889339467
2889171659
3962852011
3962859951
3975434415
3988013287
4021768199
4004933639
4277559303
1987469319
1983212581
1983146215
1987463343
4151724173
4159064205
4125609868
4121019036
4121031388
4105233004
4105232940
3033588264
3033589289
2756749865
2756749871
2907744815
2943654190
2926872846
2921775374
2922299854
2921775310
3928379566
3927969966
3948937390
3907129478
3908187526
3901894046
3900714430
1753230750
1753228686
2038637983
2038633983
2038433231
2025858511
2025942479
3654414301
3721510909
3755057021
3738279757
3738410573
3730282061
3730282231
2549592823
2549593078
2516046758
3027620262
3025490342
3025557414
3027634167
3044151127
3051363607
3051367733
3051365669
2489349157
2631954741
2632179973
2633164117
2624839029
2622528853
2622536005
2673060101
2656222981
2658328325
2666696469
3203450657
3203454755
3195069795
3209748594
3209752818
3176349922
4245831922
3708948674
3708954050
3742508994
3748806642
3723698146
3719307234
3719313399
3568313797
3566267780
3566329220
3717315988
3721445348
3744514020
3744503781
3743462741
3743593733
3743601927
3747759415
4284699943
4284710693
3747839541
3747749381
3747690055
3715113559
3715179351
3721539927
3717349479
3717252143
3750817071
3683707199
3683690783
3654465807
3654458630
3646065942
2551416119
2551427351
2551357701
3641897745
3641889553
3712209520
3712209520
3712053985
3695211233
3695278067
3695705555
3713465555
3747006659
3740715203
4277652673
4269126737
4269121761
4267028705
4132810961
4149588181
4111982837
4095144437
4095104695
4095168239
4099349230
4101323502
4109646574
4290001918
4273233278
4273265726
4273271838
4277462031
2128076813
1850974269
1850978349
1779613732
1779613732
1762808853
1746039877
1746023621
1746015893
1745028773
1749092005
1753220773
1820339877
1820339893
1837117063
2139123591
2009099654
2000876934
1997723071
1983042799
4130591967
4083407951
1935865871
1935923295
1902139487
1885367515
1893823963
1889686235
4037165801
4038247145
4038120043
4049658411
4112572955
4112573963
4112559883
4079140635
4083325755
4083321627
4084566795
3816066827
3891760971
4158031707
4149647227
3075990383
3071664623
3040309759
3040235999
3044430199
3052814695
3048488999
3048494119
3050597397
3042274565
3042373380
3042369028
4116071988
4124329508
4115952228
4115952637
4099233247
4099298526
3033980062
3050818750
3050687678
3075792126
3077897694
3077896159
3077961469
3078088445
3086410461
3084083861
3067114149
3067105957
3058700709
3058696437
3058767093
3060868341
3085397109
3047676951
3030830342
3035028742
3169234694
3177686294
3211039030
3212087334
3210014758
3210010679
3172425997
2618696461
2624994845
2624981549
3707111973
3703376469
3585923925
4139563349
4143748167
4143742983
4135489607
4131295317
4131295297
3074330688
3023737296
2755384032
2754287264
2754164385
2758295207
2762480294
2762480294
3047700918
3082299526
3065851014
3065932934
2533289095
2541677957
2508111313
3044974032
3045064688
3028154321
3024090833
3039261379
3039777778
3039770082
3078436322
3078364386
3086748774
3086949430
2544790534
2544788743
2548884743
2548884487
2516448279
2508112917
2506015765
2506083445
2505571701
2505502165
2513885125
2547500757
2547308269
2538890991
2501148415
2501251039
2486575103
2419539430
4034215415
4059395285
4092973525
4076196292
4074021844
4065633140
4065638004
4065693488
3797388593
3797326899
3809975347
3778515986
3761681426
3761692982
3761693542
3762176871
3766289191
3766224679
1618742063
1618753855
1627207967
1639397695
1639385407
565591309
597111053
596914509
591667677
558117357
558105069
566495213
566497151
600145503
600174095
600178207
600178206
600112926
558144798
558210334
558225791
558356862
658930014
2000845086
2000890686
1598237502
1602628158
1603217974
1569533586
1552510866
1552465315
1556649121
3695740049
3709378689
1595646080
1595580800
1597682560
1462424384
355338004
338443044
874785636
874785644
879106413
888539515
349439054
349437966
336592910
473059358
472048942
480489262
1571924518
2058468886
2056488455
2056684292
2056618244
2048172068
4196180004
4195200036
3121461284
3138254885
3155064871
2886343623
2756316806
2761556615
2763588261
2696413868
2696426156
2965119660
2969313724
4047253692
4044632233
4077270169
1929521291
1929521355
1933720011
1937914714
2005019402
1971547914
1438873354
1439027466
1438929178
1438994746
1435463722
1436315690
3583829034
3583951914
3621448762
3746087962
3456746570
3456746586
3461922842
3470278970
3468165434
3472430362
3455729466
3438948154
3438948187
3438952281
3438821209
3438821208
3430426488
3447203689
3443029993
3443185385
1295697643
1333495467
1333302973
1340651164
1336457108
1336459156
1332395924
3442917248
3426139776
3423778496
3423769297
3440439906
3444630306
3721453858
3581960482
3615716402
3615906290
3548797365
3554564500
3546171780
3543813508
1396327812
1362805124
1362739853
1365820207
1374217518
1365830698
1399614506
1382836282
1382710298
1449819402
1449850634
1475004222
1610139390
1593347998
1320718223
1336509829
3484063685
3488257985
3446338513
3442467681
3426640737
3292410849
3296138211
1157044097
1154948993
1155467664
1154226592
1162619296
1326197921
1310483587
1176424642
1176420610
1190838530
1185513750
1185456422
1470670631
1470869293
1476128620
1467543532
1463320492
1446606236
1444500729
1444430955
1465386027
1364802586
1163799822
1174286094
1174300430
3351201590
3351037223
3466387751
3483164981
3487474032
2371785424
2357101264
2357102212
2365505156
2365497028
2220133093
2220141861
2505370983
2538923255
2547967175
2514414743
2506005927
3045035941
3040448165
3040462471
2501898946
2507563522
2507604518
2502963750
2637177126
3212058662
3199691814
3198155830
3198146615
3130563652
3149438020
2574812996
3643442756
3693781700
4230931140
4248729060
4248179941
4283907302
4291116278
3720690902
3721802950
3588101958
1438516742
1437271566
1168651870
1202218863
1203298669
1324933468
1316602188
1316667724
1316668748
1333490972
1327181101
1327377706
1331047802
1297561562
1305814938
1300505530
1300521898
1283777449
1283757992
1548523448
3691876344
3694759768
3711680008
3745162776
3728319272
3732448044
3596149565
3613069598
3579449710
3562672622
3564769774
3573157358
3573156310
3568961990
1425632582
1442377039
1467524429
1178186189
1178243533
1178255821
1178255695
1178273086
1178148138
1182350634
1182477610
3338347834
3485037834
3753480458
3753488650
3752375673
4289238504
4293443048
4285054440
4146695320
4146758792
4147810440
4147798152
4147781816
4147782061
4135203757
4139451053
4072473327
3534489119
3551277583
1105994247
1076699911
1076765447
1080963847
1080694021
6948292
3868036
3689860
20471173
54099870
37705630
1111416782
1115148046
1113972538
1118102826
1185734698
1185718314
1185456186
3349913611
3316220201
3454583272
3429491624
3425425336
3425326984
3429512840
3429513097
1147879385
1148936169
1148877800
1157364184
1307090376
1567401160
523022424
1059950680
1026527544
1866380584
1866380328
1851696172
1846841404
1847369756
1847418908
2115969036
1966739820
1954153188
1957298917
1957238502
1957246582
1957176854
1420305926
1462248974
1445619470
104502286
372950026
303615002
307813626
316202171
328752297
301488040
276353704
271082152
271114904
271372952
1350402776
1354139240
1938995496
1922082876
1922279436
1985133580
4128419852
4128342044
4128473133
4147548271
3040276974
3023488750
3161968294
3162262182
2891738791
2916888255
2916886431
3214747551
3216981982
3187097566
3186966398
3178512222
3174315870
2641703230
2650087790
2645635438
2645557759
2645586381
2643519365
2646648709
2638456453
2638714773
2500233141
2501299701
3575077365
4113901941
4114491669
1967012100
2003699972
1936592132
862917909
862793781
829239605
838676789
565014839
564958007
564957974
602702742
577614006
577614006
841856182
841856182
858635447
826146741
1881046717
1893088957
1356213983
3499376158
3572771102
3568625950
3585452350
3619012382
3602229022
3736908558
3602690319
3602755869
3606941821
4148003052
4148019436
4148053228
4114488813
4114493437
4118687739
4127012827
4122818379
4126947145
4158408520
4158408680
4158412776
4158645992
4158645928
4154320536
4156422024
4156462985
4160655769
4152197563
4147482875
4146565338
3844584795
2770838843
2754078507
2774787625
3857937977
3857715769
3857715771
3782488623
4084470570
4050977898
4051115242
4126555390
4122885326
4120804494
3583964302
3620459727
3586703695
3578315575
3579373349
3579504421
3581601317
3589987893
3590246005
3758085973
3749574597
3747471829
3746951413
3709169765
3692507189
3692507191
3696702519
3696301351
3704700199
3704710437
3700651269
3717289413
3751072645
3734492036
3604403892
3598173868
3593981612
3593703069
3593715341
4134577823
4134576875
4134576746
4134581034
4133593898
4133740842
4150456362
4116894762
4118170746
4097187034
4231404762
4235402682
4235400634
4243665338
4126159322
4126171355
4126171357
4126241277
4126369277
3589367805
3589367773
3581376223
3589731071
3589718879
2548467519
2548860215
3085743415
3085739325
3077416221
3077486365
3076952605
3039199759
3040249375
3040265855
2771779567
2805263855
2809462251
2809449945
2809480649
2809607625
3883349336
3883343161
3883220281
3849599289
1702182203
1635201338
1635135806
1626812478
1891438654
816648254
816593934
816584718
279709966
11368767
28147197
27145613
30290317
63726524
63719340
30183340
9279933
26065343
42842558
47167790
38778926
37727294
36547598
36545550
36676638
305052735
305040415
303990813
370116700
101619916
101643404
105570692
122315396
97133196
80286396
80225000
76030696
76099112
10168889
12258073
1084950623
11257999
11073678
11049102
44860606
45060270
40800430
36614326
36614294
36630726
37679222
37281830
37282853
305702180
310023964
1408930316
1442550276
1425646100
1421451804
1555800588
1555747340
1488585227
3631812138
3627817514
3627821866
3627817002
3665365018
4206495755
4205468745
4205424840
3735589000
3736646328
4290290345
4227441321
4214858411
4281959083
3208233642
3208340106
3174703626
3173658394
3026856234
2490046506
2447968314
2477328394
3265865738
3265995786
3232378890
3232432151
3233284128
3237478432
3222863904
3221968672
1074392624
1074457345
1124793091
1108003074
43698434
45860866
45996081
43841824
42760480
1112041760
1107843936
1124882784
1091328341
1124882759
1124915526
1124989254
1137570134
1133507062
1099952630
1083142654
1083012095
1083126637
1150237548
1146043240
1276066665
1275804283
1275738698
1242184522
1242183498
1247433546
1253790682
1253634410
1251533166
1251533294
1251536300
1253677476
1324976548
1311607188
1311082900
171153588
168016020
168011916
168011916
436316188
436377629
1041676557
1030138628
1013877252
1022265860
2096021060
1820110516
1749855908
1749860004
3897342692
3897342500
3964463652
2891774503
2893937190
2792081702
2800404518
2800405526
3069889798
3065540422
3063442390
4271401959
3734575334
3596158054
3594190886
3593142334
1445593150
1579819018
254418954
208545802
145623562
145295882
1219041866
1219050186
1219050186
1218982602
1218998986
1219032042
1269359530
1252565929
1319675308
1319668140
1311345076
1311345044
1311475860
171702452
169601156
169601220
171665412
439035917
422455567
409893647
417778191
417762831
413638175
416590383
448834543
448829614
977311918
973117694
973183038
973183038
1040422942
503495694
1410530318
1412566030
1411778574
1546586158
1487800934
1487870566
3635231334
3635165799
2561210948
2562243140
2558048836
2551757396
2550708852
2567477876
3125325380
3125389012
3121193700
4194923236
3122201252
3191406767
3056140462
4100654270
4239014026
4239014090
4171917514
1487595595
1537980424
1521006616
2062086152
2049720328
2066617096
2017333816
2017342056
2019500653
2021928558
2021927718
2021927206
2026121222
1522890758
1522923526
1254463559
1250728007
1250728023
3398215798
3402164726
3456843494
3423213206
3301577358
3231318926
3233415582
3232252078
3233321134
3237524653
3224942772
3224938756
3225398020
1077586436
1077586628
1127934596
308938372
308941444
1378484660
1379532965
1444618406
1447567782
1457000710
1593312774
1604906526
1571334718
2041162286
2041166636
2074716460
2057938988
2053867820
2048625212
2047576780
2047449804
973695693
973679102
974010606
974011630
986579054
512098382
379453518
278597702
9973958
5779910
1776022
3808182
16464550
12266166
11217542
11217542
1084764806
1118306966
1118307318
3266253155
3270320419
3288097059
3254542625
3231510817
3231502629
3231699229
3248394509
3248390412
3248457020
3235683692
3223098476
1144837228
1145001165
1143870539
1278090570
1328429770
1311652586
1311648458
3459066570
3404482250
3399799674
3399799098
3401380138
3399262506
3399262571
3399262632
1249676716
1244498068
1244498052
1243973764
169326724
168208524
168208588
436709404
454469916
943636236
955165196
1018071628
1018071756
754498220
742959788
1812512428
1812512428
1812569772
3959986796
3833117228
2758650412
2708466220
2725235501
2725137199
2733264686
2733248350
2996309502
4070059246
4069009646
4073265382
1381697590
1379535894
1379533830
1111097350
37363714
87696642
83504642
78252610
212536002
1286408834
1286412930
1219435202
3366911490
3367892482
3401364258
1318888227
1318888800
1318894756
1318881444
1314752676
1312655524
1312278692
236386448
235302016
235302208
235351297
235224322
240590098
232655618
81660418
77204165
77220484
76343972
214756004
256682924
105692652
105688109
105688109
38124589
39303215
1112967231
1123469326
1107183886
1086195974
3298756870
3432974614
3432987490
3432856162
3432790754
2291432163
2286197472
2281999056
2349242944
2349252160
2349186752
2407835344
2391057056
2391188144
2386989728
2249015969
2182874023
2183662767
2502494378
3559536842
3706333258
1571432458
1504323594
1252534314
1256726570
1512837162
405602330
405672458
406725130
1476802110
1220816430
1216621158
1221356134
1221360230
1233975910
1250810742
1250809190
1250554086
1250537711
1317638312
1322893480
1178189960
1110130824
1093295240
1076509064
2767496
2767496
15276682
11025034
1084763786
1084761770
1084777450
1101947386
1135501598
1185866014
1118802751
1118155565
1118615332
1122803492
1114479604
1177533108
1194311348
1195345564
1327355532
1326211741
1326195438
1258828334
1274557742
1537752110
1588119598
1604945934
2125178894
2057938955
1521069083
1512673259
1513850539
1510704795
1510580878
1510548046
504046134
505032738
402272291
279580705
11141121
11141121
11141125
15401925
8004229
5908101
4726415
13160367
25726893
25992685
26129869
1099871691
1103013195
1135457663
1101903151
1097700399
1076728879
1077785655
1077784597
1077924149
1077867365
1077863137
1092543153
1115353745
1115375235
1111180674
36241554
37294258
41496738
1121460390
1100554599
1083908917
1085869628
1085823532
1157163564
1172876076
1185458444
1319810061
1324007437
1311424524
1244381224
1245335592
1245275432
1243115304
1250453353
1267229641
1216930761
1284105177
3427390441
3288975337
3288976104
3289111240
1351269064
1351518921
1373555403
1379714778
1379713786
1377616874
1377604010
1376563370
1376309422
306762910
307821710
303692958
1379564726
1114258566
1122643078
1172972678
3299569878
3299472382
3437883950
3702108718
2628629021
2628630044
2628562460
2628562476
2557258280
2553055784
2553794088
2551635464
2572611340
2609703981
2609706095
2609693798
2615133270
2552124487
2619233349
2621064949
2491045623
2428113555
2428048002
2426934914
2439513762
2468880290
2200444066
2196247714
2192179346
2192183490
3270385666
3261947910
3274498103
3224151077
3496323365
1358338868
1358334468
3495332356
4028017157
4078939717
4062020165
4062020181
4061823843
4061844450
4065010403
3813155491
3758629554
3758629538
4039706530
4035448035
4035446883
4035467379
4070107329
3539658945
1379592389
1378543748
1382673572
1391029412
1386898597
1391080639
1391132815
1382744286
1407845694
1374558014
1441730102
350756406
342371894
338177599
472514365
1010552605
1008312093
738764604
751346532
747151788
747151548
768123064
738767032
1678283944
1678416296
1611307688
1611303592
3771370216
3768240648
3770210824
2691198472
2704027160
2720798504
2720925224
2994602536
3002991193
2998735433
2461807083
2460754154
2527600878
2259358958
2259295446
2259369158
2263424006
2255049750
2351625495
2351604237
2351604237
2355798540
2364121604
2293802580
2297997029
2555938471
2550761135
3624896190
3624290014
3641058894
3674615566
1527131150
1527589950
1506548798
1485321246
411640910
478880910
210443406
76094862
76098974
122371479
34215302
34227590
34296214
34136566
35172642
49853218
1118343970
1118603042
1135382306
1135581474
1119787058
1117686833
1116701744
1111851040
1107673184
1108332768
3255751136
3255759584
3238719120
3226036928
3225975488
3293208256
3301580480
3301585472
3231327044
3233358196
3233296868
3250402724
3283959205
3267104686
3270250158
3287025342
3278636730
1097601690
1076646810
1076655002
1077895642
1077928394
1082122570
1090445642
1103017290
1102034202
1106091323
1106099515
3278748985
3262102813
3257898269
3526332445
1450151965
1987031068
3866079260
3861888044
3997014060
2923407404
2854152252
2854120508
2921202044
2921202349
2923299502
2931163822
4020568750
3986687662
3835699118
3835705790
4105189518
4109576335
1348610116
1348478988
270542860
824190988
824253452
824323340
892530204
628338236
634437151
630230542
668240398
801999706
784960474
