1358437439
1356598303
1372392455
1380910421
1380960245
1376228277
1376227989
1376228245
1912640421
1916834727
1925226935
1656989079
1648536719
3791830239
3791886463
3791882285
3875711021
3842156845
3826690861
3830892348
3763847709
3760014109
3759960941
3760006119
3776787431
3780969447
3813475326
3821339166
3787739658
3787781643
3771002379
1623255579
1631644187
1665161755
1648433675
1648433931
1648368731
1648624731
1644429434
3813085307
3783663659
3766886443
4035850538
3499038474
2425101902
2173439566
2173439582
2173491838
2173492078
2173483878
2173548902
2177743206
2169354614
2170533974
2172631239
2172631237
2473572573
2473441436
3010443452
3010443452
2737748140
2737813692
3812342012
3812276460
3778738412
1631201516
1664755949
1664756061
561716063
559614495
567876157
567884349
563685949
565919293
566042141
564935181
564931077
564922885
627964279
627964279
627964279
627964279
627964279
627964279
627964279
627964279
627964279
896384375
359510519
91075061
74297845
74297841
74298865
74300849
74299825
74299825
7190963
7191987
292468098
309245058
309240962
305115314
304985234
1445835922
1445965970
1445909926
1458497510
1979575918
1958538799
1962733103
4126993965
4160614189
4143953757
4141723981
4141732173
4267561053
4284469309
4248785005
4232012911
4232013167
4231952254
4236116558
4244570702
4242364110
4242302686
4124897150
4158451055
4141743613
1994192285
1994192268
1985790108
1987920028
2000572572
1967010236
1950228909
1953964717
1961230943
4104603166
4104445470
4108642862
4242860847
4259686717
4293302541
4209430285
2063582476
2061324556
2053054717
2048602343
2048508070
1798946982
3917190566
1771735462
1771604935
1759029763
1763224064
1763355136
1866110464
1866383872
1848574241
774112289
774114343
778307622
786831414
765859926
683030598
683027014
683027015
750205511
748952135
749472327
615254599
627964279
627964279
627964279
627964279
627964279
627964279
627964279
627964279
627964279
627964279
627964279
627964279
627964279
627964279
627964279
627964279
627964279
762166647
493729207
158184886
158183870
141406654
141409726
1215150526
1223277502
1219083134
3366566782
3383343998
3418012238
2327494350
2327356142
2329449134
2321060783
2323157436
2608369820
2569568412
2569634012
3626733660
3626673180
3626691900
4181338408
4248447768
4282006026
4286188042
4159376074
4138487706
4138524570
4138506137
1991017368
1928102328
1919717800
1915531432
1915465896
1915396312
1932189756
1898602556
1881878572
1881870376
1881801768
1881803560
1894386232
1890257432
816777738
816781834
816584202
816591402
812385066
808259898
808395034
808198922
543977994
611107337
627869256
762092536
762158056
744856568
677748424
677885641
677638729
677638729
694411865
695460713
729014633
737661225
737531193
737530905
704640075
696230987
696231131
696104347
696104346
696227226
964670602
2105523354
2088213690
2088082618
2088211642
4252152218
4252148186
4294091642
4277314090
3203572266
3199247146
3069485887
3067458924
3059717484
2807926244
2769849844
2753269620
2753208180
2757420852
2757420337
2759418914
2759357474
3828878626
3826847202
3826916242
3826915987
3830057601
1691049856
1703477120
1737097153
1741340481
1717485315
1713350915
1715251235
1719446563
3866420259
3866382387
3793092609
3793092801
3793093541
3814666919
3785109159
3787210407
3785112238
3785108414
4035475854
4039702734
4031495374
4031429958
4027231574
3760105270
3776946727
3776836133
3810312821
3809231565
3809298373
3809466341
3780115941
3788368357
3771529703
3784088527
3788283855
3821909965
3796284765
2722541917
2719412567
2719412598
2734940518
3774902566
3774891302
3762357558
3771088190
3766955135
3784649853
3784793292
3789446348
3881760204
3876582348
3859600332
3863791612
3863793133
3872218543
3872221630
3873384862
3890162110
3890097599
3856037821
3849798588
3858093052
3858084636
3856967444
3856966917
3856968967
2783227186
2775039266
2771296034
2771045922
2805647906
2805615315
2809813633
2807717761
2807905665
2916881552
2899580069
2895476133
2895474157
2901736237
2919029549
2808930077
2808934157
2792153869
2792350479
2793328942
2791194734
2803844206
3877467374
3844029678
3766360318
3766356174
3774745038
3774745486
1625243271
1625108103
1625056903
1616705175
1624560565
1641337316
1674899764
1658294532
1651934208
3811025969
3810829345
3810831649
3811874611
3809971749
3813576293
3821968997
3805216340
3805273925
3797742933
3810288871
3809763566
3811905774
3778413998
3790997422
3786874622
3786873566
3786758671
3786698509
3790890764
3778306316
3776278796
3776250172
3780449772
3787799980
3821345212
4085586324
4085713813
4085653429
1401367955
1368728963
1368728963
1104491922
1129788802
1129522562
1137911171
1140061635
334730561
333550865
325096737
291552545
828680225
828745779
824555571
824481827
859098147
840254499
840312673
840314849
911354848
936381376
365964224
348138433
344002291
345114354
345129538
1150472706
1152575234
1172433922
1331816450
1327757314
1311865106
1314159394
3470010914
3465362978
3465500178
3482056466
3481925426
3449327059
3436744065
3428420992
3694825344
3694835600
4233668000
4233668064
3847791840
3847793892
3843865700
3843004532
3775301652
3775306036
3775327012
1662188068
1666338340
1649608197
1649481221
1649681175
1649677351
1657013286
1669598310
1670187222
1636784326
567245254
600832966
600701910
558693335
558693335
558758231
541981047
1615855603
1615822323
1615822323
1615795699
1615802801
1615802803
1624191923
1619989235
1619923667
1888367299
1888431682
1888447042
1439656898
1473145282
3730733522
3732888002
3732723142
3664302534
3664503158
3672826166
3668635958
3148525862
3115029798
3114839334
3148393774
3144197483
3123238345
3123201433
3123316137
3089773995
3093962159
3169467790
4243271047
3706269685
3702079204
1554583268
1571359428
1605053252
1600793412
254417348
87645652
85484964
470311332
470573484
1011635116
1020020653
499599278
524769270
222701398
222766854
138751766
148114230
1217661750
1217727262
1235184414
1250912014
1250873614
3398095118
3398074635
3397943656
3403186536
3379070952
3362299880
3358169848
1210694280
1210825352
1210760072
3626671496
3644497288
3661274252
3661270156
3726279900
3726221548
3661209709
3665387566
4219150374
3682218022
3682472230
3747551014
3755806246
4288486006
4288641734
4288396998
4254701255
4258825093
4250435988
4112036252
4112032956
1948122276
1411324068
1410734240
1410742689
1410739171
1425421859
1421218322
1421152770
1152655875
1153196545
1170190849
1171949376
3352989632
3353053616
3352926624
3327961504
3529288112
3525094321
3525111731
3525078962
3524617634
3524748706
3528979875
4065710307
4074013747
4070343953
4072441089
2998445569
2448074241
2422924803
2418688531
2485781026
2485650018
2506629858
2515018214
2510824678
2494117118
2494192862
2494286045
2495203480
3573053576
3694684360
3694946508
3426097356
1277574612
1277306192
1281438512
1289753376
1285632800
1285710640
1285743361
1307751233
1324454851
1316075474
1314044802
1316129730
1311951314
1311853042
1596991842
1596992610
1563501922
1567699298
485568994
483472882
210777554
209726930
146832723
146931027
148110659
231931331
265485761
248692161
248679809
240356753
508598691
504424867
504425891
521200611
1028715107
1022472739
1018278433
1021358645
1012965917
1008779069
1009826109
2100410669
2131925303
2136119558
2138217222
2138211078
2100331078
2100331254
2100483047
2098340837
2098341344
2098272736
2135955680
1502623968
1502619872
1502815553
1485972226
1486058242
1507054402
1506973138
1534303698
1542687122
1589090706
1605868435
2142740368
2138355104
2132075936
2131813536
1865508000
1848798369
1847786978
1860427234
1856102242
1857068562
1722859266
1727048962
1718660402
4129357090
4146101554
4146216242
4112654114
4101377891
4107669475
4103472529
4103472512
4119216512
2005320064
1468388288
1599386208
2098505248
2081730080
2083826224
2083957509
2083948805
1836484949
1836092533
1869665397
1852944501
1785962581
1783882096
1800532769
1867572001
4009781027
4010962802
4015161186
4015136098
4006806866
4019409346
4019278278
4018172374
4018206583
3989106535
3989106533
3989634532
3990736356
3982149060
3977954756
3978028484
3978094069
3978094053
3978231271
3990245206
4021686086
4021685830
4294194902
4159973358
4151583214
4250218990
4259185146
4254990682
4238278939
4254860569
2107382041
1574725912
1567942920
1563928584
1547151432
1546769865
1546699210
1544798666
1548927982
1573053422
3447906926
3481464342
3481529094
3465788166
3465910582
2392112422
2398393638
2532622630
2524758375
2524824423
2541679591
2507858391
2491081157
2491076804
2498478260
2498282924
2498288556
2498276012
2491001532
3565075140
3560897220
3577212356
3610599617
3610718419
3577090290
3581284834
3589673442
1438005138
1438019458
1469448066
1452596627
1455262897
1455266992
1593615568
1581049040
2116314192
2133275764
2099656548
2082869860
2095186468
2090926628
2090865172
2090870284
1555066636
1550903557
1546713367
1544739126
1544718594
1546820930
1567785282
2142339522
2124513746
1587712453
1591914884
1445119364
1445058980
1446013348
1982884260
1982884260
1995662780
2008175564
1956856517
1956758214
1961087606
1952572198
1948382502
4095841570
4100165686
1977782294
1973587974
2011533318
2137318429
2133126173
1864755501
1864813357
1868991277
1877904237
1873120717
1857328269
1853141133
1846849725
1846726847
1863471535
1863463854
1829839534
1829774058
1819291179
1823750712
1823750716
1822697996
2091331084
2091852300
1554788876
1571554063
1320960270
1321128990
1323232286
1323214870
3464464470
3464006998
3740835678
3673720670
3667625343
3667571837
3671761015
3661357175
3661230198
3644453366
3627700966
4164567734
4244554422
4240303799
4238124709
3969164708
2899619236
2891230612
2887040404
2886966757
2886991151
2889039150
3827449118
3844226310
3848410390
3852861798
4154786285
4154458540
4288688524
4292883852
3743467980
3711080908
3711085052
4231113052
4235241821
2104537423
4260532559
4294345549
4294345245
4294345261
4251234861
4247056165
4230801701
4230801447
4230928423
4235118630
4243508534
4239837014
4256612934
4292297286
4279644738
4262864450
4261754850
4274267554
4270071969
4270067872
4286841012
4286861444
2118443404
2114451340
2131209180
2097195540
2081466901
2081466902
1813102358
1819514126
1819443214
1836220446
1876328510
1851170870
1851187253
1853349924
3996479780
4013699948
3979679469
3984002735
3992324766
3989965710
4258405262
4258478734
4254086830
4254339758
4254335727
4220801657
4206158365
4210090509
4201686797
4197496079
4197557295
4199656495
4199676975
3125926957
3124845593
3133215753
2596474907
2613186874
2579632442
2562856234
2563194154
2563210090
2559572730
2559425275
2575866569
4191719368
4183328136
4181491848
4181561528
4181106860
4212319405
4195544229
4194527719
2046847986
2051078994
2067914258
1799591442
1807922706
1838331649
1872148224
1874246912
1870568640
1830653056
1813808304
1816102048
1816130976
1815993764
1752485868
1760610157
1760622141
1752229391
3916490269
3916525369
3916648249
3908128569
1758485819
1758494555
1750300255
1750234718
1749178206
1749144958
1775293566
1775293535
1808913487
1800598607
1800594655
1799550463
1799476729
1800525243
1783756187
1850987963
1859385274
1859379194
1859247866
1850867418
1716649946
1701937146
1701934587
1701918203
1700860411
1734541759
1650655679
1659044287
1660106175
582041527
598948535
565320343
565320325
563162757
565194381
833627789
866133916
333456892
325340652
325864953
325963097
334093689
334102393
300547961
300678521
300678525
292289917
292288893
292157789
292157789
300670301
300670333
334224751
325713263
57406847
49001758
65769742
65770270
65771322
57259834
1139389978
1105835546
1101787674
1101779738
1101677370
1084900155
1089078073
1089151257
1080632601
6826296
6830392
271071512
271137032
287905800
287840264
287834121
891863049
891912219
355041562
355041770
925413866
929923498
929935798
1969860790
1978249654
1957279412
1961473716
1424601844
1413116660
3560584781
3560580877
3558346031
3562540078
1423902774
1421748230
1153379398
1157444678
83710023
74793285
74826053
74895664
91681073
87463219
1295424818
1333246258
1316466546
1325250130
3471606466
3471672002
3471676050
3471807122
2398081699
2414604961
2376623521
2360878240
2360882336
2230924416
3296277696
3296207984
3296273440
3296416816
3295335425
3295327233
3295388931
3307978562
3609953986
3593176706
3593176706
3593045635
3593045745
3593336801
3614205280
3615236448
2541494304
3581620592
3589935440
3589943632
3573228481
1358570177
1350177475
1349191558
1080626598
1106000038
1139550382
1122773150
49028238
49038479
49070223
65851647
23916847
23912751
23912495
7266351
6972479
6974495
7015695
7865663
22546431
55117727
38522767
306880399
306878367
308261295
316453295
318542263
309166087
288264199
271556647
271360295
808234278
1882106658
1894685202
4037724674
4156214786
4137206406
3603452550
1455948470
1447559854
1993151151
2005737644
2090609896
1553733672
1551640588
1547298828
1547414540
2084219916
1010480396
1027245836
1062897525
781879269
1858831861
1711900037
1711968645
1712226513
1713291489
1696547041
1679560865
1683759267
1683762611
1683434419
1691757219
1737886387
1721124483
1723286151
1990476359
1990484743
1458311207
1449926695
1428956199
1412375591
1546531863
1551765511
1558054151
1553876487
1553915479
1553972807
1603574343
1585220293
1315802819
1583974131
1583936166
1584980391
1450729639
1450930343
3598348439
3598344327
3615159443
3581935009
3565006821
3573329524
3573329428
3590104596
3556029236
3554115876
3537879332
2483011877
2482749733
2465916197
2456485669
2473216820
2473216516
2439649989
2423922309
3496550023
3496480402
3496478386
3504866210
3504869538
3504877730
3504894130
3253268675
3270176768
3270157312
3337333760
3337202704
3337350192
3337354533
3736076071
2683166254
2641354350
2642386526
2568986190
2602341966
2673647894
3746341159
3721256999
2631856439
2631586055
2623198471
2625298227
2621098851
2621164002
2624179666
2657699202
2657683334
2657681798
2389246438
2397647078
2415403238
2360942818
2361008322
2359955906
2359902661
3433612212
3437799348
3479744388
3459903364
3459968900
1310386052
1310385060
1310712804
1327362357
1568523541
1433375765
1432988709
1416211493
1416274949
1412076549
1546551557
1546486213
1546504119
1562826407
1600545507
1592206050
1592013398
1583620678
1583620934
1584669822
1609832558
3700762862
3700844766
3432442062
3449601934
3485241997
2394718860
2663154364
2523562732
2519376612
2520687332
2520688608
2520688096
3057095905
3056977009
3073889300
3073823764
3078026292
2774990196
3841973812
3841842741
3833452151
3833353078
1685860406
1681141798
1949564962
1949700130
1949704194
873930755
878063475
819334821
815140501
834014855
330518151
313575047
313562775
315668133
307275439
303081135
303097575
303261415
57816854
57017106
24052018
15532322
15282466
15409458
15344898
78272258
78300930
229362946
1336511938
1323926722
1181336722
1177142450
1181479090
1189867938
1185608611
1203500704
1169731232
3300436640
3296242400
3289952224
3290404688
3290338048
3294528001
3319186195
3352785714
3461752098
3464369506
3464170594
3732606178
3740998898
3741023702
3740855750
3757619167
3757614813
3757614812
3740903128
4277843672
4269446888
4265119596
4265121133
4265120813
4264416335
4247704783
4231960013
4236150268
3976107500
3973686756
2916656980
2941822740
2860234532
2860091172
2926114084
2926077237
2922193207
2939033062
2839414710
2826309302
3103132326
3103001254
3100908534
3096767814
3114068998
3181158407
3181158405
4254916629
4237881636
3705238305
3696898849
3692692257
4231725859
4231594274
4235795558
4261091830
2142898630
2126171014
1592707718
1583648390
1579472815
4263834031
4263801001
4285886633
4288045480
4271335336
3197396637
3213648525
3718079118
3588174574
3581428462
2506638702
2506638438
2515035158
3614008327
3614171140
3710836740
3694056452
3698248964
3698252548
3706173956
3706038804
3706043188
3656252709
3665544502
2591736086
2589638998
2652631542
2652414454
2652414390
3218645414
3180899750
3181033895
3214580133
3220867285
3057158212
2520304900
2519389956
3056230965
4062863911
4067054119
4071244326
4138680838
3048010050
3031229506
3036664914
3036660947
3028143347
3023957221
3026185700
3026124644
3034549108
3047005972
2782706964
2807868724
2807866660
2791285052
2724122941
2724184942
2726151150
2721858990
2721858990
2721908126
3795719566
3795727758
3783143838
3774748047
3774748623
1891446735
1891379991
1891379478
1891445042
1354571058
1358762291
1350316819
1350378243
2044675
22942531
22938578
31329682
60754322
62327170
62201218
28650882
27534723
31733187
15070675
15054195
15050099
15050609
23439345
56989649
40207825
40207825
1114473969
1114478064
1122871281
1123017585
1122956129
1122988387
1132213603
1098655075
1104952674
1087901042
1086916050
1079670258
1079698898
1075488195
1159374273
1182449089
1182449600
1181457984
1449891408
1445573345
1462297315
1344824034
3559417506
4100484514
4108867746
4109060278
4125808770
4159363202
4134460611
4134323267
4133806119
4133773607
4133806375
4142260519
4142330151
3064890663
3064825111
3064767749
3064766741
3068764452
3056320804
3040428532
3023700428
3560580044
3560585036
3496873772
3500935981
1353460527
1353460502
1152133894
1156324102
1282215750
204410198
204346690
221193538
237314370
237179202
237171011
237146451
237212019
240226658
264278498
230728162
213950946
1287696819
1283633539
1300412289
1300418433
1335282579
1203522467
1207708578
1199319970
1199320470
1199388038
1190998486
1189941758
1189401086
1315217918
1311023423
1328850719
1312075549
242531100
518105372
446871572
509778964
1579648052
1512341556
1530233044
1494385029
2016584597
2027074261
2022803185
2021698273
4173376229
4240485029
4013992613
3993157253
2919421829
2920726917
2923250085
2927382757
2800501221
2813003557
2779391493
3031049735
3035178503
3026726503
3177724774
3194489318
3203942518
3204115462
3199921158
3199906818
3065550082
3086517538
3044712275
3026894529
3026902656
3022636720
3022787232
3022848672
3022324384
3022262688
3034856545
4104398881
4104529923
3500550146
3504678930
3496228914
3224699906
3225305282
3229532290
3254681729
1123976576
1123714432
1115522960
3261961904
3606028976
3606029024
3605848673
3589072675
3572297510
3563907366
3559708966
3560822806
3560832006
3577603078
3581800534
3590246646
3623796918
3619078295
3621184901
3587628932
3579301508
3574976164
3577009892
4118078181
4126466853
4125421863
4125421622
4125455382
4117199894
4251941158
3748559206
3739901270
3739895238
3731423686
3731358167
3731366373
1600725476
1475224036
1471033844
1441727812
1434206020
1430204173
1428832015
1433011774
1441333802
1441272362
1437082394
1438147338
1436143931
1150996281
1150978872
1423674136
1431935752
1463331081
1446554953
1445496267
1982693579
4130242699
4130242975
4147028399
4113473959
4096713141
3024025507
3028287139
3036503779
3052148451
3047961331
3047973715
3052167522
3052200035
3052008535
3043679429
3043678533
3077233493
3077307125
3077107316
3078153812
3057148501
3057148661
3061343205
3069932005
3069904103
3068726391
3085646918
2548705346
2515151170
2516262194
2516321570
2499556642
2516414514
2515464193
2510738432
2549478592
2549591488
2541133184
2524352384
2522336944
2675429025
2650134178
2623928034
2623862562
2619666722
3156534578
3156534546
3160796438
3185994806
3216407574
3216448518
3197383686
2664703223
2522092973
2538933676
2490764972
2490763948
2497068700
2487252621
2487281293
2504041421
3074532621
3084100893
3082004261
3080954404
3081220644
3043332652
3039150652
3023373036
3023507116
3023506348
3023308973
3044280495
2746689678
3082215566
3082215630
4154900558
4117217567
3563905583
3563873831
3563922983
3572373031
3572433447
3572238102
3572245782
3706526774
3706669110
3706636311
3723398209
3731336385
3463946432
3732897792
3728703508
3728707877
3732644135
3598378790
4152028454
4126788902
4118338662
4151897342
4135113870
4135306382
4135240095
4066034606
4074500782
4082692782
4049105358
4049101262
4028178942
4028309870
4032516399
4057614125
4089057048
4089055752
4093123080
4076349976
4080536296
4078635672
4049278600
4051243657
4059824537
4059893931
3520934059
3515621806
3515621846
1351353846
1352410150
1081943078
1144987702
1144659974
1144656131
1148864257
1291509248
1287387664
1285089808
1213770256
1213790161
1230697411
1239045059
3382362435
3384459619
3455640929
3430477153
3428432720
3428367296
3445139840
3478695296
3470374016
3472785537
3330179249
3329212897
3346002721
3308134945
1143284275
1144268306
1077159426
1077355810
1149115426
1424935970
1420741698
1437502594
1185779587
1189971587
1181587091
1176868530
1445328562
3593826978
3593482914
3603980450
3616825507
3585369315
3568723011
3568755715
3564626947
3493172259
1344140323
1344232515
1365146819
1400794257
3531242912
3530182560
3530180240
3530228416
3530375744
3278684676
3588547108
3567560228
3568085797
3567560999
4104431910
3169691942
2675936566
2654700294
2654634758
2671427846
2637840662
3157811559
3157795175
3094901093
3103348709
3183204308
3216702916
3199921613
3204156621
3195634943
3190592766
3190616542
3191722458
2923319771
4013846891
2910282025
2918462760
3029603864
3046391368
4124520072
4158073529
4090837689
4074508219
3067891099
3067957407
3068129421
3000430733
2994118908
2473566508
2440012060
2959975181
2959909663
2985079614
3052270382
3052262698
3051898154
3077129450
3077260474
3039708298
4096679050
3828246922
3828177322
3832371626
3840736746
3974915258
1844191370
1836851338
1836597450
3984212459
3992647529
3975867945
3970554424
3974688268
3991462408
4251509256
4247282184
4247478824
3173724716
3169400109
3165199469
3166325999
3166323967
3164422351
2631680975
3721974479
3755991759
3755927407
2659117167
2659055725
2659178605
2654919117
2654990285
2654823052
2675864204
2642285452
2631795197
2631749869
2627493935
2627526697
2627529001
2629613835
2495396619
2499586857
2507970857
2523696441
2519302923
2523579338
2524602826
2520391918
2520453358
2520318190
2536112254
2485784650
2498372618
3567922954
3568302618
3568089706
2495396586
2516368090
2524743563
2520617353
3594359241
3611251193
3577688936
3560842024
3560842024
1417553704
1425944360
1421752600
1420761416
1420578248
1416138120
1143506824
1143505800
1164612489
3622482313
3601510617
3601510639
2662310127
2666374382
2683299182
2674840422
2671706726
2637959894
2619089542
3697222286
3705549743
3705614767
3703322029
3757847707
3741135051
1593651465
1592586505
1584174393
1579986217
1579986217
2133698843
2137954331
2138999835
2055046347
2117632138
2134425738
2134458522
2100957674
2084180971
2088378987
2096767533
2092507709
2090432028
2090655500
1976351516
1464641884
1443670476
1443732877
1376748685
1376698511
1376407695
3529122239
3545899439
4040845231
4038653615
4038651567
2964891381
2964104757
2968298037
2959913521
2955719217
2955801105
2955830785
2972593713
3039706851
2540571043
2532051106
3601337522
3618311298
3584693442
3303748610
3295159330
3295440163
3291348755
3291462403
3345914626
3329137410
3337522498
3333408194
3333247410
3333239202
3317178786
3300401570
2226663905
3303544304
3295158224
3290979264
3291077568
3291134400
3307903424
3308161472
1198366160
3329079248
3328554992
3324359664
3324490352
2518909472
2653005344
2653005344
2657199904
3219367184
3181621520
3166015538
3165949986
3170160930
3158098918
3174843110
3174696886
3208261046
4279969982
4275910846
4273933454
4294839439
4261295245
1417618573
1417553308
1424897708
1420756717
3568060013
3584849533
3622627167
3614237982
3597182238
3597377854
3605697342
3618304550
3568882214
3568878115
3568879137
3563640352
3559487008
3559552528
3693802752
3710563344
3593122816
3605697536
3601501184
3601564736
1592366192
3731465313
3727287393
4264256630
4231597110
4231608614
4234902318
4243212910
4243148542
4238890974
4256715142
4290265223
3738714260
3730530468
3726336420
3726271140
3747238576
3722073840
3707434689
3703303747
3703095062
3170679094
3162355734
3179264006
3212818695
3221143303
4286488116
4286563876
4282139168
4265345840
4265152800
4265087264
4264100960
4276815073
4272625075
4272567954
3601497730
3601526402
3622551170
3580399282
3563621859
2494334179
2494403813
2494342373
2499601637
2486985959
2485085671
2422097383
2430485991
2426226023
3015464319
2466018655
2453464927
2452547277
3526031045
3510294213
3493807813
3495710708
3503062516
3503127765
3495777525
3495912693
3497944261
3523110087
3552462327
3552513510
3552394722
1409036146
1098657554
1077688114
1081881378
1081877282
1425891618
1426059538
1476308994
1182699522
1182695426
1180533827
1180664017
1180684529
1176462496
1161635744
1082076832
1090457248
1085214384
1085083281
1085546131
1089744547
1081353378
1076307074
52841602
36097154
40209538
48600466
48608690
40346034
40350162
40087857
39957793
1398844704
1365552416
1365551392
1408609040
3556679168
3529409025
3592323585
3592061441
3592057089
3598327841
3606655013
3756527663
3702001007
3706330062
3697941198
3698055886
3693861582
3563625422
3563890638
3589067214
3622683078
3614323670
3614323687
3312333601
1147877152
1156265760
1156132144
1156066320
1156064256
1164915713
1299075075
254722051
1198505986
1198507011
1206897683
1206868051
3354212721
3337304433
2259364705
2259255153
2192102129
2192085681
2192347813
2192356261
2192356261
2197587877
2189205413
2185018277
2185084325
2185149941
2185143781
2206130533
2155800429
2499735325
2497640989
2497706583
2507996023
2507987814
2536294782
2540424542
2540336478
2506782558
2506770270
2515092862
2515068263
2515068023
2515068119
2507732191
2491022471
2488990103
2488957845
2505718679
2237340631
2266504151
2199460630
2182749974
2457483030
2528829718
2545787190
2545721458
2544678115
2276232369
2267580561
2267564160
2267617360
2267691040
2267691296
2238326289
2242519553
2225742337
2225680899
2225656371
2225635879
2162724582
2150140590
2418580126
2469051022
2452274063
2453318029
2453319052
2451371452
3008156076
2974675884
2959008492
3034505772
3049186853
3064852262
2527915318
2532076594
2523667490
2519469106
2519600387
2217619203
2364419633
2360217136
2293042736
2292457268
2292459829
2292463637
2313422869
2338785589
2338732343
2304977207
2300586295
2301630775
2299533591
2298571079
2302929351
2302798295
2302798295
2302712213
2294397829
2294397829
2306997143
2307128295
2345098087
2345012007
2345012023
2337737015
2337618231
2337544503
2336233783
2336241943
2302765399
2302765399
2302794231
2302790135
2302794135
2311187846
2378280382
2378282414
2244182446
2244182462
2169995678
2148897183
2147853455
3221728415
3221731469
3222759565
3222743181
3222669709
1096158093
1123163805
1117917903
1117860559
1117790814
3265274734
3265290542
3261395246
3273968942
3240937790
3240974606
2154785038
2160060687
2227104525
2243623708
2243680044
2277032748
2275984172
2246673196
2381284141
2364379950
2355921258
2351728106
2351532266
3425343738
3442129098
3710560459
1462479049
1445505480
1446571464
1446601161
3608896475
3608834730
3579466410
3521004202
2441922554
2475478474
2458684751
2459929949
2193532189
2193596701
2281562429
2273309999
2239683886
2218445102
2218510646
2218490134
2237229318
2245750535
2245684741
2241465876
2279081508
2281178676
2407015956
2407081524
2382046500
2377741412
2377669861
2377698533
2381892805
2239744325
2239417093
2239396629
2239375669
2239441205
2373527589
2373527605
2415606805
2415539205
2397754629
2263582039
2263385575
2213316519
2204929959
2171379638
2171453366
2154806710
2150612150
2167323830
2167335094
2267965622
2267949206
2269001942
2235447766
2237545430
2244811351
2223782423
2223778325
2240293397
2374511125
2408132100
2409177605
2392416789
2411262501
2415428527
2280162223
2263388078
2255260606
2254805406
2250619294
2250750110
2385950862
2385964174
2402739278
2368921614
2355257614
2363647246
2359686966
2359623206
2309258790
2293521958
2295649846
2296170263
2295191509
2294929404
2286442492
2287501244
2287685116
2304396788
2304383957
2312710999
2311596806
2378705726
2380216622
2279475694
2264794271
2193490055
2193567877
2193387701
2197606820
2189198756
2205975973
2201855413
3274550461
3274546431
3274541071
3274303503
3240749071
3240786717
3240786493
3240770077
2179612172
2175303180
2175325724
2208880428
2208862509
2208862509
2208862511
2208870703
2213052719
2238300462
2238367550
2221589791
2221864283
2222910555
2222434395
2222307339
2239207435
2171770891
2165483595
2199037018
2199122010
2467676363
2466595803
2164749035
2152674029
2160920173
2160855573
2160335381
2160404789
2228709669
2279009303
2256703751
2256707847
2256773382
2273354230
2239803874
2219083170
2214889890
2216528819
2350832115
2350807505
2367580416
2573086465
2610849537
2610947843
2596007170
2600064290
2591605090
2590540002
2590736562
2600112275
2616971409
2574834848
2553833632
2553870752
2552941216
3162148576
4244281025
4240094914
4261134274
4017928258
3996948514
3996556338
3995505666
3995521090
3995394066
4013187366
3983868455
3975417573
1823746784
1842621169
4006947473
4007075456
1859520384
1859584385
1855332737
2073448897
2044084480
2094297360
2085888052
2085625900
2098208812
2102471912
2109880744
2005011113
2004961963
2005007006
2009194126
2009105038
4149314447
4046619085
4046627172
4050886948
4034109988
4041388576
4041638448
2967962161
2959594019
4028978722
4096015906
4096010530
4096014370
4096002082
4100344834
4109784066
4122399746
4122379330
4160128194
4276520130
4268201155
4269266115
4269266385
4269111264
4277413536
4294192800
4244385441
4244446881
4243525299
4243457667
4261348738
2113680514
2144609522
2144609331
2111073283
2094034181
2094067477
2027224868
1497685284
1494080820
1527696836
1527662020
1531798000
3687604576
3684561189
3684356149
3650801735
2308635718
2307836246
2308692342
2308561894
2344221670
2348408822
2322188038
2603122950
2603188498
3681202467
4192904480
4193102880
3945565184
3945630720
3946747136
3944654272
3944658368
3944124320
2937442209
2905923491
2910080931
2918469287
2946846399
2930581501
2930524157
2934712317
2934711797
4000130455
4000132279
4000132278
4016512150
1843792002
1839339650
2107784130
2142387779
1588670016
1588619072
1586554128
1603401008
1553454384
1553397520
3701390865
3701313075
3707555362
3699171106
3694450466
3694379314
3643986690
3643978242
4178752002
4249984515
4240480801
4236290336
4253329440
4120373248
4158575680
4064231617
4062904465
4062839201
4146725795
4152301219
4124655251
4123540099
4157095553
3621457795
3604629443
3602609619
2528666099
2528698850
2528699874
2528699746
2516115746
2632573746
2624254786
2490036550
2485830982
2485833047
3022702935
3039480151
3043580247
3077106038
3085495679
3081368959
3086599039
3044590207
3027792597
3027855060
3036675812
3036531556
3170159392
3185889024
3219568384
3202786816
3202523907
3202457890
3189821730
4264575010
4197515314
3660722178
3677502466
1567754242
1425213491
1353787601
280176769
280173696
280364417
301416833
325435777
308662673
845649297
1919393713
1927782369
1923923233
1940696353
1902946081
1881978368
1882103312
4029603377
4029577761
4096687651
3053276963
3216819475
3197485123
3199701058
3200176450
3200176451
3198862147
3219674467
3186107747
3026724323
3022536099
3022731667
4096407683
4100597891
2968152195
2980771971
3014315139
3001795971
3538518979
3538547235
3534250529
4087882273
4058522145
3504869921
3504870181
3496476709
3505127527
3497996375
1348412423
1348217863
5007367
4639751
4611079
17198087
52311047
54412551
54415174
58607222
33551986
33351234
33412930
33457922
33527570
29340963
1134338339
1138532643
1121820979
1113489731
1128169923
1128190419
1097732562
1106187763
1089412451
15548193
32255777
65546021
40378949
36377412
37290820
54019028
22664164
6072300
5027692
13408045
282891549
291419343
327066766
37659782
37663878
103728278
120538262
86914230
204085218
480908835
413734433
413689393
430499345
451535360
443196224
443187648
443203984
443270064
443270049
460911521
460875233
442002721
