1358699583
1356598287
1372392455
1380910421
1380959733
1376228277
1376227989
1376228245
1912640421
1916834727
1925226935
1656858007
1648536719
1644346591
3791886399
3808593965
3875711021
3842156845
3826690861
3830892348
3763847709
3760014109
3760026477
3760005999
3776787431
3780969447
3813474942
3821355550
3787740682
3771006474
3771001355
3770739227
3762350619
3762346507
3774893579
3775143435
3775143515
3779332987
3779336554
3812965483
3821485163
3801035899
2995728474
2995728474
2458853450
2190221386
2206991438
2206994302
2173491822
2173483886
2173548902
2177743206
2177743222
2169485398
2170534103
2172631239
2171582685
2473441436
3010443452
3010443452
3006183596
2737813692
3811162300
3812276460
3812292844
1664772332
1664755948
1664756093
595278687
561711647
567876157
634994237
630793790
767238718
1840976414
2108437070
2108482254
1571325582
1571405242
3718888378
3752442810
2678700731
2645211784
2650455688
2642063032
2637864616
2637887209
2620094447
2620085742
2624262374
2632601830
3169472758
2632609991
2632545351
2674515013
2586467341
2586475789
2586455311
2586520846
2590518574
2682797358
2678592810
2645104426
2646169402
2511984394
2511991563
2515054937
2548609400
2540228840
2267594984
3342554604
3342497260
3340376036
3305834465
3293251297
3297460945
3297432513
3431654336
3436897093
3447383877
3476750151
3476748743
3464198646
3464002030
3480762862
2415410538
2381853994
2381910330
2376815418
2376725306
2645078843
2649274169
2649273976
2640875224
3160968924
3162093308
3158030060
3157890028
3038478820
3038433508
3071946853
3074044021
4147786805
4151979301
4092214572
4088011548
1940593420
1941519116
1943550220
1935179097
1934122491
1934149018
1934147994
843628986
306958782
1380643238
1380574630
1397519778
1472486818
1204182930
1187409858
1188458242
1190554882
1323590930
1323623730
1319494706
1336340498
1303285762
1290698753
3429597200
3430514740
3426454644
3426466132
3694901716
3709578196
3743394548
3743276789
3730622199
3730621438
3741144046
3757928942
3715986286
2640271230
2564445726
2564552254
2564353854
2560156990
2560163167
2564349437
2581133293
2606295020
2589684716
2589606396
2589540604
2589474925
2589533293
3663408191
3646630927
3625659655
3629788433
1490697488
1486509312
1557873920
1549320976
1545114208
1429910480
1446687104
1445627009
1445692546
1445823634
1445958802
1445909938
1458497510
2012212838
1958538799
1962733103
4126993967
4152160045
4143949629
4141855053
4141732173
4275949661
4284469309
4246687853
4248794221
4232013167
4232013694
4236116574
4244505166
4242360014
4242302686
4124897278
4158451183
4141743597
4141677981
1994192268
1994182812
1987920028
2000568476
1967010236
1950228908
1949705133
1961230975
4104603167
4104441374
4104449598
4242860591
4242844479
4293310733
4209430285
2063582477
2061320460
2052923901
2048598247
2048475302
1796849830
1769705894
1771740582
1771604935
1754835463
1750641153
1763355136
1799011840
1866121728
1848590641
1848377377
1847854115
778308643
1860634674
1877350610
1823881346
1823877762
1823877763
4239866499
3702921859
3567520387
2225347089
2225343011
2242198071
2242263335
2225486119
2225088551
2225080375
2163476567
2155104471
2171984085
2170018245
2169960901
2244929989
2244995541
2228091361
2229066211
2220661223
2357041655
2373950934
2373893586
2373894098
2373894098
2373959634
2356522962
2356521682
2352327251
2299898451
2333534803
2315680339
2315659793
2315659825
2597268277
2597071157
3666622773
3687594021
3679000613
1527454773
1527323671
454638615
454573063
524036165
1060898887
627964279
627964279
627964279
627964279
627964279
627964279
627964279
627964279
627964279
627964279
627964279
627964279
627964279
627964279
627964279
627964279
627964279
627964279
627964279
627964279
627964279
627964279
627964279
627964279
627964279
627964279
627964279
627964279
627964279
627964279
627964279
627964279
627964279
627964279
627964279
627964279
627964279
627964279
627964279
627964279
627964279
627964279
627964279
627964279
627964279
627964279
627964279
627964279
627964279
627964279
627964279
627964279
627964279
627964279
627964279
627964279
627964279
627964279
627964279
627964279
627964279
627964279
627964279
627964279
627964279
627964279
627964279
627964279
627964279
627964279
627964279
627964279
627964279
627964279
627964279
627964279
627964279
627964279
627964279
627964279
627964279
627964279
627964279
627964279
627964279
627964279
627964279
627964279
627964279
627964279
627964279
627964279
627964279
627964279
627964279
627964279
627964279
627964279
627964279
627964279
627964279
627964279
627964279
627964279
627964279
627964279
627964279
627964279
627964279
627964279
627947895
762164599
1030599159
963490230
997044670
997044670
997044666
963491770
959298490
2037234618
2037234618
2028845754
2109406090
4193976202
4191773610
3654820794
3680056202
3679986586
3679986682
3688375146
3654824235
3638112555
1490751529
1490747417
1482506504
1482481928
1481417992
1481420152
1481615832
2014222472
2014218376
2030996617
1780384905
1781891273
1781891273
1782022393
1798742505
1796399592
1796433832
3927125928
3927056297
3931246521
4006807451
4006675147
4002419419
4002423451
4002423467
2928763563
2794681001
2811712185
3084186249
3084183241
3075270393
3084707369
3067893289
3070053929
2465140539
2465017146
2465016874
2465012778
2456751146
2189298698
3258854410
3257541646
3261740046
3286893582
3249161230
3250275358
3254373758
3235446638
2153561902
2220735262
2229255950
2229256015
2228076415
2228004717
2223809005
2244780268
2261557484
2521609452
2517406892
2668547516
2668547980
2668519116
2640205517
2641958633
2574792553
2574791976
2558096440
2566480904
2566612232
2562450696
2564421400
2564355689
2555936491
3629678314
3646512874
3680067178
3680009562
3663230026
3659101194
1511706698
1511710794
1511710939
1510667449
1514861976
3729424024
3712712329
3695910537
3695779483
3704559290
3570340538
3566015210
3567022442
3566526506
3583291434
3532948522
3532950607
3537144013
3524757708
1461098652
1427568828
1410792596
1410526596
1947401668
877819344
877749712
879814096
896591184
930346353
911398768
919783184
385042192
384853808
376447520
1450189344
1450381844
1464992268
1439826456
1553085240
1553143080
1552944440
1553217800
1553231624
1553462792
1423230473
1416938009
1965867563
1982681706
1982682730
1986818922
2011976554
1953256410
1949094858
1949095883
1882045912
1882044584
1886238888
1894627512
1940651912
1923773064
1453994634
1453994634
1458205610
4134072490
4129857706
3060310122
3069881354
3082528776
3082332680
3052972556
2486741564
3023809084
3023760908
3026869804
2968014317
2963802287
2963802279
2443794615
2427156885
2422947461
2418687621
2435465095
2469017766
2464688294
2460493990
4071106710
3538499734
3542685854
1344996494
1344929950
338296910
875504654
875310094
887384078
476359950
476951838
527413519
527344397
451846920
448701192
462193256
462197480
428389992
428471848
424293896
474625547
470423306
336397338
337380394
337380394
339477514
372048906
510526794
443424587
451813339
451756010
183268842
418148858
409760218
409465050
409399546
149942763
149811689
196735977
176878424
181055048
181119592
1271442408
1216919960
1285065096
1555597704
1455132312
3534393016
3534657208
4075720936
4129919017
4129927210
1982439466
1982570538
1714348074
1982754842
2116943902
2121073710
2116818030
2116826222
2117746015
1056583245
1052387916
918239820
397097549
329849485
1407732125
1361594541
1344924836
1346039684
276741764
284135060
279808645
279812678
870881814
845723686
841525286
841542694
841671686
841671686
925549637
875185285
875238837
1550532278
1558919862
1426012838
1421810358
1420761750
1353521814
1353465510
1353459110
1353457829
1416372372
1412227220
1412210836
1949082964
1949083956
1949084212
1881782836
1885964852
1902873108
1919670788
1919581892
1927947924
4071170215
4071100582
4072161446
4084973734
4046356686
4029580047
4029525512
4033407496
1894296072
1890167337
4104841771
4159634218
4134421770
4134387722
1987571790
1995944174
1993719982
1985273022
1980033158
923166854
890659975
873910661
873907092
1683932148
1694356276
1693232932
1961668404
1961668148
1961790996
1953415684
1949184512
1412313600
1416565303
1426003238
1419582566
1419578598
1419578578
1421804738
1090516038
1077773318
1379697975
1378720052
1378789444
1378789572
1915587972
1915520660
1982436020
1982567084
1735062190
1701503662
1869435246
1852601390
1852584998
1848384534
774794254
774794254
711912478
721354014
704565071
685723022
744294542
739580062
738535854
608513966
616900271
612709039
545723069
546771597
547173001
549203609
821832377
595339769
591149273
556533833
539889417
820921865
816738843
883708475
883221051
904180282
912561434
912702522
913681450
911517742
911522846
907459598
907453454
842437647
842449935
840355037
857197821
860309933
826740141
809961407
811016863
811033343
836072191
869627518
871657278
850717998
850721855
854967359
846614541
858935308
269627660
274084376
274084408
282531384
284499544
351550089
351541931
1421609642
1420560810
1454247306
1458443658
1458525066
1457837002
1454175210
1437377002
1420599786
1560125673
1558029528
1599909320
1511964429
1511955981
1514069519
1513000510
1517129518
2062324782
2062328873
2063377448
4217282632
4182672524
4182672524
4182607788
4178355884
3154945708
2886591148
2752443116
2757645036
2698970856
2696679080
2700872329
2700884619
2700880826
2700872106
3783002282
3816639642
3794464970
3865829450
3865616394
3865616442
3861427246
1714072607
1714088973
1848306764
1852468956
1793724140
1806305004
2024474367
2028484318
2028479294
2028474410
2028471338
2028473402
2028530698
2024319754
2024319499
2028515067
4168648379
4182278811
4199133881
3200889513
3201151656
3201299432
3209590056
3177075752
3027960872
3035499560
3035499833
3182038299
2661965066
2666087434
2590524442
2590507050
2586312746
2603094138
2557087962
2558145498
3640272458
3640274507
3640142409
3640158937
3631807960
3648570776
4269506696
4269441160
3195711896
3195642520
3061359272
3077092008
2955445992
2955595432
2955598507
2955864750
2959894958
2968276142
3031254206
3064909959
3069108679
3060720391
4264456727
4264321574
4263780646
4263781422
4218698798
2079591470
2044005402
2017864714
2017864718
1489927502
1489917775
1485689423
1485632095
1506603903
1498214909
1493979581
1493726636
1560898984
2135620264
2127223480
2123030152
2122962569
1992872347
1448669355
1429786731
1411956779
1412120619
1412052779
1416505914
1424894490
1420704266
1554979402
1576816522
1593591194
1591591050
1591660938
1593766362
1593827818
1324933610
1324933354
1316511978
1316511978
1243099194
1266233354
1214920458
1223327242
1219156506
1487653433
1487444792
1541975352
1517855800
1511555288
3658121356
4196040844
4196053948
4195918508
4278756012
4228575916
4229624508
3025859256
3030009576
2963032808
2965129897
3036425146
3028036506
3078388666
4131147258
4131340362
4134158346
4134162442
4142522426
4142522410
4142654568
4269468888
4265273548
4263112076
4212876940
4216993500
2044334844
2025456237
2024276526
4172035886
2028747818
2020083754
2016020506
2016024842
2020239882
1751707150
1760077325
1752740393
1746436843
1766359722
1783477162
2060296874
4198871706
4198888139
4215764681
4165418360
4173731880
3167094824
3168143400
3170765832
3182117896
3735929099
3668820746
3673027386
2590831402
2654783082
2654787498
2669475242
4280149402
4126700682
4122494090
3585803403
3522835641
3522833577
3547999400
3547997368
3547010200
3547148680
1399612313
1399317177
1400365801
1365766909
1365635676
1365619228
1399304732
1399173948
1407571512
1407568408
1399835416
1919899928
1932486777
1966028923
892214362
896401418
1013776394
1013710906
740765738
673521962
673457978
678239807
687684159
702032447
700987967
700980127
734542747
734543259
801643931
793331135
760960959
634083263
667645887
600403903
597553085
602274749
602205053
593804089
577080633
577733913
594252057
594252059
594120986
594121018
577475898
573283610
573540666
574589306
572493050
1917748474
1917767802
1914597402
1914577930
1899899930
1882073914
1894652458
1907182122
1940703803
1923908873
1991016456
1991016472
1445761065
3727540265
3710832699
1412313419
1949183706
1961560746
1957235371
1890130601
1891383992
1891396232
4110184072
4101829512
4101427608
4099334568
4233487337
2085937705
2104780329
2104759855
2104757822
2038371902
2029659439
955917359
955855917
953685005
945302601
990407881
973930377
978172827
978172315
977649051
977581275
977572986
994541658
961450314
969859402
969668474
952659818
952662634
411597371
411761209
998963753
986357545
978879785
974684184
973647880
973643801
973643867
973779147
973779082
957255822
1008635038
1010813358
611273647
619543213
615348924
901610140
868054716
872179612
863856068
863987140
862967284
837797863
833607654
1940903414
1944961526
1903022198
1966071830
1949295630
1949267214
1953324318
1961713450
4104730410
4104730154
4238880363
4243074777
4243091080
4239084184
4240165560
4256751288
4276678280
4134069960
4134069112
4129874216
4130038057
4129961019
1899633678
1882864670
1882930222
813186158
813184238
822023318
821958023
821888901
819725969
819725969
814485393
818773393
819821969
828173781
561901396
560442900
635874876
631615036
635746876
769964601
790936121
774220347
708160043
706521642
705477674
705467434
705270827
705400875
1779093625
1796927708
1748652232
1815740552
3967422360
3967486632
4107864744
4103682728
4036569752
4038601371
3501730490
3501731518
3501719982
3233284270
3283615934
3279503550
3274293470
1126739982
1126735887
1361618185
287943944
829333256
829333000
1898876424
1898880520
1898953224
1932298808
4130114280
3862728617
3861743033
3861811593
3867062681
3883835901
2910757615
2893996654
2893997606
2889743910
3980156454
3996933430
3934010390
3934008374
3931975718
3940356142
1793011759
1792942141
1792679961
2077896969
2027557128
2027642696
2027674312
4175035096
4175035064
4170840760
4170774153
4244165257
3162030731
3157803691
3158049515
3162248811
3036429933
3036426029
3032230948
2964087892
2964144261
2997796997
2528035207
2532230022
2523808662
2519486886
2519478438
3593216238
4146864170
4109316106
3702406154
3702401034
3702401034
3706530074
3630971162
3648802058
3688680907
3684205977
3684270488
4221276568
4204503480
4200375720
4196181480
3926697960
3926894136
3926894140
3926827564
3926831660
3926849068
3944666661
3944468277
3917008181
3917006885
3914954869
1775990871
1808415943
1808415958
1800027382
1850619094
1850619094
2119119286
2127500966
2122778278
2005208726
1971673734
1434843782
1417984710
1434749510
1464306182
1461100310
1444390262
3593975014
3610768614
3577167030
3560381574
3693545862
3697740214
3701935078
3702595174
3701485366
3365938950
3365938966
3366010662
3365932853
3365931796
1215302612
1209027476
1209072020
151234948
151169412
251832708
251767220
234924452
503361444
503426996
386055556
387104132
926072260
925089141
925087781
925087777
908310579
908310579
908236818
908236818
908236818
908237842
908250130
908215298
924976339
1059194273
1064502945
1039470240
1035296480
1035304464
1073053184
1056239360
930409745
930376737
1064709137
1060522243
1010256131
741853971
746053155
754401831
750109223
749589207
749580999
2096101250
2083264930
2083273122
2083260835
4230887907
4243470819
4272828371
4205720512
4205765504
4205687681
3669791651
3667698082
4195656098
4194599335
4261839342
3993416159
3993415627
4011240393
4011240408
3982486489
1834871771
3982489482
3978220426
3978183626
3980281642
3984510254
3991784495
3970747431
3970719749
3975028737
4235075841
4234810211
4235920099
3170371235
2898004643
2914339457
3216407425
3199457664
3202402464
3189833136
4264682948
4264814532
4264781364
4264714785
4277543714
2129473826
1995182194
2003316978
1948917970
1412046978
1416237442
1424887682
1420184259
1420217153
1436650257
1470150945
1390454817
1386259461
1386643463
1990623255
4154888310
4112949346
4096779490
4096187874
4096154530
4096133794
4117106322
4159116994
4138018499
4137969393
4272190049
4272218916
4276414228
4276414228
4284855604
4251821373
4247627039
3980377375
3980377359
3980364047
3980299231
3984231407
3990534893
3990728685
2908529613
2904334669
2906435865
2906509609
2889859373
2889237806
2892459838
2892324654
2909015850
2917402474
2952595290
2935977802
2931647834
2931387707
2931318077
2929253661
2874698829
2837013581
2837079245
2820297933
2832879005
2895792573
2897955237
2897809333
2918741909
2776130205
3879297692
3877200572
3877135292
2807590844
3864553900
3889920172
3822734573
3820897599
3819782414
3786170638
3773653262
3773199678
3764804910
3764799790
3782561134
3883228639
3881131469
1742019917
1733565709
1868315965
1867852077
760622885
693251861
676468229
687014423
680596327
680534439
679485879
947921287
947966087
952209799
407081350
474198430
474083742
201586110
206728703
74590495
81931037
82194189
82196237
82182924
82166540
15171852
65437976
115773704
115774728
115772697
115838075
115641594
107781290
1445772458
1445762218
1445302442
1449571242
1457693354
1440916219
1419948745
1425191625
1425188505
3564611497
3564496297
3579135403
3612688831
3612823743
3581370799
3564593647
3563283839
3571537175
3567318325
3584155957
3617841461
3601068340
3605131573
2522992957
2653148477
3743569727
3711137583
3715200814
3698422074
3698357579
3696319819
3713158985
1565674057
1565784697
3698454121
4235256363
4235235851
4235232011
4234446107
4244028715
4260801641
4292258925
4275479884
4266041804
4267606469
4011820005
3977560935
2752799590
2752783718
2757049702
2757048546
3025606899
3025537219
3042314625
3059096960
3067504256
3063931552
3063780064
3063448309
2797109863
2800263974
2804458790
2771104806
2754264102
2771047462
2771342398
2804823054
3878566990
4264967494
4277537766
4273277670
4273277622
4271644550
3734841222
3734839686
3751616902
2375771014
2375803781
2629408660
2499319716
2489909220
2485975908
3580688676
3622205748
3617990708
3617728821
1474366758
1461786919
1428163879
1428360999
874646790
874712326
874786054
895757061
636225799
627964279
627964279
627964279
627964279
627964279
627964279
627964279
627964279
627964279
627964279
627964279
560855415
560855415
560839095
560839094
560839102
560839102
560839102
560839102
560838846
560838846
560838847
561364159
555138271
555136093
587703341
591758637
591901997
591899941
868724021
1908914549
1908836725
1883671029
1883691477
4026952149
4043730903
4048434935
4090393319
4086190838
4086264790
4086100950
4086101502
4090027262
4048083198
4048091231
4043925855
4044040479
1902001949
1902007837
1902006908
1901949548
1901917180
1935471044
1930219652
1930288261
856512757
592189669
592255015
592386342
601767206
568209214
568206942
568075998
550246110
835456670
835456671
827067023
827067101
860691197
869236733
836726269
836529631
836529375
828165343
827181215
860870847
861927615
870283519
870137055
872234463
872365567
837697517
837693421
837630717
837556957
829168589
829184973
829258205
829192669
829291007
829290879
829290879
829291903
829290879
829290846
829282654
862969726
862969694
862846750
871235358
871366431
871357215
837778205
837778237
837761853
812595581
812480893
829250013
830299615
830299615
830299486
830299518
830299518
829259263
837643773
871197692
871201788
870800380
863489020
861243772
861186332
861182236
863475997
828813087
828812830
1902552638
1910875694
1909752366
1904509550
1904591530
1904697066
1904618409
1904683432
1346840728
1359427737
1359939753
1392974009
1392845963
1397043338
1132806346
1132840826
1133348394
1133098798
1133224238
1113170222
1108979770
1113174027
1138335816
1405729992
1363904760
1393199592
1376422760
1376422764
1376691532
302817484
302293196
306692237
323403917
281414831
281418215
809905126
811018870
812923446
812918295
820306439
854897159
854897429
852799777
843362337
839158817
839157795
839747635
1913559298
1930361154
1900964162
3571325762
3571130338
3571007458
3494651874
3503040422
3498847909
3498913444
1351490228
1351355028
1351355012
1347165076
1074006436
50777253
319214727
319202439
855941510
856986054
827621759
829788255
813149471
828877119
1902553391
1902553902
1904126846
1937681102
1935317710
1918535630
4074406854
4074410471
4072321509
4072186213
4066959393
4062716977
1932008449
1932331267
1915619635
1391331619
1387137299
1388058881
1388064001
1383885825
306012161
305819713
322597313
275395457
275382915
275451539
283839127
284756662
280824486
280771246
817638318
821833130
829218954
577536139
577536185
585924776
593793516
593736684
593670956
1667409724
1629594908
1629535500
1629726989
3777161247
3777116463
3777108335
3823242222
3802531566
3803120326
4072473094
1923622679
1923622183
1390947367
1399335989
1344945173
271203329
272268545
811257088
1883802880
1883802976
1884065248
1900842980
1934597844
1934278276
1934225076
1942503079
1904742054
1904875430
4052415662
3784025262
3788022974
3775442126
3775445199
3809065741
1661778445
1661831692
1661389325
1661348383
1661348143
1661873263
3776855149
3789423724
3785228396
3784200260
3784110852
1619845636
1888276996
1883816477
1347125038
1347041574
3494521126
3562694694
3562698962
3589986690
1409009030
1382596998
1383645575
310014359
307897507
844770467
840448163
840443107
1897406755
1885036807
1893593885
1889305453
1889305197
1892452077
1909230333
1909426877
1942854303
4089887391
4089883550
4089883102
4090932446
4093048030
4051103958
4046942455
4044628198
4044633318
4044698982
4051115302
4089318694
1940326166
1940202247
1940218629
1944412701
1937076764
1934971676
1934909308
1900301304
1896090024
1896168360
1897278345
1901468555
838207370
832963482
832844202
832856494
832889070
837066991
828679407
825535847
557104503
1664454421
1663471365
1663468820
1663471924
1664061988
1668125228
3798963756
3798900268
3794795071
3795606030
3799832686
3867007214
3875457198
2817182862
2766859406
3840583046
3841898374
3841819367
3833394023
3828097895
3760988535
3760989671
3761055207
3773697509
3769503221
3769502661
3770444237
3774671309
3766266701
3766263308
3783101964
3779055133
3878551053
3861409309
3798478125
3806927919
3802860646
3803921526
4072221782
4076415190
1895439558
1887046790
1887313030
1887309190
813502390
813176742
813186982
813195158
863555470
871943647
872012285
602663277
871098685
862710079
862715199
829158686
824829198
824795402
830288218
276234715
299238264
398593896
394414444
382982524
382773580
376481868
389065805
353538383
269652239
269648654
269648398
269730350
271607343
810575405
810561069
819006060
818088908
809974220
826546636
860112941
851790909
852905997
852943117
855106335
846553903
844395055
843319087
843319591
851773735
851785767
579091503
579146879
579302495
600175711
600171903
558218589
537238877
537238877
537247197
537245183
541963775
558757370
558882298
542105082
542071290
541555194
558184922
558315994
566639067
600211401
868710348
868705228
835052476
809825188
809816997
810338229
810344407
810416599
810477942
810461462
835631367
835631425
1942929344
1657776004
1657578132
1926009508
1657635492
1649377956
1645187765
3792343638
3792289318
3795367974
3777554470
3760875574
3765049414
3765058758
1617563846
1881801094
1895305638
1891381671
1890333093
1907168724
1891380672
1906108741
1901897989
1929676823
1914145798
1914080262
1916200198
1916199190
1918329638
1926500902
1921254950
1921255270
1938036734
1938126302
1938159063
4051735989
4055930804
4047552436
4043423700
4043423173
4144213463
4144213334
3859004790
3859909942
3876832598
3880972662
2784158053
2784126437
2784179684
2783977460
2775597012
3778099924
3813808892
3822193245
3822336525
1674848781
1666460957
1628706109
1628767277
1628897325
1632961599
567018527
567020559
600573967
592251157
592320805
558775589
567160629
567224085
562878037
562856669
562856845
567051151
558666639
558732699
554540475
554678713
554678713
1661909481
1645132073
1644604715
1645667355
1647764539
1647785002
1647711274
1651903530
1677592954
549325275
547240907
547228171
547294729
547100169
547103257
562831935
596391743
596378911
567020813
566757645
566958973
566984557
566886367
550016966
818714502
818714514
818780050
818787730
1892660626
1892400274
1355529346
3519723650
3528112514
4064979330
4073368451
3000954803
3000823457
3017600677
4090783412
4082456308
4082441844
3809754676
3809492772
1662004516
1628716084
1633092668
567743532
567546940
600575005
600574989
592186381
588057629
554573157
558776165
550434533
546166455
546084503
562861703
596418437
583842181
571259013
571455637
570865909
570861649
570862611
570878979
575038482
576086066
1635202146
1618425318
544620502
551947910
552012438
548866743
546585279
549726813
541338173
537136941
553913645
592323885
600778029
562828605
562824461
567021325
567020045
566975069
566885117
566819487
567056271
600609167
592294047
575516831
1917161918
1925684414
1917295806
1917303230
4060610014
4078364126
4034061054
4038255322
4037207627
4037430905
4038351465
4042582825
4049922345
4045797385
4079418377
4079374345
1664417801
1664417833
1664561449
1668690221
1675039533
1674839933
1665929167
1900809679
1900875150
1892564926
1887858686
3498442462
3515153990
3515127622
3515201286
3515262230
2441520407
2512762165
2487518516
2487260468
2487416304
2488462820
2505239972
2505236388
2538856116
2538854037
2522052231
3591529094
3610391246
3543144414
4080024942
1903175790
1903175791
1911757951
1903234127
1903236175
1400053839
1400074591
1397966207
1406355231
1408421639
1374944775
1370547765
1370547749
1368449893
3514937847
3515257319
3553080741
3540303269
2466566055
2181352326
2181417670
2181516998
3537272822
3549832550
3516278070
3518375174
3501593863
3500557685
3504622949
3496233317
3508815988
1361336436
1394964508
1395096845
1931900175
859239711
863499582
861205822
861205790
827645247
826592551
835178277
835080037
835084277
826763221
1900505053
1900373391
1363539358
1371856318
1371572654
1405192622
1472314302
3598822286
4135824783
4135759245
4135759004
4141067452
4149325036
4113739244
4029847036
2955335509
2955368279
2955155318
2955155238
2976331558
2984394534
3013812006
3014991638
3065281815
3065281877
2545219397
2544949069
2515650141
2503073405
2503081837
2503212399
2503142719
2540923935
2549185550
2544925710
2544987166
2549247279
2447527727
2439466807
2447658773
2430957317
2431739189
2431743333
2429634023
2429767159
2421247463
4044380647
4044381685
4044389845
4077118917
1929569221
1929556933
1631826901
1623307221
1623242437
3770728005
4039154245
4047539029
4047936341
4077321157
3053906887
3053645718
3058853814
3067237302
3063087526
2995847670
3012634102
2983406871
4059248661
4059068468
4032854068
4033117236
3760573493
3761751093
1614136341
1611973655
1611941127
1610964247
1627799319
1627799159
1627864807
1640333031
1636064935
1636093621
3783577221
3783573125
3787763333
3787828869
3787697911
3787694055
3787558375
3787693286
2706553959
2740104311
2735926359
2735990103
2735957335
3792844631
3793096535
3814067991
3822522166
3818330919
3820298039
3820240159
3822331167
1675371583
1675371551
1640760335
1640827919
541527117
541465981
541474285
541536253
541386461
541365965
549750525
1640269757
1636079511
1640275847
1631959943
3779574262
3775371638
3842476406
3875995638
2803001334
2807177894
2817663654
2817720998
2813331111
2777683877
3851435516
3788515660
3780126988
3776002316
1664296972
1664313356
1647471676
1651702829
1658012719
583025695
591676431
587482127
554114335
537275695
541470509
541535789
549787245
549770983
1623513079
1619302278
1640271750
1673826182
1673894535
1653054147
3804740307
3804740433
3863391585
3859195363
3859194339
2802246102
3875955670
3842118550
3758163623
3771730919
3767536493
3767540012
1620060188
1624254476
1632643084
1666327565
1649807389
584515645
583794989
583795005
600573757
600643373
558710567
558657399
558686175
558663678
558729198
550475687
546151831
546093445
1624029317
1615640772
1611512004
1611643348
1661911012
3792627429
3792593639
3796263590
3804508838
3821286054
3787723710
3770947470
3770949582
3771079007
3771083021
3772131597
3788974349
3822549277
1674927373
1670694223
1657061582
1657061630
1648816302
1648812214
1648812214
1648484519
3795907045
3795965413
3804419557
3804493301
3821068741
3779125709
3779192783
3829594110
3829587950
3830631406
3830696815
3832924959
3831880463
3831627535
3831751439
3849544463
3849396511
3847237999
1666254191
1631784237
1640175933
1640180492
1674783500
1674657548
1676674828
1659912461
584073533
583286831
583323695
574936103
591910199
591852919
554169830
554030502
1615693238
1615828406
1623700918
1623571862
1623244167
1640077711
3821181405
3804412244
4065519956
4065520597
4065554101
3799082661
3796976293
3813868197
3779138213
3762369463
3763410391
3763420438
3765512478
1612785934
1612785934
1633773854
1675753774
1671552302
1672528925
1653653516
1656799260
1661006892
1661134124
1661136188
1627881277
1661224759
1661290342
1673970662
1669788646
1669719030
1669653894
1669635462
1640270279
1640138973
1631762685
1631758812
3779243468
3779241932
3779241661
3779322533
3774935719
3758117543
3758114470
1610993510
1624693030
1622632743
1638230277
1675945989
1650977796
1647770644
1645691956
1648641061
1648690221
591856685
591791983
591860479
1665479390
1631859358
1623462582
1619333798
1887900342
4035278470
4035246726
4035246726
3498359494
3498425286
2441526214
2458299202
2463556930
2451034450
2453127507
2457334753
2465719264
2545148896
2547179984
2522076224
2450639872
2452867088
2453141552
2474010913
2482498341
2444750375
2444613206
2444510174
2446606830
2434023918
2434090478
2417393134
2438360022
2480368327
2547350085
2547285509
2547310389
2547308325
2549409637
2549409781
2540988119
2473905847
2467680167
2467811239
2451013047
2521296087
2521295943
2530470919
2530323477
2530585653
2530589717
2522188805
2518125877
4128672037
4128672053
4128679941
1981196293
1846979591
1847573559
1864348727
757068919
756008031
739230815
740019327
739892335
760837615
760817135
796472831
796597663
796597151
796867254
788478646
1051138807
1051134679
1051135687
1052062407
1052074631
1033167495
1020584582
483779462
483901902
476037214
475873342
477962286
477896751
1551639847
1557933861
484392501
484313605
211684869
210634309
211617348
77353284
83644740
75300948
92079472
90576224
90576737
99025523
94704211
94638674
98841554
90518514
120005558
119747478
107172759
115463063
1185011093
1185002909
1185002941
1184998909
1184933885
1189128189
1189132285
1189188095
3261182463
3261175166
3529741678
3529680174
3525485870
3525567294
3525571358
3526476318
4065411902
4082447150
1908684078
1908685870
1942240302
1917271071
1917203469
1917267981
1917583709
1917633005
1942852077
1942853549
1909229469
1909229447
4081354631
4048000966
4031166294
4031162166
4026986294
2953211670
2953277206
2957389350
2961583654
2475046438
2458322439
2458126157
2462322509
2453937468
2453961004
2462345517
2458221629
2458383421
2458378301
2459226223
2195505259
2187117807
2199897455
2165235071
2416900415
2421075263
2429533501
2962013213
2962003069
2978780268
2982974956
2975636988
2971443164
2970999805
2971073261
2971024111
3004574446
3003526894
2747672286
2726770638
3062199774
3062166751
3062166735
3066354885
3053821125
3053886685
3053894901
4127632599
4261865670
3993430214
1863244246
1867438406
1834933318
1834996807
1864224853
1866326260
1866457316
1832349925
3984000503
3992391670
3992260582
4254416622
4258541310
4291833470
4291833470
4287966846
4287987327
4155887197
4155887180
4160524108
4116485956
4095587156
4095714140
4095664925
1948197151
1946751039
1946681391
1946686511
1959345455
1418672941
1418594885
1418600005
1150883525
1150825157
1150817221
1151140292
1155334644
1174339941
1098846501
1106194725
1106211127
1106113303
1097651990
1093506870
3274671990
3257898838
3257897926
3270480838
3266679767
3266630517
3268735853
3268737005
3284528621
2210786797
2210770349
2210764189
2210693535
2186641807
2186773390
2186785726
2450962094
2450960046
2450960110
2451024511
2987764319
2991959583
3000280863
3017060671
3017052463
2975109167
2970923055
3003621478
2735207670
2718813366
3792686242
3805170851
3800980899
3817764273
4057868161
3042846597
3028168580
3023912932
3044311012
3052695525
3050661717
3050664773
4120146693
4157891351
3621020455
2530304807
2522034997
2521960221
2454849820
2471827772
2438277436
2432051484
