1358699583
1356598287
1372523527
1380926837
1376769013
1376228245
1376227989
1913099189
1916834725
1916834727
1925226935
1656988823
1648536735
3791829215
3791886383
3808598061
3875711021
3842156845
3826691885
3830892348
3763847709
3759489821
3760026477
3760005991
3776779239
3780969447
3813474942
3787801102
3787740682
3771006475
3771001355
3762350619
3762354715
3762347531
3774895627
3775141403
3825473147
1682182011
1682184555
1682389099
1690777723
1640971387
579810395
579809355
579739723
579739723
579608650
311174239
1119619199
1097693311
1107114111
3247323502
3247324014
2173643374
2173439598
2173459070
2173491822
2173483886
2173548902
2177743206
2177743222
2170534230
2170534103
2172631239
2171582685
2473441436
2473441468
3010443452
3006183596
2737813692
3811555516
3812276460
3778722028
3778735276
3812240557
1664756159
1669012382
1666915230
601430751
567884415
563685949
565918268
549394972
565984780
565980684
564932108
569122316
560745229
896384375
896382391
896381367
359510455
359510455
342733246
342734782
351125438
1424866238
1424341694
1424341950
1441184654
3588669327
3623267839
3597723135
3730941271
3732124950
4268987670
4277252150
4294025262
4294025262
4292980798
2137100351
2099351613
2100491308
1829923884
1762871612
1761676104
1761753816
688004824
692191816
700580424
700519177
734012185
734011945
1002452520
1002441256
968895032
968895000
411187736
411972104
412619272
414712328
145244760
145282026
145289130
145353642
153811882
254462346
120244618
103370122
103334282
103338378
107729306
241873322
241738091
241738027
241738027
241810735
241940543
241875983
258640911
208309262
205163726
205229214
405318823
422096039
456696999
438034605
458944701
424341756
407892249
407818505
408863499
417252875
415221306
1486644778
1486644778
1485579834
1485579834
1221396267
1213138219
1209929019
3357417227
3363704587
3372173067
3388262219
3384050010
3417608538
3398934907
3398869369
3398869369
3398930793
3400914025
3405012072
3660843368
1513359720
1511463785
1511139131
436347419
1040589387
1045902154
785658714
787755370
787218798
627964279
627964279
627964279
627964279
627964279
627964279
627964279
627964279
627964279
627964279
627964279
627964279
627964279
627964279
627964279
627964279
627964279
627964279
627964279
627964279
627964279
627964279
627964279
627964279
627964279
627964279
627964279
627964279
627964279
627964279
627964279
627964279
627964279
627964279
627964279
627964279
627964279
627964279
627964279
627964279
627964279
627964279
627964279
627964279
627964279
627964279
627964279
627964279
627964279
627964279
627964279
627964279
627964279
627964279
627964279
627964279
627964279
627964279
627964279
627964279
627964279
627964279
627964279
627964279
627964279
627964279
627964279
627964279
627964279
627964279
627964279
627964279
627964279
627964279
627964279
627964279
627964279
627964279
627964279
627964279
627964279
627964279
627964279
627964279
627964279
627964279
627964279
627964279
627964279
627964279
627964279
627964279
627964279
627964279
627964279
627964279
627964279
627964279
627964279
627964279
627964279
627947895
896384375
1030599095
1030599094
493728190
493728190
527282622
510507198
510507198
1584249086
2116925686
4285381110
4185832390
4192124486
3096356358
3100607270
3092046630
3104585574
3172808690
3172873874
3179157427
3183412129
3986948512
3852468388
3891286156
4145078409
4144095305
4227965963
4093880602
4099127610
4107516202
4098984254
4101081358
4097166606
4118724942
3204366797
3200176588
2663313652
2663313636
2667372644
2658985060
2637163636
2620325244
2624507772
3169240957
3164980863
3169089391
3160699759
2623820671
2619626367
3160856190
3169252958
3169320574
3034906206
3043294814
3043295070
3076906270
2993148958
2993157134
3798462470
3794251830
3795824678
3793661990
3792609334
3792692278
3796686198
3796682102
3792555494
3792686566
3792428518
3813406183
3788109285
3788076516
3771563508
3771563476
3779947472
3808783312
3813108592
3863379825
3871825267
3871733202
3888506306
3855086978
3838238099
3838299793
3973041841
3989691040
4014860976
2924244720
2857135697
2856807953
2857852691
2882946354
2851501362
2830628146
2830488850
2849307666
2849303635
2873420915
2856713331
2856770609
2857815089
2874594577
2875191569
2875159313
2837386005
3961455607
3965523879
3965468583
3838655415
3838655383
1690647453
1690647196
2005211788
1989615500
1989219212
1452282252
3532665228
3267420572
3279991276
3246424428
3246428460
3246498600
3247612712
3247612200
2180162856
2440279353
2440273210
2423430458
2419235386
2972879418
2970849018
3004665482
2986837642
2986837898
2990900106
2987757994
3054941674
2788616042
2805395242
2776035114
2783405866
2783212842
3051647274
3051827999
3051750175
3043427165
3043754349
3028025709
3036488172
3032442348
3032313308
3036474696
2961037644
2956953933
2954791373
2956966143
2692590846
2717816030
2734588126
2726203646
2722074846
2722099423
2722030063
2721572333
2809525613
2775940461
2775676269
2784064895
2767286655
2767270743
2759013079
2758935251
2759004849
3025413793
3033808289
3035958481
3052805313
3085331523
3085855746
3085892866
3085946642
3077430818
3077350962
3077153298
2792075987
2792067793
2927329936
2923025040
2923030256
2923228900
2923200357
2943633703
2951764014
2951769150
2947640382
2947642430
2945568894
2912141407
2915225935
2890395999
2887119727
2753021935
2759804911
2776461295
2774298079
2774363597
2757655877
2757680133
2757478421
2692335637
2717646101
2751135045
2734347479
2726281367
2723987846
2718744966
2718352294
2739335846
2715281062
2698276454
2700373814
2700373302
2976132374
2959420678
2959490326
3026589462
3036545815
3036480341
3036483925
2512326933
2493976604
3567722524
3567529020
3504371748
3492857908
3222309125
3289623302
3289557766
3239226886
3260466694
3260433158
3271426902
2193494386
2193297763
2193305696
2193109088
2191012960
2195201380
2203606884
2170187476
3251302092
3234524877
3503083181
3490500589
1343016429
1343081727
1359936717
1896803397
822995972
822934596
822990020
856683668
856682676
860811700
936300948
902231428
902135685
1011092318
1011288894
944122670
952511278
970272574
1506027278
1506026254
1531191582
1229218110
1221059454
1216787414
1216787398
1216713607
1216648116
1283766180
1279573420
3423505852
3339618700
3323890124
3258878156
3262090445
3538734335
3530358251
3530354026
2188273530
2187736602
2188775994
2197033518
2190746414
2190746415
2190811437
2206671149
2206466092
2207007796
2211236980
2211237116
2177867260
2177810397
2178854621
2170404863
3508314095
3491532270
4028470782
4027491534
1896785103
1628415183
1628277903
1628409239
1628429751
1628335542
1695432118
1699102614
2001092566
2139561590
2139569703
2139563557
2140480277
1603543325
1574199645
1564799455
1548019166
1279585758
1279585758
1288107510
1288066006
1288597830
1154355525
1155465556
1146962996
1146936356
1142791220
1142328324
1159105796
1160938753
1197704451
1331933987
1331929890
3487818546
3488830738
3489074482
3489074274
2387946594
2262576226
2258445586
2258244354
2258240002
2193162850
2193101414
2193105511
2163790695
2161770453
2161814516
3235621812
3227027860
3239872964
1109233092
1377473732
1376428100
1376428372
839426404
839431141
587764653
558478237
541638045
541956509
609212829
872896925
872749567
1011301695
1011230487
1036395270
999695126
1536434998
1540629302
1539596566
1531207958
1271198038
1233572862
1216787358
3364262543
3431240349
3431243436
3435436716
3288697772
2215020988
2233371084
2201914572
2453576909
2456810575
2523787390
2523754622
2523885678
2532208942
2532209454
2529100334
2528903742
2262053406
2262049342
2278842926
2245812783
2227962751
2227962877
2219582973
3293325820
3558803640
3491645592
3508422796
1394497740
1377754572
1377223116
839184732
839180653
839164269
855941487
860205551
1934070239
1900515798
1632081398
1632081894
1640478718
1640343550
3854936062
3888555454
3888559519
3880164767
3842362877
3843379119
3843512303
3843434479
4116063599
4260701502
4294196246
4290198550
4289079558
4290652930
3753786946
3757968962
3724412610
3716088530
3699114722
3698602466
3702792418
3702792354
3702530225
3431998640
3432004784
1288702160
1280379120
1144195184
1144141872
1144142128
70393616
70402816
91407105
225686273
259175171
259167059
255035379
1326551026
1326578162
1246849378
1246968098
1255357746
3402830642
3400602418
3400626978
3467698978
3400836386
3399264608
3401103824
3405285764
3391654788
3391654804
3660165020
1495967676
1479472604
1479471564
1480049141
2018566629
2013323685
2080400549
2097178045
2134998445
2139250093
2139250607
2005041055
2006155215
2001960909
1896959967
1896898431
1896969503
1896969503
827442461
559007005
558994717
592549149
1674611997
1665174877
1665178927
1665379374
1627563070
1627559198
1611895046
1611903254
1611846502
3759297382
3826415590
3830656994
3834861923
3836987763
3853699331
3887241475
3874663683
3866469635
3795162371
3795162419
3795834211
3883909475
2776617314
2755490146
2755228018
2754098162
3832096738
3840491491
3970501601
3987278816
4020771268
4025232836
4000130500
3995476292
3995472244
3999601124
4025758181
1876174261
1876176799
1841573789
1702899613
1703100333
1703026605
1703026653
1641224143
1666270543
1662109023
1662120279
1666244959
1666233823
1666287071
1666418653
1666420477
1631690493
1628475005
1632672573
1632743213
1643293999
3790779711
3790770207
3761475598
3761352734
3759182894
3759393838
3761428846
3832707566
3841088486
3841347479
3858187653
3890566533
3890573445
3865403541
3873924597
3873662951
3873666790
3891336822
3849336406
3828360790
3828360790
3832817522
3836040290
3836036150
3987622919
4021181443
4008586499
3996073219
4264378167
4264375589
4276958565
4004315620
4004774308
4023660940
2136221068
2130978188
2135174588
2110140324
1971470260
1972510677
1976639429
1903171413
1898992951
825259319
858813719
863065367
578012447
584287511
601064759
592547167
591433183
591437311
1665182958
1661185134
1627559006
1610776646
1610780998
3758272822
3758290214
3830644006
3839061283
3851513123
3887295859
3870448963
3874670019
3866543555
3862943171
3862951377
3883646833
3892035440
3858349428
3833115924
3828921620
3828983060
3829134644
3845903717
3850061797
3850307045
3984393717
3984342519
1836920823
1836531687
1777799014
1773473590
1806710038
1806771462
1806705670
2039489542
2038490118
2025891078
2026222914
2093389810
2093385394
2093455026
2110039699
2009900689
2001646272
1997427392
1930302416
1897791844
1897729380
1901922404
1906247716
1906186245
1637873925
1671280901
1658696965
584880901
576487709
571773437
570732709
570733733
570723493
570936481
587619489
587349153
1631731105
1686257057
1687363473
1689462723
1688415939
1684090435
1819307539
1819310627
1827789347
1823595299
1822555907
1843526915
1864498434
1848882434
1848874338
1850836450
4006646242
4006655346
4006722819
4006850305
3998464784
2922625844
2788293412
2788227877
2809519981
2809645055
2784446462
2784297454
2783973806
2775651502
2758873326
2758873342
3832615118
3841138894
3841074383
3836880383
3836876287
4105308127
4042330055
4031807303
4027641351
3761482263
3774069287
3769077303
3819277829
3807286789
2720957957
2720956933
2720907813
2720850469
2720850469
2733503279
2747122991
2712978813
2710885501
2715090173
2702507229
2702671037
2684759229
2685285823
3760067998
3764261310
3772650406
3770614694
3768910758
3768856991
3768870285
3769953740
3772099916
4057054988
4082337308
4080255500
4063453704
4129497608
3059950120
3068270376
3064399144
3080979752
3082039339
2511605850
2512126426
2549876218
3615235866
3611048218
3611109658
1429940490
1434003466
1441278986
367591434
392826938
388641066
388636986
925376795
925634859
661389675
627964279
627964279
627964279
627964279
627964279
627964279
627964279
627964279
627964279
627964279
627964279
627964279
627964279
627964279
627964279
627964279
627964279
627964279
627964279
627964279
627964279
627964279
627964279
627964279
627964279
627964279
627964279
627964279
627964279
627964279
627964279
627964279
627964279
627964279
627964279
627964279
627964279
627964279
627964279
627964279
627964279
627964279
627964279
627964279
627964279
627964279
627964279
627964279
627964279
627964279
627964279
627964279
627964279
627964279
627964279
627964279
627964279
627964279
627964279
627964279
627964279
627964279
627964279
627964279
627964279
627964279
627964279
627964279
627964279
627964279
627964279
627964279
627964279
627964279
627964279
627964279
627947895
896382327
359510518
359510455
879604151
879604151
879604151
1953349047
1961737142
1961736887
1977989814
2011544246
4150705798
4129750726
4063651678
4067496239
4067438639
4075828269
4092600381
1911627804
1909924892
1893152028
819412284
809834813
273418527
290195918
323767758
323323278
1380286874
1925682074
1921364958
1921296366
1921296109
1921298156
1922013948
1942903516
1900747292
1879706156
1879706924
4028251183
4034536494
4032508950
3494442182
3494417606
3502801286
3515384718
3515454143
3549147836
3532306156
3599410924
3603687148
3590909932
3608698093
3508209903
1344145646
1881032910
1881077838
1616832526
551460110
563909391
596943709
584360429
575971501
570745005
1661206701
1661207727
1627785646
1908804590
4052105775
4053211661
4122765828
3584880132
2511050244
2510979604
2645262884
2646184484
2679681572
3197740757
3201870759
3193485734
3189295270
3055111350
3055445142
4129169558
4112392414
4108197966
1688080654
1962877198
1895572286
1886135082
1882996522
1887248155
1893535241
1888226824
1368149704
1401730696
1468839560
1452052104
1453100696
1587912361
3735468970
3735465386
3756433594
3748503802
3714900010
3714891822
3748557102
3748538214
3727304502
3728221970
3728421202
3680108914
3648651538
3640280322
2562451714
2562304263
2562304260
2562243380
2678636324
2666038572
2658698540
3124266108
3124276348
3122179116
2853874988
2920980268
2927529508
2801698327
2801567238
2793190342
2772206518
3828253094
3828273574
2754495382
2888716166
2892970966
3974900006
3970705702
3970697239
3970901255
3975029575
3966640839
4168487559
2029454007
2094273959
2089823397
1569728679
1569851587
1435633730
361768962
131099682
105964578
39284754
35024899
35057665
310280641
308183425
307004833
319589793
822910373
822906277
827228653
835363133
1909170189
1893244940
1884856348
1887106348
1887104812
1901750828
1448771117
1447640605
1447569163
1448681802
1449079114
1449004234
1432275114
1954462122
1962847130
4104104651
1960620747
1952227913
1897702137
1931453161
1661919917
3775885997
3775399597
3758886317
2689337517
2983090349
3080116461
3082210317
3068654605
3069043723
3069043977
3081676073
3081678636
3047865900
3047788076
3051914764
2809704972
2809705021
2809705263
2788799534
2720564270
2737605670
2804780150
2804865142
2771318902
2703687446
2704703042
2708823762
2706661106
2715557554
2717720226
2784960178
2784835506
2783720850
2783716738
2783917186
2784892034
2814327958
2811505847
2811522263
3080088775
3080120775
3082218821
3221225293
3212703581
3212637757
3212633647
3212371503
3212408618
3212344686
3195542910
3212385758
3220913630
3187352990
3170514327
3170572183
2633700231
2625180053
2624139765
2624270836
3706594756
3706681796
4244408708
4244421044
3990661548
4024281501
4007632797
3864433311
3860239071
1714864878
1713656558
1713382142
1713382318
1713508582
1721892967
3869392935
3869754375
3869551623
3886327815
3848775687
3827735303
3832449543
3840838151
2768145942
2772206134
2940002934
2921128694
2921095654
2937876710
2919058662
2898151521
2897102864
2780702976
3220973824
3191614720
3191612672
4265484384
4135452833
4156424323
4121822594
3568181122
3568242306
3568573074
3568577442
3706988642
1278487586
1278684179
1278616579
1278615811
1280471809
1288946209
1556137569
1606455281
1589747649
1581362627
1581362643
1581759731
1577565427
1443339511
1980665335
4150168935
4116686183
4116555637
4099904053
4116697621
3021980181
3021816373
3160147493
2630688551
2626361639
2559121703
2560112678
2581084214
2614701086
2614830351
2614718751
2614677853
2606268796
2668410620
2668406476
2672600772
2672600708
2647437973
2647652263
2630808999
2621852902
2621835490
2621835330
2621839426
2370254850
2403745026
2413194518
2682187030
2594028855
2595796276
2595792660
2612568896
2612564672
3219686032
3173553824
3156786848
2888342432
2888731041
2888206801
2888214593
2908941313
4017218563
4000441347
4000375858
3998246178
3998315810
3998303586
3871540722
3871544530
3884006610
3884002547
3885182323
3889306993
3847360321
3847427653
4111541845
4115867253
4123214805
4119086021
4119119303
4152678358
4152672230
4291080046
4014451566
3980831550
3981875470
3965106446
3960903695
3960835085
1746244636
1762897980
1762848812
1762914348
1796292644
1796293093
1766916517
1766916533
1750143925
1817252533
1825641140
3968939700
3969203892
3985981172
4021647948
4022168069
4005521933
3871341087
3875367710
4143787294
4128514078
3071553598
3071606847
4111859821
4056289637
4035256932
4035191524
1887712964
1350830789
3498449863
3494332918
3507476982
1393555926
1376778118
1376645774
1376543374
319566478
856426158
827071151
835533295
864954415
864430093
864431117
851911693
306520077
306524189
323244077
323273005
289703397
13403557
4560049
4699313
13612435
9352595
9090994
9151154
76264418
76198706
1149935874
1154131203
1145678867
1141484597
1158199348
1460189476
3591014724
3591015365
3591024326
3729426118
3604645462
4141580862
4133012014
3066602286
3066601518
3062427694
2995437613
2999517388
2987921604
3491308948
3491368612
3495574180
1889155828
1889147604
1887967829
1883781397
1896381445
856220677
839443460
839709724
839697708
839697772
843335148
851903981
864493549
864370413
830814959
830814974
293874654
298074078
331683294
289812958
289858014
272998910
809800190
818185694
549817806
549890509
558279116
1665575372
1661380940
1645185036
1645185037
1645118494
1661919294
1728471142
1695965414
1700135334
1707409574
1740898438
1724132743
1724721537
646855585
781077489
781003200
780937280
785130500
776937477
1041641476
1058410613
942801269
946998909
687016493
682691181
680528509
679488207
679488207
947924685
968889789
1002508733
1002451101
1002448285
1002454461
1002454501
994073061
960625013
960757079
960737623
423735575
423735607
406958398
943821118
943822142
943823166
943823166
939636798
956545086
2063776014
2114108678
2115146503
2115158533
4269195876
4267111140
4275331812
4274268000
4156829553
4156894531
1967537491
1967529058
1950549026
1614872626
1614888966
1623507014
1623503223
1623504357
1623568365
1623501276
1631881676
1644464588
1645185532
1645145068
1645113340
1644570613
1648833525
1648689639
1665597927
1615204567
1623601223
1624658247
1620562375
1619321573
1619322605
1619319533
1640286973
1631902717
1627683309
1661430893
1661363293
1648779277
1926684684
1922494492
1925509148
1925509148
1912915033
1912982649
1917209963
1917218154
1926641514
869734394
861352410
823210442
806363594
805382090
809713242
818043515
813947611
830516939
864069579
851481547
843088859
1912701931
1644532203
1661310443
1627822443
3779508539
3763780409
3763776057
3761759769
3761627656
3761525336
3761504872
3765711721
3774095721
3769898029
3767880733
2694274063
2714230029
2714037509
2739187061
2739256829
2722471901
2722467797
2723120853
2739832567
2739857270
2807033126
2807884838
2807883814
2776483878
2776549462
2757680326
2753459398
3827262934
3827070454
3831252963
3839188707
3835129585
3851943505
3867540993
3804626433
2722430721
2722430257
2718297121
2722495541
2722618391
2739391863
2689064805
2688999157
2688999117
2688964301
2697230061
3770966765
3770958319
3787719006
3771143262
3762699482
3762694398
3780585662
3788855487
3784789149
3784754573
3767980943
3772117710
3780440654
3780439342
3813992494
3805603878
2732054582
2731985990
2731984199
2731983301
2732016613
2706666213
2689885941
2688904951
2689068902
2755723110
2755714918
2772490102
2772494166
2772545366
2772479319
2772732213
2755954964
2756152084
2756099956
2756112244
2768760692
2768594900
2802591665
2802661283
2806973346
2782856098
2778005938
2761757138
2761695430
2761712726
2763910198
2763978775
2767632391
2774964229
2805438725
2789186053
2789195269
2789126669
2787082812
2786886188
2789769772
2785604140
2802378540
2802380580
3877174564
3877227876
3877194981
3881389238
3881508022
3883605174
3883539639
3824819381
3824818356
3818526940
3818526940
3818532684
3785043532
3784910412
4036568660
4036503153
4036507379
3503838962
3491252146
3490497938
3490698626
3507418498
3545163138
1381934978
3531513730
3531575219
4067270561
4133797861
4133793060
4133793068
4133791036
4150636572
4113035277
4096659725
4096659743
4230878510
4234878254
3169520110
3165194686
3702069134
3703055246
3703120846
3719967438
3720041178
3757626090
3757612650
2675485563
2675485513
2671291336
2637937608
3174809288
3178860232
3178923768
3187316456
2918884072
2944246360
2923213624
2923212844
2922680364
2922745900
2920738852
2937479220
2769691700
2752919028
2757103525
2767588021
2763393719
3971287703
3971226254
4256443038
4290523134
4294721406
4269287198
4269352462
4286276110
4285030926
2137551390
1568170798
1551393070
1551495278
1549398126
1549531167
1549465613
1545254925
1566222357
1599781125
2119866631
2121957639
4133060933
4132995573
4131951589
4148859552
3075113680
3037368000
2768824928
2768824864
2774067744
2815983140
2812235300
2745058837
2732541525
2732406743
2723948006
2723945702
2725513446
2742290534
3782678550
3763746822
3763742726
3762695174
3771065623
3770987829
3766787380
3784084812
3821832780
2748090956
2739702284
2735713844
2735713828
2735646245
2735664679
2702109223
2702969447
2709260663
2716600661
2716604757
2712549701
2713594951
2717789270
3791404134
3791394022
3789296870
3821892758
3821925518
1657640078
1657638030
1649253262
3796744895
3863984829
3863657181
4014926413
3977177693
3960368893
3960088239
3960021935
2890412461
3989307565
3985129645
3918053544
3918045640
3905480200
3898141192
3962202633
3962186043
3828230187
4100196395
4096066587
3832938507
3839254603
3834028283
3833769387
3850545579
3850803854
2814676622
2718729871
2718728862
2718876302
2803782366
2771264110
2766938918
2762735910
2695634214
2695633966
2762741791
4121761804
4159641612
4135463948
3594398732
3591777613
3591777742
3541327082
3553643754
3548695658
3548677210
3532095499
3533086984
3533087240
3533021736
4082934376
4078732781
4078799081
3809446123
3809446106
3809450186
3808864650
3808863945
3808879304
3843441352
3843424984
1697907432
1702110956
1684284781
1692417071
1689263134
1689390094
1955728398
1955736590
1435526158
1434509390
1468047567
1468309711
1468313818
1468302570
1468501098
1464764458
1998497850
4112492858
4095457546
4099644939
3839858201
3839857192
3831272040
3842810604
3876381340
3859767956
4128125860
4127658148
4148434084
4152626341
4152757405
4153810063
3751161039
3583257886
3587454270
1425814806
1425830150
1421631750
1421632566
1434205222
387718182
320474311
302656647
302673285
319477636
324977300
299664037
298091181
818184879
809796267
827818746
829875770
871821098
870787114
870656043
1910843449
1902524424
1367243016
1367276824
1367185180
1348240140
1356628740
1356628752
1355580401
1355580386
1347195298
1394512802
1379853986
1379560066
1915378370
1915341634
1928919331
4072187941
4055412013
3768099597
3772359177
4045197835
4077667066
1930233578
1661804202
1674315946
1637615786
1620838634
1620973770
1888365579
1892623373
810295309
810344477
810340383
809795871
893879614
902270830
936348534
936356566
936098518
1036763126
1036752374
2102040039
2102044087
2101978551
2102177175
2035072407
2068814263
2068220311
2135350726
2135319879
2135324503
2135389045
2144301677
2110743532
2110615980
2093766076
2085416093
2081221791
2081290374
1548680582
1548668294
1439614342
1474217414
3604993503
3604866557
3606963581
3732923693
3732792621
3741111596
3739796796
3752584988
3718968853
2645214741
2632697397
2624177783
2624177879
2621163222
2503731158
2507925494
2507106294
3615324150
3615234022
3615237614
3613142511
3579784317
3562933277
3564506124
3572904988
3573014588
1425318204
1422963004
1413525821
1409329007
1409326974
1409387382
1426557782
4148595014
4131817686
4131826934
4132938994
4132864211
4141253009
4141274000
4158059152
4116050608
4097073840
4097128352
4097250725
4235531430
3988012262
3988007974
3836030014
4104601374
1961172510
1952722458
1952722459
1978412569
1945906968
869014792
852298952
843857032
843609240
860410008
860455049
860586379
860456859
860397226
860396266
868846191
869005887
869986079
1943725343
1901781023
1901846590
1901716542
1910215998
1909165438
1909033854
1900579679
1900645197
2001379277
2002431965
2002431468
1985652077
1985524781
1985516597
1981322293
1981534325
1981464631
1981477939
1696265267
1683672371
1692392211
1694497283
1627310595
1625247233
1616721409
1612456464
1629037089
1627992677
1632110309
1636310951
1636318118
1669860286
1653083022
1653100494
1657401295
1649141085
1661723773
1628168316
1611391452
1611391964
1628042172
1632228012
1632161709
1665715132
1665784236
3788147180
4052662748
4052659020
4086214412
4086145804
4057764669
4057760038
4158496806
4150255654
4146057254
4146053158
3071951926
3070907719
4144641477
4081720709
4115216780
4123601341
4102777773
4119429037
2978502335
2983776911
3017327503
3009124207
3061556781
3060510253
2808851973
2808849924
2804524549
2770973205
2772013351
2755182638
2753052910
2753036462
2753168574
2769955982
2776247711
2818255791
3887664045
3887664125
3885567948
3851954125
3856163535
4099891918
4099822302
4115534830
4115403246
4115399150
4115137774
1959267502
1889209502
1889216653
1893607565
1423845772
341716380
