2498717702
3564005638
3580258822
3555094018
3538339330
3538339074
3538403363
3529818145
3592740897
1982111777
1983161140
4128548356
4129078788
4128016900
4128017204
4111370532
3033180452
3164268807
3166317830
2562405638
2560124214
2563269670
3100142630
3116911654
3185298470
3046820902
2982066549
2981927876
2985052868
2435582596
2435652260
2435719076
4079891876
4058920100
4055774372
1637627037
1707878541
889989261
352643212
385992844
922863821
654543901
771921167
772972831
1045668143
1045471535
995143999
994087967
989961439
956536990
956479934
1027783102
2101779390
1841728446
1842253726
1838065566
3989218239
3989087165
3976503965
3977290461
3979588188
3979580972
3978362413
3978325805
1835219757
1835145517
1835141405
1835141391
1701120287
1709190207
765469759
765538367
800133406
800071951
797975823
730869007
714128671
717266207
734107965
725715261
725715261
709069629
709081629
704752159
704752439
704756023
704886903
705145062
1762048230
1745279206
1745275046
1752582550
1751255703
1751194351
1751124655
1751390895
1776564925
1805920957
733227965
733231501
731131021
696263823
696262734
679682078
949031966
1485837318
1219503110
1219550470
1219597590
1217900822
1233563910
1250332933
1250856964
1519295492
1519290428
4195977260
4265314348
3978987548
3962484812
1814998092
1747886541
1747817181
1764610797
1798128365
1781273327
1798050542
1751921646
3898880254
3907269726
3903268926
3904776254
3902695454
3901745422
3951864591
3935087116
4002129420
4002054732
3863577308
3792192492
3793224620
3795453356
1646923180
1714293165
1722685855
749615503
750139791
747780494
746600846
947927310
412121894
418442022
161590070
1268887318
1269933334
1251270966
1250193470
1250235626
1267678634
1267612586
1267604393
1233992104
1233918376
1225001400
1209125256
1208190856
1276281544
1543676488
2080612908
1744875308
1749068596
1757453108
3917593140
3951274516
3951208983
3956455974
2853345830
2920450598
2922596902
2787527270
2788035191
2788038980
2792101956
2796297284
2813099076
2762931412
2762915071
2762914046
2896541854
2888087710
2888079550
2904987822
2905004462
2938567310
2938272462
2942512847
2950704687
2950704686
2950708782
2883599966
2879598430
2846303734
2846098662
2846622966
2830644470
3099075797
3103337540
2558072836
3627624708
3642370564
3373935108
3372886532
2613701124
2609638212
3683360132
3750334852
3481842101
3347886501
3347875239
3613181350
3608462758
3543451046
3543581094
4146254246
1965220182
1965155591
1952509191
878733317
1008802053
1008867589
476200709
476197383
485626375
1016463958
1015366262
1015333751
1019522367
1011132447
1058842749
1044162781
1044314253
1043217545
1042677899
1043464635
986841835
999555626
949228074
414458415
415000127
415031815
146383623
148549895
416977159
407471415
407411175
940095975
958044613
2048564037
2050657093
4198207239
4198269718
3929842454
3929514870
3927372782
3893760942
3906417582
3900978094
3900974503
3968085412
3969132972
3964930444
1832126852
1698564516
1698568676
771434820
749219588
749217541
749217541
749508453
766288741
765237015
734365447
734496022
994543910
995600678
1513465894
1513482518
1511336198
1527724294
3410890694
3414824854
3381266342
2307393446
2307665830
2307665319
2307770855
2311491365
2312539957
2312474389
3388256052
3413420916
3392449012
1243068916
1511495828
1510467780
973465620
973563940
974542884
706137092
790031364
760589316
767862804
759479316
743218452
743350260
1825488612
1838063268
1737264804
1724682133
3872165270
3859791270
3859721382
3859213734
3875991526
2773928550
2767636998
2766588422
2766662150
3831884294
3828711158
3845474034
4011066258
4014276998
4022677990
4023656679
3990099045
3906734133
3906865165
3906623757
2828790540
2845370892
2885217804
3145262605
3145257677
3151545005
3113763241
3112923311
3179942063
3164226751
3164228766
3164489870
3170850958
3158059150
4248055230
4247934399
4247929757
4231156621
4235425733
2087743428
2087742453
2087741943
2103668182
2137157958
2137149702
2112241926
2095432502
1961157414
1956949799
1961143101
2086971660
1059366924
1042733068
1042701324
1042677837
975569101
2050883839
2052915502
2044203566
2023240238
2023449126
2023481878
2023268894
2023268878
2022216206
4169766477
4165515996
4161583868
4161772540
4161702108
3893266652
3911026909
3931604047
3933634574
3929178126
3929178430
3929199398
3939591014
3934282726
2860523942
2877301167
2881817774
2870216862
3138652310
3138783654
3151371174
2610047686
3683724998
3685756550
3383764615
3383785125
2307950564
2312143844
2299560820
3373368085
3375597333
3357781271
3358042387
3358042386
3363301651
3628017923
1478375683
1493830545
1598689168
1590300544
1585973136
1992830384
906505636
906501540
839601572
856288596
554494996
559721527
592743463
588744758
588745175
592690071
591498135
587238039
553683591
620989319
620952503
620916135
760442343
770715111
769682807
769785111
761380103
761380119
761511735
803453735
799250725
1873910037
1878038797
1865464077
1764800775
1763899671
1763866919
1763843367
1763839271
1768099111
1843465575
1839270903
799222743
800140247
662715207
662710535
666904839
624961799
553855799
566374183
562183975
562106167
545525511
545525574
546065350
550296518
810408406
818919862
818919862
830908822
830908822
835173782
868726199
935834037
902279605
893891061
877115221
872787733
336456469
336456567
1011739639
1037003191
1070492087
1053448583
1053739399
2119032197
2118954421
2114823573
1845933445
1729278405
1702068501
1709212965
1692446501
1684056613
3844127253
3844127253
3844193829
3844251437
3844250927
3845572911
2771831087
2776025903
2784448319
2952218174
2952221214
2919068238
2891735646
2893833974
2893815782
2893809574
2834040246
2833842582
3903533198
3920241806
3920242829
3920246924
1807562940
1811687596
1811228924
1806842956
716320780
714153996
781246476
1052811308
775987236
771791909
637638705
637794355
637729831
570620967
574779687
583160167
599852031
541066203
809845403
809976475
818836123
818900635
277674650
281860762
281861018
282049418
298232202
29791626
97948042
100069855
74903903
73851191
73589543
70492707
1412669985
1433581313
1450348289
2127727888
2123402272
1853926432
4001410084
4005604405
2919472191
2919402799
2903951151
2887123502
2887123502
2887062122
2899579626
2895393450
2912691882
2912426410
2897742010
2901936282
4231531675
4231745675
4229521547
2086199499
1960437193
1960558057
1952102892
1683929453
1679726877
1696501005
1696497933
1734246413
1732149253
1731633413
1729618709
1695883829
1694839397
1695352557
1707936687
1703676335
1738295455
1723324559
1723246799
1727441995
1714787339
1714716987
640975659
641196843
640819503
638722094
622002214
608239846
616693927
612503975
612508551
881010317
881011341
1015229069
1032129164
1065356028
1048578776
1053829833
974136137
974136089
974140203
973091627
977281834
985686826
465593134
461631798
1518597494
1249967350
1254160582
1270900934
1266768070
3380795846
3364010950
2290267846
2291302999
2307949351
2582676005
2574287397
2570101333
2568070725
2568072913
3103894517
3087440037
3155593381
2752956645
3850291397
3786296516
3824029124
1668034004
1663839652
1647062436
1647256996
1663959972
1672872621
565576334
815006350
815018958
278720326
12364054
1086171414
1086306566
1101445382
1206304006
1193714950
3325468946
3329663250
3465977877
3733369044
3733423332
3619982496
3558312096
4097739152
4096690640
3762194896
3829185861
1681763589
1698604037
1865331765
1848610853
1780805664
3928252449
1780818215
1780815143
1797525286
1768163942
1759840870
1756831302
1754735302
1754604225
1753227920
1753228212
2038456709
4190169223
3678468231
1577117830
1581373878
1581414870
1581399494
3737530822
3600155087
3619426797
3585401257
3583292393
3560998633
3691022857
3707800073
3741362698
3741493786
3742542090
4283606043
3209937945
3141944440
3108394236
4182664092
4174259868
3633186492
4169940636
4170985117
1482431470
1494485230
3641707630
4178826366
4212305934
2069012485
2144444484
2143330500
2109780452
2109780412
1841348031
1833150910
1833089454
3876764078
3859974510
3862072622
3793995022
3794001934
3810615310
1612783646
1612918830
1625436462
1621231471
1622345325
1622148969
1643120393
1647316233
1647474952
1647503624
1649584681
1653914154
1669631546
1636598346
1640792778
1699513051
3977097963
4010730223
4014368239
3955633269
3955633189
3956612135
1796674613
1763582981
2032018204
2077172268
2072785452
4220265996
3683413512
3683184456
3666394616
3666394585
3397957003
3465131422
3465254318
3335160998
3326788774
3591031974
3608071302
1427567750
1412846727
1412855173
1412592513
343102337
350246641
341845605
337651237
337653287
341980726
362952214
396510998
396443958
396410902
367059975
492960775
489715767
489974119
523643367
443957207
452331463
515178951
1588872055
1586807591
1586799399
1607771687
1574219302
1549052470
1574759958
1607266838
1603228182
1435369943
1418596517
1414484133
1948043429
1947043988
1947048068
1946454916
1980009093
1984335503
1984332366
1981198862
2117902894
2117657134
2121851182
2126245934
1790603310
3938140203
3932700875
4180376715
4164606345
4164602509
2027866765
2023606917
2023516805
2019307140
2015112948
2032088548
2033587300
2037776420
2045116421
2040922115
2040925187
1509697587
1534863655
1528572199
1259874566
3377143110
3381270406
3381270166
3364556454
3364363942
3381160870
3381451751
3386281829
3444737621
3474097860
3742406292
1527817908
1526770612
1526851973
989948037
989866133
977352917
709048373
789986357
758019092
761976068
770225412
753446165
753446167
761830423
773426375
772447366
772455575
776637607
776636839
1716095413
1728617365
1812769413
1812901557
1812375269
3962999333
3965945637
3965751093
2908794677
2904599333
2904615461
3911351845
3911327253
3907126805
3903915814
3903849766
3908308006
3899395110
3899333686
3900324918
3904518167
3902482500
4169673028
4169674180
3649613764
3683172292
3666523844
4203394756
4203452341
4270364071
4270365862
3192425646
3071265966
3071691966
3071423662
4147253678
4113699502
4115797646
1706174159
1974480463
1956653838
1960847694
1952654574
1952584174
1416757758
349307870
345178698
345064027
347137817
351316249
342927368
488683544
505722888
505854984
505856008
505561097
438436185
456524331
425136686
416035374
411837998
412885566
412885534
412885774
147611918
147439950
147428445
407747709
407808124
420395340
990812492
2048821708
2050263500
2049213917
3928265181
3929518589
3927351791
3926319599
3930579375
3934544814
3951305646
2877622190
2840858030
2836662718
3107195326
3105229230
3214293430
4288031622
3683921542
3683919494
3415221895
3414218661
3380643237
3384837476
3376514357
3407185173
3408364821
3374820631
3374819607
3379554583
3380422919
1232808199
1230641661
1498024893
1506430876
1602996108
2139678612
1061725612
889756844
890801244
622640132
555723780
554101813
553801959
587352486
587385766
599976615
595851943
595643013
599837317
591448709
587463557
556985333
555903333
627124519
627060007
635649335
635630903
631485751
614577431
748731671
752925957
769760005
761379589
757316373
1864547079
1864547591
1847786758
1847729462
1864505638
1864505638
1868695846
1843531047
765595399
766646023
766580485
764421893
629155591
666905862
654322958
654523774
553794990
826672558
830866334
815661966
277759631
277667471
1351392191
1351400446
1347267358
1896786702
1931390734
4076775182
4072575774
4070543677
4074602812
4060906860
3792539116
2735647204
2735647204
2702113124
2715209028
2711014725
2710953302
2773776230
2803132390
2803307222
2941649606
2950108134
2878346726
3952090598
3956283447
3948165125
3948357636
1797138436
1797138436
1762601989
2034967813
2034984709
2043262756
3951597348
3951607668
3951607804
3951607484
3918053012
3918118580
3918249639
3909868198
3977857702
3977972646
3980265638
3979741350
1835145350
1839339718
1839344839
1872784453
799073541
786473221
786669573
786665493
787518519
795917367
758167591
741537826
741497314
741481394
1815218866
1819414162
1844579986
1874005650
1857035970
1857054482
1856004915
2124423731
2120360451
1008873987
1009123846
472842550
484969510
1017649189
1017653284
951592988
414770188
498827532
511345096
1445626312
1445627336
1445895640
1983823336
1985983976
2002559400
2098520536
2098491865
2136229370
4199996650
4204194026
3935758570
4008836170
4008740298
4210066122
4208104074
4215464635
4215415466
4177535662
4160758446
4160827814
3896705254
3900915814
3900818486
3917519878
3951077383
1787078661
1791272964
1778694148
1778694208
1778756800
1779332576
1779308512
1780352736
1845364385
1823281073
1823424385
1689137025
1961766785
1952845441
1952861873
1978781411
2008084451
1739615715
3855642051
1699802499
1681976723
1698944931
1698939555
3879977623
3863102151
4132594519
4277231927
4277150759
4292884503
4251138063
4235409438
3706919214
3706935614
3166100766
3166149966
3166541255
3164378567
2912724983
2946278757
2950599969
2923332641
2788066337
2787476513
2787480609
2804347939
2804302886
2804286502
2938570230
3984002966
3899080342
3907329718
3903134450
3903134450
3903143506
3903139328
3904120576
4189070592
3656455168
3675356164
3674319109
4211386647
4211387190
3938757174
3934625302
3934566159
4002193789
3867717740
3859333228
3792178284
3793291372
1664747628
1665014116
1635662583
1637752518
1636701894
596391622
596390598
595874502
847545311
864392189
327529336
289796968
268838776
268839800
1342581757
1342585775
1078397350
1086671238
1351388550
1355583878
1439601030
1457435014
1992208770
1992201681
1991744800
4139035680
3866405920
3862211616
3795096612
3793110244
1645622436
1645618596
1645616804
1660358308
1638338229
1621249671
3768768070
3768644358
3768623926
3781223190
3776996110
3761508878
3762160186
3766354474
3768192811
3768257000
4038592936
4105709704
4105775240
4097403016
1463305609
1446838665
1445331337
1583743421
514199917
514007853
513811245
1050682173
1054892349
1004794159
963834175
408080655
1481090063
1476705342
1477240878
1477241902
2030611774
2034939742
2039121562
2106232507
2106101417
2106108585
1704508328
1696127912
1696255896
1729808264
1662706029
1662705965
1669329199
1669121311
1664916806
590653895
588753319
558271397
558287765
537120135
537087367
537032115
540173731
1617126819
1625384417
1688465249
1688444689
1705099009
1738653441
1726069505
1717680385
1713485843
1713616931
1713608743
1714587687
3878853911
3979537687
3979532087
3979527975
3961573159
3982511911
3915390758
3923843894
3957393718
3919841599
1772423231
1772423231
1768233023
1768233343
1768299358
1773541982
1770469966
2038704718
1502358094
3414960718
3415010126
3414997838
3415063006
3414800830
3414801839
3381238956
3381234860
3378089132
3442838660
3693317252
3693255844
2082643620
2082651813
1814211223
740338310
740354694
758127303
791878359
775034495
790762287
748826917
1017253925
882900997
882909189
346041357
211871757
212969487
215128079
181569614
173197518
169004238
168968398
168034622
168559406
173568558
181953070
182149678
165241366
148431670
143184678
143184238
143185391
143366636
143366652
143309276
1478146508
1478134220
3627715021
3660550094
3660484174
4197359326
4197365470
4264424118
4264325798
3941409198
3936694447
3936616621
4003463340
3999274132
1847598212
1848778164
1846951652
796273220
803482180
769927748
761539141
673476469
674725157
701635877
696388903
731057430
999361798
466692870
458566422
190261550
198129966
193538174
193476750
193550478
193558671
193550748
193579436
155966884
152032676
218547700
201510724
470994692
490138373
964618503
997058871
996993319
981264741
710732837
710722605
710788157
713012543
729787695
729785663
738035007
962442526
424522782
403299418
403298458
403437978
407550362
478853546
478776234
2106100635
2140112780
1871618956
1871094716
4011107244
4010849580
3979381028
3845367813
3878856967
3877824790
3877781286
3810662246
1735526310
1710360487
1706035117
1705248685
1705248765
1705254173
1705851149
1705781517
1979197709
2012801292
1465420044
3613033740
3754594572
3716916012
3700007724
3700073317
3716855269
2642972071
2542307495
2521335974
3591342262
3592341638
3592307846
3611169158
1429611398
1948656518
1960912806
882912167
882911973
887106261
887105221
392176197
392360711
367169815
887128358
1960882470
1960880166
1952487702
1952491798
1965140758
1579350854
1579316942
1579287246
3605136383
3602055663
3601871213
3618644269
3585094957
3723502605
3438288909
3430096909
1282809869
1289105437
1221984573
1220955967
1222105919
1482005039
1477806623
3644230414
3661007630
4197945166
4197942990
4195848926
3925975806
3925910254
3926188782
2856805039
2865107887
2861826479
2866020775
2876509350
3207928982
3205904574
3217434814
4286851214
3751028878
3751094414
3415420302
3415227839
3482343343
3380859775
3386032959
3388326701
3378808621
3375148316
3375147276
3408771356
3408898316
3678121228
3646665996
3645544444
3637155820
3632959405
3699935671
2093525430
1947777958
1947979686
1947912070
1881073606
1628397910
553997799
600262135
599918791
574695815
570435975
637536695
654511013
667029431
629350391
629213143
630199767
747644403
1018195379
1018211731
1037082003
760452483
760453059
793950019
796048659
778217747
778287155
1713616915
1713485841
1730263089
1730328881
1696792037
1696748965
1696728997
1629489061
1642074021
1637878693
1671502839
597760279
597698822
601893126
593504518
593701142
598096166
598088487
597428999
562825991
562825991
562825991
562826055
562846535
567138759
567146967
567146999
600832439
567278007
558889399
558874039
558742967
558734775
558734741
558873052
558873436
1632615196
1632610877
3813124671
3813124670
3809454622
3792551454
3809320606
3809435566
3805167022
3800972462
3800960175
3807186077
3798736012
3811327116
1630484636
1701718444
615131548
631777612
631778061
1034435340
1072486668
523107596
456092956
456090925
422561071
405794622
141486878
149924670
149728062
148413246
143166270
160275422
160432030
261094303
260536748
126310828
117905836
50678188
319016380
285459852
285451660
822126540
567316317
568429373
568568637
568568701
560184317
560192189
590499485
655495069
655497133
655435245
626074991
636560447
618783767
748725255
752922887
752988423
752988431
753120526
745774862
758357262
758356238
791853070
757266462
1830959166
1830959214
1830951150
1877085615
1873940399
1857226399
1854943823
1857036814
1857036814
1861252622
1861281310
1878048558
1840364846
1838398511
1821752637
1820630812
1812762364
1812778668
1678723756
1678117548
1694895085
1699113198
1736927342
1736797214
1736728590
1736765454
1686495494
1955062582
1955058471
1015371765
1019493300
1006905764
2080856484
2080786852
1007077764
1028048768
1053213057
1054331331
1054318675
1047831651
773106721
773105697
773105697
772192544
785292320
781095968
781090832
642547712
638353425
638370849
772719651
772701219
776350758
717622646
717688646
734470086
684031687
684027543
684059287
684059287
684042903
747084471
746953367
742440599
1811981974
1811980982
1812173550
1812107822
1813032494
3979389483
3982555691
4016306731
3882015275
3882076985
3848359225
3848291609
3848279097
3848344635
3848410603
3831635387
1692798907
1688669887
1688538815
1704201887
1704203919
1736717709
1736762509
1872014429
1857072141
1856023565
1860215823
1851888655
1847767094
1848832038
1846735910
1779588134
1778518055
1782712675
1782975425
2077626305
2073446337
2077709249
2027286977
2020991425
2084038081
1815583585
1819777569
1825880609
1825876529
1842653697
776253185
772125729
772068385
772068385
637813797
638010407
637944871
642145319
642141303
801589598
801601886
801499614
801500638
767946206
759559646
742782366
742905278
1816647614
1816647358
1825038014
3972520639
3972397743
3969252015
3973364461
3973364461
3972311581
3963923213
3976506637
4011173149
4011324717
3843474733
3845539117
3778497837
3781512493
3781511485
1634536253
1634667391
1642928511
1642944895
1639733759
1636662750
1640836558
1698966926
1698971022
1732714430
1715878830
1724328878
1853959094
4001447830
4001377670
4001377670
4001373574
4286791046
4253167046
4236388614
4241632006
4241697558
3572596502
3572522807
3583008557
3616546092
3620740188
3594525900
1459624084
1459689908
1426201004
1426202540
1426263716
1161891476
1195380359
1186991750
1187000050
1183853522
1318071234
1320254402
1320344450
1337121667
1303567297
1306713041
3424831824
3441674512
3441486097
3475040529
1331718449
1306619153
1285750033
1285750017
1285741825
1286786321
1291046195
1282526499
1278270754
1276177698
1276177714
1278405890
1144184066
1160957186
1139264962
1118686610
3266174387
3282959792
3282957744
3282894304
2188179424
2188179424
2196666193
2263774017
2259644755
3333191010
3484188130
3454826979
3446438819
3424918433
1294015376
1327643264
1310881408
237130624
238252929
235955106
235954594
236184978
240319938
250726770
245426466
1319168290
1319168290
1268836642
1268840738
1235482898
1235410178
3387088131
3371359489
3362979072
3362913584
3363101984
3361004832
3369467184
3365399824
3365332225
3372143873
3439248641
3295331649
3295397361
1097434289
1093240240
1093391744
1093390720
1126823312
1126823344
1110177168
1110111616
1114363009
1114201235
1114389683
1115433379
1132276657
1140669105
66402993
60894865
44118673
44241553
44110513
106980257
102785953
102785955
102884835
103017923
103020865
115407153
245430561
262203681
211876129
211941667
212007219
207804723
203610419
203610418
203610370
203610370
221440322
259180802
265537874
263444754
263420210
262236466
262240563
228677921
166753632
154169824
1227969008
154288448
154325312
154386688
150065457
145812768
143714592
143780144
143784304
147978609
141622593
221299971
220315923
253858066
259105074
191997234
200451410
183680450
178425218
178490771
178359729
182551985
169980336
169976240
439591412
439591780
974168876
957391660
672179753
738257449
739310137
605272857
609401099
1699911946
1649575946
1651672074
1660059674
1657962810
1656988218
1648402986
3791692330
3791962666
3792455210
3809349230
3809090030
3821738158
3783792790
3767023746
4035655810
4035590289
3498653824
3230411136
3293325696
1141119104
1140987968
1166161920
1301424128
261236736
261104688
252719392
255017232
254951680
221397248
204620544
208880465
212959089
210791281
210791281
210856435
210860499
217087315
208684338
221298994
225546546
259105074
200515954
200451538
195206610
1252167058
1252230579
1252098481
1516278177
1512092064
2050073076
1781637620
1779541292
1779475756
1778429740
1778429736
1795211065
3910401802
3910360842
3910273834
3910273834
3948022058
3941993770
3938387214
2864279822
2863255830
2863235446
2864226630
2881003969
2837029824
2837116544
3894050432
3961134752
3961064352
3828877728
3832023200
1625819312
1621702784
1621830016
1907043776
833236800
297416512
301795072
18613520
18613602
18632034
21776866
30165474
25741666
59496786
60489026
43707714
43771154
47768870
47762790
64544742
63503207
63461668
63523124
63654172
51083548
55126300
50870588
34081084
320408860
320748860
322858300
322727212
858540340
627964279
627964279
627964279
627964279
627964279
627964279
627964279
627964279
627964279
627964279
627964279
627964279
627964279
627964279
627964279
627964279
627964279
627964279
627964279
627964279
627964279
627964279
627964279
627964279
627964279
627964279
627964279
627964279
627947895
896382327
359510519
359510519
57520575
23966134
7188918
7188662
7188662
7189686
7190711
7191999
7256975
24034253
37661645
37595997
310164861
310162927
316444911
316444911
308056239
303935679
320790735
270422471
270406229
282990117
280958497
280766245
282861861
282861621
289153029
322830415
306073039
326027935
330209967
1404025519
1404873405
1388095129
1459401625
3598488569
3598234345
3606749929
3602571883
3600458347
3600394091
2545724779
3078401067
3074198571
3074262027
4148072459
4148076553
4145471497
4145471609
4149637353
4116059627
4116058091
3050638059
2507414251
2490645243
2490641995
2490640143
2499023119
2495414557
2227056933
2227053349
2227053116
2226922028
2231108140
2239383048
2268777224
3258554424
3258759272
3527194841
3531389131
1449954506
1466729690
1428985066
1965928554
1949216878
1949212710
1697554438
1698603266
1732157698
1719578994
1714327922
1714144594
1713980754
1848184162
1848196387
2120760672
2129149280
1038630256
1022897520
346766784
346693568
346687104
11211393
11211393
11088513
11068049
27828881
48800401
49120913
1114475248
1110280752
1110284852
1110223652
3526142252
3530335292
3605839885
3601645579
3601842202
3601776746
3618513002
3446156650
3425176426
3426372334
3694848718
3699108558
3568889806
3568861638
3573055686
3581522134
3615138035
3610960113
3594150096
3598385264
3606774112
3606778660
3550163500
3520601644
3503880744
3495492392
4028602680
4097804297
1966901323
1966900426
1999409402
2133569786
4248490474
4112176107
4115297197
4123538349
3880265644
4140509085
4140442255
4271514271
4254798511
4237820909
4107798333
1947741453
1410885901
1411082509
1415207197
1455312142
1455310094
1454821830
1459536774
1448592038
1447355046
1464133287
1430580981
1426344453
1460013573
1447439637
1590045717
1585849365
1585841271
1586300135
1607206119
525077927
218435541
151400389
151203781
151007045
151056199
423666967
423662901
432051572
1489081200
1489082224
1489221232
1480701552
3628187248
3691093616
3691224817
3561159571
3569514931
3516025250
3549563298
3539406210
3538879874
3530363282
3525578930
1378099426
1394876455
1365532719
1348789279
1348774159
1348774159
1348766479
1969720079
2004781839
1985906511
4267612127
4267615215
4269712367
4269188087
4267172311
4283949543
4283822311
4250169575
4250162407
4250162407
4249949415
4292230359
4283837894
4283837894
4250353606
2516000375
2516000311
2511672887
2494837277
3569095180
3233551052
3232510620
2158765724
2175299261
2175327145
2204666281
2183695531
2183824587
2200614159
2200610575
3513296671
3517556014
3517625646
3521810470
3509223462
3542859798
3542839302
3509198942
3497660654
1350435054
1348343227
1348419515
1348283049
1893686009
1911933513
1907669513
1944366601
1927587337
1927586363
1919193659
1914995227
1933034011
1664534059
1628897067
3776858413
1633634605
1642024285
1637709261
1641865865
1667036857
1661781673
1644971691
637818538
658724014
617746662
546444514
544224450
540026051
540093619
812788897
865221025
848435617
310512065
310511873
311585027
41080835
35878931
35731506
52758578
270929155
275664387
284085809
815631969
546094820
546093796
546093732
541899492
588233460
588233333
554592871
554576487
823016038
806230306
273553506
277747938
9320610
9185410
94120066
111413378
241564083
241629571
241367427
241363331
241301939
90303923
73526770
73464098
73460002
81848610
81848610
81848674
81914338
15919554
15878530
32655810
62015810
61982994
60852515
60860705
60860705
86025505
86024481
86147329
86147073
220364801
204636225
204690673
204549617
204679665
204683745
213064673
212876257
228596563
262147843
245368579
250619667
242279218
238133554
175284562
175276482
182616450
182879635
199460273
190943665
186757553
153334193
153334192
154248176
152085280
420520481
470855205
470854181
336833053
873642767
877824271
1666287886
1651543098
1651540010
1659928874
1657910058
1656791594
1644208682
3791974954
3791929898
3809349230
3809091566
3813285350
3783793826
3767016578
4035525762
4035590289
1351301264
1351101568
1087122560
1074674816
1090918528
50464832
64124928
59811872
61909280
57716000
53518624
53641472
120750080
118652928
87195713
204722385
204545265
204675315
204618723
78789347
78719715
78658163
95424002
128976386
250618370
242262834
242328370
242393538
250773954
195200402
195265971
199332275
186757553
186757553
421765616
1530110448
2064754016
2064688928
1796255520
1796321072
1796456199
3943947030
3943783206
3943701294
3926919982
3931376430
3938190638
2864189710
2864214278
2863251766
2864218198
2864226759
2883101120
2837112768
3894048384
3894025904
3961133984
3828877728
3833071776
3840411808
1621629072
1621698688
1907042752
833236928
297414464
301602624
24904960
18617633
18632034
17582562
30165474
25709026
59361650
59431234
43711810
1117416706
1117351221
1121475877
1138252064
1137211680
1137211744
1133005280
1133202832
1133215121
3280694691
3347471778
3343011234
3338816994
3306342722
3308706050
3442780418
3454314806
3450120999
3450121069
2644814717
2678426413
2670169389
2670103855
2669906991
2636229646
2636195854
2636326958
2569144366
2569406766
2616068910
2611613422
2343122654
2343056015
2309501580
2288530316
2284380556
2284430728
2288627080
2298210712
2298472889
2312563114
2336647594
2315409770
2382612762
2383648010
2387775754
2410848522
2679218457
2644549928
2581627240
3105916264
3140585512
3121846312
3121784856
4195526664
4195543084
4195493932
4264692772
4264951844
2116944144
1584010096
1609175649
1437205107
1420427842
1151996610
1152119490
1286189762
1290385090
1281997459
1282128529
1546369680
2015992468
2016189092
2065997732
2116063652
2116071804
2116251660
2050166804
2066751525
2031103009
2014324768
1775400992
1804781856
1790364481
4272850883
4272915138
4264399554
3727610434
3727569522
2670604898
2637116002
2645308258
3165401186
3165401190
3165155455
3165172936
3165173960
3160971464
3156843144
2888547000
2938808968
3995774600
3995771592
3995780040
1848197352
1731010796
1680679013
1680814181
1680736487
551950583
547764726
883301074
346954434
128846530
111942210
111677954
111718914
111911698
246063378
246067506
246059827
178959216
191606512
1227467440
1479129776
1479539632
1495751072
1495468192
1533086882
1540364450
3687852194
3670026402
3414240242
3380754994
3447855634
3448966658
3450920450
3316690483
2242948897
2241902624
2510325796
2507442212
2436204581
2467399735
2533533718
2533501238
2533763622
2533755430
2538540582
2508916334
2508919534
3179836062
3163091853
2626204552
3629687176
3627656328
3627788424
3627804824
3627755672
3625855128
3625330841
3641846170
3661770462
3665957470
3667067406
3666919950
3666915935
3482362468
3448808292
3700464992
3696265504
4229007648
4245915936
4145260816
4128419088
3859983393
3797068835
3809643555
3774925875
3775185987
3758933955
3759047329
3830362785
3852399233
3890147969
3881300609
3880800657
3846198433
3829404835
3829415079
3963628711
3963824567
3963759509
3972218548
1821595316
1871922116
2142438148
2145584388
1998789889
1461791026
388049186
375597346
379784482
379782642
380043650
111608194
128323970
94531969
98804113
74555825
72462769
364949921
931181473
931176803
919643170
2119216162
2117314594
1579284514
1579186210
2116254770
2132964642
2100482850
1756791330
1823900178
1824425793
1824165824
1827244928
1831373696
1864997552
1848240804
1848192676
1848391585
1864631459
1843658786
1822756914
2091266050
2091262210
1554392594
1420174850
1151737346
1152257602
1101598402
1135087025
1135086768
65551504
57223344
57354416
40511920
40581520
40573312
40451536
41691104
39643104
308063649
324836771
835489187
567054311
600088551
578985797
915581189
919775253
907257891
907122723
2098326562
2081565746
2081567778
2085752674
2088914658
2088946386
2105727682
1586691778
1582423619
1578141523
1578153059
3746622562
3704760418
3704756482
3704752386
3696429858
3721411106
3621007138
4136906034
4136396050
4136156450
4136152353
3867717108
3867712900
3880291724
3876096396
1728683420
1695210916
1628052644
1879708832
1879966880
1879441569
818025891
880945074
344075922
344070850
93457090
127085186
129003139
1169272515
1165148099
1165135171
1173458227
1202751778
1185982754
1186000162
1190260002
3325187346
3258073858
3262300946
3277099810
3251929890
3234759938
2156563906
2223672707
2493169025
2509876912
3051141792
3042228896
2769328800
2768281248
2768279524
2768479012
2886918436
2886869804
3960681277
3960616759
3828492662
3832613094
1688209639
1688406163
1688340611
1705131137
916680833
920744065
908267713
371339475
372383907
372385186
387002274
365963938
361840290
394468994
394403458
377493186
109106770
114337314
108047650
108113267
253995090
489863618
473103810
1544740338
1547816802
1556123426
1959825186
2008063762
1991617858
1990700352
1990700496
1994890720
1920318948
1916111332
1916635604
1915742420
573040884
572980465
572968418
586581474
1656127986
1673429251
1673299201
1677499392
1667541040
1663543328
1629923616
1697053489
1697020435
1680223778
1815553826
3966829858
3966764386
3975218674
4239543746
4239587906
4256361027
4254329347
3742493187
3742662147
3591657059
3595859939
3604299746
3734375906
3736472002
3737061570
3741063394
3757849698
2650303522
2631562498
3701200130
3566776578
3566773025
3566773024
3566773028
3564687332
3560446388
1412970916
1413101988
1410997668
1343882660
1355678084
1350893956
1350570884
1082135444
1149304807
1149348706
1150397202
1156688386
1198763522
3328357954
3328348738
3337782018
3333587766
3333457698
3337662242
3325061922
3325127218
2251447826
2268218162
2541146403
2445119521
2444787760
2444985600
3046805056
3042619072
3040586432
3040459504
2772024993
2805579683
2805577122
2805842082
2805285090
2805006562
2771464482
2757829415
2757763895
2757763903
3839894847
3969989694
4238542942
4238477518
4104526030
3584501902
1470453894
1453638790
1189400710
1181012358
1176719751
102900099
102900145
103949217
108208800
1471357600
1471353472
1202799296
1307625233
1331752226
1331751202
1331750950
3454232598
3454171142
3450231814
3383148822
2309800238
2310594862
2310595439
2310595581
2293811100
2298007484
2297121708
2288655268
2351565476
2368342709
3475906247
3475908162
3475972866
3463438610
3472728114
1321050130
1337832451
1201388544
1174050816
1144686592
1344964624
1344964608
1344981184
271207568
355077296
388631984
373228960
374676896
382742432
360722080
478165728
479201872
479209984
213068353
213068355
213068483
234052547
248760723
248699267
240376211
248568227
250673635
250673635
249821649
241367489
107149761
123984337
123787619
107018531
107019554
107002146
123779362
23198002
14940434
14940434
14874882
14874882
10647810
10635522
28559635
28346656
61909280
57714976
36742432
36868352
36864000
103972864
103972929
221479121
203633905
203499763
204679651
208874211
213072610
212867682
212864514
263194114
246419970
250667794
242262834
238265170
254972354
259163523
199394707
199460275
190952881
186757553
455193009
1530115057
2066981728
2066850592
1798350624
1796255520
1796255520
1796319536
1863514484
1712458212
1712392613
1651510693
1659899303
1659973526
1657874326
1653679030
1670586774
1637011846
1622311302
1621263302
1621407426
1617209958
539814438
556300839
1663711782
1932147490
1932139810
1927941154
1940458530
1403534386
1403528194
1101734978
1101669570
1101690050
1101710786
1101696962
1105825762
1097379683
1097394977
1105783584
31992608
32062256
65747760
57613072
53287216
321654048
321656100
288630052
286524445
806702351
810896727
809880023
810338807
818792919
835705301
868678981
332852549
307750165
307619125
307594551
323327798
323794222
323793198
860717374
827298078
1909436446
1619899454
1619892286
1620023357
1624152124
3842947116
4010715180
2921244700
2921262140
2921206124
2921202349
2923299502
2935882414
4003791534
4020242094
3835699118
3835705790
4105189518
4109576335
1348610244
1348478988
270542860
824190988
824253452
824323340
825421340
624143932
636534303
630230542
668240398
801934170
784960474
