4057903579
3495879897
3491630169
2417895627
2417895770
2422094826
2430417578
2426150586
2442920586
3535537034
3535614346
3533644203
3269271981
3260887468
3260879277
3258265773
3257168111
3273973822
3273957390
3546588170
1403364362
1403366411
3618094360
3589183768
3564017944
3559820056
3694824284
3692731084
4246380108
4284130845
4275679775
4275606062
4275671854
4275680038
4267237671
4195901749
4197982469
4197985549
4198115629
3141146924
3119122732
3098151372
2562354124
2562420428
2562245324
2562245372
2562212589
2561172207
2628264939
2632458731
2624074985
2485651688
2485848216
2418686088
2435475592
2469063560
3530421896
3538731657
3534520986
3534521066
2997653994
2477301866
2477303850
2448013370
2440673546
2503653898
2501568010
3038438155
3042476329
3046682923
3046765866
3080453930
3084484410
3076002634
2651329354
2669355514
3206160490
4116320363
4107928824
4105837816
4110100632
3564656776
1413007752
1413257608
1345628040
1343521675
1364427674
1431540666
1467143082
3623023082
3623020014
3618891134
3618756094
3618951677
3585397117
3581202812
3577069868
3560882468
3576624404
3559844116
3559811072
3565119504
3296684304
3305011984
2248082944
2281636352
2264863296
2260611713
2259555202
2259485090
2259422370
2276198562
2229541026
2216982662
2367815047
2384635269
2384634181
2388828933
2409668871
3449857318
3433079846
3437534246
3425029158
3425127458
3425567746
3442344195
3425309185
3295289872
3295348224
1144606208
1142673092
1145802116
1170840756
1200202900
1472835717
1472823429
1465418917
1461236901
1461234853
1595451813
1595604373
1581176775
1585321414
1585385814
1585197414
1585193318
1585390050
1610228722
1606025938
1538998934
1538835093
1543038868
1501097364
1228466388
1228568595
1227765778
1227782194
3441846578
3747796738
3756163586
3669131778
3736306194
3752899105
3752894944
4289766564
4281386148
4280566948
4280746156
4264694700
4262601388
2136089256
2106794585
2091917833
2091919883
1423993355
341997835
358766651
385042459
380717067
116476939
108478475
104251403
104263885
104247453
373207956
360612516
346916532
1420659348
1420659348
1961220757
1952840357
1953820327
1949591270
1949311526
1949316630
1952460086
2086676518
2095265830
2091059222
1570781254
1571825730
1568751047
1568822647
1568854385
3717370129
3717304625
3717243185
3585123637
3585195301
3581131237
3574696423
3608464279
1461136263
1996893062
1979856806
1992425895
2005074407
2140209495
1039151375
472916751
404761103
404765231
946010927
951228719
951228431
967939087
970240015
995393551
789348846
772580782
772583342
638446510
638249391
638212335
642403437
642384997
575209493
1649938501
1648952406
1648952806
1716260838
1992560630
1992560598
1975981782
2105946822
2089181894
4236698318
4236632829
4170576492
3701265000
3705459224
3694936584
3694923272
3695131160
1478371864
2082351416
2090260584
1838581993
1806731402
3937436810
1856012682
1847624362
1848677098
1846588138
1863361130
1863377642
1796418538
1846679790
1846675694
1857161446
1857178839
1722999877
647029829
645984452
637591936
637723009
637727619
1728238243
1616004774
1622214566
1621299142
1889685254
1889734150
1889541670
1952459318
1411394050
1411856946
1415974178
1962740770
4237903074
4271554690
3736764546
1521123458
1252754835
1257811553
1513663008
1513679392
4265127716
4265260324
4273635364
4273700900
4277698884
3157959364
3157959300
3157951172
3157247740
3161311980
2900646895
2896439662
2900633710
2816804943
3060141135
3061716045
3203817548
3199590892
3199525868
3197956844
3202151055
3217875598
3138183814
3139233510
3107735014
3173862502
3174005814
3106831382
3110497286
3153487878
3151423494
3134187607
3134036311
2865610061
2882387548
2882516572
2916079356
2899297004
2891760364
2887537389
2904318701
2937336815
2922644718
2926841062
4004776182
4002887894
4207290566
4215679174
2101750983
2084965559
2094402961
2090209169
2090286721
1419067025
1422930577
365961905
374367153
374403573
1448145277
1467019548
1348532536
1348598072
1080162616
3227900216
3236354840
3249462024
3618554377
3601695242
3600515834
2543563434
2509808046
3034096814
3024652470
3020458118
3038492807
3071977861
2788863876
2923095684
2923095732
2923062885
2927506981
3198551319
3198231605
2929753125
2929744933
2816494653
3043118301
3170262413
3163977357
4237522591
4241502894
3692050342
3744480758
4264573238
2117220646
2128750886
2124613910
1990288711
1474486470
1411547270
1411547270
1411613623
3698427559
4237339375
4237339181
3163597357
3165694765
3086006588
3061237004
3061235981
2532233997
2528043813
2666387233
3194769187
2654734642
2587715858
2587815170
3124684034
3112076034
3103688450
3165292354
3098251074
2829684194
2829621729
2833825248
2821238752
2821255092
2838163348
2838163380
2838392740
2822598052
2826259877
2916601271
2945908166
2929110471
2932321607
2923802373
2920591125
2920591157
2937449765
2906117421
2906113327
2910307631
2909914430
2943483198
2943475070
2951990654
2951204223
2951044445
2884992349
2876583255
2872520023
2872519990
2875656502
2876180790
2884176214
2880117830
2846502342
2846500294
2846556662
2846372790
3114804183
3118998479
3144163807
3127600617
3194641912
3203094936
3203004812
3194534284
3212360076
4118460812
4099587469
3831137743
3831398431
3831402535
4116639783
4112474147
4097318963
4097318947
4097385571
3023706595
3027896995
3048868530
3082751622
2529113799
2526814919
2258379335
2258380383
2262597231
2271038061
2271173161
2236579449
2236479321
2245849561
2245845465
2245845465
2246021595
2246017531
2220856554
2216531182
3223309438
3223247950
3223254094
3223217487
1075737887
1092506431
1394562847
1381979983
1113539919
1113578847
1113587199
1130233327
1096672766
1082120142
1090503630
1090507742
1090318830
1081368934
1081368935
1081487683
1089868096
1089868784
1085616864
1089758884
1131701924
1114924948
37148612
37127629
305501503
309634351
309636395
1400154410
1345645342
1345780238
1077829126
1082005030
1146884642
1148978002
83755346
83767666
79568930
78320659
78468097
28103680
40669200
36540880
36274608
36405424
36410545
1378589843
1378523267
1378793602
1899936178
1952295842
4107579238
4107576614
4107591726
4115980350
4145307711
4145356845
4128645228
4267579372
4276031212
4271705772
4154267292
4158592653
4125041293
4099744397
3564975065
3564966873
1416958841
1416967992
1425292601
1425287481
1425291545
1358231819
1349835786
1349831690
275022858
275546122
292536394
309248075
309227593
309211161
309211448
310252328
41827880
33368617
12331561
12352121
16534237
16568269
82809221
82751877
1156493697
1156493712
1173270928
1206825392
1185911216
1459467745
1459466721
3597508961
3593314577
3526222083
3526219047
4064049447
4080826415
4051556399
1669126174
1677519882
1660220426
1658814474
1658749018
1650373099
4061130989
4044124396
4027321548
4027125196
4027202540
2429168364
2492083820
2543533613
2392528431
2394493486
2394427918
2394432014
2375562078
2362987502
2363021230
2363227574
2350557590
2350627207
2350876805
3424562308
3441337732
3474367428
3461784260
3465970389
3465971431
3465844326
3465854574
3468733230
2663419694
2656273727
2652012831
3591614751
4128350991
4128351053
4111642285
4095142575
4101425806
4101917326
4030204574
4079495086
4062716846
4075295210
4071227434
4071108650
4087898154
4037601291
4037715977
2968164363
3035269135
3036198941
3036193853
3027825725
3040494893
3078246957
3078234669
3053130285
3036361341
3032036047
3030918879
2628286887
2628307171
2632567025
2620094465
2502567937
3576308929
3609862272
1445602432
1445856673
1588463507
1588465539
3467579009
3467449984
3483703280
3483661600
2371904801
2371904801
2229333299
2225258258
2225258258
2226371874
2240843234
2244251042
2266795427
2182972817
2453320576
2453316224
2474549956
2474500836
3548178148
3508338285
3508293230
3510438686
3493206302
3497949502
3506437174
3506371606
3506369538
3506348034
3506348098
3503927505
3545796784
3525034368
3592308096
3592291728
3594387872
3598128609
3606324579
3618907426
3585352966
3590089990
3573507330
3305010434
3305002754
3439215362
3438920307
3455636321
3489256304
3489255760
3464085828
3325677892
3324760404
3594253684
1463514612
1467577829
1434019245
1434021308
1366900668
1400600477
1400817549
3556754317
4093625245
4092903785
4092899625
1944364585
1944364601
1936188968
1932473897
1898780187
1881937434
1882993966
1885090862
1893221606
1888076998
1904907398
1468706946
1451925635
1447731329
1444586689
1580895440
1581161568
1581247584
4215104544
4215021617
4181004593
4168417575
4176937766
2025263654
1486164606
1486165742
1486110462
1490304670
1220558474
1220554122
1220554122
1287711882
1287757262
1287818575
1287819031
1287831349
3301156692
3317867844
3335684544
3327557760
3323363472
3323363472
3260469424
3528979616
3537202401
3537120739
3545509154
1398228274
1398228754
1381364502
1377100631
1912976215
1912969175
2001045205
2000981748
1967951588
1967978236
1946968796
4094304909
4094304909
4095357629
4099421613
4105709741
4105709741
3569121533
3619616968
3601792200
3601715401
2263142745
2263175547
2254897514
2271675178
2204579626
2171420462
2179956510
2444227918
2444080462
3517747406
3521941743
3508830319
3508895791
3542521119
4080446735
4080446223
1932847935
1664146239
1662450495
1666645295
1675021615
1670890559
1657127967
1648676895
587523103
587490367
587562031
554130479
558323759
566688047
566749487
567119135
567053583
558664975
558734623
592288831
592284797
588220541
588224636
588232812
1661909228
1661909484
1661925869
1666120681
1674566267
1640880762
1632501338
1665986394
1666054011
1666184555
1666055273
1666055273
1666185593
1674508633
1674500953
1674533723
1640856410
1665956186
1666022778
1665752186
1665883642
3813375486
3821764606
3821755358
3788069470
3788077918
3855149918
3788041566
3788111358
3788199423
3788199423
3788230137
3788098553
3779714041
3779722201
3880381401
3880381401
3880382425
3880382427
3880517467
3880341339
3880341338
3880484651
3855318827
3855175003
3855109579
3855113417
3846794457
3846925817
3880413689
3880409593
3888897913
3888766777
3855219977
3855148809
2764697112
2764815912
2756347432
3779839593
3775516283
3776476875
3776456394
3778743786
3777637610
3791199354
3787078778
3787078779
3787078873
3784993929
3784862091
3783846794
3779657610
3775418250
3775481754
3775599546
3779736490
3783926122
3787088170
3769230651
3836273928
3836276488
3840470792
3827945224
3845902104
3845836632
3810189145
3810254683
3810119546
3813379370
3889861931
3885741369
3885601049
3889730313
3877171995
3877204859
3877314938
3977916778
3982098538
3992584298
3971616875
3971625051
3988333899
3854068043
3885558091
3889740105
3889740617
1675139401
1633195336
1616429896
1614398264
1614476072
3761955368
3759862380
3758806884
3762855796
3771238868
1619626369
1640668545
1649062277
1711993221
1712222597
1713312181
1713189287
1868375471
1843212269
1822375913
1822371529
1822256713
1845323593
1836328777
2100565321
2100561403
2104823215
1979059631
1973824943
934684559
934617997
938475909
846397844
852635828
852631733
850469045
849354917
849354981
836822245
820051047
551606631
543218039
560200023
576911815
576880071
572669255
572732791
643839271
643839271
652293415
652303655
648084791
664862007
635485495
752992055
752990775
744602199
740400087
757177303
757332375
790821047
774011111
778205671
786570727
786643815
803216151
669006615
635534135
635559735
664909078
664908038
933343494
933343494
933346582
933476630
937540374
1944107782
1935968599
1903622647
1901493493
1901472885
1900352565
1900352629
1900352629
558112053
558107957
600050997
600198935
591818007
591750423
591680791
558679351
558679399
542035455
542043615
542075359
541342207
541333887
558107455
591792957
600194847
583411487
583345951
583278397
600051517
600050973
600131869
591816991
592341823
592277375
558649215
567037815
567103319
550404055
550431703
550366167
549780439
549735383
567134549
567204165
592375109
591850823
591785303
591691111
591678823
592268655
592346495
592342367
600730974
567049086
835472238
818696046
818597726
818605902
810151246
810085726
835246590
868862447
847961597
852164556
852158412
843604956
839406572
856179692
822727656
826987496
818587640
818523096
814521240
814516697
831293945
831494619
864992714
860792010
587636954
587527274
587482154
587531306
554044474
554052635
591864891
591729981
600115007
596444735
596444735
562894398
562855518
567074382
550277086
558669279
558734815
558874079
592428509
592361949
592361693
558872829
558742780
554491000
554687608
588184824
592375273
600764393
600627131
600610459
600678042
592428730
592363194
554564346
554457690
554457630
537870142
537799742
542059582
550317119
546130989
563070013
596542468
596554820
600810564
600618068
600607981
558664942
1632079086
1627823342
1627831534
3775065198
3775035502
3779213679
3783473455
4051910445
4051906108
4051775036
3498126908
3498122788
3502312992
3233812016
3234078272
3225697856
1078214209
1074531905
1074531265
1078938049
1129208257
1120860608
1120861120
1120845760
1112391664
1112326112
1120706528
3268190176
3264002528
3263998177
3268393187
3259996386
3255802098
3255736402
3255745618
3255741510
3255757894
3255761990
3255784535
3272557685
3238941812
3251533268
3230561740
3230619612
3229964269
3229930221
3234124526
3234198110
3225806686
3225808734
1078426462
1074223966
1091505150
1091504638
1359945694
1343108046
1347318606
1355698762
814477914
814281322
818455402
541634922
537433194
537434218
587774074
587835466
587967562
587904202
587976906
587841738
588841163
588910841
555356648
559560424
567951080
547045112
546848472
546846408
563623625
562590409
566817369
591963003
592032635
575378298
600478570
600486890
1665901546
1627952106
1627952618
1611175146
1611504750
1615846510
1632566382
1632566318
1632564270
1632531518
567178591
567243100
550330716
541930844
537728476
1611075548
1611012828
1614945020
1891834460
4051778125
3548392013
3531614797
3263245837
2189502013
2189500989
2189505061
2189439525
2206217767
2172915491
2160332594
2152025426
2152684882
2152660306
2152660418
2152717762
2152717778
2203048914
2186205634
2186197443
2194587073
2194521537
2194521552
2194652528
2194521440
2194455904
2194454624
3326916704
3326982240
3591281776
3725499456
1578024001
1578036417
1578036433
1041135829
1057901015
961239639
969505406
969535102
969469822
969469262
961144270
994702798
990496127
994694511
961150319
961280381
961182029
961501517
1062160653
1071631165
1071599399
1071601463
1071608647
1065177415
490541270
473764086
473765298
343742370
352263842
348077730
348077714
347553410
1152876162
1152744066
1152744066
3303402130
3303140082
3298950882
2225201890
2225136242
2241917554
2376127074
2363553634
2380328802
2640375267
2640444883
2675088833
2683477456
3086136800
3086005732
3077611316
3039870468
3174084116
2904796708
2904731173
2938367525
2921553191
2921794598
3194424358
3202681910
4276554806
4276229171
4277285905
1559372033
1559372289
1559372288
1559376384
1559642688
1559675456
1559742016
1442160324
1449954036
1449958132
1982643132
1982643096
1986836888
3874270633
3875320234
3891573162
3891638698
3849687530
3845493226
3845648874
2771804650
2771789294
2771791343
2775977967
2780761853
2814318173
2796495373
3065848325
3082625797
3082559829
2514235511
2514228479
2513964271
3519749631
3519682911
3554310479
3554376975
3556498447
1375468559
1357632533
1349243957
1349366837
1346155569
1344074785
1359795491
3540894066
3528344002
3259908994
3269333890
3271432114
3333363378
3350142642
3350018786
2243706594
2241097698
2241128406
2245305799
2270660055
2504234421
3577852341
3561206708
3561222804
3557024476
1409348216
1946219304
1947328808
1679009832
1695787064
1699854393
1741723673
1716553739
1712622667
1712751050
1712751498
1729286843
1731392427
1729257899
1729126889
1733321961
3889227880
3851606044
3851606028
3851585548
1710263565
1685382991
3828675290
3828761322
3962700462
3962700462
3962570414
3966777007
3975163885
3975163356
3970968908
3970968908
3985648652
4019207260
3885044829
3885134927
3867342198
3888305510
3888138070
4148194894
1996581454
1963080246
1895963191
1614942005
1616317701
1624573189
1893037076
1960076341
1976890421
1976881239
2009448646
2009584086
1984148918
1992533414
4156661158
4152483254
3615743382
3586320791
3577933703
3574788037
3708999493
4245804820
4250003252
4260488500
4260623669
4260558133
4252104021
4245747159
4245706199
4244856310
4282539510
2143440870
2143379446
2110815766
2110809614
2102404623
2085712703
2085712175
2085703983
2110869807
2042910015
2042920799
2076471119
2034625351
2034761559
2026364197
2026357793
2026357809
2017689617
4232224833
4244809155
4278367618
3724727682
4261664178
4265727394
4274083746
4269807526
2659460774
2659462895
2526359407
2532654367
2532642059
2531597579
2263170362
2264218938
2277315898
2277315898
2247950650
2231304475
2365260063
2365313333
2365169973
2365104436
2365111604
2631448884
2618857776
2621020432
2671417664
2654903104
2654901825
3190719043
3190538978
3190543078
3194610598
2934497702
2947077358
2913524990
2900950493
2893670860
2889444300
2889711564
2889832412
2906617276
2906480812
2843238637
2843369695
3908760783
3921593694
3925665598
3959221791
3950833423
3978095879
3961482295
3960869927
3965124647
3975544919
1693843911
1693843847
1677068167
1651908487
1650789255
1659116478
582236846
582231726
581968779
598745995
832586313
836813321
895513128
358624809
392178217
375483178
384235818
916912394
1055755274
2145943626
2112389338
1961529562
1694150746
1683660907
1683530859
1678289391
1695066607
1695210239
1628097278
3775811310
3780052718
3788251755
3784061563
1636053273
1636054297
1640256572
1665424412
1665530908
1632103452
1632091244
1640471789
1623559647
1615175055
1631952782
1627889310
1627891422
1627907831
3775393511
3775365093
3779481573
3821948901
3822018037
3817700693
3821876485
3813483783
1665936647
1628187927
1632591149
1640909869
1670335533
3817655647
3800882639
3805083535
3813463950
1728856990
1694826942
1816596990
1824928878
1820736559
1821255981
3901696301
4171049245
4174657805
3624206093
3641569039
3675106575
3662458142
2596595070
2592469214
2592600319
2659643567
2391168175
2257014189
2269907437
2265713117
2198800765
2204039455
2212429071
2543756558
2476712206
2478678382
2478613422
3019671471
3011284909
2973535165
2705104796
2687893404
2687958460
2687956396
3777406381
3781602349
3823418383
3823413262
3815024655
3777276173
3760634652
3760651820
3760381484
3827451436
3831498284
3832561197
3840949549
3840941101
3839102015
3787791375
1640442887
1631988743
1665543287
1674001767
1673990117
1669664469
1652891205
1740926468
1740926468
1740926484
1698987557
1631850037
1631653687
1631784806
1640176998
1640183926
1619208310
545335414
545335414
545273942
549469255
566305861
591619525
591581569
600032643
868339090
868272562
1396754838
1392527766
1392711894
1380063318
1384261638
1401039878
1199727958
3615811054
3548686316
3549206444
3529281436
3256386972
3255542172
1376494556
1376494460
1393287996
1343222588
1343133560
1880005480
1884195176
1901037688
860145736
843433032
856117256
285683721
269946891
269890346
806757930
819341866
815213098
815069707
901028555
1992067977
1991020185
1995216569
1982632633
1983689403
4062163642
4061049514
4061094830
3545113006
3495834102
3571328258
3573493010
1358702626
1375483939
1140603955
1123562513
1123643393
1123733504
1140490244
1106936901
1088131015
1083808502
3234380518
3293117158
3309842150
3343393526
2261390174
2391413102
2409312302
2377654382
2360877118
2365071369
3430445064
3430477832
3363480840
3363549016
3359239144
3426273960
3426470792
3443186056
3476745609
3397042315
3401236666
3401273790
3401216462
1269444927
1235956013
1223172909
1214784301
1214980669
1214920220
1210717960
136843016
136841480
136849672
137001224
136957257
136891722
141328890
149918682
149599198
145470366
162247582
195736478
246068127
250263469
237546925
238595501
238661023
507173001
373017737
372886713
377353387
1985323433
1993843113
1995682777
1995604571
1726186027
1667277355
1935715887
1998629679
1981921599
1983011903
1915884607
1915879463
1916076071
1937703011
1895694691
1891500759
1890453126
1353603718
1353710215
1353685637
1404025221
1391245748
1382874292
1378641389
1378623981
1396449641
1903571243
1895183146
1891054382
1890919198
1909744414
1909781311
1901364031
1896122205
1929680221
1665449245
1648672061
1648662909
1648859647
1648803327
1644608943
1644664239
1644676527
1644352687
1648522493
1665295581
1698833501
1699884093
1968319807
2010263423
2006007422
2006007390
2140165726
2106717790
4257346382
4257329934
4257329950
4257462047
4250119965
4283936061
4283738412
3981752700
2908068316
2890305500
2886110940
2751907580
2752955132
2753020669
2771669741
2809426663
2817816550
2801038822
2801032422
3883195638
3883392150
3883333830
3816224967
3816220869
3816224965
3816156245
3816088933
3810817389
3810530669
3810596591
1629951727
1617370863
1625755375
1625624223
1621368527
1622425567
1622416671
1622412317
1622416397
548879391
548809743
565603339
567573771
592727307
587486523
587666731
591857147
591857627
591857626
566697914
835133370
830831034
864415194
864415178
1384494538
1384626122
1384625610
1384429051
1384429033
1384625656
3545151452
3540952956
3574507388
3574507388
3562006525
3571442653
3571446741
3571438549
3563012597
3722400237
3722274287
2650664831
2642410319
2642410319
2638207823
2640288542
2682099487
2679935771
3200029533
3199767165
3195593325
3191399271
3191465831
3191526759
3191522791
4247408087
4234825095
4243217795
4243213443
4238986387
4238894242
4108869798
4100464870
4100464743
4117434679
1969956661
1978281500
1911242268
1911103004
1936526872
1936530968
1915744840
1915548617
1647083913
1651277995
585662634
586790074
586790106
576365915
1648010523
1648010507
1648026890
1915415834
1982491690
2003332138
1969759290
1961505802
1961492810
1958347738
1958417051
4105909913
4105711277
3573051053
3573049005
3571304125
3573400221
3572876231
3572810199
3589596647
3622888807
3614571879
3612529958
2656224530
2656195846
2666755350
2666624790
2666624822
2658230054
2664529702
2664447797
2614394164
2576639252
2559993092
2560029700
2564801820
2581382508
2640102892
2673719276
2673845997
2606605039
2606551791
2602353278
2568868415
2635718939
2619039769
2618962952
4233761800
4242148361
4238023707
4254738202
4126877226
3581411882
3509060282
3492353690
3492306842
3492338058
4033382538
4054355082
4088173978
4071592858
4071273354
4071535051
3001983289
2993594409
2989272105
3005540456
2972080632
2686864840
2959486360
2699495353
2963739561
2968335033
3052221019
3043840522
4125972250
4159462702
4155271214
4155271230
4159077390
4146491406
4280467470
4281516239
4279419375
4283560935
4290832230
4290832190
4290831886
4282576398
4249287182
4111882846
3844033278
2769832622
2715340719
2693317804
2693316760
2693394824
2698617544
2688066056
2703794728
2703812136
2737335849
2749910825
2728938793
2728921128
2730166588
2994346316
2988128324
2987986037
2988121125
3013489687
4104007686
4104003586
3567132994
3565871558
3569914790
3569909935
3578300591
4110989499
4110989451
4278823051
4245334409
4249530313
3982205513
3984167448
2892731192
2893000744
2909663272
2843079720
2843210797
2841042991
2841006126
2824226606
2824812142
3093249646
3109895742
3109886494
3109820950
3117685254
2580880646
2610248710
2609200134
2609198102
2594115606
2594066519
2680078548
2679734708
2678621860
2683078308
2506917556
3039068828
3039072924
3023483544
2752946920
2752946792
2752816745
2754930282
2687819514
2705186522
2742931146
2741620698
2724939738
2741654490
2741658442
2741592842
2741530906
2741785899
2741795881
2741861417
2716761368
2716751112
2783867656
2783928841
2775339547
2808891242
2792115690
2792180906
2792185002
2792182938
2792190090
2800693386
3857657994
3840815290
4109251818
4109249786
4106104058
4105774330
4126679259
4126941387
3522957451
3590275483
4126884779
4126758825
4244176872
4236049208
4252875544
4252744216
4285250056
4280921608
4264092168
2116579864
2049446429
2049446447
2053636646
3664257314
3673694290
3651810418
3366591602
1219102786
1220151362
1287260226
1285048387
211339360
210267360
215557360
203038912
138027200
138028752
136974032
204081856
208149184
208423633
233623379
267236723
258842995
258843122
258978738
1315936146
1315937938
1315936915
1584110227
1592498835
3735797681
3601445808
3601441712
3605586336
3597169124
3576439141
3559851301
3559791655
3559266615
1415978295
1348869379
1356992323
283316163
31932081
333856401
329463697
312571283
379646102
1457631446
1449230358
1446020142
3593514286
3593513518
3592464938
3622868522
3585331786
3717612283
3716481705
3481544364
3485740452
3462139104
3459204128
3324956688
3324420096
3341197312
1126605824
1093052608
3508964224
3492186752
3496970928
4042099379
4042035878
2980881126
2985075494
2985082918
4117553186
4100726834
4230946818
4230884355
2033072145
2066090288
2053507360
2062424320
1525558019
1537877826
1538982594
1268273878
1268310694
1267263150
1250488238
1317587950
1317690238
1183477030
1183477046
1116343316
1120406532
1112017924
1107823620
17452288
1756736
1742400
1742400
55084592
46696227
315134306
323532002
873379010
872854979
872851331
1007916693
741447349
1813026477
1813032621
1829809837
1846583293
1712571869
1716638957
1727131885
3891445965
3849736393
3832964297
3827728363
3832962795
3975633643
3975499358
3971239502
3991164510
3990905726
3982516734
3877839070
3879022750
3866366143
4136894636
4153807340
4086707692
4055773132
4060031884
3521850248
3555264952
3551004841
3534507193
3538703497
3531469192
3531588232
3531571865
3555693305
4088242923
4088177642
4091848170
4049896942
4028990942
4029056974
4028814927
4028819023
4028704319
4049876847
4091817839
4070911471
4071045359
4070971631
4071049471
4070951119
3002047823
3010372879
2976818445
2976228637
4033131821
4041511981
4033106989
4028904767
3760600942
3761116910
3765307054
3790342058
1638675866
1676424586
1936467338
1916546506
1378822922
1378835226
3261925915
3261405707
3345431049
3299244809
2225534216
2359730440
2359664664
2628034600
2560921832
2561968040
2574553001
2671087277
3188965054
3187910298
2920458186
2920458058
3994199658
3994193514
3994279498
3993005770
3992989642
3993189594
3993113850
3864134890
3889562863
4105569503
4105569485
4105581509
1957913157
1420878405
1418781269
3704676949
3704743189
3696748853
3713914917
2673723431
2656815415
2658848519
3204138511
3203953182
3199754814
3132645994
3132633834
3151496170
2673358250
3709347066
3692764394
3694789739
4113171467
1969816585
1944597769
854072584
921402424
921435176
914224185
926733531
1058832779
1025344138
1023772314
1024231082
1028440746
1028441002
1028215035
962212089
962207768
964304920
947527960
947595064
955989561
955981593
972562185
972821771
1039942923
938263817
669812057
594315160
594380696
593856184
593856184
589664952
589664952
589673144
572912296
572863209
572990187
577118570
585506858
602285098
564597786
564462602
564474890
816672778
820859210
837571066
829178874
829232058
829231546
862392762
871321786
871190714
850260153
850256024
854565016
309305816
326087640
321884888
321893112
325969656
326100713
871326394
854536890
871170554
862716394
829227130
829386778
812081179
275079449
275018008
275018008
275083544
275214616
283341080
350310681
350306587
350339387
501334331
501466171
526628155
526624091
526624714
1063356058
1046512282
1063289530
1063359162
1063490234
1071903402
1071899371
1071899640
1038312824
1030087784
1030218856
2103960952
2103964104
2103808968
2103542488
1835111144
1830924904
1830924840
1835110968
1835110937
1843507737
1843520059
1835131434
1835136810
1830929706
1864598842
4016538937
4016428313
1868952392
1869083208
1869083224
1835496040
1843729003
1843729274
1843728890
1835349226
2011509994
2011503802
1994726538
1457994890
1458009226
1407578250
1134948762
1101386138
1353683354
1353626041
1357816248
1349428648
1076798904
1345233864
1345303240
1345098440
1881772761
1898623609
1932175145
1651160873
1659606825
1659672121
1647096329
3794579977
3794567739
3794567787
3794401257
3798593001
3806985705
3823684857
3790128345
3765031369
3765104971
3765101435
3781948267
3781780267
3815453545
3798610265
3815649624
3815642232
3790345256
3769369640
3769369608
3769050376
3768985352
3785828104
3819190072
3819177784
3890496824
3891024248
3882636120
1735181272
1642976217
3790459611
3790444539
3789927787
3789929579
3815095401
2742007112
2742006472
2741875400
2737697480
2737689288
2737656552
2741310440
2749699305
2749709545
2745646315
2745644171
2783338635
3051839882
3043447690
3043152810
3026351530
3026416874
2959176922
2967483530
3521388682
3521454234
3555664042
3538817194
3538829498
3538612362
4075480459
4083724249
4050169432
4029202008
2955451912
2955449864
2955444760
2972287592
2989216361
2989159147
2993320938
3001766378
3001569514
3018380394
2984901674
2976644154
2976644362
3010178314
3010111241
3018502664
3010114072
3010118168
2972435256
2972303656
2955505704
2959762492
2959762460
2968155196
2968138812
2968203548
3035181324
3051950872
3068859192
3068789272
3001751128
3001579256
2733146089
2733432810
2733426666
2733425290
2792157834
2787439306
2787406554
2787578490
2787586410
2787583082
3085247610
4154799178
4121301066
4121825354
3584963706
3589088362
3588830314
3622515930
3354080458
3349881034
3349766602
3316175306
3249062858
3253322490
2171319850
2204870442
2204869930
2204868923
2196353049
2213122056
2280358232
2515174392
2490008312
2620038824
3693870760
3693705976
3626793688
3626777464
4167580984
4167644218
2028680218
2028679194
2045456426
2045321258
2045304874
2078859322
2078842938
2070454777
2071507896
2071573144
2067378840
2066330296
2066346664
2066444968
2070623912
4218109352
4226424040
4209646840
4209652936
4226495561
1542132745
1542128905
1508576539
1508515098
1491807546
1491675434
1483226426
1483211802
1483407386
409669658
426324026
426254378
426254378
427319338
460906602
460976362
460952766
192656798
201047454
435928478
435928986
435928986
435944411
435944411
434715257
434715448
469318440
461060392
461061432
456733720
456668184
456668185
427365401
427382073
427382073
158989689
158989689
158971353
158971387
156873147
425308603
433828251
433828763
467383195
469481145
448511673
452706041
1526464217
1518073561
1511716809
1528492361
1494930777
1484445147
1484518875
1492704731
1509481979
1543044602
469335514
452681034
444210442
460985626
460985643
427439402
410722619
410595611
410521915
410521899
410530091
433615147
433649003
432665979
432657915
424254939
424263129
425311705
425442777
435929049
435929049
427539929
461094233
461094233
461110617
1515912571
442171243
450557563
450524763
467287627
467344987
425270891
410524971
410541355
410612779
947516539
955838943
947433867
2021176219
2038018745
2038019769
2038020793
2021374632
2038151848
2038151864
2038152904
2071723528
2071672329
2071660089
2071660330
2071538986
2071538730
2077826106
1541084186
433725450
433790986
433790986
427388938
158975003
192517403
174699803
174699867
444183899
444175867
444175865
444183993
444183993
444249497
444251545
444258777
444258809
444291195
444234779
427488266
410685706
2029682954
2029749051
2025427499
1761124905
1761125929
1752737384
1763227384
3910711000
3910907608
3910833896
3946487272
3946483176
3946564712
2877017192
2909457528
2892909656
2892909592
2766556472
2917561720
2917626232
2913285112
2913276600
2917405355
2918003370
2909745850
2909090746
2774799802
2774801850
2783255770
3853941962
3837193418
3858034122
3847548379
3843418059
3843540619
3883681467
3883680425
3883729641
3883276009
3848675704
2783256616
2901155880
2896974904
2897146904
2898191624
4237878808
4237882968
4107846395
4099437306
4095287722
4097511594
4097447082
4101650606
4160366782
1471818894
1471817094
1441669510
1424966103
1415893111
1415897111
1424133173
1440910645
1474472213
1457761093
1449637445
3597112007
3592782471
3596993191
3597517735
3614270895
4117591471
4100789695
4100922767
3563986383
3580837837
3580706813
3589029869
3622580205
3622315501
3622384125
3622310399
3622359543
3580404087
3580408119
3563626759
3563693319
1416346885
1416535301
1416533253
1416533253
3564033285
3564029716
3580677932
1433201452
1970117436
2003802388
1987024916
1987025925
1986961413
2122219527
2118025462
2134294694
1949724838
1947676838
1947676326
1951677094
1955863206
1955863206
4106040967
4105970311
4155253447
3605738439
3605688655
3605716047
3601651823
3601655918
3622627566
4151180766
4117747150
3580744334
3580187295
3580310191
3714458541
3697746413
3697620197
3563338853
4108594277
1961127005
1441234253
1474754125
1475335887
1449973391
1449977791
1449977791
1449977263
1449915839
1449809405
1399473661
1365984573
1374242100
1357772052
1357690132
1357690160
1894626608
1894757681
1911469331
4091982930
4066804946
4066869458
4063622354
4063589586
4062524530
4079433062
4084088614
4054716206
4054649615
4054592269
3517459724
3521651996
3521712444
3513320253
3513500479
3513431006
3514804158
3512511918
3511454126
3545008542
3553528717
4090404748
3009324748
2470373068
2502779644
2502763244
2507088623
3027051246
2498498926
3572240494
3572237358
3572306958
3568167951
4104955917
4109215748
4117211396
4151807492
4130639364
4128736788
3858936324
2785186308
2919412244
2920477221
2924532518
2949923118
2916368750
2906915690
2902864714
2902861130
3976490010
3980687403
3985919033
4019538952
4019656009
3856085961
1700205257
1678193305
1678058409
1682186409
1691680937
1637810313
1671365769
1673270409
1655201177
1659404184
1667851912
1898522248
1881744008
1885876664
1894266025
1890153643
1890186410
1890313370
1890296986
1945018522
1919853531
1915663049
1915654728
4063212056
4063011368
3811353129
3781485099
3781522218
3781628202
3848667450
3881980186
3881989434
3881893178
3890280731
3890264329
4024932616
3991243272
2909572632
2909570568
2905375240
2939728440
2939789864
2938761832
2942943849
2943206377
2808956393
2808962473
2808962489
2817358267
2951706779
2951183498
2946989194
2946970778
2951688362
2951688362
2943234202
2809016458
3043893402
3035573435
3035375785
3036424377
3036440712
4124862856
4150259592
4133470857
4066362009
4067947242
4067811690
4066697322
4150576170
4117101614
4108774430
3572952078
3564562446
3564558607
3565017885
2642278973
2642112028
2684057372
2684048188
2667266604
2663055932
2677744156
2677547560
2643993128
2627216169
2499560747
2491205930
2491189354
3040643290
3040708810
3073816906
3073813001
3073742360
3073671688
2805436936
2771821176
2771903208
2704601832
2716123563
2712453290
2712454586
2750272442
2741883578
2737820314
2737829530
2737831834
2737826250
2750376138
2712631515
2712556762
2712564186
2708415451
2737578715
2737050619
2737123833
2737120376
2749709368
2711947320
2712098840
2712139784
2745608200
2749867784
2741281304
2737095176
2804204232
2804269816
2808566440
2741335464
2749715625
2749701275
2716294346
2712106186
2699522522
2699502026
2959548874
2955227290
4028961962
4050066602
4058930346
4088290442
4088030346
4088099978
1944678537
3547029656
3542835369
3542774697
3542774507
3547058795
3521770043
2443764251
2443747865
2443747864
2443748924
2447947308
2439632428
2435499628
2435471068
2473219980
2473198988
2473264348
2473084136
2473088040
2473092137
3009995835
2976441658
2976425514
2976494123
2972226075
2703786505
2703786504
2703852088
2737473064
2804864616
2804799224
2804733657
2808895449
2808894955
2817332714
2783785466
2783785050
3857526874
3849269306
3857592378
3857589306
3853411355
3853513737
3857576969
4117558600
4114477656
4113551960
4113454681
3849279097
3849139819
3857461610
3857461354
3857518698
3857404026
1944809690
1936286922
1936227722
1919470522
1919539626
1927911610
1659477146
1659482266
3806965978
3823808635
3782910011
3761939003
3759841835
3758731819
3758671418
3758671482
3829945066
3855093994
3888656619
3889697961
4292482201
4292488329
4157483400
4157422217
4124867210
4124892042
4124958090
3579770010
3579683002
3581776010
3580789130
3614106590
3555385966
3555320366
2481513262
2481574694
2481706286
2481706302
2481674014
2473154125
2473285324
3546941132
3530163852
3530229192
3613920728
3609992280
3559733304
1412376616
1415982120
1416061240
1424285976
1424273752
1424003928
1475379800
1456580152
1187098156
1188145711
3335782190
3329473582
3592655918
2535556142
2502331422
2489760782
2498140687
2494467588
2495579668
2495386148
2507993636
2503762468
2485924388
3022795556
3026985061
3030909030
3031105782
3031069918
3047845006
2540326030
2520406158
2520410250
2520656010
3594415242
3598613914
3619636666
3518759322
3500945802
3496748442
3492685230
3492685230
3543032254
3530190990
3530117326
3538440270
3538546974
3601457454
3618169386
3584620075
3567836728
3571998232
3563703832
3563769656
3563769320
3588916664
3622417816
3623395721
3621315481
3575177913
3493558009
3492419192
3492421176
1344999228
1374168364
1403528252
1387163660
1387188236
1390837788
1378123820
3526657084
3526601736
4062357768
4045580808
3022432776
3026624008
3036055096
3031745064
3032240680
3036426792
3035370025
3035370282
3035107626
3035108410
4109057050
4100668506
4101647610
4097469658
4112252106
4150238346
3596586122
3596584842
3604919994
2529141434
2529030842
2663346938
2680042218
2684166762
2642159402
2642222394
2357140506
2365274138
2364111882
2359884810
2364077131
2380824905
2372502217
2238296792
2238423736
2238309032
2537149864
2537278632
2537184424
2535079048
3340379273
3340378315
3340382474
3313176858
3313111354
3355079978
3334204714
3334056235
3468213545
3468213592
3732440520
2653455304
2653520856
2670363100
2636820829
2620022847
2620002358
2485658726
2485726310
2498374126
3567913470
3500870079
3500678591
3501731228
3501778824
3254297496
3288052664
3596137400
3591930856
1444446568
1444512041
1444541497
1461447689
1427795209
1434085657
3581575033
3589955163
3724105291
3757601290
3724042762
1576559418
3438962474
3438948138
3438886190
3438808382
3436711198
3445343502
3478843662
3462045958
3470434566
3348792070
3616179021
3617232604
3583557356
4252543660
4248345256
4248341480
4231699944
4231703596
4095372327
1947743250
2081951762
2081370418
1545482530
1558065442
1553608995
1488584963
1505362753
1252726721
1252609729
1256820417
1248435858
1248378546
3391663782
3391663782
3396906926
3400064958
3383287550
3366461014
2360874806
2365137702
2365071654
2298028130
2298097891
2344226960
2327462016
2327432320
2330495376
2317916580
2317924836
2317921661
2319050015
2319050014
2331599146
2325291306
2342068522
2344227114
2348434730
2348434715
2314989851
2314793305
2306380761
2306381240
2302186904
2302262713
2302389673
2306600377
2306600859
2340060811
2340050634
2348418570
2415597114
2415408682
2381849386
2314744123
2313699355
2313699355
2296923259
2288538859
2372621545
2368394425
2407199881
2340054409
2338022793
2337894297
2337898203
2337832539
2339995162
2306438954
2306503978
2313875738
2313867274
2313785371
2313719931
2347270633
2305328552
2372502936
2372574616
2372582808
2372578744
2372644776
2642001913
2675685145
2675619609
2675619353
2675697211
2673436219
2404922938
2371360554
2371487018
2371485738
2379874538
2377781419
2377732235
2411230345
2415457673
2407071113
2373565371
2371533563
2371533418
2371530282
2640031535
2641999133
2650386444
2650386700
3187257868
3174666828
3039528580
3022685844
3022706340
3022683812
3022536356
3026718118
3035106470
3035303062
2498368646
2515149894
2515149830
2515149830
2280334358
2259231782
2259170342
2259162135
2259178501
2397619404
2389279996
2390332844
2386077100
2671355292
2671417292
3611203532
3611211772
3711811580
3710713788
3693477788
3693532573
3580024317
3747804653
4269012285
4268856373
4268864533
4268859397
4268990485
4264796213
4281856311
4231450886
4230367174
4235087862
4243540710
4239216614
4238892902
3165185879
3186156868
3211387972
3212346404
3208156452
3195778868
3212481028
3210392069
2941891133
2908287549
2904094252
2904079145
2908273513
2908404203
2908670426
2942094794
2937897418
2940060122
2940137978
2940101098
2944295406
2910808046
2918940158
2913586670
2913521135
2913795551
2913854813
2918049628
2909631100
2905412220
2905416405
2904893173
2905030631
2910133734
2918517990
3216247895
3216843789
3216991245
3183404044
3183404044
3183273244
3178809132
2636695087
2636895866
2636807802
3212455786
3212381482
3212313898
2683895834
2684039178
2679857418
2646171915
2650301193
2650332936
2583219032
2566609784
2566602600
2558015352
2570584841
2570650377
3648655675
3749322795
3681099819
3681039418
3681078283
3664283723
1516800201
1525189064
1525259144
1517010568
1579856520
1579856520
2116727448
2000335256
1966776508
1947918500
1952081056
1893406880
1885026480
1882926256
1880958352
1883055793
1903572647
816191142
1889554150
1889586766
1889578254
1906420751
1906555917
3554716684
3542131997
3542151999
3508793902
4045828654
4058386986
4054714170
4054592618
4054345962
4054337705
4051224712
4030580872
4028551048
1897816712
2000560776
1998987864
2003247400
2003050796
1432690989
342179135
879057727
1021696575
1017616918
1035241990
1805420807
2057081879
2060296263
2047779014
2048827590
2048844230
2030973670
2013791910
2017995430
1753815727
3902347949
3969391020
3988540572
4292658316
4267483276
4262371468
2119606348
1987486749
1981844518
1981869094
1914911782
1915098406
1931874598
1885733175
1353056517
1354106629
1351950100
1351379508
1355606612
1355590228
1473027781
1456310209
3595208641
3595207633
3595281123
3595281123
2538513107
2506027731
3042890402
3053277858
3086775206
3067356070
3067356590
3058969006
2991987098
3004631514
3006605691
4049938715
4041479433
4042006793
4037824777
3505213501
3506393135
3506421807
3554591214
2464055694
4073095822
4140140174
4131696302
4131695274
4127500906
3070732601
3042360344
3027678232
2754379800
2754404360
2771316764
2771308652
2775500268
2783891117
2767179447
2768109271
2767060807
2758665542
2758599686
2758566166
2758632230
2775519782
3077177894
3060466230
3061387790
3069720078
3069980447
3082632509
3082754365
2528975672
2528919368
2533111240
3598192984
3598209145
3596144745
3596284123
3579502798
3562726862
1411042766
1411108254
3558587822
3562647022
4107839470
4109940254
3841560079
3833306639
3829115709
3828918829
2755178028
2805499436
2789196332
2789130964
3862831796
3862700708
3861651873
3995861155
4021163186
4003869874
4272307314
4272307234
4289083458
3752208450
3752257858
3752766274
1571720131
1605209552
1609337952
3727471648
3728519204
3728597028
2118049796
2118017812
2071859756
1484718636
947390012
947399196
2021206588
2096757292
2092497388
2142812588
2126027916
2129166476
1580105868
1580126348
1563304373
3694011047
3706659494
4238878382
4239944366
3166235374
3082336863
3069741839
3057228549
3191516932
3190468356
3190484228
3074303269
3022914919
2955806678
2969438086
2965309350
2965125030
2965126566
2694609318
2710890687
3007621517
2986716044
4060523148
4060604060
3004449532
2973041276
2972062252
2959483176
2964073512
2964068408
2980599865
2477357115
3534437151
3261798942
3257599510
3257598230
3325714466
3327910946
3327771682
3323628546
3340666946
3575560386
3558517121
3695152768
3698298544
2632947360
3166544544
3097289376
3097257697
3093049063
3088330726
3107194214
4181001254
4218826774
4191559686
4174801922
2026170386
2017765410
2014091282
2031003650
2064557122
2048823491
2050392195
2116534419
2116534451
2117547170
4279578019
4245958563
4241829537
4237770389
4237774548
4237674048
4239717888
4294238720
4277445121
3203768595
3203773475
3203767335
3195324453
3207907429
3174451413
3158200004
3160286916
3168731767
3164340854
3164344934
3170378470
3170377186
3165128866
3165214898
3182320787
3198612609
2665914497
2654396865
3728138817
3591856705
3591383009
1427123430
3562158310
4099033318
4126656742
4158044358
4141267015
4141137671
3872693815
3874797101
4009013823
2922754615
2906567190
2906579494
2822457190
2822245858
2826448034
2829585570
2829728915
3098164353
3183094913
3199954048
3202051472
3202086832
3193960080
4267659921
4265038481
4231361173
4231492231
4231419591
4235545918
4242819118
4242827311
4154746943
4138170383
4138630159
4278072335
2122199054
1585320206
1597903150
3560837422
1417545518
1350438878
1358634910
1352153758
1352154046
1367894457
310955400
310945160
306816408
305901816
321564988
271233340
271229228
271548732
271429940
808762661
810850597
819251493
815130887
282552583
291382535
324936455
291123719
274334215
274334279
282592983
282595303
278424047
295234799
312141005
318431437
41611336
37322824
35422568
1397527913
1355594539
1417976618
1468447066
1455860186
3604917706
3598492106
3593240970
3593372555
1983550105
2004546217
1962598889
4107821549
4099419369
1947741243
1880636458
1880701226
1881021998
1885214238
1889010186
815268426
815284938
1905841113
1942607800
1397488552
1380707244
1380575676
1380510092
1380741004
1381917644
1398698573
3520483855
3520516926
3516309806
3583288366
4154239022
4137453614
4132210702
1980598287
1980733453
1980735501
2114904140
2115395660
2098594109
2081817391
2094343782
1960122982
1956059846
1352022658
1352080002
1354058418
1354028946
1438425474
1476166018
1446948994
1445900483
4134442000
4134516768
4133792032
4129597728
4129598000
3190156832
2938566176
2943795745
2849260067
2882856562
2882858594
2866072930
2861877351
2866149621
2883057861
2841049284
2841017540
3109453124
3143057268
3142923877
3193255525
3201577703
3218346918
3184788374
3170304390
3036025222
3034002566
3033889943
3570694327
3562305783
3564461267
3560332355
3560334339
3564593427
3573018931
3623342418
4143355330
4143357382
4135554502
4135422454
4131240806
4135435046
4135305014
4152087326
4046983454
4046987582
4030206062
4033552878
4054454703
4121561004
4155051692
4155001484
3086543756
3073944524
2537466124
2671683852
3173956925
3220018478
3219956526
3220804398
3195654702
3193500206
3126387494
3136938278
3137029158
3203990567
3195536471
3174577349
3155832004
3157928324
3170503316
3166309012
3166260884
3029889668
3583779532
3587973772
3520864957
3521062830
3520932270
3495704750
3490986174
1343563934
1343632518
1343639878
1346289926
1349501702
275546902
1366075174
1399503122
1382717698
1391380802
3605973443
3607023011
3606892967
3600605671
3617350103
3583861239
3569115621
3573309925
3498005477
3497936621
3510525517
1396603397
1093565189
1076828422
1080301590
1080305702
3227790358
3227931654
3295592502
2280571186
2259587906
2192474819
3265888896
3265823392
3282605728
3228102368
3223874528
3560844768
3560844448
3594396836
3594400901
3592307847
3595492487
1456000437
1451814309
1451796655
1451797983
3599410526
3600459055
3604930863
3604869927
3598562102
3598693175
3611210741
3560880005
3560365957
1551289221
1551289221
1546930853
2083531429
2100309679
1999646718
1982887214
1995493422
1990250542
1990447182
1991368902
1995759814
1475666167
1417044389
1411790501
3492155108
3496873588
3496938004
3505134100
3500960308
2444028692
2477763869
2528019487
2528088094
2527895614
2533142574
2524746798
2520761390
3611172142
4114296127
4095356719
4095350575
4095346479
3497722670
1350107446
1350054150
1356390722
1355325634
1351124162
1367903639
332046213
1380629124
1108015745
1175382723
1175351250
1310666194
1325937730
1598555250
1573392486
1552572774
1553621318
1555722821
1555813076
1555625708
1566112492
1561881324
1057516200
1057876664
1057947576
637972649
651464874
651198618
579895434
584360170
1648664814
1627758718
1611046942
1612619790
1612637215
3829294895
3833286185
3841706536
3887843896
3869100552
3869036040
2791106056
2923225624
2923225656
2923188792
3984524152
3967418744
4177133817
4177011819
2029528110
2029534262
1490625558
1490755638
1490755638
479932470
211365893
213405701
268076108
250513868
1315867100
1315740108
1324136924
1319680505
1319681513
1319875049
1323950569
1315467611
1316622718
1299849574
1291460962
1289430370
1278753122
1278818754
1295657922
237637314
241844931
250200769
246002417
1323869088
1340646304
1156165008
1416333696
1412139905
271301265
1345039025
1361833891
1936417207
1944649910
1944584366
1885872174
1885872174
1881760782
1886150415
1894542905
1889912376
4055877144
4087318072
4086138488
4090332888
4149188488
4111439753
4111258523
4115460586
4115658218
4115557482
3076402218
4150208539
3615307801
3564968217
3564965644
3506111236
3499643653
3499643655
3503936311
3562701089
3575296609
3594163905
3594161793
4131097217
4130900625
3061358247
3069744559
2797129898
2814177450
2780717547
2900238923
2891915787
4229767771
4231276394
4097064042
4101246058
1962347738
1894911178
1892821130
282273930
282073226
282127547
299081913
315793548
315785612
318145420
318210908
1928639276
1915004460
1932308013
1898966573
1882124093
1886283547
1894663003
1894581211
1895567259
1887185818
1887185322
1887332778
4060010666
3819881882
3819799498
3807150667
1659679259
1651286571
1651352107
3882787371
3882805035
3882805547
3883923579
3816749307
3816741017
3825191305
3825059720
3791504008
3774861960
3766411992
4029637161
4029423913
4067175467
4075567146
4071570458
4071502878
3538555150
3530166542
3594125318
3592044758
3562726583
3571108997
3572156549
3702249933
3702258269
2628447805
2628380207
2494095982
2549670638
2524504814
2524489134
2522383534
3059256510
3059453086
4133129423
4128945229
4131038220
4131038220
4147833884
4114512924
4097707020
3023965468
3022980908
3035365996
3031184108
3031196411
3047814890
2812841706
4155018986
4276655402
4264071194
4264161290
4264173578
2116689930
2099912745
1948914985
1953106665
1957628571
1420761739
1420769931
1353464462
1101581966
1118339726
1185452478
1453887727
1449701423
1445699630
3324699694
3307923718
3291113734
1416300838
3563588910
3589800234
3602395434
3600343530
3600540585
3619201676
3585647244
3560473228
3560538764
3493429916
3491345384
3491360041
4032489514
4042934282
4042971146
4041862250
4041778410
3770192058
3784868233
3788080008
3779695272
3775501992
3775633128
2685055784
2686185756
2688312604
2754421807
2758683950
3035503982
3081637870
3064858510
3064873871
3069006797
3068949341
3203162413
3220973357
3187486265
2624925211
2620669498
2621181482
2558264890
2583430458
2612543547
2612543517
2611695708
2578146396
2305305980
2301107044
3375963125
3376036311
3376033158
1532636374
1515917462
1511592118
1511526582
1511542942
442032330
999861578
463051291
467253787
421132826
454801946
1511701786
1511698446
1520087070
3667427439
4204298476
4204306836
3680214708
2553977492
2553977476
2621082245
2620050055
2624277174
2624327590
3026988198
3043763374
3085701294
3064922254
3064864911
3601735821
3731759244
3731691004
3743760364
3710135276
3693357948
3697748765
1558638351
1558699278
4242855182
3722769678
3714446622
3715626814
3715495470
3646404142
4183744022
4179412494
4183336478
3120080165
2881138724
2881126500
2881060988
2876801116
2872619340
2872616524
2939873000
2939842216
2944023211
2818182058
2817068474
2816999578
3873976475
3869970585
3869966728
1722299144
2011702792
1952983560
1948805689
1881733929
1886030123
1894418699
1894678795
1978434377
1986823049
1982763961
2117054959
2116874350
2116874350
2116968687
1852465391
1869242491
1835688009
2095727945
2095828809
2092558889
2092493354
2146986554
2121804602
1983393083
1983394107
1446707545
1450836313
1425932792
1421738440
1421738952
1153303368
3300859449
3298572841
3298568747
3289147947
3339517499
3323904523
3328098827
3351167498
3484271226
3450655466
3450659818
3429692907
3442251258
3442318731
3559898251
3559308683
3559302539
3563501467
4126586522
4126646938
4151681691
4150637499
4150776234
4284936618
4280705258
4280689754
4284886074
3178130474
3186621738
3119119674
3114833162
3148388107
3135812105
3127423512
3127419688
4198080808
4263108648
4262158376
4262146152
3977905641
3961131003
4235856602
4110027418
4105767322
4105723034
4103664778
4153001099
4157198475
3603489195
3620266731
4153139945
4253737705
3185271529
3187233385
3178841961
3045023609
4152352601
4148158281
4147936715
4114382219
4113366155
4113418427
4117159083
4125533355
4125532571
4160205705
3891565257
3823927817
3823927849
3781988905
3782189865
3761231161
3761167673
3761133595
3760867355
3760933115
3762014703
3766157279
3791615565
3818673869
3820754573
3808376717
1652434333
1920867765
1919878311
1936527526
1903112614
1894719910
1890517479
1890337542
1890378246
1890362887
812427799
1345108519
1395653430
1383005447
3530478605
4075733021
4076765436
4074607036
4157384604
4123834012
4123823804
3587153597
2504453806
2538006446
2539087342
2522161390
2524250350
2549494014
2549510366
2511757391
2516414815
3573315453
3564924797
3560730495
3560795999
3577636191
3581826382
3513647566
3555661278
3555663322
3555670426
3614259610
3613669802
3546557867
3554940859
3556180699
3505783327
1353978421
1085551137
1085547296
1084517664
3496339488
3492214816
3543042064
3526264576
3526267392
3531506176
3535569424
3533484578
3533480494
3599291946
4157099370
2672314602
2655586538
2656701642
3730455690
3730451594
1599618186
1568349321
1551515032
1559901624
482022296
486019992
486339480
220504952
254063416
237278504
237021229
371238959
371308862
371366158
392333070
1425441487
1421247109
1352057524
1352131492
1346660260
1342451620
1359228845
1929652142
1929779118
1933968218
1901986058
1911178250
1906895930
2007541802
2007545883
1990760459
1588172043
1588166923
1526235483
1534685547
1496977706
1480204586
