1358699551
1356663823
1406075911
1380926837
1376769013
1376228245
1376227989
1912837045
1916834727
1916842919
1925226935
1656988831
1648536735
3791829247
3791886383
3808593965
3875711021
3842418989
3830890285
3763783484
3763847709
3760014141
3760022383
3760006119
3776775143
3813475311
3813474942
3787801102
3787740682
3771006475
3771001355
3762350619
3762354715
3762313738
3842006602
3842252506
4010020602
4014214650
3930397930
3934729450
3934729338
3934728250
3935252510
3935186956
4220411916
4224541908
4211919780
4211923620
4211993252
3943688869
1774561966
1753525934
1753267630
1820433591
1824693495
1682148372
607176756
538978356
555822132
555883556
555883820
560336428
565644861
548752990
546627278
546609870
562858702
562858638
1636076431
1732549133
1711585804
1846001164
1845944893
1846944293
1746280993
1748435233
686030883
682886163
679754819
679749699
679880771
948316995
948312643
981862979
448531011
443287105
440144449
442446433
445456993
981738083
981739107
998518371
952384355
943733107
943806835
960633171
1002576211
985860947
985668435
985742163
985758551
717445959
717314935
717257575
726944103
627964279
627964279
627964279
627964279
627964279
627964279
627964279
627964279
627964279
627964279
627964279
627964279
627964279
627964279
627964279
627964279
762182007
963508599
426637686
158202358
158203382
158201334
158183926
157921790
162116094
1487516154
1487516154
1487519226
3635132922
3635133435
3647713241
3643455432
3140138888
3140130696
3140060568
3140064680
2875899816
2884304552
2884292296
2884226632
2884161032
2875776553
3144183339
3144167210
3144165162
3110809882
3110801674
3110731818
3119190058
3098218602
3098234986
3098074186
3098060874
2565384393
2569648584
2569706888
3106583944
3106575752
3106637736
3144324776
2875889320
2867517176
2867516936
2867450392
2858967593
2875728426
3144167978
3110863162
3110666298
3110666298
3119189050
3152746538
2594838634
3735697546
3735627915
3739756680
1579730056
3593048216
3593179288
3593113736
4100882824
4100358792
3827471944
3827538460
3827345964
3831540268
2686495273
2686561067
2770453801
2770616619
2771125035
2771255851
2775451179
2779385406
2779253630
2812811774
2812819710
2812837086
2818077063
3041551239
3041534607
3024757390
3033145770
3029864618
3031958698
3035106491
3026786457
3039443080
3072993736
2536385033
2653825546
3747879434
3747876378
3747874618
2414612522
2343116842
2611597354
2611515454
2611646477
3148513284
3148522052
3153634032
3145245344
3141055136
3106453412
2905126052
2905136292
2888354981
2888714407
2754009335
2767645189
2897668612
2896619012
4024852997
3995542023
2922189326
2938896942
2938635050
2947024234
2913471594
2896697450
2913474682
2913483978
4154991818
4134233482
4150981002
4125806777
1957400744
1957220520
1961382024
1948778696
1965559832
1982477608
1982475816
1986670120
1994993160
1990725129
933758474
1021838858
1021838970
1021924714
1017738346
480867562
346779834
350941323
342532232
338337928
338268348
1344831660
1881440420
1914864036
1650628228
3806510660
3806505472
3806374432
3806374436
2732632615
2741222958
2770509354
2770650410
2904818986
2905343274
2905476926
2909408894
2917801854
2913475069
2913482972
2913532108
2914579660
2911609036
2911543436
2911544204
2890572457
2887369642
2755133866
2754348202
3761117354
3761125610
3790485850
3819846410
1672309259
1655499275
1655503370
1668075018
1663910202
1664028730
590295082
556609578
561655850
1708798074
1703551194
1971985114
1971854010
1971862202
1435269770
361559690
495776651
260887432
244126408
172959272
168765992
169749032
171850524
1244529927
1248329734
1273806878
1219264526
1223327822
1219137742
3366624726
3366689782
3366698582
3383277310
3655902895
2607326889
2636687016
3177823400
3169563816
3169563816
3160970376
2905126028
2905190604
2905256972
2938813485
2938809647
2943024430
2942956862
2942924602
2942841642
2875724074
2842165546
3915907370
3949461802
3958047018
3953787771
4272625368
4273543816
4273478280
3736631944
3732466312
3727206028
1328133004
1160483724
1143653260
1147847372
1156243012
1156508391
1424878306
1424796322
1416408994
3575944070
3609231750
1596096646
2116206598
1579307014
1579229230
1579425838
1592009770
1605118249
1605110056
1571293992
1571298204
1562930060
1562943372
1563001220
1562804612
1566736772
2137166208
1596109216
4281447392
4281377312
4281393698
4281364006
3211803182
3182565930
3181517610
3181709354
3182217274
3181938699
3148450824
2884156680
2885195336
3143213784
3143344824
3139166892
3206111973
3174568162
4247258274
4096265378
4096395426
1961506994
1957312898
1957314434
363733633
363274880
132182656
102859200
102859060
371241260
371240232
908110632
639691304
656669224
660786744
669499912
670843400
661144089
661144169
627659753
627799019
627914619
627905915
627905883
628053323
628028491
636400859
602911962
581811418
581803162
585997450
577608858
573419770
573370618
573403258
556691514
539685162
553313131
563801832
596179624
646486936
650697096
638082184
1040978056
1006764424
1006769069
1019359919
1016215207
1016164006
1016130290
1015066322
1036037958
1044430086
1044552710
1040364566
906162198
906047542
907030582
890384686
819083054
814877228
830753508
898386580
931711876
923326852
386686084
520491140
486674820
1010963076
949105328
949187296
949019169
949019170
416326182
433106726
433101094
465672226
1245812770
1245763602
1245763586
1245903874
1522725889
1518792960
1587462848
1589297792
258687872
86589824
69800080
338366644
338624700
338036136
887283496
1956887080
1688250936
1688250904
1688250888
1826662922
3999305226
3995436570
4197368106
4197335146
3123392618
3123327018
3119124522
3114938410
4188676410
4222312795
4205338952
4205371592
4201144520
4196930776
2066416888
2016023800
2016042360
2087377512
1823132281
1822988889
1873324617
1856552776
1860732248
2049474649
2049544282
4197118058
4281004142
4230639718
4230623586
4243215202
3970596578
4104777392
4121554576
4272487296
4268259712
4264045696
4264115328
4264171683
2133473698
2087324582
2091715254
2091728530
2091131539
1554260544
1553998336
1558241840
1545642545
1596043011
1445113606
1446181638
1450368262
1456659750
1452733741
2006316332
2009908712
2001259912
1997065608
923323288
889936536
1024334472
1023818376
1023553240
1023553244
1027815388
960508413
968941806
998301806
2072027230
1535221770
1539486986
1539489546
3678648890
3686840874
3686841898
2576596538
2576799290
2577319466
2576893482
2581071738
2583170554
2306350570
2306415850
2373590202
2381978810
2381984922
2380952731
2380919945
2380853384
2372464776
3446182040
3341324536
3609891896
3609916472
3609947176
1395207209
1395354921
1399481640
1944778552
1943782936
2009646792
2001260168
1997048712
1963514808
1963707064
1024330392
1007042184
1027745496
1036133112
1036194795
1606439086
2076237998
2076222694
2042668246
2042733766
4181966790
4190289414
3653484038
3654467078
3654483718
2647817510
2675323942
2675773486
2683043886
2678784043
2679775513
3753583368
3721929224
3696760328
3692903944
1411268184
1411324568
1413286808
1899760008
1898204299
862243978
845204618
845251738
845395418
853664026
853926202
853860650
871342122
1907269674
1911201835
1911271720
1979220472
1967687064
1967689624
1963559576
2098134680
2098081468
2097555128
2097293032
2101483241
2101419498
2042637546
2042652906
2038491210
2038475850
1501602826
3653350154
3653341706
3653342762
3649304106
2575464234
2609001774
2341870638
2342456426
2342259967
2348289229
2322075084
3395816708
3397008644
3397004340
3397002292
1245324304
1312445440
1311429632
1311425536
1177191744
120227264
90934672
6922128
6921104
1344905108
1344905140
1345034228
1346343668
1346237036
1880908524
1948002024
1967405743
1975790254
1954888102
1954810022
478218374
482479234
482484355
483533185
215114113
231924609
198222834
1255186914
1255187746
1246805794
1246805282
3396385058
3404773682
3400792118
3400719398
2327215150
2344500270
2310540602
2313686298
2313702667
2313772299
2288545035
2288532763
2288736027
2305447739
2305439513
2338920217
2338856731
2338856251
2338863483
2338863483
2338928955
2313894171
2313887002
2313885019
2313892827
3387495323
3387496377
3387447208
3387449256
3454590904
3446267832
1298792344
1294598040
1294597528
1294728600
1294985656
1294985656
1294461432
1294199098
1327757626
1327757626
1327757594
1298652954
1303379770
1236270654
3383328318
3450428990
3450358334
1307057133
1298745772
1298876844
1298888892
1332312468
1332308372
220821892
86596500
86854548
86469556
86239732
86092151
358848822
358717750
1432459574
1432467742
1600240414
3751918110
3752180254
3752704574
3752434238
3752577598
3748268589
2674531244
2674526636
2674591916
2682984620
3622508700
3613997196
3609995404
3341564300
1197816260
1138846164
1101130980
1101239399
1373868390
1365348646
1344377110
1348579598
1348575502
1885449246
1881258030
1898027054
1898022926
1931905038
4062615566
4062635022
4151820622
4157719534
4120040175
4103267055
4103268077
4103204589
4109429471
4117790687
3610279775
3593958750
3593934206
3593929774
3611100198
3615321174
3590286422
3586057542
3586062151
3583415111
3587543617
2505355985
3042423408
3042358880
3042295328
3042221600
3038101044
3038232068
2803341060
2790622524
2792670508
2809449772
2809460012
2809460009
2809447721
2775872889
2775856441
2808421673
2816805177
2816936251
2816940826
3848747802
3848617786
3849131322
1701646394
1710035002
636228670
632034318
632044558
636225614
627964279
627964279
627964279
627964279
627964279
627964279
627964279
627964279
627964279
627964279
627964279
627964279
627964279
627964279
627964279
627964279
627964279
627964279
627964279
627947895
762166647
1030599159
1030599157
1013821877
1013821887
1013821887
2087565247
2087566271
2087041983
4284857278
4268080062
4269193135
4151767983
4149371903
3176145869
2488349004
2496730492
2496994348
2497017900
2497017900
2488785228
2507591629
2524894927
3598701198
3606037134
3605513134
3605348782
3606401262
3598012446
3613916174
3580160031
3575949613
3613894956
2523315468
2523305740
2523367180
2523775772
3593388669
3610137343
2536461295
3085529518
3064524974
3064516782
3064516782
3081285806
3039342750
3023742094
4097486031
4097502541
4097506605
4244437797
3170658855
3170643511
3162453527
3162444311
3170566743
3187348439
2646217671
3753509767
3753444277
3757585901
3715639789
3711445373
3694995789
3695110989
3698764549
3723927303
4289890055
4272980759
4277175063
4264788499
4264997393
4262896145
4279738913
4011189025
4011188323
4015276259
2918449315
2918974626
2776511618
3847630210
3847630726
4124511910
4122218150
4122218494
4122292174
4122225998
4126420302
4118046206
4115948030
4124561918
4120364527
4120217069
4120157692
4149521860
4279609284
3189155780
3189158724
3189674356
3195982117
3212703013
3078420261
3078383143
3044893271
3077993031
3086402390
3082143102
2801059950
2801072166
2792466471
2792536383
2808257285
2741407237
3810906629
3810874125
3812036909
3778424877
3845595175
1685918759
1694305574
1824460398
1824394846
1822235214
4236786187
4236782089
4236836104
1602796616
1569236300
1552459716
1552458432
1284022992
1220137697
1278957026
1278891170
1144669346
1429882034
1463469186
1451154562
922656130
922597778
922069394
643283075
638884087
638888997
638886957
1712631853
1714593839
1714855983
1731653935
1832338030
3966830318
3975220902
3971026598
3971026663
3970959093
3970966085
3841008133
4094895621
4094830101
4101377573
4239723303
4256434535
4256443846
3753258438
3740681606
1584874902
1584743862
1591031223
1590965167
1603543981
1570055149
1553228781
2094817773
1951196664
1948056953
1948039513
924690697
639019273
571914507
571902987
638894106
638599226
1712324666
1696006186
1947603242
1682321962
1687029354
1686898282
1955333850
1954838219
2089084569
2105847209
1564798376
1560603016
1594321288
1594780105
1594767690
1565400378
1439567162
3620615450
3612288286
3611910430
3620270430
3582497214
3582493607
3582690228
3616245652
3620253620
2535230900
2520751540
3057561076
3057560852
3057036564
3073812759
3076954406
3077037350
2816855846
2783303223
3077984791
3077968389
3075933013
4149481845
4115935461
4116002021
4099292407
4101904775
4043180998
4043180742
1891490503
1891425863
1889310469
1641853700
1629266452
1629266468
1629266468
1662968357
1662973733
1662895463
1650214135
1650213078
1649168590
1649366110
1666071914
600713514
600795962
600595211
575429387
575168267
575272265
583922009
583913849
600658411
600642923
592186731
588056895
588200255
591800621
600188973
596061501
595926301
595866909
663039261
662973709
662972685
630458703
627964279
627964279
627964279
627964279
627964279
627964279
627964279
627964279
627964279
627964279
627964279
627964279
627964279
627964279
627964279
627964279
627947895
896383351
896384438
359513526
393065911
527283647
527283647
1601027518
1474674622
1470216127
1470215870
1470215871
3584210623
3584210671
3580079469
2501945389
2503125053
2536683551
2536758287
2536762383
2536662287
2515683078
2511488615
2510751333
2510559204
2514757108
2499028420
2222007764
2220037556
2220259252
2497083284
2516055989
2511665078
2545219558
2280699878
2272577334
2267334198
2267346710
2401527574
3341249558
3475401778
3748035667
3757460675
3757493441
3486971073
3352744385
3314794817
3320959315
3304354083
3295961379
3291751205
3291951909
3296089877
3296091909
3321286412
3589654796
3355221773
3338444093
3338437951
2256307258
2256311354
2268984442
2233398398
2220774783
2222872557
2231260908
2227008172
2512155324
2411491988
2394714805
2398909351
2390513062
2384747942
2402622946
2402499058
2368874946
2368875842
2312250690
3365087043
3364890417
3364906785
2295363361
2286999345
2299777587
2333275667
2333603346
2333470226
2336534291
2344937841
2340812913
2307251440
2311574608
2311471184
2311471120
2379628849
2379563319
2413044006
2404679014
2404731750
2371242582
2371812046
2380184270
2413666255
2415429069
2683867469
2683867256
2683863848
2650378792
2642125352
2621170232
2621007388
2620942876
2619963692
3157149740
3161344124
3182316748
3199160780
3735638412
3601421199
3605672894
3605668270
2531796142
2548573358
2515211454
2229998810
2364092506
3303546891
3303547145
3303564553
3299601689
3299524091
3299842538
3303836074
3563883690
3575940286
3592913055
3592859791
3592593615
3592593718
3592844582
3592830230
2519084822
2523279142
2527532838
2527920934
2527609150
2527641951
3601371228
3597172956
3611004360
3610945992
1463462728
1597696376
1580890216
2117806200
1043932380
974729420
488517845
475399142
479593190
479396434
479277570
210773506
1283730946
1300519430
1334078246
1334061862
3447991078
3431938678
3297669774
3297428111
3297280684
3230172072
3246952872
3285751208
3256649900
3256727740
3256859064
1109059976
1125837192
1360719752
1358603144
3501883832
4041834984
4033393512
2955452984
4029198856
4029264392
4033786392
4033765931
4042203690
4042076970
4041999402
4109175850
3035236362
3697944650
3714775114
3744127177
3727662217
3740045448
3735916937
3735540634
3601257130
3623252650
3755303594
3713278890
3695535530
3696093658
3712870602
3747477709
3747600845
3732852557
3728392719
3458974270
3458748974
3462996590
3757646830
3757581742
3686280358
1536769189
1236927637
3430547584
3426287744
3425648705
3425104131
1277613826
1281613362
1286663714
1286663714
1334882098
3466048838
3465970882
3600712835
3606807716
3613951140
3576210660
3559448948
3576427316
1462395676
1462379012
1463432708
1427834405
1440222821
1418205925
1149836212
1285110656
1289235329
1297624451
1327375746
3476435906
3459646274
3459400498
3466707234
3332415778
3332415762
3332481026
3332478001
3332672544
3329001696
3341600928
3307784368
3308972416
3309236096
3307138688
3311335040
1171773056
1205329536
1205328833
1198902099
1328838946
1328556834
1328557858
1332817698
1307711346
1169294322
1167197075
1167067025
1170223025
88092576
84097456
84031872
68319425
68249602
70281234
2124082
6486274
6478082
14863170
27446210
60983746
62032322
45325777
1118936544
1122018784
1113632608
1109438304
1109502544
1110620672
1379047952
1376885280
1376827680
1913699616
1917883440
1913753617
1915858961
1915991315
1899424194
1882646914
1613646242
1617496482
1642673574
3807916455
3807912367
3875021165
3890831673
3840638729
3832277515
3832392203
3832519194
3840645674
2896726570
2896727850
2846393658
2863394922
2867486826
2871665002
2871730558
2838111598
3089767790
3093957998
3098151022
3098019966
2561153102
2561158350
2292722894
2309547407
2343085455
2343081373
2326302140
2326301868
2322177452
2385349052
2671742876
2637598340
2618470100
3155341012
3155340773
3155344486
3155282978
3155282978
3155385346
3154259202
3154324994
4228066866
3175288354
3200388642
3196471106
3196445890
3196433601
2592445648
2659499216
2656890352
2619099488
3693026160
3692444000
3692439840
1544957216
1425474849
1152844050
83759362
82714882
15667971
15532483
32314770
65854867
49068467
49060275
40212881
40343953
36092289
36158849
40353617
40234547
56897058
23342626
23342882
98952482
99004690
128352258
128876546
128614658
128680194
133791954
1190768882
1182380273
1176106208
1178183904
1194960992
1434036832
1559935584
1958394432
1958320704
1958251841
1702396016
1731760224
1715048544
1715449952
1715384416
1714402400
3995991520
3995913956
4016854756
4016919213
4016911022
4025299646
4025299646
3891019454
3890756030
3873970334
3869989022
3869964446
3802851487
3802851532
3807095820
3794379788
3760902156
3760902148
3760902164
3760869668
3761050404
3765961252
3768061604
3783789236
3817355924
3800578693
3800578694
3800578438
4140448950
4133104790
4128910470
4269681862
2105420870
2096508167
1022831109
955260421
953159191
953171495
953165350
415311654
411047206
411047222
411098370
411090178
952154371
952211728
675388208
1749129776
1749137968
1765916432
1778553152
1778561216
1778577537
3926020259
3926013090
3930458274
3940420006
1874463654
1874397846
1874602630
2113678982
2104959622
1484137158
1483944518
1492193846
1487950374
1487990310
1487989286
414235190
464829202
1522448645
1522186244
452627524
444126452
439903396
439887012
976888996
960116132
943601317
956171943
949304998
949239475
1016082051
1032859267
535838611
493911523
492961267
492953075
492936659
493067730
358782914
358855506
358724434
358724402
358723894
358723878
367112487
367243573
501412125
501362952
492974856
494277400
494278424
500571960
500633384
534519608
526135048
492586505
494716427
477938298
476889978
342742394
342742250
3142889
3077368
3072136
3039624
7226248
32379544
44978840
45019834
45004730
1118809578
1111272490
1111271466
3258752010
3275535114
3325993482
3346932235
3317568015
3433955855
3433972013
3433939181
3433624813
3433606637
3693648329
3744177103
1513798095
2048829647
2048896206
975152350
974037070
975093839
975061023
991826031
723395175
721301095
717053671
1788626663
1787610038
2056053126
2051858822
2064556935
2014245511
2085537415
4234104471
4233915046
4242336742
4242335974
4103919846
3835185222
3839384654
4108086558
4099747375
4116657711
4146009653
4062122261
4062003221
4065120293
4069322789
3800863781
3800861717
3817703623
3801057446
4065041574
4060664998
4078523574
4078580894
4045284766
3776851646
3772583614
3768127022
4037613118
4037550606
4054328847
3551012364
2548591932
2536012076
2535999708
3610953884
3594153116
3606733964
3600372877
3533197468
3264828588
3269022892
3258469549
3257748991
3257591759
3526010446
3546981918
4041979678
4108959502
4108958478
4037773839
4037642781
4033396268
4029179500
4029163180
3760719532
3777496748
3811054764
3807904941
3803710638
4071249054
4071285830
4071269381
3538529284
3525872916
4046031124
2955591172
2959779340
2968171020
2963980828
3031024191
3035116138
3022529258
3039299306
3039300010
4113041578
4100798650
4121835658
4121835658
1957440651
1420567945
1152275421
1155986407
3563500006
3694567714
3694634018
4231506994
4281773058
4009142274
4004948995
4009137152
3999694848
2922217520
2921873440
2921862240
2938834336
2905213856
2951416481
2930313890
2930318002
2931497618
3199737474
3082579650
3044863555
2487139905
2487152192
2487217728
3023859280
3028053984
2986105057
3015264417
3015395553
2444839136
2440645440
2419807808
2418696704
2418729472
2422906928
2980676640
3014167585
2998442017
3002705921
2719721729
2719713283
2718862530
2735637654
2703200422
2755432614
3827798502
3827750502
3827760678
3831757366
3831523894
3827329398
3844107350
4016143575
4016260293
4007806085
1722944981
1723022823
1722821095
1727015142
1718643798
3866586178
3845549378
3832970818
3841379843
3837709825
3769486896
3773687408
3765266048
2737776256
2720609920
2720534432
2728922528
2728937633
2745719969
2728981991
2728976646
3798524166
3794460686
3794460686
1647043626
1646872618
1630423098
1614727194
545183754
549378314
632083914
669282507
656670858
656670874
606474410
545141742
553529070
549333695
817773191
817834631
817703559
301804423
377226119
373031815
376373911
380502631
514732581
262677029
212346401
213394977
217593377
215487281
148382465
147350273
147448593
147509505
147509505
147509571
197838147
182111683
182177239
184142295
184404439
191683927
158135637
141357429
141349237
141422965
141549941
158261717
192852437
175014389
175019509
174962141
175945181
184325597
184333817
184133625
182036457
181969641
190362360
454591224
454677240
437969656
1511712761
1518073323
1526301930
1538819242
1538831546
1543087258
1540994202
1515951514
1515892730
1515892730
1515890011
1511698457
2117845033
2117718121
2117824745
2118013163
2118013115
2105409694
2096760734
1018890910
1018776254
481913598
486027263
435694877
460877081
444165432
444202296
444325688
980024121
981052185
981052683
979090443
995857422
991608862
421216382
421201150
404423854
1478432942
1480530862
1484459710
1488654014
1488520894
1488523934
1488466589
1488465644
1486417452
1209577004
1478274828
1478340104
1478469128
941538824
940488200
940361320
424436457
403452590
403518206
407844822
407837942
416241830
412063910
948549814
982363270
718189698
719229123
1784578241
1780252960
2048697120
2048172580
2031575588
4229313037
4231402013
4097180205
4104914029
4037807337
4037811369
1353585803
1353593995
1135359115
1122768779
36443547
36468155
36533659
36533643
36529610
36470106
107805978
107993402
107994426
250209594
245932858
245932922
245928954
1319731624
1538884008
1501077928
1530700712
1513989852
439788108
437690892
437690884
436708148
973181991
991071271
1037219879
1016498229
2107018244
2111741956
1059029260
1042137164
2117927000
2134835560
2101215848
1828599400
1824337512
1824276073
1824271993
1823223419
1689018010
1684819594
1684889226
1680817818
1680817818
875508154
1952788650
1953706154
1978884266
1974690042
905175066
301064202
292642827
20065305
32652299
1102199562
1100144202
1368559194
1372948074
1370784362
1370784586
1404346635
1404338233
1408729129
1379323945
1396060185
1345724425
1345725721
1345732392
1358302761
1354565177
280757833
279713355
11273035
28262747
57594235
53441403
36459291
36460057
36656665
36599323
372139803
372041530
376230698
309117738
841794554
858575802
862835642
829273002
829273514
569228714
569228730
594394267
577617050
577746074
841855946
841855514
841982506
825106986
808329770
1882071594
1890466857
1890482220
4037855468
4037867660
4084119756
4063139020
3527312204
1379832380
1377395244
1360536108
1348215340
1893605928
1956520490
1555899690
1555826730
2024540202
2045560842
2054076490
443459658
443321546
442795258
438604026
421564666
404844798
406007926
403845478
402792998
952246818
965161682
983503490
446497410
448283266
450478722
442028966
441197478
466363311
952907753
1020014456
1020148008
877017384
893651208
324275464
307561801
309723465
334889419
334840283
301229051
284484587
282384299
299229099
307666875
307675019
307672459
852988379
854897003
872198507
813540138
813671018
811573866
807319274
270518970
1343048378
1359825594
1389780410
1385587866
1387716766
1387520142
1924182175
1938849965
1943048621
4090737068
4089619372
4064454364
4060259932
4078030444
4077936364
4080298733
4084559343
4059528431
4088812719
4088840447
4139159759
4143363087
4130712590
4129601558
4129613846
4129351990
4263968550
4284903998
4243460622
3702129166
3702129230
3634890725
3634911332
3651692580
2607310864
3661424641
3661556739
3659441410
3676217858
3646878210
3705553538
3707372162
1555631761
3703069088
3702024352
3706219680
3748159652
3727188100
3727614156
1580130573
3748585247
3747932718
3714378287
4251445787
4284922377
4268660505
4276912441
4277961209
3199762904
4271616248
3202019817
2606397291
2551852846
2554207038
2552904510
3630840126
3639216414
3634955534
3634958606
3635097871
3652923660
1505251700
1507385828
1478009068
1476961452
1477028028
1477093516
1481292173
1573555087
1598720654
1599010446
3725058718
3724821150
3728818942
3728933871
3468699111
3468699109
3397674465
3397771505
3465015505
2677903857
2644357603
2633938931
2625015746
2620820162
2619771842
2486278627
2502998499
2536563941
2519785701
3195203796
3219313012
3181528356
3185594148
2640321333
2636135191
2636458774
2636590902
2640721686
2640720158
2650214910
2679439870
2677298590
2677302671
2542824845
2538633357
2500872349
2500970669
2486332589
3492963805
3505542095
3517039438
3516986174
3517248302
3521412398
3575920942
3575986558
3576052094
3575786846
3579978063
1474494797
1471152909
1437614877
1420866349
1425056556
1425058604
1550887212
2081536284
2098239516
2115155980
2117252364
2117501196
2116977428
1848541989
1798239079
1764651362
1747391970
1751125474
1759517922
1760632034
680603762
729882690
981475331
985669635
985735539
985871335
985677543
998275831
528546519
528661199
512146125
377917389
383287661
374906989
370712681
907600107
1964695787
1948181483
1954467466
1961872010
1890437786
1895627450
1895100075
1903486651
1668731803
1937167259
1901581241
4048941481
4046808553
1899374057
1899308521
1903441385
1668547065
1677660665
1710633977
1739995131
1706442587
1706490891
1706338329
1873849385
1878037771
1869652491
1848738313
3994124857
4011045419
4009927275
3976390511
2907106541
2895534316
2895530220
2763918541
3053323725
3053134173
4151902591
4059889918
4059893998
1912418542
1887255738
1883056266
1899981194
1935600522
1927187131
1925025737
1929155913
1919713289
1915531320
1932435496
1898881325
1882121005
4034852389
4043228901
4110173927
4110188519
3053217751
3053274583
3042921797
3051253573
3053416215
2516543031
2549954103
2541499959
2541556247
2541687574
2550076790
2677898742
2661055974
2676783542
2680969366
2681064846
3747073414
3709244822
3709244823
4248220119
4235437559
4235240821
3186664501
3186670647
3178282007
3207654455
3207719989
3207781668
3207778084
3211939372
3213970980
3180355156
3163565781
3163565783
3100720754
2555449186
2551450978
2568227890
2568240146
2338270226
2346593282
3415878914
3415870722
3417902339
3417847041
3404207120
3395817488
3391836160
1244321089
1244319681
1265273475
1273727619
1240046515
1239984547
1223207075
1214834851
1214901427
3426342067
3426455730
3430650355
3430654771
3455820339
3450447377
3450447377
3488137008
3488144352
3479755168
3341535648
3341437328
1164593584
1434132400
1434023856
1430090128
1428517076
1160015924
86269988
86008868
86011175
1165228578
1171446306
1167247922
1166199362
1300495938
1301540354
1301473026
1307735362
1290933587
1290932211
1290866657
1291067296
1291074976
1282483600
1295152512
1328726144
1328775312
1176535201
1176544739
1449174306
1449174306
1457567026
1457762610
1474474295
1474474279
3613586751
3542243615
3542489631
3543534110
3541436974
3545500206
3550220254
3516678542
3516694670
2443083935
2442047655
2446299303
2471265441
3003948193
4060986720
4062029104
4131234065
4146487601
4247135520
2082880800
2082867232
1819744560
1014437360
1016533988
1018630836
1018561164
1018630796
495977164
532733549
255896877
251701294
235059210
236108814
236112910
118899726
85344638
81658606
77210206
93991502
110695116
112723708
112798060
104343588
104347876
103306372
120312205
69911438
74351238
82739894
79463078
1287426726
1304212966
1320981542
1319810062
1319805966
3739984958
3739790381
3731600428
3664348200
3681059048
3676868792
3643322552
3626628536
2554003384
2554002168
2558450216
2633910844
2633259580
2633248284
2633245188
2365002240
2365456896
3439264352
3439067617
3439075555
3447205027
3346667650
3341420674
1193937026
1193937286
124465799
132653718
95953582
77390763
350003497
880587817
606898216
539269144
656713736
640067592
908498952
908559368
925138968
875348221
875446703
607023782
753820386
2091787874
2091727458
2142055170
1525491714
1512908802
1512900610
1512707106
1516900706
1521103586
1537807010
1504187044
2024333956
2024317572
2015933108
2032700836
2066319828
1782164340
1782229252
1780132096
1782234369
1866118403
1831518515
1814954786
1684996642
1684931107
1684931091
1684997649
1684814673
1689020704
1689053280
1705805920
1722714176
1856945344
1848553664
2117046672
2116998049
2116956835
2117022370
2128884386
1973695394
1956918242
1890464514
1891508994
1354641158
280767238
284961590
125708614
108939718
107989382
107775366
376734142
382768042
398496426
1472238250
1468125870
1434641326
1434641327
1422041451
2084741433
4233276696
3975645464
3970279704
1822796344
1843698184
1848412872
1782107784
1782260361
1782526651
1780880298
1780875434
1789329642
3953590314
3953205274
4188020746
4188332042
3652493582
3635786270
3634213407
3634206332
3365767932
2287966964
2350631652
2352728548
2368399460
2653613076
