1358699583
1356598303
1372392463
1406076183
1380926965
1376768949
1376228245
1376227989
1912705973
1916834727
1925231015
1925227927
1656923278
1648536799
3791829119
3791886383
3875706925
3875711277
3843467565
3830882092
3763783228
3763716893
3759952701
3760022375
3760006119
3780969447
3813475302
3813475166
3821359630
3787740683
3771006475
3770739227
3762350619
3762354715
3762313738
3774946826
3774881306
3775139451
2705591163
2739215467
2747743339
2727294075
2995728507
2458857563
2458857547
2190286923
2190221386
2206993518
2206997102
2211208038
2211281270
2211281238
2211412342
2177857910
2170517878
2170518358
2172615510
2172484439
2172484439
2172517207
2172516727
2172500343
2171451895
2171451863
2205006295
2205006229
2205006260
2205006260
2205137076
2205137044
2200959124
2166356372
2170485236
2202728820
2202692580
2203742117
3344660407
3339286423
3473536910
3473776526
1325915070
1242037166
1241573838
1242618126
437438734
466778382
424813838
406855951
138613037
146944301
147010349
146805540
146806644
138436420
138469188
138542916
138673988
138606412
155382604
197325772
197588941
189104127
189103038
151288746
151271850
189021626
197604810
193073482
176292107
176296249
180367656
188768552
151015720
134271256
134336796
134337820
134346028
138472748
138537268
138569988
138836228
138828036
155606277
172381445
172380485
172413255
172478806
172085734
172028390
172287462
189065702
163899878
147126758
428177749
445085956
449215748
441348356
168710404
168575268
102520164
37539172
23984501
1097726325
1097726325
3249404277
3249404279
3249404278
2175662454
2174744934
2173696358
2173565286
2169370950
2169354566
2169354742
2169355766
2169486806
2177875415
2446310911
2446311357
2983049868
2958932620
2954738332
2686433980
2753543852
2772088492
2805655213
2805720749
2787919791
2800502175
2800540831
2800548063
2951080031
2951145487
2917591055
2918623263
2918693951
2910313535
2906059807
2906546189
2940100669
2940084269
2910781540
2918776932
2918711540
2784501972
3036360132
3032099540
3046771412
3046968005
2509060807
2542758598
2525998790
2525791718
3062138094
3062138078
2990834894
2986648831
3003428589
3020353132
3021373036
3021880956
3160358524
3170641516
3170640684
3166437421
3166437439
2646278270
2679836762
2662981850
2662989018
2667153546
2386135178
2384177354
2384128458
2350526414
2349475790
2350520078
2220492574
2228946230
2224563510
2224563494
2258314502
2258263302
2258259207
2257145173
2257079780
2261286884
2278057700
2240373372
2241340012
2379756140
2404909805
2407008239
2407015655
2414421222
2414563494
2380976286
2381026702
2364053391
2355664847
2373826511
2407443915
2373888217
2642323565
2638190716
2621282636
2621286988
2621351428
2621342213
2487140885
2487108375
2487034147
2637964321
2675913825
2663255136
2662206528
2662206528
2414681344
3455926017
3455986498
3435032418
3439128418
3430733794
3426534386
3443425730
1327931842
1311155651
1579596993
1579669712
1581111408
1451031648
1451093088
1583211616
1583179236
2119726573
2102939387
2094649051
2090569434
2090573466
2093608602
2034822906
2064180714
2047403242
2047407339
2047763663
990781517
990781708
956707612
945226029
416546861
416556079
412887311
948955407
948869639
948865607
948865735
698321607
721192775
777289814
772046966
772575271
772579367
772595815
789209189
789192805
772472941
776536556
651756028
647697404
647705304
646526664
646524616
663251656
545872584
814435976
818562953
273310089
268968089
268968105
1346970027
1351157162
1351093226
1351289578
1082854122
1083796170
1115482826
1110220618
3261890891
3267330075
3267334186
3271286826
3258638462
3257594110
3274371518
3236618942
3232486079
3232334505
3233329832
3233325992
3229148136
3224953656
3223925528
3223992073
3223990041
3223990058
3228044074
3237480762
3233302794
3231239434
3233403918
3317202958
3337191727
3330248749
3338580012
3602821164
3604983837
3594107997
4130977919
4097489391
4097485566
4095388298
3827017354
3826823819
3877159609
3860382376
3864576680
3871896489
3871876585
3863487563
3997970527
4133425199
3201705007
3197512766
3214310670
3180849926
4258654726
4232575558
4232486470
3158738503
3167192695
3167074157
3167022381
3158629437
3154398271
3171228719
3204856879
3188077870
3192263550
3200713462
3146191607
3095745205
3096313493
3096242816
3096226432
3100486272
4250376900
4281699796
4264922581
3996552439
3996300407
1846715494
1862657078
1829106710
1812324422
1812815998
760178159
759891951
801836783
784928511
784943741
785218077
785215245
785147149
1858887756
1875861708
1841709260
1816543628
1679688076
1679229852
1683297964
1960130220
1954557677
1954557550
1954561566
1954557454
1413492230
1427123974
1460868406
1444020518
1448214647
1459028423
1454838215
1203110855
1151730374
1153308374
1086138086
1083991782
1088219007
1096594781
1400683869
1384095052
1378851916
1378587724
1378587724
1915588700
1915519096
1916571753
1914679339
1918824746
1657205034
1657135402
1657069626
1648685082
3796160890
3863451498
3880173162
3846618842
3838229194
3838229194
3830427338
3826033658
3842823147
3877422059
3860681707
3860800491
2799513067
2812033387
2812086783
2812221647
3083675854
3074698446
3074764030
2546337134
2676360038
2677408262
2679517702
2646372870
2646397751
2629604711
2633808239
2633808621
2633796349
2625424093
2638019293
2403104767
2386366575
2385916015
2674795567
2683120687
2649688119
2629749015
2629741319
2646518087
2663165383
3204222149
3195831444
4265446628
4265053412
3996552292
3996564596
1849076756
1865870420
1865870452
758635620
762699253
762830805
762830485
629100183
628973239
627922871
627922343
610624693
619013365
619144405
619136341
753880341
753884423
770648325
762259733
695155573
695143029
686755412
1759839956
1756694101
1754542653
1754538558
1753491006
2021928510
2026138430
1766123830
1766103110
1808055758
1803597775
1786885853
1786820348
1782642300
1778612068
1778523428
1778457636
1778399268
1782716453
1807883383
1770149063
1753412998
1753330566
679522950
1753264822
1753266110
1774239167
1761655991
1761852647
1761795303
1828904039
3976350823
3981592055
3989964791
3990048501
4019398293
1854088837
2126583428
2059409284
2051024364
2051089709
2067995693
2027096123
2026969403
2029088538
2024859162
4170228238
4169179726
4173378270
3644896958
2571173806
2604793774
2613214182
2613189942
2676102454
2676114486
2543273006
2545206319
2545220927
2544142685
2279918557
2272579293
2185024509
2251649405
2272670079
2239111279
2222337071
2222274863
2230667567
2230766423
2498669511
2544807365
2532095364
2666299524
3194257588
3190068644
4264934884
3996630372
3996560420
3996560436
1849093140
1865870357
1832377399
1836973110
1837099126
763349494
763318198
763185143
763189233
746410480
754283888
754279696
754416912
754404629
771705111
805267526
738076870
711932374
728567734
694488742
677715638
686112502
682966646
1754342967
1754342935
1753228806
1753228823
1753229095
1803562279
1803607541
713096645
729857477
729857477
994099189
989969781
990051445
990018613
973157413
989868069
956436519
969036151
948097750
948081350
948221574
411352706
411352450
415546498
403027139
1476834499
1476841795
1543947075
1564919411
1431719667
2010630818
1993726642
1993735059
1993735559
1985299847
2115256453
2115309749
2115444901
2119655653
1852924197
1878024485
1826678573
1826680365
2095110719
4242643774
4260739358
4283754766
3661916174
2588154942
2596672558
2592478510
2659586350
2659582254
2257388863
2258371863
2279345495
2273074677
2239586037
2231291573
2231291573
2247941845
2247949013
2280975093
2256006133
2255874391
2251610135
2251656310
2251723895
2522260695
2530649303
2530651605
3069545940
3195308532
4264855796
4264855604
3996624916
1849075716
1849093124
1849093172
1849607205
796771365
795726967
770692567
753911775
745525199
745528287
745397247
745404783
745400687
745367855
761755965
795673981
712839421
712777965
1811751357
1761030557
1761021581
687278733
686099165
682957439
682961451
680798747
1753493003
1774481163
1799677211
1808131115
1808110715
1770296523
1757721995
1745204619
1745207243
1761984495
1795603437
1783028077
1791380781
1782842639
1778655311
1778786558
1766207726
1757807022
1753351070
1753289358
1753507466
1753509514
1774512890
1808267994
2076639051
4292271883
4294100747
4294166281
4252092185
4252091689
4249935209
4283491689
4283491577
4283687129
4283592925
4283564509
4291953085
4126540205
4126607269
4124057509
4098895799
4040175238
4036112070
4038217574
4038083878
4041212966
3509593110
3543163910
3524420614
3528617271
3532082471
3532475686
3532410166
3536670038
3536770391
3553552343
3549357783
3553425141
3545024229
3540305905
2164577779
2148005331
2152133970
2428956018
2428938594
2428877170
2496039234
2542700739
2526981313
3065421952
4133781680
4264853664
4264858788
3996560548
3994479076
1846995428
1849092404
1853287444
1853281293
1853342733
1865802829
1865803133
1865938925
796346093
796215021
803554031
770012159
1844732415
1827958239
1828153695
1828083999
1828079887
1759987975
1760520455
1751477575
1751590743
1751581287
1751450215
1759839847
1756632615
1754279478
1753230854
1774202374
3946851846
3947046246
3930211558
3934373095
3951088885
3951076740
1770040716
1770040780
1761656780
1761860973
1795620205
1778808109
1778799663
1783058462
1791455254
1787228278
2038878582
2022035782
2026234822
2026301382
2017908686
2013781470
2013649390
2034694638
4283877854
4292267982
4292202383
2010432911
1993663901
1993729437
1985470652
2119692468
2115465396
2115465397
2117542373
2104963429
2096460069
2096391469
2092722991
1958542143
1958075167
1710594830
1735768846
1712695054
3994399054
3859120591
3859120607
3880170989
3846618213
1699055909
1699006757
1631642887
1640144903
1640136727
1640218661
1627440165
1610677285
1610639413
1628596244
1628575796
1668746612
1676611060
1676480444
3823976092
3820829340
3820829341
2747087613
2979871487
2978232895
2441361951
2441361935
2172922399
2177134111
2177171215
2168756175
2269939678
2270140094
2538509974
2521798294
2521079446
2667896470
2667862966
2668001718
2634185142
2634165639
3712167303
3720439239
3753994055
3754026831
3755013919
3738221887
3729849661
3729915165
3742498063
3709007119
3713193295
2630010711
2629945215
2629889839
2621763375
2621762351
2630352757
2642859477
2642859397
2543632789
2547826871
2538914991
2668907693
2654293165
2654395901
2654400013
2657283596
3198283276
4271963660
3202403900
3202387756
3219293996
3220341485
3186799615
3186794958
3178345598
3157296174
3157298222
3157523486
3157454094
3157452558
3174258238
2943448618
2934988650
2932890986
2928696361
2931051544
2884981768
2826793228
2822463756
3896123932
3896122940
3896117820
1752775228
1752705596
1769482788
720903733
720896261
716705805
716705839
715665453
732439567
732441613
736626759
627964279
627964279
627964279
627964279
627964279
627964279
627964279
627964279
627964279
627964279
627964279
627964279
627964279
627964279
627964279
627964279
627964279
627964279
627964279
627964279
627964279
627964279
627964279
627964279
627964279
627964279
627964279
627964279
627964279
627964279
627964279
627964279
627964279
627964279
627964279
627964279
627964279
627964279
627964279
627964279
627964279
627964279
627964279
627964279
627964279
627964279
627964279
627964279
627964279
627964279
627964279
627964279
627964279
627964279
627964279
627964279
627964279
627964279
627964279
627964279
627964279
627964279
627964279
627964279
627964279
627964279
627964279
627964279
627964279
627964279
627964279
627964279
627964279
627964279
627964279
627964279
627964279
627964279
627964279
627964279
627964279
627964279
627964279
627964279
627964279
627964279
627964279
627964279
627964279
627964279
627964279
627964279
627964279
627964279
627964279
627964279
627964279
627964279
627964279
627964279
627964279
627964279
627964279
627964279
627964279
627964279
627964279
627964279
627964279
627964279
627964279
627964279
627964279
627964279
627964279
627964279
627964279
627964279
627964279
627964279
627964279
627964279
627964279
627964279
627964279
627964279
627964279
627964279
627964279
627964279
627964279
627964279
627964279
627964279
627964279
896383351
896383414
896383414
359512502
292403638
292403638
291879350
300006834
27377075
27377073
10600369
6487985
19069841
19131329
23128897
65272593
65198865
48422145
40030467
52621651
52556147
18936167
6344039
6343015
14932307
14870851
14854467
14854481
14851905
6456064
2261504
2265616
270639664
337682976
354461472
1432599856
1466087697
1466079505
1398987091
1398954434
1398933970
1399000466
1398873522
1407522210
1373900194
1369771427
1352998323
1357131185
275015153
270591952
2274880
274892289
325225985
308321843
304131619
304195378
304329778
304336930
304141410
1377844451
1344419969
1348601984
1356991104
1352796916
1352731364
1352675044
1369450229
1403003607
1386313190
1403092454
1369472166
1365277862
1361108198
287560898
321048642
304275458
304210178
304148770
375502115
383958307
400734481
396540225
367171904
358779200
358780160
388269093
392488229
375711015
1457844006
1457876758
1457876754
1592212754
1332100386
1332085794
1164836882
1148059650
1156448514
1156465410
1152369235
1152243441
1152253617
1156169617
1164549505
1164676497
1193906129
1193916401
1198122609
1198253617
3320829729
3320706337
3320636512
3295536240
3564040256
3564028352
3573007312
3568669408
3585386208
2511660644
2549411444
2536566388
2670772069
2670829413
2670974245
3044266261
3044274437
3042177797
3042177909
3042178916
3042179044
3042170612
3086210805
3086047189
3085981111
3069212134
3059766502
3068216550
3068379382
3068387542
3076645110
3043062998
3023262918
3023205831
3027396055
3027493365
3027497461
3044135253
3044263701
3052652311
3084975671
3084971575
3085037079
3085166087
3076773639
3072377205
3076571365
3077783781
3077719548
3077731780
3077777349
3077779159
2540910455
2540767078
3085960550
3051373686
3051480150
3051594838
3052577862
4126319942
4126388503
4116033847
4111765799
4145315879
4111843367
4114043942
4114027558
4113968358
4101389478
3841330598
3837136534
3853923974
3887559302
3870413445
3869278900
3869278956
3865096492
3877676316
3844137996
1696787468
1713531932
1713526829
1713506607
1718030127
1860503087
1856860703
1858073165
1857995469
2113585805
2088452751
2084140703
2084143023
2088582639
2095398127
2109027455
2109023303
1437869127
1425355847
1425154247
1425154247
1425166791
1425523143
1425524631
1421195253
3568676561
3572870736
3589647920
3613703712
4079793716
2989266452
2989326868
2989478437
2990010919
3010941927
3010724262
3052667046
3052732582
3052868758
2515416246
2511213810
2511213826
2515346691
2506909441
2506909461
2507073300
2507071252
2481901508
3555575684
3531429508
3531429509
3548214181
3556602791
2445111718
2445131950
2448741566
2439312502
3508857878
3508857094
3542411526
3546771222
3529930514
3530424594
3530424626
3530490162
3547017586
3521794515
3505017219
3505014145
1357598081
1357598081
1365859504
1365896368
1366879712
1375532896
1375524641
1375528481
1367123489
1367123761
1396547857
1400893699
1400819715
1400786947
1400786997
1434325031
3588166695
3571268919
1425357623
1425349207
1157045983
1173847751
1173452487
1173406407
1171293143
1431343463
1464967527
3594757479
3595740487
3595744582
3598091462
3593897174
3610738935
3576156391
3559223783
3563418087
2499097317
2499097189
2494903863
2515805751
2448700983
2481207159
2439992789
2448348548
3522088324
3523059092
3556622228
4082937492
4066223764
4064256732
4064252541
4063068975
4063002943
2988761406
2972049455
2686907439
2699478319
2699478334
2766523710
2766466366
2783243582
2808407326
3873796126
3874975806
3874951278
3891724399
4118085723
4097126491
4097254747
1949710907
1953905211
1957124698
1957034570
1956953034
1973722570
2011463882
2011201755
1994559743
4142047725
4134707693
4130599269
4130461543
4128372519
4145149479
3847250471
3855622679
3855954695
3839170327
3839167847
3839183335
3839314341
3838171541
3854891397
1740959125
1724163237
1715778805
1644470485
1644470357
1644601415
1661116503
554078263
555140399
542624559
550816299
550787627
567552825
559167771
554965259
537730315
538842939
543035947
614400554
616497705
750715624
749471436
967587460
1538051716
1248705460
1252900532
1252900532
1252374196
3399857076
3400970661
3465982374
3469124774
3477445846
3473120406
3472996534
3708206294
3709254854
3692492750
3692480206
3564521174
3565115095
3565114965
3573372661
3573315557
3573310965
3564991893
3581890965
3579253143
3587641750
3587511798
3587466470
3302319206
3304547378
3304485122
3304476931
3303362819
3304354609
3295965984
3296031024
3312850192
3310748740
3346402501
1199000789
1199033559
1206246614
1206883798
1206892438
1475326870
1475122134
1466733559
1445765559
1445963189
1445897685
1445901781
1378796661
4067279975
4067255655
4067386743
4092061463
4092057399
4058890791
4059878957
4059870781
4092966461
1934933309
1985272957
1981076573
3860853821
3862885421
3862885421
3862885676
3866025532
3891252764
2767178252
2767052300
2758667788
2758764124
2892854013
2893890285
2902213295
2768000943
2768006638
2780621030
2780625015
2780678407
2784938501
2776563213
2772329039
2772394718
2771153646
2770600878
2774795438
2782923950
2778729646
2745244862
3014794382
3012705423
3016961167
2471568527
2471636142
2480283118
2476084718
2478114294
2444523462
2444552134
2176165702
2180364119
2447750453
2439484721
2435219760
2435809584
2469376272
2469241108
2469389620
2519690532
2519603685
3594389941
4148038071
4152232863
4125038494
4107604894
4107588511
3773871097
3789594937
3781207321
3810569496
3810570008
3810569784
3845370424
3828535816
2752643592
2953970232
2966815272
2963017576
2965113325
3031701743
2494839006
2514839686
2523397254
3597062278
3597054086
3597049990
3597049990
1445376134
1445384342
1461966054
1428282470
1428221222
1952574758
1960963862
1960961814
1960892182
1953552150
1953756950
1949497094
4095133511
4095199061
4095073761
4115955680
4124409824
4124532448
4158084848
4141307584
3595917249
3596054851
3598078290
3598127394
3614781730
2515804450
2515871026
2494977283
2495039235
2495077953
2494029520
2494947056
2494877344
2499075745
2488596147
2501371539
2503406210
2503394226
2507526626
2506416354
2506416226
3077432343
3011439623
2994645253
2994649349
3070007653
3069762917
3061372391
3057152471
3057348950
3057275222
3078492534
3053327718
3036484966
3036495127
3036507397
3035955013
2499082068
2515920468
2547447364
2547500612
2522137200
2522145633
2538922337
2539057491
2507588930
3044460018
3052797410
3085303270
3202874694
3194412102
3194475526
3194344758
3190878502
3190842150
3207946790
3174441527
3161879411
3161866611
3170682225
3032272112
3032410560
3053381952
2508184512
2541608944
2541544433
2524275699
2549421027
2515796966
2515796454
2499089894
2499112434
2423548146
2423617987
3513153987
3546709443
3529987267
3538178290
3596882146
3596955890
3613864178
3580240243
3563463539
3504830065
3504701041
3504466625
3504597697
3521370817
3555757811
3530596082
3530602482
3526403426
3526403362
3547373602
4050686002
4059140146
4042502435
4040405347
4048736627
4044543171
4078097603
4078060739
4061611235
4065672419
4082445539
4090834417
3554097137
3551921909
3518449236
3517273604
3517736453
3513052725
3508858423
3509057111
3543553862
3543619026
3543496146
3547426930
3513865314
3522253858
3518092339
3518428419
3521570625
3588683329
3580359377
3613782769
3614823153
3581793265
3523074001
3522530645
3522534773
3521489189
4058360116
4058364180
4150570293
4150568245
4147490869
4147564599
4080975991
4079436007
4079374563
4083555763
3018203043
3085373091
3081051875
3086231251
2549424707
2448761410
2427925110
2427744870
2427740902
2427774951
2431974839
2423638405
2436270469
2469828997
2453077445
2452087877
2451890197
2988761125
2993020973
2993153069
3019306301
3019298621
2981610301
2979386165
2962547581
2966708607
2958381951
2958509951
2417446510
2975275774
3008838302
4065667982
4132453262
4132509070
4140896398
4153487550
4120080575
4109619453
4101107965
4095779197
4095779389
4095780381
4112557581
4113694223
4113825343
4115815982
4126301998
4109583726
4109452638
4109583694
4059558239
3522688351
3555849439
3530683597
3530814669
3530740941
3531003005
3547845741
3514291247
3496465727
3504788765
3504854813
3504862997
3521509141
3546601301
3547709781
3528835573
3528946149
3528946151
3545641319
3522630519
3522525047
2448782965
2448817751
2446720583
2446851911
2448793077
2448799205
2448795127
2474096471
3010901703
2989921991
2990003959
2989872871
2989815271
2989781479
3010482277
2985521525
2964484405
2964476181
2968598293
2968530709
2423270769
2418285025
2422606321
2439384001
2481344451
2478262211
2461856723
2466046931
2466046802
2474497906
2470303522
2470444322
2439970067
2439970051
2440035601
2439905073
2474506033
2474639153
2482765617
2482752881
2482621937
2449071345
2449069171
2440806483
2540392914
2502635986
2502631891
2507092467
2508004835
2499623395
2497538547
2493381075
2493380819
2442442963
2480188611
2457117907
2520223991
2520240343
2520150486
2536907254
2536908774
3623163878
3583250406
3583248358
3582997990
3570409811
3562221895
3562164485
3562205444
3562137348
3564236548
3560106756
3576879877
3614887541
3598043127
3606366167
3606348743
3757410135
3749033831
3749031207
3747065127
3730158647
4266954807
4262785143
4262817991
4279660695
4246615207
4242421671
4104064679
4103868087
4105445047
4126420663
4284770037
4284835573
4284606039
4285589255
4285589253
3621843479
3621868071
3621995046
3621995046
3588444967
3579859239
3580916855
3562038341
3562073157
3562204164
3562208261
3570846981
3572993303
3573333815
3590172439
3596590406
4132930630
4128609494
4128616695
4128764391
4134990245
4134687653
4117959349
4101059253
4096795301
4101060589
3035697005
3030719789
3047456029
2544135437
2544168207
2548360975
2540025663
2540095295
2540095295
2541142367
2549510615
2549510615
2515600631
2507146407
2490434981
2486386101
3563208597
3563290517
3572590485
3572557765
3572556245
3570446839
3562046327
3562263319
3558340118
3574949430
3574883878
3608440358
3732223270
3738633494
3738567687
3751150661
3751171141
3717582964
3700744676
3637830500
3629441876
3356848916
3356841788
3629612349
3629546813
3646388279
3646250007
3645986126
3679536590
3679535582
3662762494
3662770670
3661754878
3678527999
3678527863
3644973429
1497624917
1481110365
3645371229
3645372413
3712481277
3746027423
3746028958
3729120670
3741638078
3607483822
3612734910
3579311582
3588216310
3523204982
3556766582
3555717462
3530551623
3530412375
3531460981
3539423525
3537327397
3537192741
2480230181
2480725541
2474438197
2470245909
2436863821
2434700749
4049514956
4056912268
4056727996
4048306605
4048318893
4044693935
4044760494
4034278830
4034287070
4042185999
4042252039
2985099013
2473389829
3010244373
3060639509
3069097527
3068565031
3086402150
3086337014
3044332407
3042234727
3042234405
3042300965
3042268208
3042271248
2960466256
2958500337
2430022561
2429945763
2446788274
2471825298
2457148294
2453093254
2457282950
2456235446
2464503286
2477019590
2443502031
2426708317
2430644525
2506133805
2506143037
2501946685
2501946671
2502094119
2489515319
2497857301
2497857285
2633057045
2632988469
2624599847
2641573683
2639666498
2639666626
2379685362
2413106674
2413762002
2413711810
2413740482
2409484754
2375852513
2375852388
2380047716
2373762404
2671558004
3728121092
3728133380
3728131332
3728130836
3730293028
3746881829
3696550197
3696746517
3696686421
3696746325
3696746229
3721920223
3720732383
3745830614
3745838062
2672087278
3218358510
3218358510
3218415870
4291240158
4291191295
4282799613
4282828797
4282894284
4282701384
4283756105
4283822073
4149734891
4151704826
4151624858
4151592123
4145299643
4111978747
4116111721
4158054697
4156027449
4155896329
4122272265
4126466591
4258656831
4250268207
4245968687
4278474022
4262794278
4262859798
4267061254
4266816518
4294071302
3706897734
3706897734
3700674502
3704737751
3704682469
3704677861
3695240677
2634151861
2533873557
3059143573
3067531669
3063398839
3600041382
3600054182
3604244454
3612681943
3610645207
3577152338
3577156915
3563402546
3563158834
3571641666
3585273154
3585269058
3618866626
3601892850
3606099170
3597721763
3593597107
3593621649
3610399141
3576918757
3589366500
3585107564
3585113660
3618664220
3622890781
3621846301
3581007165
2507326813
2490549727
2490553807
2490628054
3564238822
3564140518
3559946102
3577173830
3613808390
3621930782
2548221247
2527190333
2531323197
2522932541
2523981148
2536698828
2539049677
2505523917
2446672623
2429895407
2432110442
2431998250
2439280702
2447702046
2447767582
2447899662
2447897679
3521565647
3513238207
3514258095
3509924517
3509920165
3509924277
1366638837
1366806645
1400368149
1936042261
1935972612
1919191316
1915201812
1915137028
1915068420
1915060485
1916190981
1916158295
1916666850
1915688930
1928083426
1923884962
1923954614
1907193222
1890418054
1353579910
1357765766
1349491863
1349498293
3505907125
3505775013
4034257381
4051002869
4034225637
4034159973
4034159911
4109724983
4109860119
3573013783
3623345431
3623189767
3598152965
3598078743
3595977299
3612754674
3589751538
3572979442
3572989682
3572887250
3581276114
3614834627
3606443457
3606427124
3606942180
2541597668
2508042996
3040735860
3023889012
3023856229
3027527661
3036112365
3031911661
3031911597
3031551391
3052535183
3044142559
3077633503
3077624703
3077690175
3044139807
3044139805
3026281013
3026400821
3026400053
3564569397
3564568887
3572826423
3570733062
3562348550
1414996998
1415472150
1425986614
1425966102
1442743302
1433895943
1462010119
925205829
909612509
1916180477
1916264429
1916141548
1937039340
1945427436
3824481708
3822363068
3822428557
4074156943
4074148806
4065776598
4082627062
4044648806
4027852134
4032048614
4032048614
4040637911
4086709647
4137031567
4137093007
3600107407
3603979695
2530276847
2530273247
3620987855
3578979151
3579175711
3587498279
3587531047
3572838695
3564967207
3560783143
3559333687
3559264007
3563195911
3572649541
3585201733
3616593620
3620792036
3594561260
3594626972
3590559132
3594618284
2520879533
2546069999
2546192766
2512638782
3587535662
3520402222
3522236718
3505460270
3505593391
3572635679
3562215437
3564320781
3291692300
1144477517
1077265349
1098236359
1131397527
1131303303
1114001879
1130844663
1105618917
1088841701
1088894837
1088706325
1080358165
1097131381
1130734453
1122480981
1122992709
1181582021
1181583095
3325018087
3324948469
3324964309
3598712148
2533160052
2533155300
2528961004
2545808365
2545857197
2511774390
2499261350
2499057062
2499057126
2440072550
2435882802
2469592578
2452811266
2989682434
2988897299
4079375379
4083565651
4058924227
4058924177
4058936497
3523175585
3589756368
4049950144
3513089856
3521478448
2447736612
2514845477
2514775861
2514773783
2507499271
2424264534
2432649206
2430552038
2426232550
2428264102
2449235862
2474397575
2474465217
2453627329
2453627344
2473947632
2473980401
2482501489
2448881233
2446841427
2446718551
2446649206
2429871910
2421486886
2421544230
2419481862
2420006214
3510525142
3548249318
3537689783
3537749127
3537813637
2455687623
2470375879
2439968117
2506614565
3034967589
3051681317
3051681333
3052253749
3086979637
3086865012
3053245300
3044333429
3040212981
3023564644
3040340772
3040332084
3039153412
3076912388
3076776212
3059937540
3076932357
4118151687
4113961558
4097259502
4100996590
4100987054
4109371566
4105374862
4105311375
4105401807
3585139151
3585139151
3622937671
2541147223
2524369958
2524443942
2532664102
2532664178
2530567010
2549306210
2515730931
2423390419
2421371027
2152817841
2152951219
2438101891
2438126210
2471611030
2465255414
2465240550
2465243254
2465243191
2465243157
2456920084
2473717812
2435970084
2419293284
2419490276
2507546549
2507542167
2550007430
2533168774
2533127862
2533127846
2539945974
2540037590
3580224583
3714183237
3714085173
3714085157
3722469669
3722470181
3722667813
3715331893
3715192597
2639288069
2639394581
2647848213
2647848197
2645742853
2628967687
2516057367
2247482679
2239022391
2234794294
2234848054
2234458902
2239177014
2247577910
2243314998
2243419487
2243288413
2415188061
2540996700
2658635212
2658637276
2659037916
2659037916
2675946236
2638197484
3040719596
3038569197
3038569959
3075271910
3075472598
3058621638
3075440022
3008198066
2974754739
4048500659
4031711123
2959021971
2430490067
2432062915
2432059202
2432128834
3504699154
2439280434
2440329011
2473882419
2482336115
2482332019
2480370931
2480239858
2480233714
2480393426
2482494611
2482503043
2482371987
2482369971
2482352595
2482484179
2474111731
2472927862
2439340662
2439017254
2439009574
2439009318
2439478294
2439395334
2447784206
2443663742
2477059950
2477062015
2464469727
2456077007
2451882957
2468729325
2468737389
2439307365
2440328245
3509847047
3509994503
3510033687
3581340967
3588648215
3584486663
3584478469
3588738373
3748961765
3746885095
3725649367
3725779398
3729965510
3729965415
3620749669
3587203429
3704643892
3696485124
2622673668
2622674700
3184655628
3218401564
3201624445
3067468783
4132948650
4129148586
3057632906
3057632906
3074409354
3045061035
3042238635
3050627307
3050627195
3025428763
3025494815
3026068031
3036570159
3036631591
3032237607
3032239911
3166457109
3187469317
2541611015
2520668167
2520647686
2520647686
2453540166
2482900470
2477070310
2443448998
2176586406
2176586423
2243703479
2241618581
2245833397
2271000229
2266808293
2250022199
2518456375
2522855477
2518071413
3608586453
3709267140
3709265024
3692519568
3692188080
3692217248
3692217056
3692282464
3696281105
3696258563
3562039810
3704695554
3704764674
3721534738
3486909730
3338470690
3336372514
3336532226
3348914435
3315393283
3314345233
3298600225
3294410017
3292497253
3309209029
3576596421
3610150853
3544090053
3527247317
3524564327
3524584551
3523535919
3527922733
3544644709
3512106341
3503711701
3503712197
3501651911
3501639571
3523069363
3527201971
3527206067
3526878355
4063683987
4065777651
4090873827
4052797239
4056971062
2968545062
2985320742
2440110374
2440247102
2471698206
2479954238
2478840622
2206407486
2206337806
2206534414
2172927774
2172913470
2156663614
2156860214
2156868407
2156750675
2160646097
2160644081
2169015728
2164821392
2148179393
2148202945
2148198851
2148264275
2152233330
2152225042
2177554690
2211118851
2190124803
2191176465
2258146912
2262341216
2253952608
2270732016
2270863041
2237314961
2237310371
2220406179
2484655523
2484624803
2484670371
2487098273
2218662881
2216503633
2220632321
2237606915
2279484419
2260089859
2192970755
2193036563
2192842019
2192842019
2190761825
2194988768
2186596064
2203373300
2199707381
2198658805
2202861285
2194472807
2194463030
2194462758
2211313702
2212493350
2178873366
2178873366
2178902359
2169796983
2203326839
2199211863
2182537159
2186728903
2202444279
2177212919
2156172759
2156173781
2160442101
2152184436
2149030420
2149014020
2148932101
2165190149
2198742391
2177835106
2156740834
2156709090
2156430562
2156444915
2244525507
2270936515
2254094275
2524625795
2520431523
2519316899
2519316899
2519726515
2989390257
2988841376
2988838320
3005355392
4028769664
4032963968
4041287088
4037043553
4037078321
4053839155
4087392563
4070619939
4075010610
4062354946
4062334534
4062316230
4079093702
4028763558
3504474534
3500284070
3500358130
3500174803
3500207552
3500188992
3546330880
3525414656
3525492544
1378003776
1378024256
3525529056
3525317857
3609333986
3559002306
1415709014
1419972910
1419785518
1419799338
1419831610
1419815193
1470150936
1457568076
1445039564
1445167500
1445118348
1446142892
1966220204
1949446820
1952585444
1893877476
1889552229
1889599285
1906355479
1939908630
1927329814
1927453718
1919063158
1914885350
1914851831
1931609037
1881281420
1881290380
1348605660
1352736489
1352679401
1352691563
1352723770
1403038986
1386264586
1390647306
1390589978
1382202458
304281055
304230863
287445901
