3435913901
3704137389
3704137645
3720916909
3754474941
3754468799
3595154847
3595154847
3590968767
3607877039
3607774639
4077536703
4045288863
4049479069
4057945245
4057814429
3506237917
3506233660
3504923452
3521700636
3517511452
3555258172
3555326765
3547069293
3542834151
3509210519
3509474695
3492692359
4033823639
4033205158
4058309607
4058310647
4091864947
4091934515
4066759987
4066759987
4066768151
4066899223
2993124663
2456124711
2539994407
2489785655
2489720151
2498104775
2493976023
2494842806
2494849958
2511627254
3622887926
3622957438
4159803695
4116813103
4112620845
3844323613
3844258061
3878136077
3877940492
3877995788
3878584604
3844768252
3844768700
3829053372
3829067692
3829136300
3832334764
3849113004
3849146844
3849154764
3848561148
3831767404
3831837676
3840346092
3840089853
2766215934
2778733246
2812296094
2812620702
2812624846
4003796294
4272174086
4272239622
4272821254
4277019702
3731239990
3731227703
3731231763
1584796931
1584796483
1566004162
1490515650
1489368786
1489360594
1491066866
1558167378
1507835219
1507720467
1541205041
1516037157
1516037156
1511912548
1512035413
1511933269
1532384599
1532385271
1507284726
1507284598
1507155830
1507196694
1507196167
1507192087
1540750645
1532294437
1531245669
1527046645
1493660101
1497782151
1481000595
1490503346
1557612210
1557644978
1558042354
1574762227
1608312661
1610474773
1584768052
1584702500
1580528676
1513485348
439841796
993399813
959843589
964038463
955190831
955190847
950867487
950874637
951923293
949777021
952919917
952952813
952430575
1497690079
1497890782
1497890270
3645242847
3653686623
3385251199
2307282303
2307224887
2340712759
2340778853
2407978855
2407909223
2408875367
2279378405
2541587957
2541587925
2638192071
3179191751
3179194309
3178670071
2889197543
2889136119
2905970679
2905776103
2903703525
2903764965
4010894837
4015203653
4023591237
3990040901
3990032725
3973263732
4241568116
4241569140
4237499733
4237499729
3566673217
1419132737
1553413955
1286935107
1304183362
1273873234
1265489234
1248845142
1248844118
1517279574
1516633462
1516631350
439218518
440267102
438165886
441246191
978118127
2068639213
1531768317
1531968991
1498414559
3645898062
3645822286
3654178142
2307872054
2307733302
2307733302
2408527654
2408453926
2408400742
2275198823
2214381559
2214383605
2204930037
2205130197
2172558788
2441067972
3510482164
3510416484
3510473764
4047426612
1897856021
1896803669
1661791557
588041541
592302023
592404439
592412663
592404439
558301143
566683639
566748023
566555477
566546773
541380949
541438069
541439205
1615183077
1615829493
1632541685
1674484439
1657707207
1657716679
1649391047
1711780311
1728557527
1728508151
1829957863
1829990631
1829844135
1867525543
1867528678
3956349926
3956357974
4019400518
3985843974
3180537606
3180541702
2642482966
2642423319
2642439701
2642538005
2508299892
2508230244
2513735412
2473955284
2438970836
2971512304
2971442417
2971501793
2971571427
3776898147
3778999330
3778966578
3812520982
1662923846
1662985686
1629304758
1700595367
1686963895
1687093893
1686450823
1824798407
1824815047
1826455039
1839196542
1839196510
2073946446
2061362510
2052976719
2048774175
2065518623
2031972381
2015162669
2019421997
1759488557
1754176127
1753648079
1770424781
1791341773
1778683981
1778421869
1779544101
1779609637
3927101479
3994207591
4015244662
3981530470
3981522934
2891134678
2899515094
3163752055
3163627111
3180338791
3180347255
3079679799
2542812533
2542882165
2475773909
2444359365
2444355269
2448488151
2440349415
2436122599
2435075431
3005641767
4079379511
4080493591
4080362503
1930916933
1930379717
1930412423
1929888135
893809038
877093326
877082575
1011228495
1019624223
1019620143
1016539967
496856399
534537551
450650447
1516228959
1516163455
1582289215
1582133551
1565287215
1556898605
1556571709
1283851789
1283852045
1283917581
1153713533
1145337069
1145365757
1163383948
1196852364
1182172557
3337521053
3332868031
3336943598
3740313070
3731924462
3730108782
3738694126
3740688878
3740754431
3740738487
3748991911
1495012327
1478259687
1478289383
2015227767
2015144774
2103290630
2136914246
1851689927
1851760597
1851635645
1847374780
1846842300
1846907308
1863831981
1830024685
1829991909
1685216615
1693601047
3835907351
3835778327
3857786119
4117831942
4151521558
3086160182
3081900326
2545354534
2476017446
2442399271
2442939959
2442972693
2447236677
2474398277
2201768773
2168402381
2168336845
2155753981
2153583725
2153520237
2153519213
3223132255
3223206991
3229492551
3317658054
3350184902
3484402646
3483669478
3479475558
3408182630
3392650614
3396773318
3673597895
3673662151
3662992117
3658797797
3658240741
3658277861
2047731173
2052056549
2060430517
2056240261
2060429444
2068818052
2102312340
1812893076
1812366737
1813348593
1813033187
1815208034
1815335202
1818412338
1835163394
1868717570
4016250386
3999350578
4268768546
4268768546
4294000418
4289935139
4256241251
4256175731
2106603473
1569729985
1573928401
1565531601
1560501633
1325626817
251881409
251881281
520188721
255882017
122737955
391181603
391363635
391288835
356681730
1598195714
1598208002
1599253523
2136122387
2102562835
2111016979
2111033553
2041729441
2045970341
2037384869
2033192613
2031095463
4162006726
4165283334
3632541190
3633589766
3633606150
3365203719
3449093893
2408963349
2391196949
2391196949
2391168375
2391627239
2412529127
2244756902
2244789670
2227998118
2229112246
2220722582
2239602135
2503974339
2540090819
2540085633
2674303361
2641470433
3174086625
3157298785
3157364321
3157457443
2905796131
2939416163
2926798675
4008858049
4008853953
4294049920
4115857552
4098961616
4098892144
4098958624
1416697124
1425093924
1420895508
1421028613
1420967175
1168264454
1172557122
1332202946
1315278278
1315214486
1592046774
1592909991
1584652711
1580421541
1513309173
1511215845
1527800421
1481925157
2027185701
1481928245
1481993989
3629574935
3637967159
3653655831
2407941382
2391167238
2391691590
2391626214
2391568870
2257343910
2274151846
2278345127
2279377847
2271054743
2541723077
2541723077
2541663557
2507579717
3043402069
3156649973
3156588513
3156254433
3157315553
2888982499
2754766819
2771592674
2817728978
2800955842
4138873027
4155650243
4119998529
4107350384
3570414884
3562020644
3495168804
1356143381
1358309701
1375108551
1408746694
1458930882
1450541254
1583845574
1583781334
1583785462
1592174582
1592256247
1516599031
2066027253
2066023141
2033521637
2037658469
2027168037
2022974759
2039753991
1502882053
1540712709
3469080628
3469139220
3465463044
2391708932
2391781716
2391651300
2408362981
2408355813
2274199461
2277885863
2278016999
2270381046
2266169686
2234716470
2220040246
2362515511
2362516535
2354396467
3428257553
3426619137
3426619203
3426648003
1283284931
1282166658
1282269074
1299183538
1294858162
1328407986
238417298
238548354
238286226
237237650
237236723
241295731
242278691
510714147
510714147
525394211
525398323
490787123
490787123
406969635
407099683
407034131
407042307
407010051
408058627
458577431
441733927
449073959
449077735
449143287
449177015
1522922918
1539636646
1506061734
3649420710
3649418686
3716519870
3716264950
3749818646
2508296486
2508296487
2496714023
2490490145
2486327665
2486586272
2486619056
2508114832
3084290944
4141004672
4132680576
4130444176
3861943136
3861947168
3878724897
3878726695
3844121638
3844322342
3844272166
3844231206
3827433510
3827433718
3828548023
1685259701
1693523893
1689328277
1689467525
1957899909
1974675077
1974544069
1471160901
1470181893
1474376197
1206063621
1172526869
1173447988
1173365812
1156654100
1156789252
1156731925
1156728117
1157088551
1156039990
1155909378
1298499394
1332578258
1261409746
1244648946
1249891826
1249900018
1518301554
1517777751
1517646615
437613431
437543783
440689511
440723439
1002743262
1002814926
960806350
1766112735
1766309375
1749466623
1766233583
1766299133
1795207645
1795204045
1778627573
3926037477
4009940965
4009904101
2936213479
2907770342
2916158838
2782076182
3050444038
3046257926
2511544582
2511676214
2511614246
2243170599
2243167509
2275151125
2411514181
2398918981
3397164373
3392967797
3393098965
1245622477
1530556621
404370509
404372573
404438381
941174573
945301033
952640041
948445817
948445771
411578959
411579999
411844223
143407734
147602262
147799878
147734342
155587910
189158726
189158738
172447075
172324195
172848499
172850515
172785015
172784999
172784999
172817767
441318775
441251191
441251183
441253231
458030447
424476015
424541551
424146303
424146391
407368151
407369183
407240063
407239038
407239038
415627646
415758686
197589327
180813135
180804943
449287503
449156479
449099247
440710638
457486766
457552318
424653718
458208150
466465718
466468791
466205111
466319805
524957860
524957940
1058674708
1025117445
1031422733
1031652157
1039966767
1023189790
1022141214
946636270
942444014
942520510
2033039806
2067724702
2069821854
4208881086
3670812062
3670806926
3670565278
3683381694
4220244909
4187722412
4254701308
4294483544
4285045272
4280850712
4264213528
4264211513
4264226875
4281069626
4181356602
4168773694
4168746030
4177137022
4244524030
4244265695
4240166607
4172924623
4189635277
4227621581
2617008765
2575065900
2558357804
2625445164
2625584509
3699272141
4261313999
4294954455
4294823095
4294542518
4284060822
4281901191
4248412375
2101059827
2100994147
2134815779
1983820851
1719587858
1719649330
4135015458
4134892578
4269765666
4269757490
4001318258
4026355682
4026359527
3988639461
3988637300
3183269460
3187435084
3179046732
3157534172
3157737453
3157663405
3159760559
3168210607
4237565599
4237567629
4103350157
3583796108
3621577164
3621646668
3579826444
3581923612
3565081917
3559914813
3559914557
3559889981
3560889357
3577660685
4114597135
4152214863
4152350078
4159632750
4142856190
4142921694
4134359966
4134359998
4134499247
4159517615
4160566189
2516329453
2515804653
2499110269
2499114333
2499079517
2499079519
3036015967
3036061143
3036057558
3052916438
3044400886
3072646902
3055835126
4129773014
4129448438
4133708006
4141969638
4137701479
4137734525
4137742620
4141999388
4150390044
4246854940
4246953245
4230118685
4235355453
4243780927
4243773215
4244096783
4243951455
4241800541
4250185085
4279545193
3994395993
3994391369
3994388233
3994519339
3864452907
3864456491
3881299007
4023899199
3990339677
3981918429
3967242461
3963560109
3967690159
3967688367
3992914598
3992799894
3988613846
4022202310
4290635078
3204244486
3195854854
3208507414
3207590199
4285489957
4251939364
4260303460
4243526396
3170703004
3170651820
3162262252
3160177628
3160271308
3176982861
4116573453
4152325391
4286542170
3195867482
4286386538
4294792554
4294925678
4271886126
4271758654
4271695118
4275871759
4275613709
4263022620
4265316604
4248491228
4231724172
4164606365
4168764351
2029734827
1761098667
3950521818
4218957082
4218955050
4227560746
3924546874
3924358426
3907577658
3907564858
3921261849
3954816216
3938030808
3933766840
3929590972
4198223020
4198136303
3929701230
3925494318
3903539742
3903413774
3970461198
3974655518
3974721343
3975798109
3967344092
3967309276
3963123132
3829130652
3826972092
3826972580
3830161316
3838349204
3855388612
3855388612
3855531732
3855525597
2814832637
2814766958
2924805486
2924862574
2927085694
2927020126
4001291358
4001233950
4001233950
4018140187
3984520219
3967733787
3967774745
3967381565
3963122735
3895995695
3917295406
3925826158
3921627902
3919268574
3952697054
3934807758
3939264478
4207703518
4224603647
4215963135
4182343165
4182339061
4166774229
4166710741
4191868372
4191802828
4216913036
4212713612
4212844957
4212849589
4284140213
4294592189
4026090141
4286075791
4252525567
4252624687
4177264175
4176214559
4243188255
3974687543
3974687031
3103390781
3099186237
3097220156
3101283380
2824389668
2836974692
2822425828
3900624868
3909012212
3902787285
3902136263
3906272758
1762983014
1796537446
1779629174
1779596310
1779592454
1779642126
1800875614
1809267294
1809799806
1787383546
1787317978
1787313802
3938985866
3938987402
4199230874
4216004010
4190769146
4169797370
3096053338
3096172058
3097081353
3097013768
4189628936
4227377676
3664285500
4198007852
4198166572
4198129788
4198117500
2067398764
2017070312
2021276664
2029664968
951720521
999824969
2052599306
1510483498
1510483498
1514876522
3653910138
3632930506
3632992202
3364439242
3364602958
2290864222
2290720887
2307432549
2340992356
2328661856
2320289376
2315570784
2315737696
2315709041
2588338529
2588403809
2604988643
2604718323
2571368643
3628268355
3628268099
3624106562
3623893618
3623894754
3623892450
3628298402
3632418978
3632779394
3632586883
3364151425
3368408452
2286410629
2282084821
2282211815
2299447670
2321459462
3671505166
3667298063
3667231500
3667165228
2593431592
2598150184
2585567272
2652763240
2652822776
3743337401
3693005467
3701398155
4238343823
4103919247
3569153949
2491213245
2487211453
2487147989
2486107989
2486107671
3027199511
3043780119
3077366327
3085824551
3082785317
3049101109
3046948181
3051141621
3042490797
4112115885
3877301437
3860485277
3862626493
3862495405
3995676847
3999999342
4277024062
4277014286
4272782094
4272450318
4272483598
4272600334
4272591165
3198779692
3199762924
3212370076
3174617532
3158034348
3157941933
3162398383
3161345710
3169128190
3170123342
3178524174
3186912542
3186945086
3187532863
3187532815
3187627341
2642367949
2638116829
2671671293
3212723693
3221046767
3220985071
4294763775
4294763775
4294828287
4286492927
4285972703
4281712729
4281660473
4281461801
4281530667
4000512827
3933395739
3941718811
3933273883
3950114075
3950235963
3923132459
3898032169
3092582525
3088393325
3088393701
3092725733
3101564641
3097431649
2560429683
2559327746
2559340034
2559372802
2559437682
2580388210
2605549906
2584726978
2585445827
2585448851
2589647281
2591809952
2658791840
2658726836
2669209220
2639915660
3092966076
3118201516
3118004972
3221027693
3195852059
3196043530
3195977738
3195990026
3204440106
3212831790
3179202606
3092957278
3093035087
2824596685
2824463565
2824467708
2887303404
2904150253
2938008997
4015937445
4007612087
4007481014
4007493526
4007422358
3999100342
3999268758
4018077662
3984512718
3983398414
3983335966
3966558527
3966558527
3966529599
3966529567
3967644703
3967696191
3967421439
3992586939
3986295449
3885845145
3885792905
3873236872
3890012616
3850162520
3833590553
3833521689
3833521705
3833460265
3850162735
3883712831
3881353311
3881353341
3880305917
3846962429
3830115677
3981109853
3982159453
4024163933
4007188045
4007457101
3999068255
4263342319
3206504679
3160028646
3162115542
3170504662
3170568950
3170383590
3170378742
4244120534
4255069007
4120839005
4154200888
4154209064
4158418232
3609000216
3743398168
4282300761
4282296779
4282170827
4282155466
2099806666
4251681274
4252676459
4252672299
4252688687
4252689727
4284153175
4284153303
4284153303
3210476951
3210468759
3185300951
3187394037
3187262837
4260984181
4252509493
3967362869
3900258101
3917029157
3917029173
3917157685
3957003575
3957018967
3952734679
4221088727
4225283015
4216891351
4216891383
3943278583
3913983479
3982161383
3990543863
2916797943
3178876407
3178823143
2910383607
2910584151
2944063303
2941961989
2950285077
2952329013
3212371317
3212404085
3212473845
3212449239
3212514805
3212776945
3221174176
3183294116
3187476372
4127012740
4127008212
4126414004
3052745908
3086433429
4160038077
4294211055
4260709375
4260749918
4259705402
4259639834
4259640602
4259642394
3185966106
3178231866
3178231867
3178224763
3178223579
3179266763
3187393242
3187528443
3186489323
3186419179
3178030443
3178100059
3173472089
3173402201
3177600728
3177592568
3186046712
2682599417
2548307385
2549355963
2549364218
3086300666
4126506366
4059397438
4050971710
4050955326
1668656158
1665053710
1665118223
1631424540
1629069364
1629061428
3809051188
3809052404
3809185452
3792358060
3792329388
2722834860
2798201004
2798594204
2816355740
2814259117
2780765870
3048545966
3048476350
3051671134
3076834838
3060573702
3060572678
3068961286
3068961287
3085869871
3077502255
3043936557
3207284781
3191429228
3191691388
3057596485
2519608773
2523805639
3580756678
3572384450
3568256994
3568139746
2628578530
2632971330
2632962050
3748192627
3727254353
3727319616
3727299136
2657747536
2641038896
2632452389
2628270373
2628282415
2628380943
2645092623
2661855039
2661847935
2661843963
2661909485
2666169325
2657793005
2670322669
2485904343
3559550407
3559549319
3559540886
1349077158
1894542502
1375495317
1399607428
3530474692
3526282244
4063144244
4067404320
4075596320
4071400976
4076716544
3539976708
2457223733
2524381923
2519016422
2539917798
2506359022
2498494698
2494438618
2494441674
2494556363
2494339451
2494081387
2510858619
2531829307
2519237177
3056173625
3073016377
3022697021
3022709276
3157189468
3157063916
2917976300
2946812077
2946947231
2913396879
3186027662
3160797598
3156591530
3156693994
3177669102
3204277550
3204212783
3204278325
3069139205
3060685060
3060424468
3060453908
3043742276
3026928324
3035316883
3035316882
3035121330
3035121314
3035125154
3035133090
3051906274
3085689942
3085624326
3085614087
3078269189
3074009348
3074009876
3074079540
3057306388
3057306116
3057307140
2788902708
2788774692
2793001764
2800468533
2817213011
3035513555
3027128963
3022983811
3022788515
3022787745
3035108517
3165142181
3165273237
3165269125
2629445831
2629380310
2632461542
2624073062
2636854614
3714724174
3757707598
3489337694
3487052142
3487049070
3478662490
3478710602
1339816393
3487291853
3453541837
3430474197
3426275797
1278919029
1276825917
3293242141
3318608665
3348090648
3330967832
3336210744
3327764776
3325602152
3325606344
3594028488
3596190665
3604648889
3604652971
3067782127
3059659759
3055387367
3055260375
3038425735
3157976711
3157945990
3156937398
3156741606
3160941670
3169329190
3169333310
3165286415
3182099469
3215653132
3198741276
3203983924
3193464340
4262015492
4262068828
4128899839
4114219498
3504931050
3500737786
3567913162
1421490378
1423472842
3293112570
3305695434
3460861386
3460989386
3738861898
3736777503
2611651101
2611651092
2612634164
2612569632
2589503008
2585308704
3122191904
3124420112
3124420400
3190476064
2934492448
2779498864
2762918721
2762930754
3035626050
3027008114
3022813922
3173792482
3190570914
3190570402
3194756258
4272692370
4222499970
4172167298
3635296386
3635296386
3706615874
3698316306
3697864738
3723010083
3757613153
3736772928
3736772288
3757738688
3749284544
3745024736
3745053220
3073956389
3057440295
3057410855
3191660834
3211653478
3186541026
3165569426
3098463618
3098462338
4176476290
4234705058
4247272610
3207078055
3194626213
3127784413
3153986509
3120312012
3103550292
4177324341
4172736789
3702966533
3166029061
3170164999
3187122951
3212216119
3212807975
3212610085
3195841056
3191646720
3191729664
3191792128
3191796224
2856239648
2859221280
2867594272
2863402081
2884503635
2850961874
3899537874
4167515058
4167514514
2028419218
2027961506
2026904738
2025860226
952118466
952117318
952117270
947919159
947936005
952138309
968981061
960716487
960648902
943937014
943742054
952137830
952203298
943946066
943978818
960756674
994310850
977469122
977461186
977395682
977335778
440448354
457224562
465679606
461485558
461618678
1535359895
1539414679
1539415703
1539552965
1539502789
1539470284
1505916156
1497586796
1493223660
2063632620
2047060188
2051189196
2051194316
2051051724
2046853324
2046853372
2130813165
2080563437
4227998901
4093775031
4099017639
4103277222
4103408294
4121954982
3081772726
2532320838
2540709382
2540725510
3589498118
3589397813
3566521637
3566525732
3583489340
3720786700
3754406748
3729039868
3724849645
3724844527
4261726719
4144417183
4144417167
4123454351
4257410701
4258456269
4241740493
4235248351
4231054191
4228965671
4233128997
4233313317
4101118997
4126544965
3623223751
3602780614
3736994262
3736863150
3757839854
3749473646
3711723786
3581929738
3581865227
4126854937
1979303432
1467761160
1461457480
1595679480
1595745000
2102731240
2111049963
2105541882
1556285530
1573013626
1564665914
1598269514
1581493258
1582477578
1452441866
1452311322
1469350250
2006294761
1972874476
1893521580
1883031692
1883228300
1882642572
1628893068
1694692012
1732346605
1736475183
1737532207
3868238861
3891309580
3879000076
4114008108
3028179500
3170790956
3170768428
3183280764
3183223500
3185320653
3214681535
3080460463
3046377646
3050571950
2975218574
4046597774
4113719950
3576877518
4096835710
4096819238
4029719574
4029720582
1882236931
1882241025
1903331601
4075981569
4139155713
4143366467
4277616723
4269023266
4264828962
4264829222
4252380982
4244507254
2092632814
2092436206
2092440575
2096639885
2088297356
2099028876
2099028940
2101650428
2135201261
2000981485
1984272869
1979887093
4261588437
4262655444
4262646132
4132848436
4143399716
4143437605
4159045173
4158974517
4150585877
4150656543
4118267167
4126588959
4126654559
4118237263
4112872655
4112809183
4146413543
4151262951
4159573735
4121904847
4121912015
4121945038
4159037902
3613716958
3592746207
3592748141
3597982829
4134915117
4143435020
4160120076
3589723933
3707160351
3707752726
3707589974
3698136278
3693939926
3693943990
3698080678
3584900838
1455296230
1589513927
1589391045
1591486052
1331438436
1329394532
1597895028
1595257308
1578410460
1442883052
1447070188
381717484
381864861
381840287
113387935
106046863
103940558
120783318
87097702
74458406
7350582
7416066
32512323
66062802
49467330
49464258
116556738
116622038
108044902
114336550
129017646
129086782
129074237
95781948
1442286652
1413457964
1547610204
3695093836
3694565453
3694578782
3694621742
3694403886
3558085486
3587506926
3583456942
3583451822
3583255213
3298038436
3302228868
1142179204
1142344836
1142336708
1144498240
1412474929
1467000866
1450425398
1445114886
3592589574
3592864262
3592798758
3740623398
3753337382
3719779877
3720088869
3703310436
3699116148
3695118404
3695064132
1547575556
1551835916
485761852
483664680
500175208
490735976
352324072
352332201
385902985
369158537
118673803
89375627
72467339
72450543
340828527
340831527
340830499
342997283
292719939
384993090
384992194
1458734018
1456506854
1456517094
1456531814
1456569126
1456618286
1473645375
1442713151
1442711325
1434399517
1434267964
377237820
101982264
101720120
104866872
104859736
46139848
46287240
46328712
113437577
106099593
122864523
87147467
70370155
3269423
7432487
7596327
7469427
65243586
48401858
115507650
115508162
108233718
116433382
99656742
347122726
347126830
347442221
884837628
876449004
876405932
874276012
874341804
891234220
890709679
903298750
903286478
1351748174
1370634830
1369516574
1101031966
1134620190
3600921102
3600974342
3600974646
3617624359
3617629220
3521162272
3512764528
3491842288
3492154497
3559261315
3559262131
3589698275
4155893347
4139050547
4137987589
4142705412
3605838084
3597175100
3594046749
4097324303
4231668559
2084180555
2088383211
2092569321
2092434408
1972897240
2006456520
1461467272
1444804744
370583688
370321544
370316425
370393482
357663178
342995310
351379758
1420927270
1420946723
1425145123
1425179923
1467388163
3732320513
3732313345
3740770131
3736575827
3736575859
3738472295
3746879335
3742688103
4245971839
4162320238
4162254190
4165391726
4173612406
4173620294
4190381518
4190512590
3687194079
3687189423
3755411887
3755219373
3755240893
3746849165
3747078533
3713389013
3713331685
3696550181
3696551205
3562405173
3562536759
3579207509
3612757765
3596015429
3596011340
3595945276
3595894076
3604281660
3604781372
4141652012
1992288301
1996416029
1981444127
1444610271
1998193054
1964639166
1948144303
1951879853
1954827960
4118858456
4051749464
3548438104
1371661896
1413685832
3570541064
3570532872
3568437099
3568568686
3500419182
3505662190
3543431302
1109842310
1109579142
1109574534
1378009734
1445118886
1450414502
1475387494
1420861486
1957732414
1957997578
1958000665
1953859624
1950275688
1967024360
1998527976
1981747672
1964323272
1947546569
1951544059
1884428011
1892813546
1888553722
294660763
311437963
313550729
45302153
49365469
31539565
6414701
2155821
271640869
275835239
292608454
309513670
1450345926
1450344902
1446150470
1580246310
1580265254
1609887534
1572339502
1572863790
1589495085
1320998180
1323136292
1310545200
1327318288
1293872400
1277095728
1276047136
1279696321
1145473409
1162250627
1180076163
1180146818
1182260370
1316214194
1584615842
1567970274
1559521122
1425288994
1425287459
1425287457
1425029472
1441926609
1441925063
1431450502
1431454406
1431361254
1414589990
1422977830
1418787638
1420884798
1437879101
1471565628
1476269596
1180574492
1176318844
1309942124
1309942252
100671736
100666616
100665816
37882312
46283656
46279560
113404297
114454921
122864011
89244127
89178479
24174895
24176935
24176935
32610675
31623618
31624642
14844354
73564610
342983158
342925350
888184870
619750446
619750442
620010539
611829800
608061480
608054376
605955304
622670233
622142091
626467482
612569786
612437674
813763258
813697690
294660746
1404103307
1138812617
1130595273
1092846537
1097057001
1080287977
1089564397
1089481709
1105279487
1138891222
1113722054
1113718854
1113719110
1180922118
1180754230
1205921574
94416678
77905196
78420268
351112508
338527516
355053884
388735292
371958124
373203432
372679161
374715866
314870858
314887258
306628922
390490394
341207818
1425435403
1424411401
1424935705
1424609081
1432913368
1467515352
1448640936
1447592360
1447666088
3603554732
3604537772
3621314989
3573216174
2498402286
2498399790
2490075710
2490141502
2959911694
2959911439
3035605517
3052321308
2809039868
2808973548
2788990188
2788988140
2738716717
2704179245
2704179245
2687423535
2687499567
3765303855
3765422630
3782199847
3790457383
3790457398
3853372214
3857504566
3857471607
3849091191
3845093461
3845027925
3845027924
1701795924
1710184532
1710192724
1710192980
1710192980
1844312437
1777162613
1777155447
1777153527
695022078
678244798
678245818
678248378
678115994
1760246426
1756052122
1772698266
1807301274
1788374666
1787340426
1787340426
2055775371
4270372008
4275811752
4267349672
4250567340
4229613228
4229633740
4231540429
4231539310
4231538990
4243068974
4255713326
2141850638
2125081614
1592405006
1583934478
1563995150
1549310982
1556651093
1556724816
3704333392
3695879536
3695875680
3695871712
3747251920
3730472640
3730456193
3730442930
3665299874
1518078178
1518079074
1518081042
1516118018
1482612738
408854531
416985345
412656945
412658720
408463393
941144291
2031655074
2048563330
2048580738
2050672002
2062238626
2126082722
4273498022
4273500134
4273532909
4273596008
4261054056
4108878424
3832058376
3827872264
3828979208
2755370540
2755176492
2758338604
2776156204
2809841676
2776526092
2774418956
3050193436
3029226221
3029103278
3029099182
3034346158
3042722798
3038561530
3038566490
2770184222
2803804175
3877021709
3877021709
1728489485
1732676639
1732742447
1699710270
1695466526
622784558
790552622
792584230
791441446
791433318
795164911
769999037
754275732
1819639700
1819622076
1844779708
3992263356
3990698652
4020184716
4022215372
3854508620
2763792957
2762785390
2762268654
2780085230
2813639614
2786368398
3055025038
2987814798
2987795854
2987787726
3006662014
2985168174
2964270382
2964071470
2964070446
3047972874
3081560264
2511118536
3580659148
3559705596
3559852924
3559790956
1412312364
1415982380
1558586660
1555439876
1557427524
1556391236
1548004608
1543813424
1543944496
1561238288
1594788608
1447988736
1447972352
2119046657
2118530595
2118525474
2118591266
2135360866
1581585618
1589918866
2126838914
2127345794
1858902166
780962214
797542782
797681694
763996173
1837739036
1763419180
1832812588
1814986796
1815003244
1816019116
1816011428
1834948277
1708990135
1704926903
1704922807
1704919763
1958687235
1962746119
1961701381
1416306701
292168968
309214984
376310296
376113896
384391849
380435113
380419723
380404106
376209546
388403338
1999020170
1999020446
1965466214
1969730086
4100235810
4096583458
4096552742
4029495590
4028963106
4028967282
4029032818
4042656099
4038527264
3569157936
1421611776
1471947008
1186734336
1188831488
1318326560
1317294691
243582562
243584614
218925798
202148838
201886086
202353030
202353799
219131013
253727895
1327400066
1310622914
1310653762
1331068226
1339297122
1335115106
1335625062
1201537526
1167982997
1436378516
3705464740
3699158692
3443309228
3476916877
3458112207
1310699342
1180558622
1451062574
3606917422
3588960558
3584709935
3567931373
3572190124
3564653452
1415110284
1159260044
1159652236
1142875028
1144447332
1412535588
1428196644
1428207908
1461823761
1445113089
3596793095
3596792071
3596780359
3621962711
3589784551
3589629935
3572525039
2498783211
2498787307
2498778987
2507162395
2507195147
2541015867
2515855163
2515856650
2516568346
2633947178
2633951530
2650713403
2684262155
2667479817
2666431241
2666430780
2657980716
2658973036
2654797164
2669440764
2635933388
2619217628
2619225724
2631808620
2629309932
2629309676
2628259053
2645298398
2415859918
2415802590
2388523502
2383716334
2387908606
2681578062
2659689038
2659557967
2660536941
2530509549
3054798573
3054995455
3054943695
3038178766
3023498750
3023469046
4097198294
3831908422
3840363607
3840179317
1693246564
1710088196
1743704068
1718517760
1852802065
1848484897
1848959009
1849155889
1849152289
774980197
644876005
611524245
609364865
609368963
617811379
1689341859
1689306851
1689317923
1706091266
1709302018
1696784386
1730297858
1998667826
1697644839
1701926437
3870514732
3870509612
3870771720
4139023048
4143213192
4134825864
4067717049
4067889051
4058384282
4058908586
4109305258
1957429674
1961644282
1953292302
1948573703
1948557361
1948360736
1948427040
2086834736
2146600448
1850902016
2115108352
2113953361
2114149217
2118327139
1741757287
3855617831
3838846727
3837796615
4106317885
4102406189
4119118204
4085547720
4069294792
4073690761
3863919259
3863914922
3863849130
3880552682
2774305866
3828335626
3828278090
4096680523
4113437419
3815572139
3807117737
3870044329
4139524249
4143800456
4143636616
4135248968
4150983944
4150954264
4050422056
4125927465
4125928505
3840839707
3840311307
3840393434
3832922282
2757157034
2757223658
2757066222
2769575246
2803136335
2803229199
2790777373
2794971709
2794971708
2811356988
2811295037
2815479167
3074477295
3036728550
3020147894
3155317910
3155325318
3155563398
3159753415
3168207431
3186957911
3220515446
3069651542
3068488406
3068422870
3203686366
3203678606
3201569183
3193184744
3193201128
3059143144
3069624824
3063341048
3079989880
3084180088
3057945193
3053574779
3054694218
3188859146
3190960138
4264759354
4264636522
4235604074
4108714078
4104521038
3568701006
3703336668
3703369452
3701255928
4242325448
4229730248
4262961112
4262902744
4128684808
4130774281
4130505771
3860955179
3860983851
3860946987
4263665707
4252128571
4243720714
4109765130
4109830670
4101316174
4109644758
4122243582
4153721021
4135895212
4152685740
4114999740
4110871436
4110871244
4127640268
4128556653
4132717166
4132761962
4134858986
4151828718
4244022446
4243758222
4243753358
4235365326
4101081822
2758848111
2775625253
2951783973
2951799332
2943414820
2939179556
2905617196
2889036604
2754741004
2758935308
