1356602399
1356663815
1406075909
1380926837
1376769013
1376228245
1376227989
1912705973
1916834725
1925231527
1925227927
1656923279
1648536799
3791829119
3791886383
3808598061
3842156589
3843467565
3830890285
3763783228
3763847709
3759948605
3760022375
3760006119
3776775143
3813475310
3813474910
3787801102
3787740682
3770973707
3770968603
3762317914
3762322074
3779091082
3795917450
3796113050
3863216570
3871604922
3884257466
3850711278
4102500462
4103483406
4237751302
4237748229
4256610564
4290157316
4292315904
4250241280
4246046992
4229268784
2081943584
2081759264
2081501233
2081567009
1007825697
1027736353
1065419315
511779587
511783683
511774979
511963587
1065526723
1066568067
802392451
804359063
787585719
1848687263
1848688287
1848677115
1847628395
1847628331
3995263531
3995231019
3999343403
3865116974
3865117046
1717638262
1659049078
1654856950
1671634102
1621179542
1622289543
1888627845
1955732869
1417895813
1417805445
1417993941
3582252583
3621049895
3581207318
3577209110
3576620342
2675899686
2684280119
3667648275
3667525137
3671649841
3663259185
3665360433
4219388465
4218864433
2071450657
2062605345
2052115489
2046839809
973089793
973089793
973286417
973225249
977407267
966135331
1017972339
1017975366
413930182
413946574
145601246
145535726
480819118
1609087406
1583986878
1592375487
3723082175
3706370703
3706371727
3706364557
3707282109
3707294397
3028144877
3044847332
3077876004
3075778596
3058993188
2786371844
2785322756
2736189956
2702623236
2687943188
2699969124
2695384804
2695397100
2695396332
2716360185
2716392921
2716718555
2708469211
2708465146
2691690490
2691694590
2691686398
2708430782
2770809246
2808557982
2808492254
3085316314
3081122010
3081124954
2549032986
2540648474
2502891530
2238593034
2242783242
2242846730
2242650123
2377973819
2377920555
2377908267
2381054059
2381057407
2381076831
2372753751
2372794711
2372794711
2372794743
2372794743
2372794743
2372794743
2372794743
2372794743
2372794743
2372794743
2372794743
2372794743
2372794743
2372795255
2372795255
2372795255
2372794999
2372237943
2372221815
3445963127
3441768823
1294284919
1294809207
221198455
221075527
86866247
355289415
627964279
627964279
627964279
627964279
627964279
627947895
627948919
896381429
896381429
342733236
342733236
1416475316
1416478388
1416215220
1412020917
3572087479
3588881078
3735747742
3735712926
3735692510
3739825278
3421119550
3362333718
1210852661
1210852661
1211372820
1211368468
135726080
139858944
147203328
138552576
138486033
134226737
155214705
155251571
155318131
188995442
188997458
172220370
1245830130
1245838323
1245822961
3401629681
3397498864
3397628912
3397497840
3397431776
3732973540
3732978405
2525010663
2453703398
4060121838
4060121726
4060532302
3792107278
1661465358
1661294358
1628272407
1615687187
541874963
541608723
541673747
541804883
550197459
550197459
550238419
550238417
550107601
550107633
550091248
1615380464
1615378161
1615451827
1611396755
554333842
587872658
575289522
575355106
583743602
584005651
583997459
579738673
579740773
579805685
596403092
595904128
834981504
889474704
889265841
1023614625
1023557537
499262947
427959555
427961602
429010178
160639234
160459058
1238427938
1230022950
1262528550
3418667046
3397688382
3397751902
3397899486
3465008366
3464648046
3330694511
3351595629
3243068004
3223145044
1075632708
1075632836
1141759940
336588676
353234816
352643456
486558080
486623665
486743473
423765425
432153043
427958595
427958531
428008707
428060418
968993558
683719478
675330855
692108271
692107711
721468831
1778495883
1778495897
1778618809
1778569704
1778529128
1778529064
1846678312
1836189480
1823674152
1823673144
1823475976
766523721
766519497
967850121
967837835
434113674
425787530
409079962
140652698
150086138
147989310
143811382
164733494
164734518
156351282
1228978998
1262528806
1262528550
3393236014
3401888814
3397767422
3397800190
3397783786
3397784043
3666220009
3682927336
3452175096
3444837960
3440642568
1293236808
1494706888
1528294088
456453000
456427913
455117963
425772170
425967770
421712026
422736026
424829178
424812910
433201702
433267254
416497170
416497170
416299570
416312167
407137189
407169445
155516327
155554199
188977543
188912003
1514320339
1589818673
1585691697
1586608176
3599865904
3599939636
3595746580
3595998485
3591816471
3594962238
2521187374
2521041966
2521042026
3590593658
3611765835
3569757643
3498459081
1350966905
1350899321
1355035241
1346642489
1342448185
268706361
268710425
268714504
805618248
822920920
856461017
856660699
860797834
844016010
1388685706
1388624266
1389661642
1458603082
1454608410
1452453930
1451401258
1451663402
1451663402
1455849579
1447985384
1443808472
1376679052
1393437836
286141660
806763004
806763260
810949204
819400213
815085143
881092182
881125110
881125026
885297058
876645795
872450227
604211379
604158371
1824696737
1820502449
1837280721
1837346049
1866640641
1862450433
1712429361
1712384291
1712335139
1729313574
1695682086
1695682086
1624310310
546308918
545263958
545272143
562041163
595591497
595854153
646190601
918912520
1053158233
516287451
465955786
432335754
163900298
164941706
196446106
177439162
177381546
176332970
1250074797
180527341
167944292
167945232
167942144
437426176
437426224
437491748
441695268
441955380
456642572
456638476
993509404
959889452
947310952
947373048
955630296
955634392
686126840
686896889
686890715
745543290
753937962
1691364970
1682976362
1682980570
1634732762
569657786
564452506
568652938
568610954
543441098
813514827
811520299
819913003
819913519
1892478783
1892465462
1892453174
1942523222
1925875014
1917505990
1913319878
1913266502
1980375367
1464545637
1439175468
1418204716
1955083820
1959292476
1959325196
1950920269
1950916559
2009894350
1926073546
1926139018
1917754574
1914631375
1914582143
1914577199
1897799981
1893671209
1889349929
1889284905
1888236333
1892220685
1879612239
1879607749
1934133445
1917552837
1649056965
1711976645
1711972549
1711972551
3876233719
3846944742
3855128294
3846763238
4014498662
4010550118
4010615655
3977192311
3960346623
1817055231
1824918429
1820724109
1821252493
1839152015
2140945805
2140936077
1054606268
1056703144
1056772841
1073619689
1073554025
1063002927
1029464379
1029501243
1029501243
1029569563
1038088219
533567515
525125691
1582090251
1582254283
1582200011
1582195083
1602638491
1602679467
3750093481
3716457196
3716457068
3703878204
3695555196
2487662332
2483469036
3020393197
2957281965
3008137919
2991426206
3054431886
3054428814
3055178446
3060400894
3077125102
2447909358
2426937582
2426933486
2443706606
2444165339
2448240841
2432509001
2424055816
2424072216
2491279416
2221795608
3295672584
3308243208
3325003529
3593371979
3598090586
3596062766
3594825774
3594813486
4131820590
4131824702
4131824654
1984225293
2114215964
1963421804
1947095912
1947091560
1879983736
1884277340
1623784141
1623763663
1615366878
1665698270
1917551822
1984622799
1980424271
1981427789
1998201213
1968841581
1960522348
1955402344
1955346024
2089561721
2093771353
2085415497
1946983243
1963755850
1985775818
1918868682
1918808270
1916719310
1916682446
1916670175
1904091501
1887314733
1895633453
1893470765
1625056813
1624042045
1615374861
1615370831
1665698766
1648920974
1644856718
1711968398
1711976591
3859472543
4132103605
4148882917
4154383652
4137508132
4137448740
1994137909
1985749045
1981624359
2132672551
2086536574
2094930254
2094939086
2094996174
2019494606
2019364574
2019309310
2019308527
1842086889
1770783721
1770984361
1770988281
2039227337
969696201
961307465
944632089
944690457
944692248
2018416696
2026870824
2026670392
2043447624
2135721928
2114355848
2114355848
2114368168
2118574828
2118443757
2126799471
2126803246
2143612974
4123391022
4098283638
4098279638
4098263238
4098787462
4115564679
4149133189
3075383941
3218784965
3086729825
3053023843
3052954338
3036161698
2960666274
2960658338
2976449970
2976449683
3043561617
3043565632
3010011136
3547029508
3555287044
3523011604
3501999156
3503572020
3503557941
3569683773
2227576111
2228641135
2245418462
2262760846
2258566542
2258470286
2258141630
2662896046
2667094442
2641929130
2621040367
2621335165
3627951645
3627951636
3627361812
3627300656
1484068128
1482032400
1482044416
1482105856
138748944
138424337
138485761
155394049
155350275
155403538
155307826
188799858
1245772786
1245837746
1245952403
3401686417
3397497744
3397628800
3397554576
3464728992
3464537316
2525014244
2541795813
2433780079
3509881646
4080437822
4080459278
3812029966
1665004046
1662829118
1629279790
1632436014
1632173847
1632161607
1665699269
1665703381
1665793941
1665924021
1649147301
1665924517
1665914277
3821719988
3821719996
3789484444
3789546716
3789420765
3822844125
3822745823
3822741726
3888801886
4158546974
4158545950
4116672538
4099887386
4099895578
4098877210
4098747998
4098685694
4123843326
4157131518
4140355038
4140418254
4275749070
4267372751
4279918815
4248707549
4231930877
4236129005
2094864365
2089564141
2093246461
2110025727
2101665759
2135281662
2143784318
2126885982
2126881870
2127025230
2120138783
2132721727
4246622525
4250821420
4242416172
4242285100
4242286136
4232855164
4165761661
4165237503
4232346335
4257537950
4291085710
4274376846
4207337678
4266057935
4266057935
4278642015
4283889023
4292335469
4291090285
4274316653
4274315629
4265931133
4282761277
4282826813
4249277503
4258180191
4258180175
4258237639
4250766551
4280126615
4011834815
4015959981
3999186605
3998717693
4015363804
2937435740
2771755580
2754998828
2753942060
2753873444
2753844837
2758023014
2758024550
3849063526
3865840758
3874364534
3874368598
3870174294
3869648966
3869653062
3820361814
1670645846
1639983111
1623207175
1623402245
1619138052
545392164
545326628
541081124
536898356
536898308
553736964
553863964
553864045
558029807
595766702
595836350
595893646
595893646
599833998
587241870
587307422
570661054
570595502
570599662
1711450158
1716693038
1716758591
1733470269
1729271853
1729268796
1729285164
1714576428
1713769772
639765804
644024637
644025141
669195029
635517493
614541877
615590421
615655941
615979525
615778821
548153861
548145669
627964279
627964279
627964279
627964279
627964279
627964279
627964279
627964279
627964279
627964279
627964279
627964279
627964279
627964279
627964279
627964279
627964279
627964279
627964279
627964279
627964279
627964279
627964279
627964279
627964279
627964279
627964279
627964279
762165623
1030602103
1030600182
1030599158
1064153526
1064153526
1064153526
1063891382
921550006
1986902206
1986902206
1919793342
1916729535
1916681471
1932927197
1901465929
1884754521
1895105083
1895110266
1888824058
1351903978
1350855354
1355566794
1355565006
1087325135
1087271172
1087267104
3301859616
3294487840
3558663536
3558778305
3258365825
3530983299
3539370882
3600908690
3600908722
3600871843
3606111715
3614500325
3039883127
3039944519
3071663687
3071659591
3075985238
4124466998
4126566198
4109706007
3568575255
3572769087
3572769071
2499752238
3581873390
3581757662
3615344782
4149852303
4141398429
4141457292
3067709324
4132996044
4130911004
4130971948
4130054444
4146946348
4113442109
4112924031
4117105126
3051489766
3048212966
3085961558
4159712262
4252312582
3715507206
3723900182
3702916471
3568764916
3568567988
3572774564
3562284708
3289646756
3557934740
3577783956
3602949700
3599803917
3599873807
3602167103
3602166063
3596922923
3592913003
4146496763
4097215947
4097214923
4097231690
4109880186
3837062010
3841255226
1685348634
1696354618
1696399674
1696534826
1633576233
1642027308
1642068268
1641933068
1675488524
1665985804
1661257036
1661257180
1627813373
1627795885
1611006380
1623606188
3766928044
3766937324
3783585484
3787782860
3812928204
3813976428
4074018925
4070034687
4074132687
4130747855
4147521503
4113965822
4118229742
4105188334
1955598702
1972375590
1976635398
1431527686
1427169550
353428238
356559115
356686105
365074505
357750985
358008971
393562251
392971419
392970411
325538219
333603243
301097899
301195951
298903215
835778223
1942021807
1908451263
1908584893
1909625277
1901236717
1934721389
1915784989
573618957
572561695
572647471
573007982
577121519
862322831
829816975
813039757
880161725
888480493
884221551
883178031
883194399
883747342
883747598
363635982
367910926
355397727
338612719
339558895
876409837
809296893
813492188
838243789
838246221
838241037
1894681357
1886166829
1613540671
1630319631
1630519311
1647198239
1714290991
1718485295
1727922990
1727936094
2010988238
1910255262
1893478046
1892433806
1892421007
1355613583
1356203422
1352037822
1368811454
3553911630
3539227398
3535061798
3534201135
3534135597
3534135596
3546583352
3543437112
3507804728
3507997496
3575040297
3612756283
3614862347
3614663690
3621998666
3621962078
3618816511
3753022447
2647892727
2646647414
2504041318
2499852135
2500244967
2505487831
3042358743
3042433012
3042301940
3042279380
2970885508
2969832892
4043318701
4048560559
4050719114
4042392458
3500283786
3500284394
3500149098
3500149034
3512744202
3273714955
3257049354
3261506318
3269886782
3263136046
3260847150
2187115558
2194639926
3532573703
3533630469
3533663572
3550425060
3520992996
3495888620
3490972396
3490972396
3491197293
3491226927
3507808270
3273451534
3269249102
1116523982
1116718542
1116619150
3280359871
3246842285
3252068780
3558118828
3558180316
3558317324
3558119692
3558124300
4099254796
4101422605
3040255503
3073803839
3073819182
3074277998
2793259374
2813116527
2780610605
2780319789
2759340036
3829014532
4097450244
4114224484
4114220516
4126803445
1977300423
1972970959
1972975054
1977437598
1977372574
1910308766
4057792414
4057257630
4057454238
3587699342
3587569302
3587569574
2547341286
2547344870
2530567670
2526504279
2543768949
2512242548
2516375392
2491217760
2489907056
2491086608
2491085073
2507796785
2507722785
2549871665
2549019665
2549021969
2540690737
2536365937
2537541457
2535378625
2506022593
2506090433
2514479061
3051222773
3076314727
3072120551
3072095991
3172755159
3177015271
3168761831
3166127591
3165930999
3169080775
3160501703
2637426005
2675113333
2664625493
3201557831
3201425735
2666914134
2541057526
2507496934
2490654118
2486467046
2501188854
2505514198
2547414214
2547410118
2543220037
2545898868
2516371296
2423060336
2422798192
2424043280
2423977745
2423911729
2440614945
2432291873
2431579187
2431317075
2490095091
2490228659
2503856017
2501824131
2534854531
2539118483
2522218451
3056991603
3056992019
3057118981
3060264453
3195397653
3220567605
3182819109
3182753573
3182740837
3186935271
3212170743
3195272567
3193167223
2656263255
2664791127
2664787271
2683776471
2641772023
2650216422
2633307558
2650027494
2650035686
2683591894
2549374422
2532633943
2549476725
2541223253
2507595729
2489835473
2489700337
2490890209
2490890099
2490889491
2490750227
2490719251
2498189331
2498721843
2490132851
2502262257
2503401425
2536949697
2522252097
2530706257
2530522929
3067391521
3054807585
3054807607
3055008279
3054944022
4132885814
4141269030
4133437478
4131192866
4131132434
2000567298
1898854402
1886260530
1890190898
280691266
297415362
295400386
64614850
50986178
1124849842
1129044386
1137302435
1405746851
1367932593
3515414197
3519608468
3502896772
3234526848
3235545008
3227216864
3227068896
3294113121
3294176561
3296407859
3304788259
3304665890
3304813362
3439064898
3447446850
3464202690
3472460242
3472464370
3468295650
3468289251
2394480801
2398675361
2390253984
2386061216
3476565664
3441179360
3441302129
3443923459
3318099458
3319211266
1171469570
1163333650
1171738674
1153953810
1153889347
1087292609
1078955457
1074761681
1091419809
1192013473
1175430801
1175365505
1179566977
1180664241
3336352160
3336364512
3604800992
3353308484
3311356676
1163660068
1163668260
1163667748
1163667760
1197288723
1189048626
1188991346
1457422802
1451131330
1988003266
2004781506
1701808962
1681754643
1681762865
3829247537
3828658737
3828675105
3828638305
3827574759
3848539555
3840215474
3840219570
1688541362
1688549586
1957116114
1958094930
1421224962
1152527618
1150428418
76680963
76631811
99732241
97647409
131160433
122771809
122755553
122911217
123173361
123043251
123174291
123174339
133680067
133679955
133520177
132475697
132459312
115682096
108362032
104725792
104721697
103742722
1177210178
1181469122
1198246290
1198250898
3354123186
3349887986
3349748530
2209159986
2192391458
2192325922
2192321827
2209099041
2179746081
2163001712
2154613105
2150226289
3224066419
3224074610
3225057602
3239738690
1091233091
1137434945
1133048160
1137242592
1128854496
1107875808
1107876832
34200560
34192352
34126304
34322896
34257344
302693696
1376425280
1931117376
1635488624
1681502832
1681502832
3828986480
3827929712
3827930080
3827889060
3828093612
3983279788
3991739033
3991747483
3991746954
1823226266
3970250938
1839413406
1840394382
1840390286
1874010254
2140217518
2140153326
2140204998
2072030150
2073082438
2056435478
2127737654
2129899814
4272980007
4277182516
4264596496
4281400368
4247934993
4231399649
4231400355
4261284514
4122872466
4156493442
3585352322
3587449475
2513724129
2492823137
2492497457
3304074003
3295750915
3295815939
3446020354
3447130162
3447524403
1224414257
1224344848
1224409360
167318800
157824784
187645696
170268480
170018176
169066880
167805344
167818145
167814051
230733730
494967206
360815030
344102998
339916806
289585158
286435334
288813063
322351127
1400799271
1901953315
1900839715
1909229282
1909231266
1900841650
1900842626
1896669058
1359904642
3506847619
3578150803
3586272931
3585093347
3567266611
3298831107
1155803395
1155803395
1156000787
1290157331
1282282771
1299055379
1294615298
1294648130
1298825922
1340834434
1336640402
1336522674
1319746993
1319741936
1323952352
1332258976
1329113248
3443108320
3694832080
4229599168
4116422336
3856248400
3889800720
3862672912
3862528624
3862463200
3861406368
3861652385
3861657507
3861646758
3890481574
3819247798
3786750166
3786745862
4053084166
4053084166
3549702150
3552847874
3536268338
3532017970
3532014531
3263578560
3280422272
3277081984
3306441104
3306637808
1142819632
1161706256
1165962768
1174220560
1207904016
1207838480
259923712
259985152
259985152
257756976
257765152
257764656
257898752
226429185
226348305
208244595
208256882
149667538
1223269074
1240046034
1240045778
1231657170
3379140786
3387553970
3383490722
3383490723
3450367393
3483905440
3488099232
3328707504
3324775296
1177427840
1177428608
1177428608
1114530432
1122497152
61178496
31819476
14977556
6588988
6592813
6350894
23095342
52702270
52695294
19202494
23986846
16646790
11416197
11358848
12359569
14466275
1149021218
1144825890
1412212770
1412213042
2083433010
4243504658
4239033858
4256858625
4290413056
3212411632
3208151968
3174592928
2755143072
2755210724
3829017076
3833211893
3854203877
3888073207
3870574791
4071914694
4143336514
3593864194
3591771138
1444750370
1444684834
1188898594
1184507426
1184502291
1184498176
1203253952
1207464576
1161417600
1076528000
2787200
2788224
7064464
7293840
33364960
66857761
47982881
47982881
39599395
39585059
56361267
22941955
22950147
3814403
70910979
220941651
258689522
241916850
250346162
250215090
262781586
262774418
229482419
212711347
1290641843
1290642355
1282388883
3429345203
3303387123
3320163058
3316099683
2242230883
2380585571
2372168227
2373201443
2406760227
2404718387
2278888818
2279552498
3355383026
3321828594
3321696435
3300864131
3300909185
1154851009
1142195249
1142197281
1142201377
1142205745
1142271233
1159118595
3310784259
3243675459
3277770691
3286206355
3283915681
3535578017
2459739044
2459734948
3000274852
2986642348
2986642412
2719255084
2736167436
2704713295
3845546574
3844420462
3844342126
3877962222
1730285758
1734484106
1709384954
547363051
548473049
546379913
814753929
277932425
282373579
55881931
39092427
39157802
41861166
41862434
39734050
66984466
62798338
1136541186
1202333442
1202332930
262804739
246087953
250151217
241762592
170472224
170603280
220926720
204280580
208475420
208521528
216369528
212310488
78100872
77896603
95731626
62171050
49583018
41259962
53662618
20083594
1077027214
1077289396
1077174692
3227820388
3227820324
3521425708
3517228844
3517234989
2444007982
2444140094
2511257390
2515196718
2636647210
2553810730
2553941290
2553951546
2566529402
2578002138
2577936587
3651674312
3383242952
3387430088
3379051976
3374922056
3375069464
3375003913
3375033163
3408654154
3412631498
3421013962
3416818586
3416887738
3417027003
3383468523
3387662827
2305466731
2302325099
2306520057
3388646392
3388647352
3388717752
3388525240
3648572344
1495849896
1496112568
2032636360
2066911448
1798484328
1796383016
1849729836
1858119181
1845542469
1845533399
1862392503
4009967543
3976347559
4227997095
4241624486
4239526070
4171372742
3634571330
1486891010
1486892290
1223697682
1223700754
1217474834
1217422642
1221649714
1220656387
155426113
184785345
168008128
168008640
167877584
167869424
167984112
167917936
167917920
172113248
197279088
159546689
159571267
163683651
163616115
163624419
1505796321
1530966113
1497411680
1497609552
3645028692
3645045028
3645012260
2571319588
2571311404
2378373948
2357331468
2374107661
3481522694
3481580070
3465848354
3738996002
3728246818
3727399026
3728385234
1580900482
1580900482
1578803331
521814145
356195489
339614115
879561378
900479650
900541106
901524114
364652166
347415173
347271812
1420984980
1420919428
350258884
350263844
341879584
341879075
387995958
388175890
1193417762
1181090850
1181090850
1190528322
1320560450
1320629762
1318336002
1339303458
1333079554
1308499714
1307445506
1286281522
1286306098
3433683250
3433598259
3433598753
3320364833
3341329761
3325801841
3258620992
1130006592
1096452160
1092175984
1092098144
1074273377
1074343777
1078603361
1355492963
1351097939
1351109313
277367488
13159360
21559664
50981232
51047760
34237776
34239856
34133472
34112992
315196833
1120640402
1137352066
1137351042
1103796610
3251280258
3251288466
3251300258
3251233762
2160649186
2173285283
2441851296
2173286324
2173239220
2236144564
2265729684
3340638868
3323865812
3458083828
3463917027
1316028898
1316028530
1332809810
1299329090
141697090
139603010
139557187
146864481
138439009
138438944
138422561
138426657
155203874
188759330
172112146
172104002
172104066
180673970
176993698
512536998
529310124
512270760
916033960
373002744
371950872
372216840
321365000
287812632
807570443
807586826
811780362
834063355
865389227
914672281
377933705
382104456
374550921
389034349
354443565
354476839
1440999203
1436661553
1470215696
3618739968
3740507904
3725762048
3474126336
2299676160
2287076880
2360804066
2359624354
2360084130
2360087970
2360085666
2359826598
2410166422
2414508162
3446335682
3442125888
3426260224
1278780192
1278911280
1144693008
1144954896
1144955968
1144953024
1161726080
1160759441
1161812897
3443485347
3455921827
3432527538
3449303794
3485233778
2394448738
2393497890
2393497890
2666111331
2598999393
3665337824
2591591904
2589764960
3659310192
3659461713
3675713733
3709227463
2618705366
2618429398
3703967446
3699854039
2625986293
2625961701
2626967284
2647942852
2673174485
3725948917
3726079461
3591770343
3612741863
3579183302
3570819142
3572908046
3572973630
3564395566
3296487470
3296520254
3313432590
3445544974
3445280014
3722101070
2677703646
2677768862
2660995743
2663166949
2591862245
2319239397
2334001379
2299930866
2283154546
2283156850
2287867682
2292061730
2308650530
2310616594
2344105474
3416843778
3400050195
3404242400
3404237988
3404237988
3396046004
3391849636
3391984804
3376383124
3424038284
3692473052
3691424349
3695684117
2625939988
2625939972
2509749764
2543243780
2276901380
2465514020
2457649956
2457649248
2482816163
2482298018
3553909906
3512064130
3490084994
3506845826
3507890306
1897277825
1899375232
1910967968
1940670132
1672242885
1940185678
1940185662
1403302182
3513102374
3492261934
3559375886
2485464079
3563530511
3571874591
2628188719
2629761582
2680146750
2660798238
2660795710
2658697278
2587463742
2587467838
2587402335
3659063519
3659227349
3661246717
3694789628
2095710936
2091517528
1554583064
3706469913
3699124793
3694947961
3694981083
1413260683
1954059658
1958249627
1958380696
1975424152
2008988888
4131306728
4131368040
4131302425
4130776091
4128698394
2115489918
2115457406
2115371374
2120089966
2130579814
2143105318
4257030454
4243398662
1550791942
1550718214
1560161798
1555500630
3702857431
3569171157
3569105620
3573291668
3548125852
1115496092
1115504284
1124012700
1123881660
1121190575
1096049575
3490767335
3492913459
3492843779
3495995139
3235949315
3248536083
2279848466
2254633474
2388819458
2414215682
2410021666
2343317986
2309489058
2309489826
2313689234
2301114498
2334668994
2401904834
2401904834
2406099395
2393581011
2393511824
3467314832
3471312528
3462925968
3475721088
3475950464
3441858944
3442910608
1278451952
1277403408
1277272848
1277272596
203465261
477143594
493939242
1062254890
1044486186
1044551722
2118555706
2127989770
1071415370
1031585865
1010712777
471732441
471736808
474358504
411174632
964836984
427895371
1535126026
1539320378
1262488362
1262545930
1237492746
1233293578
1233289482
1535152506
1602528235
1602529192
1585758124
1581768620
1443808684
1444856252
1446928516
1446465716
1446372836
1444201751
1454883079
1454809861
1472127756
1421861644
1556013832
1285485320
3432923704
3431810856
3435952681
3368839786
3360680298
2555689210
2639562970
2675412170
2666968202
3737035146
3735007627
3734868153
3732770984
3661418728
3661395180
3661507692
4215155812
2021010455
2021000198
2018968834
2018711314
2018768434
2027140642
2022946418
2072030914
2055253378
4206931073
4194416816
4194482400
3121002596
2869345060
2908670500
2898152996
3166504500
3166446149
3161989831
3027776162
3028030114
3026978210
3035366578
2494370994
2494379154
2494510214
2511301767
2247093445
2238573765
2238225780
2234103092
2502612788
2506809116
2641256220
2649717532
3748494140
3748494140
3727514428
3728164157
3728134461
4262908285
4262965695
4261720510
4261732762
4261473674
2017586058
2084764554
2093145018
2093140394
4241607146
4239445864
4272993304
4272989192
4268810248
2117083148
2117087484
2083664108
4231149292
4239527660
4239526509
4238363197
4239452701
3165694477
2641406237
2639312911
2647825422
2626860046
2626072606
2487578670
3038511150
3071804526
2990146990
4071231406
4071238540
4138220428
3597151116
3610782088
3577358776
1427778537
1947921131
1955568378
1703185099
1702923976
1686143820
1824686860
1813164844
3910186540
3943736876
3926961668
3925913108
3926031652
3927055460
3927051492
2867989668
2930121876
2931178692
3199610180
3214353228
3214156300
2676236812
2625906201
2627032635
2358660954
2363444570
2354332906
2350121194
3423879386
3422970314
3427148682
3435540106
3452185274
3456117482
3456117738
3389143371
3389180937
3389161480
3401752584
3397558280
3650265356
3633754940
3633808109
3635709615
3707015086
3692334510
4228148398
2097160366
2130780334
2130845870
2135031978
2102526090
1028858634
1012081162
485633547
347159048
77609480
1151347208
1285761544
1289882120
1218776584
1219756920
1270100968
1251746730
1251549610
1251500458
1251500202
1243136174
1245298846
1243324814
169584074
152742346
135965643
404400905
484350729
480152329
483689240
483697448
893690664
906293736
906244520
906243496
839264680
583408040
1921386923
1938114970
1904526730
1905557898
1899266394
1881510714
1881514794
1898292010
1902225198
4058154262
4059204614
4124232742
4149472359
4285590757
4285689029
4285679045
4283565764
4275177172
4291888756
4283709037
4285802223
4286326767
4252771823
4261225661
3717743759
3701011599
3701453981
3705581021
3697257741
2640310045
2541088541
2532699964
2532769068
2533283116
2533180716
2549896508
2516342060
2497409828
2497336100
2493202981
2497516086
2497450814
2220622654
2220622122
2216627514
2216560926
3290314766
3423483918
3427678222
3435949326
3431752974
3448620302
3483272462
2399049486
2390411022
2318010198
2322207574
2330857814
2326663535
2327597548
2344411628
2308743656
2362752472
2379528600
2639640984
2673322168
2673323179
2671088810
2637464746
3174400174
3174486190
3174180014
3107071406
4180813566
4227208790
4223079958
4189533718
3652533767
3635686917
3639881220
3375633932
3373651724
3372723724
3678711308
3687098892
3682974492
3683106172
3683038335
3649278190
3628105966
3623927982
3624157358
3624277414
3640798886
3644992166
3682732726
3682733702
3753905863
3753908037
2604687701
2604687636
2571133748
2311152444
2579756860
2575562524
2642542396
2642442540
2675988972
2675984808
3737471417
3737460122
3729077402
3725594794
3725672618
4279419050
4279431598
2131943902
2098242318
2087756298
2020647434
2020654875
2020735805
2020866348
1483929900
3631405356
3629304092
3628464460
3653562316
3670521740
3666260892
2592518580
2592600501
2659578279
2663698855
2655310246
2673164710
2538820582
2538828790
2547218294
2547218966
4149246486
4065356566
4065389342
4128766238
3881235486
3881209886
1729527839
1729396763
1862595851
1863076683
1863060315
788990958
1829117806
1841443182
2038571118
2038685774
2038472783
2038472783
2072027469
2076415309
1774361932
1765972232
1765980936
2030213897
4211526425
4262808891
4263267435
4263253226
4263249066
4269539498
4273864890
4139659658
4121821839
4105061007
4105172623
3573409439
3564955319
3565021175
4118668279
4118602726
4160545647
4160616319
4152219519
4150124349
4150089533
4082988861
4082464573
4048905021
4099236125
4099371039
4099362846
4099359774
4099364158
3502595582
3503054590
2441891486
2474905247
2542083741
2546300573
2512741053
2508481189
2509595621
2509333373
2511364477
2280662325
2272271709
2250446975
2518833407
2520152319
2524117215
3606312335
3606155727
4140859871
4149249003
4145066479
4145062255
3843073407
1694542895
1694758957
3847387183
4115793966
4116056078
4151785486
4152309774
3747551550
3755810350
2676819498
2676494906
2676498970
2408112667
2408113805
2409139852
2272840332
2234088124
3309009580
3342561196
3613123756
3613057196
3541745820
3510337740
3509429260
1898292492
1898229516
1617280772
1625530132
1625471021
1617078319
1617344558
1628866622
3775301646
3808857102
3792094222
3792064558
3792056366
3793170542
3797877230
3802072046
3802076846
3885964990
4154269406
4120452815
4120458957
3583534797
3579375308
3575184860
3607747036
3540769244
1913576669
1913574541
1913573517
1917804703
1917673663
1934520766
1900946366
1347302078
1347225270
1356616374
1356690046
1354592830
1353503294
3517768511
3517769501
3622675725
3614358797
4247697693
4247685405
4252928973
4250831501
4183279247
4180951710
4214231774
4279243770
4262465898
4266664298
4270088298
4286901375
4253415645
4253464780
4237212108
4241395660
4229924828
4229936092
3960910669
3977741085
3843342637
3826312493
3829529900
3972517164
3968204060
3972066572
1816259852
1828975901
1862489405
3993063799
3993063911
3997389285
4005774821
2931902964
2931849796
2931845636
2927716876
3196288540
3196270109
3196195343
4270135086
3733208110
3738437670
3597928486
3593799798
1377178822
1377181830
303440270
274080398
282526347
280314507
280790665
821861081
819837563
818719531
550283563
550287465
541885513
1611501769
1611501769
1611650297
1611582699
3763232491
3771608811
3885903598
3869058783
4271645583
4271186062
4270071950
4265869470
3741581550
1476794222
1477328430
1490692670
2025335302
1488464390
1488480775
1484303877
1245230597
1513783620
1511962048
1510388800
3657739360
3657480672
3657481184
4244814464
4228030081
4232234627
4240851590
3033879206
4103353766
4107287718
4124059822
4149225630
4115867791
4111608205
4245826447
4245831566
3708891518
3715309614
3588378670
3584082974
2510353422
2510335246
2510337814
2644686391
