360226216
1467661721
1459269001
1457503625
1390261657
1390186681
1390268585
1389785257
1391878313
1387667629
1387667693
1123422461
1123487989
1383416037
1379189093
1395966311
1349816598
1349816582
1358271246
1358279198
1895087678
1886698038
4034239030
3761675045
3778460452
2704714516
2805313028
2805375492
2805383684
2771829268
2774975012
2779562596
2779534948
2779535076
2779545597
2817293823
2808905215
2808968639
2804905407
2943234495
2951098815
2917601691
2913416346
2913287322
2917169306
2918279674
2918345178
2910251466
2910317002
2941642059
2950025545
2950156616
2950668600
2950668588
2917004077
2908603199
2772288046
2755482158
2704216938
2704219626
2704214458
2704083098
2972584078
4058912910
4054723726
4038997134
4039004367
4036485325
3519341500
3552895652
3553022596
3536208516
3537240780
1406473197
1399857642
1932536874
1898981418
1903376426
1903167498
1936731146
326230282
326271242
332890138
1371898090
1405911211
1405916329
1406055849
1473165196
1473176460
1475760797
1475752607
1475753663
1467363311
1467231534
1465134382
1464886283
1465045001
357749001
273854729
810656057
809541929
809542955
1883282794
1346407658
1359269118
1342590158
1342577870
1074146374
1087843366
1085551906
1085543714
1084560179
1084568321
1084699136
6689280
86381056
86389248
86397440
124240704
124618193
124624273
120437137
124762513
1198373776
1198300032
1198301072
1181523888
1584248756
3727664805
3727663845
3728729059
3594346978
3598541282
2533126243
2533113957
2528985445
2529120581
2633987397
2625529159
2625555719
2632862998
2632928574
2632797486
2632721710
2632721198
2516324654
2507936095
3581419977
3581485448
3562741656
1148795832
1144535736
1144601256
1161456536
1362816908
287867341
300187983
299929887
820093223
1902289207
1898092293
1931646465
1915990561
4063273504
4128350756
3809784356
3759456804
2689355301
2689358373
2690542199
2698864999
2700896486
2779598278
2800632262
2800665031
3069100359
3070030119
3070025765
3063734565
3063701783
3063570447
4133101599
4128967727
4145875055
4095543535
4095613087
4099815567
1889434767
1889494415
1956442510
1960178142
1977086326
2010575206
1985279078
1981080807
1979999719
1913090471
1934574501
1892500135
1888338595
1888343795
1888481235
1959652162
1952312594
1964895522
1981805874
1981731075
4131307779
4129276163
4133241127
1984708901
1993081125
2009792813
2139758861
2106204425
2106138649
1552493609
1419458665
1423575545
1411013261
1411350157
337442445
339526285
355746447
372720543
372642286
374748398
374746286
383724710
379135158
379138454
395957142
366842806
366781351
366781413
895263205
929015125
924237573
1981201925
1985054263
1985189431
2001962526
2010284830
2010349870
2010153262
4115702062
3826376975
3826447631
1678949645
1678948637
1683134757
1690798436
1690798532
1678226885
1712816325
1712685271
1714798823
1714938086
1714938086
1716609190
1716606374
1716590502
1741756086
1741763262
1741759230
3885048574
3884987998
3885055822
3885050126
4157810958
3046254862
3048357134
2494764830
2494628430
2509263439
2509263439
2513486655
2513494317
2505221165
2505223197
2639698965
2505559301
2538982741
2534790623
2534893023
2534827511
2539013559
2547467685
2547469796
2547383780
2530602324
2530599940
2541216004
2541216532
2507530788
2440950372
2432520935
2430419694
2447115950
2983987886
3009153198
3009153214
2470394062
2470324430
3543542926
3547750542
3545686926
3554132878
1405387710
1388610534
1384440295
1384506613
1385622612
1398170660
1362502692
1344681332
1344668996
1344696068
1885796869
1895270917
1890884397
1943317805
1918149693
1918337036
1916174349
1916715373
1985856493
4133274351
4157556462
4123940558
3566168030
3570214910
3570216246
3570215190
3302959362
3302893842
1155480882
1151147299
1155335953
1155465985
1149110017
1149110016
92159744
92151553
91164417
225248531
225264979
158193107
158332403
233815539
233676209
267230609
250451377
241546673
103135155
103135155
1177007762
1180024754
1447346146
1577364962
1577364834
3708075302
4245062966
4257662238
3213281039
3213280781
3213848076
3213688364
3217850092
3175890600
4245425832
4178319000
4178322872
4190905513
2140079272
2139553960
2139426968
1564479624
487714952
487826568
1024697736
1024699789
889297119
927045663
927045663
659667998
657570879
640913455
640844079
775062319
777159469
1850799405
1862331676
1761671180
1745078540
1745276220
1749473068
1757856572
1775026716
3922518620
3947651708
3930940137
3931076331
3931053738
4006549930
4006545594
4292806794
4292762762
4258681994
4241899914
4099297754
4099232634
4101264218
4101273434
4109791210
4256623594
4256619006
4288007679
4275093725
4266705117
4262514764
4266840076
4266815788
4268762412
4266667308
4283510636
4250015453
3696363151
3704750734
3570599582
3566223038
3569381118
3569381206
3586194710
3586258198
3621041203
3621031985
3614744625
2507513905
2486670353
2486600961
2490795521
2499183104
2629288497
2650071589
2650038821
2673107500
2668897836
2669092713
2639661561
2639612121
3186903257
3220557001
2683819211
2683629770
2683629770
2673139946
2673304814
2635490542
2635490782
2639685070
2650165591
2679620453
2679493476
2677322612
2660545397
2664740693
2673145703
2671575014
2638143462
2503888854
2491303894
2499610614
2516322278
2549888502
2547787207
2531075205
2531077268
3604830388
3596376244
3612728468
3612792004
3612799173
3612536837
3742490647
3742425142
3742422326
3708839214
3692113710
3695388526
3699587054
3699528702
4236694495
4102543260
3566522252
3571236812
3558648268
3577653724
2536946140
2536963548
3073756952
3074410041
4143892013
4139603501
4273743405
4273480285
4277674463
3740807343
3749249198
3694788782
3694788742
3694818502
3699043650
3699175186
1560079650
1555883315
1555886099
1559678977
1299632129
3443441667
3443409923
3443477795
1333619490
1342138914
1325283842
1324289795
1340933889
1307313408
1281885536
1282089312
1283072992
209593072
209658560
205337537
71107393
86574387
90901859
100366819
96070067
100249491
1207545730
1181321090
1189971858
1185777299
1185777329
1186829857
1190954529
1182589472
1194598944
1161044256
1144332321
1149120545
1157563443
1151075331
81527811
73352307
69129667
85917123
123665795
109037955
107859330
124607922
91182515
99054483
82272945
83321585
83321697
74806049
90566961
90551601
90549521
86355201
119911699
119915859
124634579
124634547
242218403
250607011
1323824563
1323693521
1323693521
266432849
266416401
233906481
233906977
215033635
206645027
206776147
206964162
223806850
259343762
108846482
108912531
107990931
107956179
107954961
124735793
91042081
86843681
70197553
74334481
74367763
82756371
82806034
216896850
225285618
1332518322
1315740082
1315736466
3740113586
3740244659
3739729555
2665722513
2657198769
3195118309
3195053031
3192971623
3201361255
3218140519
3184783207
3184983925
3218591317
3059207764
3061698356
3061699860
3060589588
3068978197
3194876983
3194344550
3190283366
3208010998
3174456518
4231421126
4231421766
3966949894
3975281206
3987799606
4021348119
4021346583
4291878997
3209818197
3172192469
3155318261
3155564197
3161855649
4109833907
4105508535
4105441975
4109644438
3572770226
3572512227
3572579427
3572640787
1168256003
1168452611
1206133763
1172665347
1164334083
1143357699
1143881987
1282294611
1282364019
216887907
216818291
233596787
233658195
99435795
91178289
91059505
91088243
91087219
1198372307
1189975443
1189971346
1122995602
115838130
107467923
107213971
107177137
107050417
108131809
124839712
491823648
475046432
1548792352
1548779824
1565622288
1599246336
1578296320
1308829696
1325799505
1296440291
1285426914
1287194338
1152909938
1151869506
1088954882
7037442
19592962
57312514
40600899
40600019
1114476787
1110282387
1379701907
1444713649
1444781473
1447992993
3595482865
3596526325
3613254389
3577504373
3695125109
3699315685
3707057639
3706989799
3706989798
3704962246
3696696518
3698802118
1307981778
1303795538
1168589634
1168491331
1168429395
1173676513
3308560609
3308758369
3308696913
1194760000
1198966272
1432864257
1432733185
3580216881
3580225377
3580162017
3756322273
3740654993
3740781955
3740763523
3740767123
3740775411
2666898417
3203703653
3203720037
3195335973
3195333925
3191139629
3210084141
3209910109
3176298319
3176298319
3176355167
3159442791
3167802727
3167878262
3184720983
3084055623
4141061191
4132541509
4262704213
4262696021
4262714485
4279434293
4283628853
4285977893
4160208935
4143235126
4269039638
4269105270
4262946151
4279656311
4283846357
3185035892
3180710516
3166002709
3170188805
3094625799
3161730902
3170315750
4240381350
4240246182
4239655334
4243853734
3698602406
3713020350
3708871054
3707806150
3712003334
3712002310
1573099782
3721574662
4287806727
4275209477
4267081733
4262891845
4279677381
3205928949
3172370085
3177176741
3177045749
3040204757
3044372949
3044307445
3052687461
3036106869
4109836669
4101055853
4101059965
4034071901
4034268637
4041608669
1910840797
1944337885
1928605149
1995784189
1458771965
1456674767
1456542415
391332559
357823182
340910702
1422959470
1421914990
1556129134
1572908334
1606658111
1606596639
3720521757
3720527133
3717371660
2681373260
2681242204
2671813356
3208685292
3191908076
3192127079
3058097766
3058091878
3059172150
3075821878
3052884022
3052879926
3052912702
3048725566
3086350365
4134844492
4128553036
4262959308
4262902988
4262899916
1846972620
1863762124
1832304877
1815605733
3967148519
3967149927
3967121270
3975501430
3975509622
3841287798
3841291895
4107753173
4109849285
4101837511
4097643207
4097578471
3028026598
3053198574
4156373118
4139657550
4143853390
4143920910
4135342366
3623637039
4126953517
4110233724
4110360668
3563021436
3563021668
3579213668
3587687388
3579069388
3579069389
3562492879
3564525279
3572948655
3589794735
4155812783
4143233439
4143222155
4134835611
4134908411
4135035770
4130841406
4130705726
4130730286
4080328750
4046810222
4051097839
4059482356
4126592196
4124564932
4107662276
4101333572
4101337652
4118237735
4261360422
4294915382
4286396694
4269553686
4269611366
4294904302
4290448062
4288365198
4288275086
3751342733
3751322556
3747144172
3709395436
3694763500
3157952876
3162147116
3170535740
3170405124
3168314884
3159925252
2623271427
2623164978
2619212322
2619081570
2625373666
2625374434
2633893958
3719170114
3735959619
3735317952
3739541952
1584718228
1595183524
1561362852
1560388005
1560470007
1560470807
1564661014
1574162742
1574293558
1576366358
1551307015
1416495887
1416496703
1433292527
1475148781
4142721949
4142705037
4142771596
4143945100
4134900376
4134843128
4145390140
4111983148
4095107629
4095681069
4095488039
4101780526
4110157934
3053324526
4160637070
4143896718
4142848398
4134389390
4134294238
4134302442
4159468395
4155335017
4156514601
4158417961
4133279769
4267034633
4261840905
4267093065
4267106377
4261793993
2130997468
2097422828
2080776684
2084971245
2094400105
2094465593
2090087995
2090085947
1955868186
1976839690
1976575498
2001999370
1970538250
896795930
895763770
904711290
871210234
867022074
871216282
862818442
858624395
858231707
556184571
556200939
891707755
895824169
905257001
904339481
937894153
904270089
904267577
904273705
899948395
883185099
901050827
937746891
862228937
1982103993
1982829992
1987035048
4134518456
1995292296
2012059272
1433367192
3572310712
3571720891
3567522474
3567321322
3567333482
3589354538
3547473946
1379067914
1446160394
1462937610
930135370
930383194
929333626
2003665274
1988014186
1981194346
1981194282
4144476282
4110844378
4244799994
4232246191
4240565165
4257276845
4253409700
4287013284
3217458661
3218573173
3042346775
3038690823
3021860358
4095567366
4097779206
4097708550
4096721206
4100456738
3567780899
3567780897
3567989777
3300598784
3300860928
3233752064
3321824320
3317630144
1202670976
1185795472
1320025488
1319485361
1323612067
1323620002
1315297190
1315427222
1315304886
1311830502
1311793638
1309680118
1326539078
1325555970
1325561106
251810850
255937570
264264786
261156290
261449089
261501824
223744896
221643648
204882836
70500788
70299948
82879788
82880813
350267695
341948702
1432525070
1445108494
1449297678
1450410766
1450349342
1446134047
1580335405
1597440301
1546985517
1551314287
1559640558
1555438030
482216846
212357006
229147534
262701967
245924252
266965244
258516076
254321700
238611492
238693380
104731649
108921107
116261682
116347698
133026322
99324498
351961798
352030343
351898247
350849669
355048149
926465660
1916314412
1916330284
1916481576
1933193256
1899503720
1886921960
1891245481
1889147577
1888361097
814485129
294389385
331612809
55907213
64385533
32727341
1089593381
1357947191
1358012691
1425187091
1415754001
1432781057
1466335491
1449559043
1445430290
1579532322
1580519458
3727978790
3732924198
4261346934
4257151638
4257135494
4261395334
4261197702
4285305734
4281107094
4013790142
3979735983
3979665839
3979665583
3983828141
4024657148
4024657116
4024587724
4016263004
4017213308
4016111144
4016107064
4024493656
4007781961
4007908059
3999384555
2925582315
2943415787
2943415803
2943595802
2951853322
4016104730
3982550298
3978425658
3982677290
4016227370
4016227370
4025601083
4017148955
4017218569
1865606169
1869804569
1869796377
1836242009
1836275065
1834043257
1834174073
1834157689
1834161789
1808873053
1875912285
1875912279
2144417399
2106728179
2089950930
2090278594
2090098626
2089086402
2089264322
2107028546
2144769090
2121700546
2117502147
2116452547
2116468947
1982021859
1998655651
1966088355
2096112103
2091914087
2091910759
4239463959
4239470095
4239485453
4260620813
4294433292
4277636876
4277509948
4273772268
4277977836
4292657833
3982291627
3961512618
3960988590
3960861102
3960520942
1813037310
1699869790
1708387406
1733487694
1732439246
1695743182
1695735262
1695733758
1683146478
1708312302
1704183806
3853637454
3891390222
4151537422
4147264798
4147328294
4147197222
4251988262
3182440750
3182498094
3182891327
2679403836
2679962884
2679942404
2673708352
2635957696
2635637200
2634916848
2634982128
2668540656
2655434480
2663839441
2655114817
2650854737
2667861027
2618580007
2622889014
2631802182
2629711190
2629384182
2629318646
2627220918
2495100322
2499360179
2499368339
2490955155
2489115027
3609059475
3596546177
3598635073
3531522049
3530409233
3526163747
3542413095
4050120487
4050050614
4159161878
4143219230
4277441295
4277522701
4269274380
4265077020
4264880428
4265404716
4201635116
2884273420
2881126732
2851832013
3118043293
3159945645
3159942061
3159975597
3160026797
3176793773
3176662701
3185059821
2650547557
2629768501
2495485191
2494967046
2226535686
2230652758
2228506454
2220154818
2354505154
2362893634
2379739458
2404696422
2387920230
2383926646
2383863110
2383936838
2382753142
3460621670
2672276855
2648085317
2648151877
2682042197
2672602981
2601298725
3138304805
3143536181
3109979669
3093100119
3093062262
3093049958
3088331494
3088332774
3088332262
2605974758
2613380310
2592554182
2592484551
2592566469
2592472133
2346501204
2304558165
2304488901
2556077509
2556078069
2623209397
2623201205
2623260565
2618934677
2635911605
2635919797
3745507319
3744916991
4286049647
4285857071
3212111135
4266716429
4266780429
4285715229
4285711165
4260790588
4243951645
4243960861
3981810749
3977615404
4011825196
3860760620
3860766012
3862946380
3862946508
3879604932
3777888916
3781558948
3773040292
3769371557
3769375183
3770558670
3770558542
1639725102
1639714878
1945907214
1935532110
1931252174
1930212334
856458223
856458171
1930335147
1917777386
1917730106
1926113546
1389242634
1389243674
1386095914
1471680842
1421361610
1421459849
1425704344
1417330600
3560745896
3560746968
3711741896
3744790346
3749016410
3715576698
3455464314
3455463802
3348500778
3331731754
3332120686
3332120685
3332120700
3336327292
1178125564
1161336220
1144694156
1142597068
1075494220
1088063820
1356630316
1348245804
1427945772
1461710204
3609126221
3608568783
3579184126
3583312878
3516138350
3514832686
3514838830
3549620055
3549619197
4069630908
1917890988
1912635564
1912635804
1912651148
1912650189
1912653903
1913014302
1930836030
1360406590
1375087646
1354113294
1354113806
1083249166
1098908207
1098908205
1132729901
1183132204
1178872364
1191500596
1157929812
1075222976
1480064
1999232
6259120
6131872
1092595872
1394516144
3527320785
3527380177
3525810659
3546802915
3556076131
2444570211
2444574321
2444232304
2513446688
2513450272
2498770208
2498835728
2498917632
2494721536
2494756353
2626798882
2626744610
2638238566
2634023910
3674354654
3674350282
3662029770
1519263978
1519133930
2055736409
1514671176
436743240
436939848
454649160
454608200
993575257
997769595
1031389531
359240153
292132761
292134841
300548024
300546744
334101176
329875385
313209785
313196987
313196731
313393323
309211306
304947370
304881898
321217774
321219014
325417302
325417334
291862838
291862838
824539446
879065878
879065878
1013283607
1013283607
954596119
971111191
962980629
963996437
961932053
960878901
960874813
960862591
960870783
423999966
432388574
465942942
457554846
457553566
465941150
159756990
428323518
411546541
948417708
2022160556
2030934052
2064418820
2064488452
2048894980
974840076
974787340
960102924
947520028
951715437
683158249
681060970
681060938
961030474
1510877258
1515074586
1246035994
1254379610
3401887835
3666125049
3682903288
3682975404
3113073340
3113204388
3113073316
3146627748
3121447588
3189605029
3189752551
3189707374
4265549886
4265484350
1999517758
1953368094
1890453518
816715790
329914382
313134286
48763022
36180110
36376734
1093284030
1076510630
1080634022
3232250470
3232315958
3232446982
2225680902
2376868358
2393649702
2393686567
2397881253
2414643108
2305596324
2288901028
2284714660
2284846004
2301623188
2300557716
2333518084
2319363076
2319297540
3401428244
3401559860
3401418292
3418142244
3382477356
3361490540
3359442477
3358918191
3627486254
1477916714
2013734938
956770314
994453514
994453770
977746442
977607450
977550378
441283626
441446458
1523421210
1523355738
1539876090
3687430142
3649683135
3649683133
3649682108
3666451116
3733703340
3730512556
3325758381
3257600239
1110116399
1378555950
1378499598
1378544846
1378528463
1361750156
1344964996
1349225108
1357486772
1353431796
1353432628
1353298484
1390993957
1378361646
1378361390
1378357294
1361707050
1344929802
350881034
346693130
346634762
346679883
346602057
346601801
396925131
384338170
372020458
372019322
909045882
908996634
908996666
908734762
921313834
883630635
1017713224
480842312
480784968
212416120
212352744
216546024
216537848
216813513
217046475
216970699
149860811
200192970
183497722
175109114
175067995
170799899
170799419
170221867
175431979
443871545
458522936
458527096
465871736
495429368
361211544
361207448
295538329
299687611
327012010
304729514
304727210
308920490
310370458
305029258
305012874
305012907
305012971
271462895
275657455
284046079
279720567
11285031
11301414
15004198
15005474
15006514
14973234
15038770
15137026
1084668162
1084667650
1084659459
1101955840
1101890352
1101824608
1131188896
1127069600
1194325392
1177433216
103748755
103747746
103682210
103166354
115487686
245445126
245379606
228599341
216018733
216034600
208727336
141724937
148016393
148016587
433229263
450006494
986811646
978359551
974237823
705933341
705867836
704815148
704815148
704815149
704815149
705086509
725991789
725938685
734355965
734487513
700912536
700781208
752170680
744299181
1014827695
879561383
887950070
346889798
346886662
346886658
78590465
78537216
78571008
78624304
78485104
216831696
267162320
250381040
250401505
250474850
250359906
241971298
237572194
254414962
220868614
204349518
233711182
263138907
263011931
262933067
262934107
233590379
225245033
258782585
258838872
242127192
175018328
250523932
250523676
246330396
1319808068
1319806036
1315614836
3324608756
3341521652
3224064753
2154509026
2158568034
2158575202
2158500450
2158499874
2158495778
2158762034
2175744066
2164145219
2162105409
2160940353
2160973169
2160914913
2160914913
2160964065
2153755121
2153690577
3229529537
3291394497
3425677697
3425613185
3375283585
1244576129
1244576129
1244576131
3660561282
3660577682
3660578790
3127747047
3200033647
3197952621
3197952749
3197952764
3079463612
3076485805
3072197293
3007119791
3007053995
4063559851
4064153738
4062061706
1914643595
2002527691
836567321
838730041
887755017
879435785
1013523721
1009333513
1009347849
1013574425
1021897513
1034456059
917015435
922258826
913867146
909885594
842711226
307937450
333078954
1373315498
1356408746
1350053870
1366825774
1370180910
1370408247
1404035349
1370333525
1370268148
1374466532
1395426724
1378649573
1378651205
304987143
305040391
305069111
309259319
317385751
317351175
300561671
15340293
15336389
7013269
7013285
82522797
82785916
347019789
1554864669
1290598957
1290578479
1340910107
3731666443
3731718667
1585300187
1591538347
1586291371
1586291373
1452107437
1452243629
1984813999
1913424303
1913621679
1914602639
1916706959
573354061
573346845
573350956
573482028
573485100
573476908
573476892
590270489
556716345
607013691
611257130
745343786
771570026
805116394
788274570
788271498
779878794
645792698
922620586
918168234
2006527674
2010671775
1977151117
1960373900
1893312156
3768293020
3768292052
3770389076
3773403700
3760751141
4029207077
4029182255
3760730151
3760722983
3765044247
3773436943
3773439247
1622023945
1890323977
1923878665
1923894537
1928185163
1919927627
1919742586
1982657258
1965847274
2083263146
2087458730
2087460330
1559059690
1554963646
3701927055
3718685837
3740185740
3740176516
3597570948
3607077524
3600802468
3600114340
3600114341
4073988774
4065592750
4063233198
1915749550
1915756682
1932664970
825368778
811663690
811938587
811934521
820847384
887715608
883512856
346676744
480902664
485096969
485027339
476643034
493375402
511397290
377126074
1450853514
1450852490
1450885274
1459216571
1203298665
1437131561
1420321577
1353213225
1374244137
1374309417
1408945211
1400558923
1400562634
322691802
288944874
271110890
271099578
271099322
287874239
321424607
36670479
36602895
40538119
40558597
40558852
32137988
15348236
1089081868
1089078844
1089146412
1089034813
1089002301
1088993661
1374203097
1407759497
1382580617
1449951897
1445954200
1580135096
2117002985
2117002793
2121065001
2121065259
2129449274
2129448986
2063454266
2063183914
2061083690
2052826154
2051776538
2047717386
2047713291
705601545
705605721
705610841
693029113
676252137
684607995
953025866
945750346
943456586
942408186
2083329003
1551771305
1553935021
1553803948
1552755356
1586327180
1317852877
1318896141
1184661791
1182568495
1178460197
1143660581
1143655477
1143656197
1147850245
1303082565
1319707343
1323840222
1315439086
1311244394
1311314026
225062939
217719819
217787659
213397001
78147099
82368090
82364410
73959338
73957818
74158490
74102170
392869786
376092570
371897754
1449833883
1458541816
3601708136
4142243880
4133986360
2519113992
2503397912
2620793384
2555781674
2564170282
2561933870
2561933870
2561410350
2561410094
3651933230
3634641950
3634641997
1228159052
1225009228
151349580
151513420
185067852
453503308
990362077
994418175
466468863
466468862
1540210670
2077080303
2043525871
4186815221
4186807029
4186815077
4186815076
4186438244
3649518188
2571573869
2601454447
2601453679
2601191663
3138079919
3150566543
3146375311
4220101005
3649675913
3649696424
1481183913
1478036139
1479084395
1479084075
2032863274
992684042
736765962
719987722
988766218
997031961
997568808
1002807592
465936744
1539684264
1539673768
1250266812
3398286012
3398281900
2391632556
2408274604
2273975213
2173311151
2173651119
2157791470
2159855838
2163002847
2163050495
2171438063
2171437567
2171442043
2238566938
2234351130
3308071450
3441768986
3441768762
3626448938
3626399802
3627441162
3625112586
3636520330
3380668042
3380655771
3380715179
2608963241
2680266409
2671877544
2672008300
2680397116
2541862412
2542906892
2513567260
2500922924
2500922924
2484145772
2484407468
3033992367
3029813438
3080181950
3063408798
3603802254
3591354510
3591350414
1980737678
1980755150
1981699086
1983788047
1713777935
610676237
619056653
619125261
753220125
748961405
747908717
746597741
746597743
746613823
750844959
2093005855
2109840415
2109971479
2101580821
2101581073
2109977361
2093199633
2089005329
1552020497
1439069283
1430666471
1426458870
1394477254
1394489814
1377705878
1381774982
1390158734
1389110206
1389126078
332167082
835516330
831313899
1904707579
1938195225
1938264841
1925505305
1913970985
1913971753
1930786091
1897223483
1880572747
809944011
1892074235
1892059049
1908785065
1925491161
1925487049
1380227145
302488585
302965769
370040845
371089469
375279663
375320621
1457444117
1593480517
2147456321
2147333441
2105390529
2084419025
1815977073
1815972913
1815579953
1815516449
1814553633
1814422563
1831105827
1835292003
1835339107
1835474931
1709645523
1705451203
3852934851
3853983427
4126621635
4118228930
4101451714
2490707954
2499100386
2492807778
2492799586
2492799511
2241076743
2241081093
2240046453
2240079205
2240067045
2375325607
2413070247
2404683430
2389741478
2385624550
2654186742
2654186614
2654202903
2654136583
2654398727
2658315583
3203579183
3203505197
3203701789
2943661068
2910303308
2906035532
2889256316
2889190636
2889653741
3963551229
3963547101
3980328413
3984579965
3992837500
3992837244
3983922268
3984061788
3967215580
3966957276
3983759036
3992012460
2949666476
2932897517
2932893437
2798872287
2800905935
2792582751
2791341439
2808368255
2808415327
2775003215
2774933839
2691049439
3773177598
3773106942
3773045438
3768859054
3769915582
3769948382
3774330062
3774324814
3761020942
3761025055
3761013029
3760964133
1613382181
3760919077
3760722469
3764925989
3790157605
3785956671
3819640863
1672361999
1656629257
1654614281
1658648841
1649211723
1649212763
1645000043
1661775979
1661845755
1930412254
1929859294
1896296686
1900425702
1892031974
344341430
344337286
361114503
361114503
361118593
361187201
398770833
366002865
492012209
525505425
521249105
506520867
506522915
506490147
439381283
980696359
989213989
1005982997
970348301
954091277
953141005
944625439
944563519
940369279
2014111214
1498217966
1506598830
3649960878
3683646207
3666836190
2324643550
2328829950
2324586486
2324616694
2593100278
2660077814
2644283878
3164574199
3166602741
3170209140
2892270948
2753861996
2753861948
2754001180
2755046700
3845581100
3845586284
3845606765
3891613167
3891348735
3857797343
3847450831
1699946703
1699881183
1699877247
1708327211
1708197689
1842380569
1844537865
1844701705
1878514201
1878511113
1878380043
1743050507
1734657290
1731581306
1731655018
3778475370
3778508266
3782563306
3782563818
3790983803
3790983771
3786797915
3788894489
3787777337
3779392537
3808810329
3808949725
3808949741
3775362989
3846666159
3855048639
3838168735
3837909663
3837909919
3854696415
3854691807
3879855325
3875628237
3994117341
3994182893
3998359021
4008840685
1878200311
1874021207
1874033479
1878223623
1878224646
1876126994
1808882738
726686739
693189651
672283651
672275459
672271379
676416867
