1358699583
1356598303
1372392455
1380910421
1380959733
1376244661
1376227989
1376228245
1912640421
1916834727
1925226935
1656858007
1648534671
1644346591
3791886463
3791820847
3875715117
3842156845
3826690349
3830894396
3763782173
3759489821
3759952749
3760005991
3760010215
3780969447
3813475070
3821355550
3787740682
3787783691
3771001355
3770739227
3762350619
3762313738
3779070474
3775143435
3775143451
2705591163
2739149163
2739223659
2726769771
2995204219
2458857563
2458857562
2190286922
2190221402
2206993518
2207009646
2211207542
2211281238
2211281238
2211412342
2169469302
2170518358
2172615510
2172484423
2172484439
2172484439
2172516727
2172516727
2171451895
2171451863
2171451863
2205006293
2205006261
2205006260
2205006260
2205137044
2200942740
2172647828
2170223092
2202728948
2202708964
2203757476
2203827108
2164898709
3259612101
3259603906
3268253938
3259873378
3524110370
3525090338
1377082386
1379312706
1932961219
1966515649
1953924481
1953873298
1951788194
4099205282
4099205346
4099271138
3050662882
3050662513
3220467248
3203690036
3197402660
3197394484
4287655472
4258295568
4233329937
4233317683
4097262707
3577169138
3610727570
1997991299
2002185603
2002165633
2010549889
1979027073
4126523379
3849367523
3782256483
3781273122
3810784786
3810985474
3810857522
3810796130
3777241702
3764651814
3768846630
3769042967
3769579525
1638787076
1672783876
1660724228
1646034948
1646166340
1628340932
1611564756
3763248807
3771514854
3763121638
3758927078
2701976802
2735662562
2736677794
2740864690
2742945426
2751399570
2816808882
2816751538
2783262162
2783393107
2783915351
2783783175
3085789463
3064822069
3065896208
3065894160
3086872832
3078398208
3040731908
3024024132
3022438980
3160852068
3181889255
3181665766
3219418350
3076812014
3073665278
3040311550
3044464862
4160145742
4160147215
4137154308
4141146372
4132495668
4128301348
4128760608
4128691760
4145466880
4118728192
4118634000
4118564656
4118568224
4117525792
4159403297
4125782385
4121576275
4109062866
4100552402
4117266162
4117364722
4151040498
4151040210
4159429826
4159306962
4117363827
4117361779
4100717939
4100652625
4109032961
4109106707
4125753139
4125685091
4159238243
4159205475
4151914579
1966747715
1966739527
1949964630
876288614
611924518
620313126
549001758
548937230
548934158
665592078
648806430
648818798
648807534
627964279
627964279
627964279
627964279
627964279
627964279
627964279
627964279
627964279
627964279
627964279
627964279
627964279
627964279
627964279
627964279
627964279
627964279
627964279
627964279
627964279
627964279
627964279
627964279
627964279
627964279
627964279
627964279
627964279
627964279
627964279
627964279
627964279
627964279
627964279
627964279
627964279
627964279
627964279
627964279
627964279
627964279
627964279
627964279
627964279
627964279
627964279
627964279
627964279
627964279
627964279
627964279
627964279
627964279
627964279
627964279
627964279
627964279
627964279
627964279
627964279
627964279
627964279
627964279
627964279
627964279
627964279
627964279
627964279
627964279
627964279
627964279
627964279
627964279
627964279
627964279
627964279
627964279
627964279
560854391
560853495
560837111
560837051
560837049
560837049
627945912
627949496
560839352
593869496
589675192
589544072
589495944
593749641
593519515
635560426
635560042
635674666
627286331
627155225
627155736
627151384
635540024
1709281848
1709290008
1835106843
1835107898
1835110186
1835371754
3991242922
3987703962
3987709066
1701819530
1697099914
1730662537
1730302360
1730294696
1713513384
1713513385
1721968046
1721777494
2124426498
2124426242
513813762
245378306
245577474
245510914
262288130
228774659
212238592
212238592
216957888
208373396
205229716
204443292
221239944
86474376
119832248
388261352
929064169
635495531
635495466
635478043
635539481
627147544
627147272
627147288
1969336888
1709285931
1709286954
1709293354
3856763946
3890579626
3987179706
3987709082
3857692042
3878662538
3878662537
3878080952
3878039976
1730290088
1730290088
1734485484
1742810455
2007051522
1990274306
379661586
379665682
111228674
128066306
128328450
94769410
95338753
99320064
82412304
74159636
74030652
69835324
70883896
70893080
356036152
891872872
892131176
627884520
762102249
761647609
761648123
761647962
761656154
761787162
761787178
761766762
757573114
761632202
1835375754
1843764410
1873255610
1873263770
1868805258
1864609930
1864610202
3978531258
3978490282
3978453418
3978437034
3982631402
3982626670
3982629654
4242750226
2091069202
1554001666
1571038465
1168580608
1202069504
1202589760
132776128
124502208
124486080
124490704
124491284
124362268
90815004
90815000
355249720
388820520
925689640
623690088
762102249
761643995
761648091
770036602
770036586
761787178
761786922
757441146
757442378
757437898
1835371770
1873255594
1873262762
1873263770
1868805258
1864610186
1864601994
1864537018
1864561066
3995230634
4011991466
4016190890
3991083498
3974314270
4238551318
4238552834
1419847426
1436623618
1436951299
1101935041
1135476865
1139474560
1097548928
1097587840
1097858193
1093655699
1093131603
1126462770
1130652454
1117791014
1118840623
1118838377
1133513704
1137712040
1091582376
1158691224
1158880651
1091704202
17957258
20149146
32564202
296018794
296001898
296001897
296067432
279290236
275095932
874873624
807895560
539136520
539209240
555911736
576887337
576891451
572713547
572594827
573572746
858784698
823198122
278007978
1351753962
1435570270
1169166342
1202724866
1202151426
1201840386
3349324034
3483541762
3483808005
2381809428
2363461148
2363275884
2631707368
2484902504
3023867432
3022554680
2771091992
2787815976
2787815979
2787886378
2787724330
2787728426
2792037402
2921993290
2938778826
2871668826
2850697578
2846503530
2913612538
2913482379
3181930121
4125650568
4146646952
4079635880
4079623592
4079622072
1663973256
1663902600
556540296
824451512
811868396
820195381
279053315
279053315
10748947
10748947
11498497
31880193
23515393
23232771
65180483
66237251
62034755
1116967701
1116774949
1116775980
1118873128
1118879272
1387321960
1398856424
3508656808
3508621240
3508618648
3512746137
3521134747
3521208730
3554894330
3286458730
3286492458
3550733626
3617827898
3584142394
3571563578
3558972442
4095837450
4095848970
4045644298
3782382170
3815937786
3813840635
3809640171
4080090797
4046456751
4028695975
4028699814
1885806822
1890005090
1369900050
1403458562
1118183426
1118707714
1118756864
1119723520
1207739696
3313349936
3309280784
3296370176
3296368132
3300820484
3233580652
2445055724
2447177384
2438782632
2436746920
2436882088
2436888248
2473358024
2456580808
2456580680
2456777256
2456778537
2465029418
2464971818
2477579322
2494422074
2494553178
2498729418
2498728330
3027079578
2976158122
3009925546
2993091002
2989647241
4080217480
4046530968
1899047340
1882401276
1882401885
1885545477
1889685524
1889714192
1889964032
1890038016
1889833472
1895072256
1901363764
4082614812
4078323224
4082510376
3008833576
3010734120
2482243688
2482374792
3518375304
3501990537
3500950154
3500950442
3568058794
3572322538
3307561066
3341182010
3324406794
3593399306
3605834762
3601632299
4139288872
3082332456
2780343816
2818092616
2809693768
2805498456
2805564008
2805633640
2789139049
2789106542
2788627302
2792620390
2800484450
2813133922
2813138034
4159192146
4159188034
3622447170
3622447426
3756665666
1340804674
1341659090
1341661682
3451462098
3451605442
3300639106
3300496275
3568936624
2495195796
2495134356
2499320484
3027806892
3040390828
3006833324
3006067372
3006005929
3006006250
4079747114
3009675306
2984719418
2980456474
2980456458
3051776010
3052840970
3052907274
3216293386
4290544330
4021060234
4020798138
3886580393
3878351528
4146996136
4112916920
3844219324
1612854444
1633828012
1907435692
1940924549
850421959
313583623
313764869
41073921
40011024
1114013984
1130819872
1130816256
1105641984
1374077440
1357234708
1348597292
3563448876
3563580200
3563572008
3571764024
3705982552
3707036360
3707040411
3723248298
3722707626
3722772906
3756486826
2674290922
2657510602
2654399562
3195447306
4266960921
4275943976
2946477624
2950213128
2943923720
2906161672
2905113129
2905309995
2771046699
2771276074
2755531126
2755011063
2692026787
2700345763
2695628199
3031238819
4155316371
3534698627
3538823298
1391339714
1114514499
1114378259
1113854003
65413139
31858691
15085827
73859845
73859893
209006397
209005340
209000984
234179128
503106168
536653528
452769496
451707545
443056827
461083306
427533226
410837482
947708138
2019352618
2086599738
2094983194
4242450745
4259232280
4152203784
3061616136
2532082376
2527888056
2527642280
2510832297
2511024810
2632589738
2632523946
2229806250
2229799086
3303737494
3295557766
3224316038
1076308102
1093016709
1109546112
41083008
49471872
41001616
36741856
36807268
35829300
321031684
1394645780
1931520300
1935719724
1935707436
1936885528
4084367880
4084376072
4084442669
4084266543
4084227887
2473807143
2473991461
2482449445
2482316597
2549495045
2549481731
2549485827
3355324674
3321696562
3320647794
3303870582
3303870582
3430879582
1551832846
1547648523
1547517451
1546923579
1563700779
358889259
895746363
904134731
904200395
904873179
897580267
930999466
930456762
930387338
937722250
937787786
669483450
1743167914
1744217514
1735830698
1714859179
1714920635
1714791675
1714856155
1731391578
1731350570
1731342634
1701978986
1710696046
1958158078
1958025973
1958026900
1419001732
1418995584
1435841216
1438012096
1442202176
1173607233
1165025619
1165025570
1165156659
1165115667
1165362951
90639895
358951487
358951469
358886253
367275369
400569817
401609161
384827656
384844056
384844073
375448873
392293675
392277307
392205658
400590298
1441038746
1436910491
1973851032
1978050488
4118196136
4117147624
4284847849
4293170809
4159025947
4160205082
4151762986
4147535914
4114031658
4114028654
4097186046
1953904838
1417035137
1356269184
1356272256
1368863360
1133982400
1133974208
1138115264
66515520
66495040
66564608
65521200
65390117
65359407
65306159
325336875
393490219
389295403
393487675
930349337
929317209
937705817
895762937
895964665
895938555
895937978
895856058
904172986
904167834
904233354
636990363
1710727867
1701029547
1701035691
1831059370
1830922154
1830920682
1832038778
3979538714
3979501626
3979486250
4235406383
3169982511
3166046255
3166050581
2629246469
2643735045
2644275781
2644365937
2646463329
2650587488
2640085088
2640154688
2669584640
2669601536
3728605701
3728606742
3728678438
3744807470
4294188010
4255915242
2091652282
2091652234
2091651209
2112110728
1567080904
1562834904
1597433704
2134041960
2134107449
2138153243
2012250443
2012316107
1977713657
1977980648
4108687976
4100426536
4100430648
4097288988
3023417108
3023544852
3023237655
3023204918
3039973922
3061187171
3061253731
3068988113
3064666560
3064486096
3064527072
3064523940
3030966660
3035145101
3022632638
3022556838
3073150630
2721041318
2720452502
2724624262
2720409476
2720408452
2988778388
3005556156
2976257212
2967866552
2963605688
4037281960
4037028009
3500158137
3500352729
3231789259
3252692041
1138779147
1130396986
1130388266
1105271354
1088633354
14826250
6700346
2561066
2424874
270995514
270803978
288097294
824970254
627964279
627964279
627964279
627964279
627964279
627964279
627964279
627964279
627964279
627964279
627964279
627964279
627964279
627964279
627964279
627964279
627964279
627964279
627964279
627964279
627964279
627964279
627964279
627964279
627964279
627964279
627964279
627964279
627964279
627964279
627964279
627964279
627964279
627964279
627964279
627964279
627964279
627964279
627964279
627964279
627964279
627964279
627964279
627964279
627964279
627964279
627964279
627964279
627964279
627964279
627964279
627964279
627964279
627964279
627964279
627964279
627964279
627964279
627964279
627964279
627964279
627964279
627964279
627947895
896382327
359510519
359510518
342733238
342733246
476950966
476953782
1013823670
476952758
476952758
476428471
1466350727
1462154375
1463215239
1463174567
1463183013
3587663525
3583338151
3583271639
3583271623
3616862727
3623351062
3623342646
3622162998
3622164022
3580151382
3580119030
2507425254
2488591526
2497045671
2497111175
2513855621
2539050437
3612853573
3614823716
3597778212
3605245220
4142120244
4141980724
4141913140
3597762612
3593699381
3725783092
2652037172
3204935732
3204937012
3175574052
3045521956
3046033957
3046100501
3013396038
3017331398
2977469094
2960687782
2959721126
2959655591
2955465399
2955441069
2956489149
2956883357
2971542941
2975808925
2975672473
2975672475
2986178715
2985643227
2984723674
3018290378
3018285386
4083671371
4083671839
4083414813
4083351327
4083350847
4066507815
4066440230
1986310198
1986506758
1986441230
1983303694
1983304726
2000077942
1698612327
1702741095
1700582767
1734145311
1734208831
1876946735
1876356909
1878449437
1844958477
1844958477
1869960476
1865774460
4281675116
4281677156
4286388196
4261348340
4240380868
3703518148
3702993748
3702862452
3300143652
3300144672
3300210209
3300202033
3300132355
3299083783
3236693510
3245131590
3274675654
3274675654
3257898438
3257914566
3274691798
3308246486
3312317911
3296585719
3296192501
3321358324
3354785748
3337982932
3337064916
3337065429
3332756469
3349533541
3320181543
3304387879
3295995174
3291800870
3292460354
3292460482
3311829442
3320219090
3345323442
3341145522
3342204338
1195310482
1111385474
1115645314
1123891091
1124021175
1124021175
1124017079
1115517879
1109160375
1109189102
1113367854
1121762607
1388091693
4071598396
4075727148
4063211308
4063069724
2972615180
2955837964
2955837964
4029604372
4029506084
2687246885
2691442215
2699824935
2695628919
2695628805
2695653381
2981062852
3018747076
4067320196
4063113860
4063101573
4067295926
4066841250
4075058338
4070894754
4076137570
4076125238
1920246790
1916773382
1916711942
2000598022
1999567879
1970166791
1953368231
611125669
619986853
620046007
609694367
609424031
608178847
608200383
616621615
632335919
648132397
581219613
581210125
845475853
824463373
807796797
808846373
808860965
276176421
351735397
345314933
345256645
345248455
76826183
127911431
134209110
134213238
134080102
134079094
134009686
234734038
234868982
234807543
234808529
92206144
92259440
87937120
87925104
1195226448
1396675924
1384030164
1391366064
1391435700
1928107700
4076638868
4068315797
4064252597
4062175975
4062012142
4064027502
3011261422
2960928234
2969315818
3036621274
3031914910
4103461262
4103404943
4103139525
3585118277
4125134869
4112691236
4112687136
4112688160
3845302289
2771557139
2809563698
2809629218
2792853202
2788541122
2787496578
2787426983
2925838757
2934227428
2931060836
2930795828
2947671316
2947671046
2951851030
2952248358
2910308390
2905982998
2906015750
2939583815
3996519893
4000712628
4001171381
4269610389
4278007191
4273743798
4273809318
4273869558
3200123590
2645553798
2628560518
2628562567
2632952453
2632419973
2623835037
2619669933
2619368877
2637177327
2637377647
2649891119
3165873437
3165777669
3165776389
3165714964
2647702068
2681445973
2681395079
2656194951
2651914663
2651849127
2534409638
3037924774
4099029399
4105251239
4105185445
4105189525
1960909957
1969433797
1432413637
1969284437
895542629
891401573
891401589
891403541
622968085
627096885
627096885
1734524221
1734524221
1734516029
1730386973
1730198557
1696644159
3844586559
3845583934
3979793454
3980281134
4015916526
4024043502
4003139326
4005108479
1857829599
1857825565
1857825053
1862040605
1853715469
1846992909
773251085
790025247
626414879
609701183
608521599
608509311
608450047
608449023
608515070
877081254
885404326
881267382
881071766
1954811542
1417957014
1552207494
1552285318
1552346758
1569123206
1606937559
1590030183
1590951781
1993596709
1987168021
1987105541
1980822292
1980785444
1980785444
1996714788
1929532204
1933721900
1941963117
1942228441
1942243785
1455770571
1456372683
1468951499
1436444618
1425871818
1425805786
1157378426
1425371435
1557520427
1557520427
1556586777
1573225741
1564781849
1598335289
1594140971
1577425275
1577422026
2114420938
2114355402
2114371758
4266054062
4282901423
4257669807
4240893631
4106677901
1959119821
1977403852
1985826268
1983845757
2118062461
2117931325
2134716735
2088575359
2088182143
2090280431
1553432551
1553321943
1552189319
1602529159
1589946245
1581557237
1577362789
1577499943
2115952423
2115915543
1983778565
2000369429
1971004725
1954247973
1962636581
1692091681
1624884499
1623848723
1640883971
1666045635
1645037186
570689202
571215526
587991718
591728550
1669674407
1669345727
2004889743
1971417223
1955848263
1420861703
341878535
341880599
476158743
476231957
1549990165
1566758933
1583532037
1583500549
1580418309
504381701
504389941
503341349
507797543
935818279
931468583
394606071
382022023
382677383
391073927
286179719
269386135
810517421
810388204
818719276
1892461100
1943841548
1920968972
1916175629
1982300431
1982268382
2134311662
2100692654
4243984046
4239539942
2091270006
2141659398
2125209862
3605798981
1450991732
1444717804
1448651996
1447603084
323590792
860527240
868898441
868958906
835601066
826687914
823554474
857165930
859095050
287613962
275024911
271034381
270968845
270968845
271485197
393120287
380538455
380551815
384791174
376189830
371798198
376058022
359276710
350953638
350814358
348062111
350020267
350003753
347906601
347911720
346864408
283937048
271427865
272623885
270416141
269356303
273550814
281939902
282986390
329130902
314516375
318530453
1381294988
1381278684
1376028652
1380223592
1900841512
1892522552
1905109512
1939843593
1922998794
1925116426
1929298282
4068294890
4064039086
4062003374
4077319302
4077382791
1933888645
1640287636
1908791261
1908855629
1908860431
1905716746
1922493242
1926608938
1926535210
1913948202
1645513738
1645522955
1645727819
555106697
1950225305
1950220991
1953890991
1962214055
1955878565
1686171301
1686154933
1686154183
1971501383
4156729607
4145260806
4128501062
4130502086
4130493830
4130472374
4134928806
3065446823
3082245543
3048732627
3031823123
3030709027
3030704931
3026510627
3022320407
3022483991
3022926399
3022921535
3044936511
3185445343
4254939615
4288444575
4158417034
3604763786
3598696842
3598107019
3614888367
3623281071
3623215533
2513756661
2515591541
2507272487
3610629415
3609577271
3542542087
3513149191
3522053909
3505341796
3572258276
3573315060
3581728212
3577728469
4151758151
4134980870
4269141270
3732205334
3749570326
3716150038
3724464983
3724497909
3724366816
4258558432
4250162657
4292140449
4149538225
4132957571
4132875651
4130768259
4130768323
4132668913
4132476256
4067472676
4084262692
3778410292
3761754644
3761754644
3765883445
3774337575
3769058086
3774170406
3782499350
4084484102
4113844246
4113897494
4097255446
4097190982
4099289542
1960182198
1972765110
2006389687
1989620357
1586700932
1586550772
1590733804
1581295980
2113972285
1979820057
1980938505
1981193481
1998029065
2000126269
1698599213
3846107437
3827229029
3843941349
3843908261
3848172209
3890102931
3890103955
4124903347
4124841890
4040957858
4040966066
4032638866
1895180210
1895248311
1895239863
1974931605
2012418253
1475547149
1474414601
1474345243
1457564459
1457564218
1449237258
1449297674
1449296138
4284580187
4285628655
4250046703
4250067311
4250068327
2639425367
2673217110
2675314262
2683785174
2684313046
2650621430
2648490487
2648498679
3185369557
3185418708
3187652084
3187643876
3212676452
3073740132
3073875252
2805382933
2771885877
2702237477
3759177509
3775934261
3776134935
3776323383
1666584375
1658195255
1658260535
1653867575
1670647859
1636061203
1619325187
1619309315
1619309059
1891931666
1883541010
1880066642
1947110098
1997470674
4262345170
4262341010
4198901906
4207291554
4202771617
4220522912
4220588436
2038514048
2034295232
2030084368
2013569328
2013570339
2031072546
2031009574
2064313606
2051733766
2060110278
2055981302
2072533157
2072542628
2076800436
2051725188
2047526788
4195014580
4199065508
4266436529
4283213459
4249724547
4228822658
4229863106
4231972435
4235707939
4234501921
4234509601
4242880801
4242872609
4243852577
4260650355
4258780627
4292270035
4006082451
2931932627
2931867091
2931932467
3192370995
3193369107
3212210707
3174437379
3040740915
3207339555
3212585251
2684094498
2679638066
2680097810
2646479938
2361271490
2361271426
2361029762
2361053074
2360905379
2377682597
2675476132
2670507676
2536286092
2519704972
2519706860
2535844972
3609558396
4112917884
4117111599
4033221422
4033217326
4033282346
4033692986
1903024394
1902950666
1898752271
1663871261
1663875341
1663863881
1648132169
1648263385
1648267373
3795755117
3795247607
3792987127
3792971491
3809744550
3847622310
3841330854
3837140614
3837077382
4104397190
1890328790
1891446998
1891382358
1354507269
1354507268
1371333916
377263420
373264652
373200140
371100684
370509852
1427408940
1410771244
1413392652
4097748748
4248666956
4286350028
4275995324
4271866533
4270629543
4270645927
4291617519
3042923247
3021882991
3023440670
2956331278
4051118206
4091836654
4091807902
4066643086
4066706574
1915617678
1936069534
1910907822
1906713510
1889891238
1906599335
1944380919
1918954597
841022517
841010197
840963095
908076054
388177974
337785654
350360070
1420182018
1420149270
1420084774
1420602918
1421650742
3585973006
3619338511
3757750543
2658830671
2654506367
3191375727
3191382895
3204112943
3204076079
3204190767
3212584749
3179033917
3178890556
3178956140
3168343548
3168368093
3167347085
4241024397
4241008029
4241012157
3158949277
3159076237
3171596445
3070925052
3072036348
3055144429
3055540213
3057611765
3061785333
3060736741
3069055975
3085894119
3086811639
3086759127
3085706447
4159647183
3589172687
3589168607
3589230047
3580743135
3580753359
3580687694
3580687695
3580228895
3580327231
2514900255
2514933007
2514933023
2514875695
2514810159
2514806575
2515842878
2515900255
2507519583
2541221471
2536962015
2536949719
2536948181
2507657589
3052786021
3051671852
3051671868
3026707740
3026646301
3027754269
3044407615
3044403262
3077924926
3061284126
3061204302
3061204302
3069658110
3069527023
3079955439
3046433711
3046172605
3033986973
3050751876
3042428820
3075798964
3075534756
3075567268
2989715124
2989692853
4080080343
4083234038
4083168358
4074855462
4074855446
4075125766
4066896903
4083606855
4050056021
4029072085
4033266372
4033331925
4041529077
4041537255
4033117798
4033118054
4032903526
4100156534
4100090998
4108483702
4121162774
4154585351
4141998853
4141998853
3596743429
3592941852
3592942908
3597139244
4150754604
4159068460
4125575448
3086339848
2549405448
2549404441
3086283065
3084181801
3075862827
2505561387
2505492331
2497073019
2488750075
2488537050
2488536478
2505381310
2513909182
2650157502
2645782958
2679240174
2683352958
3205539598
3205539598
3205607182
3209932551
3218259511
2949879343
2806285871
2785318703
2785526575
2785427823
2785411567
2786460143
2801144301
2813789437
3048539389
3031768268
3035966924
3036030413
3562415821
3562350295
3570677494
3569628886
3569694662
3569704390
3587689670
3587693782
3621762182
3604849799
3604850055
3604850133
3598563317
3598694261
2524968805
2524837157
3061638437
3078484277
3078607221
3078472037
3078411749
3076388837
3084908437
3042891669
3042956213
3040637365
3040637373
3040814525
4114494909
4118167037
4059380221
4041485309
4054154079
4054155086
4054146830
4058379550
4083478846
4079284542
4062540062
4066865438
4067915062
4076148598
3539277430
3537311350
3623245366
3623245622
3589788950
3590126622
3590122511
3581733919
3581801493
3613250868
3613381916
3613324572
3615414044
3615475476
3611156333
3611291501
3615424381
2539603807
2514343895
2513827286
2497050070
2488628726
2488621046
2497009654
2499246039
2511693303
2515887605
2549413348
2541016548
2541082100
2541204948
2541135317
2541200885
2507519349
3023541589
3023540567
3023483735
3027739495
3027624295
3027629423
3044887934
3044886894
3044874606
3078433646
3078565406
3086431758
3082244623
3048555039
3048522541
3031749933
3027563583
3021267983
3021463567
3020349774
3020353886
3041838591
3050229743
3084897263
3084704749
3202153292
3193826636
3059737868
4128764956
4128624684
4128624748
4128731628
4145426917
4149683111
4249301943
4240905142
4240775078
4240774646
4236590550
4236590534
3704713031
3704713031
3704747863
3721459479
2647717687
2681323318
2681323302
2672860982
2668690774
2651974998
2652042566
3208827351
3074671079
3082928613
3079786980
3080050036
3084246388
3084254004
3075865380
3205885220
2671080756
2671195396
2641765636
2650154292
2650150180
2643920676
2510030708
2510034900
2493282197
2497476502
2497476022
2489089462
2501770678
2535389590
2535389574
2534862278
2518085062
2539106246
2547038023
2547029845
2538641237
2538641239
2538730999
2547246311
2547180647
2542990435
3086206067
3044133907
3023166483
3022191891
3023238931
3027432979
3035887154
3036009010
3033846579
3159683379
3172300115
3205920241
3205910513
3189133040
3059179216
3084349121
3084251093
3084185557
3084185045
3084187031
3075855767
3075995127
3075995623
3078084599
3078079831
3077952791
3077895223
3077862455
3077919798
4143408182
4141245462
4132580678
4132576598
4158066678
4124512242
4124512242
4109830083
4109702597
4109641156
4101256660
4101314036
4111736805
4111740837
4114706098
4114837394
4123123602
4123054006
4123066278
3045125879
3078663895
3063152341
3063076565
2532464341
2524137333
2522940775
2539652198
2514498662
2497913958
2497850710
2489527622
3563155399
3564137861
3589402036
3623083188
3614688404
3547448532
3526481108
3526489308
3543657549
1936128333
1936083455
1936088558
1366259182
4050482174
4051039102
4042650495
3501585213
3518346013
3521419037
3513031965
3508833597
3508967181
3513710349
3580806927
3589261103
3589039407
3589039407
3580650815
3563943183
3698283790
3699266878
3724461934
3724531583
3757953887
3615291213
3598509405
3594315133
3596533244
3613302268
4158572028
4160734685
4152127965
4118569429
4118622695
4118753767
4101903847
4110354423
4110374870
4110251990
4126992342
4126468054
4160026070
4157904374
3059021174
3059082623
3059082623
3075994943
4150196029
4152358717
4152346429
4152186685
4152190781
4152194367
4150097279
2539459679
2539586655
2539521247
2539550175
2547939167
2547996543
2510116477
2493314781
2493277919
2493349599
2229231487
2222786863
2218593574
2239569206
2415731766
2398036278
2393841974
2394779958
2394738982
2411512294
2415690151
2373747127
2373817751
2352988053
2352922260
2621373124
2621373124
2621368901
3692489223
3709333014
3725846070
3725849366
3725840454
3728785494
3737182439
4269826276
2122394796
1472346268
1413880716
1410730636
1413352092
1412832924
359937724
525346223
516957358
515908846
532685902
340878342
336782598
338859270
342000454
346194646
347182054
361800166
1434493415
1438692580
1438758260
1414700308
1410506548
3560361508
3559310900
3563517445
3563478533
3571863301
3706015013
3719589157
3719587621
3723830021
3723899397
3724477127
1425867494
1425816998
1434196134
1450969254
1451112582
1446405254
1445367942
1446281350
372539622
370450926
391423854
1431612206
1467456110
1383500374
3531001797
3530998724
3614859588
3614917412
3589550628
3585352236
3585352216
3584304648
3584506651
3622246762
3614181610
3576449194
3580807306
3581867146
3581927626
3313467722
1165923114
1165861678
1149034798
1148510502
1156957491
3303005456
3302944032
3294555168
3290254624
1142867392
1161740929
1195262593
1199440514
1206850226
1207906978
1123901858
1123869859
1123871909
1459480709
1382934725
1110226975
1109698926
1378151918
1382311390
1407582666
1403126202
1369572270
1352868783
1352737700
1356866468
1344274916
1344538084
1344568604
1394927629
304474125
305060111
305044767
325819679
862491965
837393725
870956348
855158068
1920511028
1920711700
1916441621
1916440593
1916698673
1916645475
4047427025
4029566673
4033744628
4042198756
2963807972
2968006372
2968006245
2963810103
2427393302
2427258118
2427196694
2445022246
2449215534
2508001326
2491306270
2499703119
2499732300
3573147468
3560490844
3560753148
3577538028
3611091320
1444929864
1398681928
1365118921
1344211865
1343699881
269953963
274020779
1356072330
1406402698
311804042
313966798
316837902
316973102
325885998
325905711
292354349
334158093
317381069
1391122829
1391117725
1383641501
1920832397
1933349535
825529007
825549551
825549551
825631327
1882534438
1882456358
1357119526
1420235814
1420192790
3567709190
3584404486
3619462406
3751783943
3465520645
3465393716
3469580128
3477964256
2668611056
2634994848
2635003041
2500777123
2505459075
3587590018
3587579522
3587518082
3511953058
3545248418
1397760935
1389371877
1406148989
1408569356
1366556696
1077210428
271886604
272021772
269912332
1348241485
1365018829
1383892109
1379836047
1378803855
1378226574
3529900982
3601203942
3617923814
3584303662
3567526446
3568052010
3299637034
