1372326943
1405946911
307054079
302896557
1376228277
1376228245
1375966133
1916834727
1925231527
1925226911
1925424542
1648536734
1644411102
3858929775
3875702831
3875711023
3843205421
3847400765
3763767100
3763847964
3759489852
3759497773
3760136749
3775861357
3779920495
3779920447
3788259851
3788293643
3770994187
3771006475
3762612763
3762616859
3758414346
3758430731
3758430747
3775207993
2701465961
2739223657
2748267625
2995729529
2995728505
2458857563
2190422091
2190221402
2190214250
2206993518
2211208038
2211281270
2211281238
2177857910
2177857910
2169469302
2170517846
2172484422
2172484422
2172484439
2172516695
2172516727
2172516727
2171451863
2171451863
2205006293
2205006229
2205006260
2205006260
2205006228
2171582868
2171599252
2170550676
2170485204
2212411892
2204019108
2203822500
2203827124
2203827141
3259734467
3259865298
3268262114
3255679010
3256662050
3256130674
3543643330
1362536387
1412605569
1412597377
1425114755
1416736178
4099009698
4115720418
4115720418
3075500386
3077663539
3069210129
3069210164
3203427892
3197132340
3750780464
3721428784
3704717073
3696450865
3692184947
3558032627
3574809811
3608374403
1460858243
1448275329
1465028481
2010353281
1978769297
4126189539
4059080035
4050691362
4079202066
3810713090
3793946130
1663112738
1663050274
1629496870
1625294630
1621364022
1622476807
1622484996
1639245828
1672784900
1649710084
1646100556
1661895628
1628340868
1615759012
3771702951
3771514854
3763121382
3758924902
2702042338
2735662562
2736678818
2740852402
2748712626
2750875314
2717194130
2717136274
2717201875
3051828563
3051695367
3085200647
3085199637
3069565233
3065891856
3063714816
3084693760
3044860164
3040272900
3023499844
3023454804
3052815972
3048490599
3048488302
3051629678
3043240190
3039066362
3040237786
3044464718
3086142798
3079833357
3063001860
4140868372
4132479268
3054543652
3054679584
3071723024
3040267776
2973158912
2977779504
2977713440
2977715488
2985059616
2985255217
2980991761
3035316819
3035190002
3026745074
4117266162
3077176306
3077298642
3068909762
3068787906
3077110867
3077104755
3043619953
3043687761
3035291137
3035291153
3035233841
3051945249
3051941985
3085463649
4150816867
4151971907
4147777606
1966740550
1949973334
1954232870
880359974
888748590
817371710
834147854
867967242
917245962
917241962
917254250
648810863
627964279
627964279
627964279
627964279
627964279
627964279
627964279
627964279
627964279
627964279
627964279
627964279
627964279
627964279
627964279
627964279
627964279
627964279
627964279
627964279
627964279
627964279
627964279
627964279
627964279
627964279
627964279
627964279
627964279
627964279
627964279
627964279
627964279
627964279
627964279
627964279
627964279
627964279
627964279
627964279
627964279
627964279
627964279
627964279
627964279
627964279
627964279
627964279
627964279
627964279
627964279
627964279
627964279
627964279
627964279
627964279
627964279
627964279
627964279
627964279
627964279
627964279
627964279
627964279
627964279
627964279
627964279
627964279
627964279
627964279
627964279
627964279
627964279
627964279
627964279
627964279
627964279
627964279
627964279
560854391
560837111
560837047
560837049
560837049
560837048
560837560
560840376
560315064
589675192
589413048
589561480
589461128
593715851
601907626
568418538
635559978
635543610
627154955
627159305
627151624
627151384
635540024
635548216
627159576
1700889113
1835107898
1835371882
1843759274
1840220330
1706006682
1709685898
1730655370
1730654346
1730367882
1730286010
1730290603
1730290603
1742873002
1738614254
1738550594
916466690
379595778
111160578
111230210
245577474
245510914
262337282
228757760
211980544
216433472
208568960
204375684
204443284
70241948
86466184
86335128
387979240
929047785
929064043
669049962
635495450
635539467
635535625
627147272
627147288
627151384
627155496
1700897323
1700898346
1709284650
1709542634
1705478314
1739032762
1743764618
1731179914
1730655114
1730663306
1730302889
1730294185
1730290089
1700929961
1709253870
1738550274
2006985730
396438786
379665714
111230226
111227138
111288578
61223170
61784323
27951360
99320064
74154512
74159636
74030652
3775032
3775000
356040216
356052520
892921704
627885416
627884521
627884537
627954649
627954523
627954266
627962458
762311530
761787242
761767786
757446090
761634186
1835375770
1843764410
1873263802
1877458074
1864610954
1864610186
4012093850
4012020666
3978490794
3978437034
3982631914
3982637034
3974303542
3974306582
4242746130
2090937602
1554001154
1571102721
1302732800
1202073600
1202585664
1206534336
124502144
124486080
124490448
124493332
90806812
90815000
355068472
388558376
925427496
925693224
661438825
762102267
762171867
770560474
770560890
770560874
762180458
757985914
757441114
757446346
757439962
1843764394
1839700138
1873262762
1873263754
1864873098
1864872330
1864602522
1864537002
4012045226
4011991466
4016185770
3991027178
3974306174
3974314262
4238551302
4238552834
1419847426
1437016834
1168519491
1135480961
1135476864
1139474560
1097550976
1097817216
1093663889
1093623251
1092973875
1126457638
1122001702
1118839598
1118844713
42995560
59771816
55581096
1091582376
1125194121
1125326218
18023818
17973642
24371706
31515626
329556842
329556330
296067432
296198632
279290232
270902136
807502360
539197960
539145736
539212312
589466152
576891433
576891451
572746443
572530314
590348938
825230250
806551722
1351757994
1351753966
1370558470
1169170434
1168121858
1201856514
1201840386
3349324034
3483541763
3483799828
2415363868
2380238364
2648484392
2623318568
3158084136
3022818856
3022620168
2771096088
2804658728
2787873322
2787886122
2787728490
2792037482
2791972058
2921993418
2938778826
2942973018
2913613418
2913629930
2913695386
2913494665
2779311753
3043557000
4079603368
4079622056
3811186600
3811456936
1664033160
1663378824
556017048
543433980
819995732
815928323
279057411
10683395
10748947
10748947
10908673
31872001
23250179
56787202
65188674
49451843
45257475
43102775
1116774957
1116775976
1118875176
1118871080
1118887528
1399906024
3508653736
3508651416
3508650392
3512844697
3521204635
1407279546
1399022570
1407411050
1407444266
3550735674
3517164602
3517033514
3496066106
3558970634
4028732170
4028740106
3777147402
3824326234
3824326378
3813842667
3809574569
4046536365
4029745069
4028827047
1881354406
1893933286
1352863986
1369899074
1403400194
1118183426
1118724099
1118740480
1118674960
1140630816
3313350448
3309215232
3246298628
3254683140
3250554396
3249833580
3516176104
2446646952
2438254248
2434129576
2436355752
2436363928
2473390792
2456580808
2456580632
2456778280
2456647465
2465037610
2481781802
2444090426
2427313210
2494551514
2498728394
2422706570
2976223674
3009909162
3009860010
2993840539
4080166281
4080086408
4046530984
1882270124
1882400988
1882401869
1617126405
1621278740
1621262356
1889972224
1890034432
1906676224
1903460868
1901363740
4078387740
4078048825
4082247977
3008374824
3018852392
3019311192
3522566344
3518439816
3518259849
3500425882
3500950442
3568107690
3295621290
3307679978
3341165642
3341181962
3613846538
3605830666
3601631273
4156340520
4156336952
2818354696
2809962056
2805760584
2804712056
2805891688
2722017896
2722030121
2719375918
2721526566
2725577062
2801074274
2817328226
3085702386
4159192274
4150933698
3622451394
3622709698
3622705858
1207766722
1207711698
1203511730
1170153858
3317584258
3300639107
3300496308
3568871092
3573131988
2499648252
2960964332
2956765932
2973544168
3007116008
4080816808
4079747755
4079223274
4083417194
4058251306
4054264874
4037421082
4054198282
2515986442
4126582794
4160006922
4290027018
4290544330
4289495706
4289233578
4159275689
4147000232
4146471848
4112654744
4028768428
1881285804
1902259372
1907435708
867182797
313551047
313567239
49462535
40015109
1113751860
1113751840
1130799920
1130553856
1373815300
1373815300
1348555324
3496046124
3563186728
3563321640
3571829032
3572812088
3572825608
3589595848
3588539035
3588506282
3723231914
3722776746
3748081834
3748016362
3748029642
3613846538
4151814154
4160526393
4154243624
3887902232
2818354696
2809697864
2771944024
2770895401
2804581161
2805920043
2772332843
2755010847
2692096375
2700415463
2696216999
3031238055
3047950515
4138539155
3601741954
3538823298
1122905282
1114584259
1114378355
1130631267
31858707
32907527
83235079
74908437
74516285
74526524
208743192
209013528
234146360
536129144
519874264
511476376
510427801
510362298
527078058
493806506
476930538
1013735530
2097013818
2097085466
2097063963
4242450712
4160072200
4134836744
3061616136
2532082264
2527625976
2544419496
2645250729
2628399786
2632655274
2632458410
2632457390
2229864622
2230261910
3295553670
3223726214
1093020806
1126593669
1110601861
1114792324
41083780
41001620
36807396
35894884
1394773532
1361153548
1365289788
1902160172
1902157096
4083191592
4084368904
4065501704
4065501720
4082233901
3008385583
3008366382
2438399270
2440502311
2448765991
2482451478
2545288194
2545824002
3351126274
3355390226
3321696626
3321696370
3305050198
1149186390
1149186335
1149179659
1144856331
338968091
355741225
354690859
358876971
895746315
904200523
904347851
897012987
930475243
930475179
930456987
930452874
937787786
937787802
669487530
669491626
669427114
1734782122
1730657450
1713741050
1713611994
1714593882
1731391514
1731342634
1731338538
1701978922
1962094190
1958157039
1958152949
1419059140
1418997700
1418995652
1435972544
1171674048
1173766977
1173701571
99676659
91283810
91386163
91357447
124913415
123805207
124070463
392440365
392440617
392178985
392181017
400556297
384041224
385106200
376717609
376759593
393340267
930194939
929072539
904168858
904167835
1973781401
1973856184
1978050488
1969663912
1969729257
1969260265
4158699129
3890455322
4158828826
4151762986
4147535914
4114033706
4113971310
1949702270
1414928854
1423318977
1356138176
1351889600
1100296768
1100354112
30806592
66470464
66507328
66516544
66569744
66569777
48582197
48569911
41172783
376713007
372518187
372516139
930353435
930349337
929300825
929300857
895829369
895974891
895938027
896003514
895794586
904168842
904233354
636977547
636986299
636724139
627287979
1701027754
1696841642
1830922154
1831052282
1832035098
3979534618
3979501866
4231144491
4235339823
4243724333
4239788349
3700825861
3700766277
3700695621
3717558993
3717681889
3583496673
3587490144
3579101296
3579179328
3608600832
3591779073
1446381063
1446448694
1446329902
1449475886
2011438442
2007242218
1973683418
883163275
887374216
1030047176
895960856
891715384
925265192
925295913
929293433
929149131
937460107
1977975195
1977975737
1709555368
1692769000
3831994984
3831740984
3827542556
2754848284
2754847252
2754802231
2754802214
3039982119
3060929063
3061253731
3069119425
3064928704
3064740064
3064757412
3048006820
3031229829
3035490191
3023894190
2955726502
3005598630
2720450998
2724650374
2724624261
2988843972
2988712580
2988712636
3005425580
2959219880
2963409064
4037019816
4037023912
3500158121
3500156155
3231790283
3235918027
1105208330
1130376474
1130380090
1130437434
31537946
31669002
6503706
2561066
2424874
270991418
270865418
287601674
824986894
627964279
627964279
627964279
627964279
627964279
627964279
627964279
627964279
627964279
627964279
627964279
627964279
627964279
627964279
627964279
627964279
627964279
627964279
627964279
627964279
627964279
627964279
627964279
627964279
627964279
627964279
627964279
627964279
627964279
627964279
627964279
627964279
627964279
627964279
627964279
627964279
627964279
627964279
627964279
627964279
627964279
627964279
627964279
627964279
627964279
627964279
627964279
627964279
627964279
627964279
627964279
627964279
627964279
627964279
627964279
627964279
627964279
627964279
627964279
627964279
627964279
560855415
627948919
896384439
493731255
426622398
158186942
225294782
258849726
124631998
1437187006
1470741182
1438236350
3317350286
3317348266
3319768810
3574380266
2500632142
2500437518
2500830726
2513409333
2978972708
2978974756
2480901156
2468337732
2537179332
2537162885
2537438647
2541632934
2549880230
4122740638
3567982222
3568189071
3568053933
3571723948
1428434588
1429473164
1395791244
1395795340
321922012
326116316
334504276
326226293
326222133
326144285
325099804
333492505
300061961
291670283
287475978
288786698
288672122
292871082
301231034
284579770
816989114
816988603
837935545
1903223273
1899012392
1966121260
1966187325
1966257981
1953991973
1349880117
1365018901
1432127765
1415497985
1414462721
3570328833
3570295091
3570295267
3570230178
3561452194
3561911954
3596486274
3592294018
1446840963
1379209105
1383357856
3539234016
3535072484
4071941204
4072117324
3535119564
3535054300
3538985964
3526620141
3526574829
3543270143
3509781119
3497211759
3505467247
3504418670
3504434510
3504465230
3497054542
1366327311
1399947278
1406382094
1943118878
2003938366
1999878191
1983305774
1983305790
1983315327
4135507931
4141826779
4141695707
4141732571
4141740761
4141212409
4157989883
4124435835
4124437882
4109498426
4126267434
4126264622
4118009214
4151570783
2003890383
1966108829
1963995325
1880232125
1880229279
1884427935
1892824767
1890657965
1890595501
816849627
816849483
279975707
279989547
284227899
283175178
300001546
325238027
40013837
35815436
36798524
1393668156
1393795380
1360176932
1347599908
1353891348
1370918407
1369345542
3550316246
3546056358
3525105326
3525105582
3525070254
3528400318
3536207038
3554026655
3583452317
3568771228
3568787708
3572883693
3564164327
3562062967
3578848342
3578897686
3578969366
3579248390
3581308678
1433874246
1433878390
1433870183
1425476963
1421217137
1354173520
1354042576
1358200048
1081371888
1077208496
1127675264
1379062656
1379042240
1379041856
3530654240
3538199072
4070875685
4070878767
4087647018
4076112170
2990377002
3055458346
3055480266
3055444426
3059618186
4150133179
4116514219
4107611563
4107743163
4107747259
4103145403
4107276697
4109394377
1970299337
2003886413
2003886541
1903390175
1903328622
1349671022
1349732462
1349672270
1349711182
1348653838
1365623307
1407500923
1391842922
1387657834
1385462763
1402223083
1945123259
1899174075
1898074249
1898070217
1931624696
1920200808
1920000296
1918951740
1394664220
1344312125
1344374573
1349685039
3505555759
3499264302
3499264798
3516119822
3549555278
3536973518
3604178678
3596036006
3598070183
3614572965
3513909413
3511877796
1366298772
1366303876
1366303948
1366320605
1366414703
292734318
292805982
288418126
292579678
325188446
333700959
1403160285
1404207693
1945273181
2012328255
2003871023
3882919214
3877678126
3865164822
3865287686
3877798918
3878849599
3878849581
3878874412
2922777964
2922778620
4000780220
4000778164
4277482901
3203671447
3199477686
3200197558
3200123606
2680029894
2628579974
2628036230
2628103815
2632366725
2624031629
2619394989
2620423597
2620401135
2637246831
2641502255
2645778751
2626774301
2626743053
2626742789
2630924852
2647759477
2681396933
2681403271
2656260535
2651849127
2668626343
2534409638
2500988310
4124191111
4105185445
4105189541
1961891981
1969429645
1428253901
1432413644
929097068
929084773
891401589
891401565
622966045
622968093
622902589
622968125
1730329919
1730329917
1730329917
1730387229
1730264095
1696709695
1831320638
3978746942
3980282926
4013821422
3881438638
3873116079
3869056703
3869062877
3871090269
3887866453
4122747421
4120650255
4108067343
4099696479
4095569390
4031072750
2965719294
4051978463
4051978447
3519290447
3552916495
3544654879
3554025791
3554026799
3537254191
3537178431
3528723807
3523497439
3527695775
3535887775
1384537997
1401313165
1405511612
1376216492
1392801196
1392791996
1359245724
1342697885
1356329885
1354086139
1354081914
1353166378
1885843258
4029005595
4100046091
4100046089
1969339417
2099362873
1830943784
1765244201
1765162299
1763063611
3914741290
4191565610
4173795818
4173595086
4173603982
3653510287
3720637887
3750133743
2659344110
2525126246
2525058614
2256590390
2193736470
2210496854
2210759766
2177139958
2470740215
2470744567
2470949373
2471928317
2471933405
2472008924
2467821660
3510040797
3543562493
4080434367
4080480671
1932862351
1937121949
1903559356
1893090044
1893189464
1616172296
1614079240
1614062856
540323384
539401772
551982636
1618314805
1614070277
1614070277
1681297687
1685500983
1843850277
1789323301
1789327365
1793538311
1781872391
1781801591
2115248878
2115252970
2111112170
2090140074
2089038250
2089037259
478423503
209987855
67500301
67541253
428295
427267
1999107
23036371
22905251
39686563
39752115
39752067
41849235
40809875
36633987
1110432915
1110269363
1130655139
1139042211
3248776802
3500434978
3500463906
3521435442
3513225474
3555110915
1453764613
1453715461
1453715757
1474687273
1562697256
1547029032
1561844280
1560799753
1594157385
1577380299
1581630666
3730292938
3738616266
3755393994
3617518206
2510217838
2443142894
2442944422
3515645094
3549179055
3553111213
3536589996
3528393900
1376650412
1393951660
1362499244
270993036
807677580
807676620
807676621
811892591
837058351
870676030
862320158
828816926
895916570
904370718
1021614878
1038400286
962902815
963100431
1004971789
1003922237
1539683117
1531430893
1531426223
2043002286
2043132334
4190550462
4253456798
4253530511
4286954719
4156798205
4131558509
2516831293
2449558556
2449672508
2449607468
2449870380
2454074924
2475106845
2156278285
2156270085
2156217159
2156185559
2156184999
2160364966
2152516014
3222133150
3222149518
3222157710
1091451294
1092430254
1360801198
1362895262
288108942
288104847
287597023
287613279
287617309
862225717
845454629
853850405
912701719
912701703
1042479367
1042446615
958561559
941767959
947004677
415376645
411114789
411057573
411070375
1505814181
1539568309
1539502773
3481531069
3481335485
3481337533
3481533112
2273500088
2273565161
2273331561
2177894697
2177960233
2180136233
2163348793
2159154489
2176267577
2175805241
2175807279
2179993391
2180255023
2180336959
2180368703
2180372799
2180880703
2172488062
2206042486
2172493814
2172624854
2239741911
2273165015
2273164951
2273296023
2269100725
2269051573
2235529973
2235513845
2235439461
2239637543
2248026167
2243898375
2243771399
2280471559
2280463413
2280458549
2280393013
2280398101
2246868253
2246897437
2238574389
2238562165
2238553463
2238482807
2238499319
2238466551
2238519767
2238593495
2238594007
2381200343
2381200343
2313960439
2313969655
2314001919
2305670655
2314190335
2313534975
2305146335
2304884701
2300690141
2318515925
2316548805
2315496261
2319689733
2386798631
2382592039
2249590823
2184580167
2167276999
2154694278
2158887574
2158958230
2158763670
2158263718
2154101158
2149906863
2151144383
2151086797
2148985357
2169990669
2180263437
2213815869
2213832493
2172015911
2168341541
2168376357
2166344709
2166142981
2178738437
2207054085
2207086901
2191407397
2191400741
2212367653
2281506085
2281448741
2247894373
2230073199
2230126575
2230063103
2230078431
2238471135
2237954399
2238052671
2271738143
2272722191
2415305999
2415304975
2415243647
2415170543
2372699631
2305592766
2305407422
2305538495
2339092991
2334833119
2319104205
2319099981
2319117325
2319002653
2318937149
2402889005
2373590829
2365197869
2226783853
2226979423
2226926287
2230063839
2230110207
2230110719
2238568959
2171468255
2171599199
2171500895
2205055311
2206089039
2214471503
2214410111
2281453423
2281446767
2281446767
2239503743
2247966071
2247063863
2179856767
2179783039
2179767679
2171379199
2171444703
2171452895
2205007295
2171452863
2171583935
2171582910
2167126462
2168175550
2172305310
2170224542
2170220430
2170285982
2168319934
2470444974
3593918910
3591821710
3591825798
1443981446
1443900550
1997548694
875701646
879912398
1961026551
1956819815
1956680485
1906349348
1944106268
1918936332
1914742029
1914812189
4062410527
4045543215
4033222445
2426801961
2428373288
2428242232
2430339400
3495705032
3520937416
3600692617
3332247946
3332309434
3336307114
3340240110
3306708078
3290070046
3292194062
1148903686
1153032966
1169744647
1169729301
1169929716
1174121956
3346644452
3275719908
3508438356
3508438340
3508373252
3511977492
3520374325
3520374565
2471819045
2471949605
2471949621
2480852245
2480851223
2548037943
2531125543
2665282039
2665283014
2665345158
2656915638
2652111014
2652115110
2637570230
2620793239
2624992983
2360741461
2358513157
2359044612
2359045652
2359058988
2409615660
2411643181
2243936569
2243739945
2247935273
2222246763
2218248795
2218261083
2232904313
2268478025
2255896393
2264863561
2260533529
2259484969
2259489065
2279944233
2279875629
2179216701
2179225087
2179257791
2179331519
2204480959
2204474815
2187696575
2187696575
2183511455
2200417695
2166862302
2150019086
2418451470
2431036430
2489822238
3559696430
3559771246
2502872526
2503661198
2506024654
3047024381
3049060060
3082612236
2541547037
2540568127
2540097343
2549571358
2545379134
2545226558
2549874990
2541486382
2541305902
2549829743
2545578105
2516152408
2507955272
2503760200
2503825864
2235464136
2268998041
2534812043
2539021706
2543240138
2543305418
2542916222
2274423342
2274403118
2245042478
2505151790
2505153854
2505095519
3040975229
3075643628
3084290284
3084290300
3061290060
3056988236
3056918796
3056956196
3073791524
3086380581
3048570663
3048496422
3031752006
3031876806
3028172934
2486980998
2486989218
2491380642
2491295394
2490842850
2490636883
2486975297
2485926145
2536385856
2532189505
2527466817
2527527363
2527412691
2532623847
2530534887
2521099751
2537876815
2496069455
2496067343
3569870367
3561252655
3562288943
3746891047
3730261047
3729083447
3724868631
3741639699
3708138499
3691414787
4249257795
2143717315
2143786883
2118444419
4262227347
4279119026
3742244262
4094559654
4099867622
3573482094
3569160734
3567006218
3567003403
3567020312
3297573160
3301829608
3311336376
3344845704
3328049548
3338011016
3333898392
3354607785
2272354537
2234572905
2217862429
2220092687
3302223631
3297901375
2224081711
2228242735
2238975293
2255953165
2254839565
2263746309
2263746069
2259309109
2259243829
2277045045
2378158941
2361295839
2231206895
2231145327
2222757743
2222773615
2222777723
2222976347
2222878171
2222873035
2222868879
2222901663
2239683007
2273181087
2256318863
2264773007
2264895967
2264839023
2273162031
2239533871
2239541055
2235328799
2235509023
2235443503
2234386733
2238581053
2276329293
2276332493
2276275149
2276205549
2275685295
2279888303
2280971687
2239012279
2272639478
2255595862
2255726870
2255992854
2255992886
2254940214
2250746934
2250609750
2251260119
2267975815
2486072197
2486056581
2490240645
2494503604
2494397101
2493803181
2494853039
2545184207
2264265926
2272714950
2235031766
2218255478
2218157170
2486590834
2487111154
2491318226
2499702723
3590225859
3621134275
3528787859
3524532135
1377052583
1377052581
1381311421
1381265821
1381028253
1933672637
1900184831
4031953999
4034111759
3764431135
3760237359
3777078814
3810693647
3810939407
3810919151
3777888943
3777761963
3773573547
3769383081
3769370793
1621952651
1907237001
1911431241
1910824969
300192009
820019497
811638057
807577897
1881320233
1948429083
1948429067
1977800266
1977860682
1441842122
1475396074
1465118958
1473372270
3619938342
3603094551
3603093511
3603167239
3537365255
3537303814
3268824326
3269330182
3261006102
3277599526
3252495142
2157908526
2157773358
2157707835
2156134985
2160350920
2151993080
2148305832
2148317609
2153556408
2161416328
2509605064
2530646488
2518069001
2518065933
2518065933
2450956597
2455154981
2455171173
2505462245
2489205493
2499675797
2432569013
2432441063
2431400935
2423011559
2154575973
2230265941
2246978565
2277385221
2277381381
2275160869
2275156773
2277253925
2277257519
2243695919
2247904621
2247412205
2239023549
2373294477
2406924173
2406920077
2406983615
2390079407
2406519727
2406519231
2367926775
2367861111
2355274111
2356389215
2356260319
2373038047
2404498399
2656213951
2517798847
2517796766
2517866398
2534650830
3040061278
3023304574
3023166766
3023568254
4097273182
4097205582
4095112534
4099015126
4115857910
4107342294
4107498822
3583245655
3619809591
3603032341
3604216065
3595734273
3598159889
3598037265
3593859377
3610669939
3575001795
3558216387
1417020403
1425342951
1421084007
1419000869
1418995765
1423190028
1406609676
39267612
39140620
34948364
34981129
39307033
306638713
319219691
285501354
272949674
272953770
272925098
281510314
281052078
1350611886
1350600614
1350737911
1367522069
1402120981
1475455765
1450421524
1446157317
3593634823
3608577026
3608593426
3608572946
3577619458
3577611538
3589932642
3585803878
2511931110
2646095574
2646091462
2646107797
2360927908
2365109924
3715925684
3711731412
3744761412
3610679056
3610682640
3608585264
3742870563
3742821427
3742817299
3742768387
3711831811
3724412435
2646541859
2646413859
2646356578
2375819894
2362717174
2287417302
2287351750
3368426951
3364166743
3364108325
3385075748
1263810596
1259613204
1243030548
167916292
436339460
453186117
465593061
461431535
465609647
465613247
465678779
432124315
432124891
432387067
407369723
407305067
407828986
424606154
424607178
424595402
425510858
1039975386
1038910458
1068335995
1051627833
1055830072
1047437352
1043324984
1042837528
1042812952
1026097176
1009385785
1021973097
1017788025
1017968219
883734219
900503243
938248091
938383259
930002875
929937337
657241529
658290105
658347193
1732154617
1715385449
1715381291
1718525995
1718542361
1718603785
1718534175
3866018159
3850293999
3967776431
3967643326
3965545150
3973868206
3856432062
3885850079
3871196623
3875401933
3867009245
3866943613
4131221597
3074323549
3044947231
3028164415
3162447423
3170702894
2494379566
2494378542
2628596350
2628522750
2629587674
2629588923
2633817531
2356989115
2357058783
2357132621
2352899333
3425576197
3425514244
3425506101
3426169633
1278617377
1280714001
1289106691
1305892163
1342162371
1325368771
1258130835
184389555
184549297
184512433
176106993
175977969
441717109
441717029
437526823
436478247
977543471
977544495
977283887
1002445615
994065279
960510809
960707865
994186521
1002574105
1002570041
1002452269
1002464557
1002499439
994114911
994155999
457283038
457281982
423867322
423868346
432258746
432257722
964926138
964795290
729923003
797160632
780316856
776179912
789938184
757383192
606412856
606216232
606222120
544614953
548801067
565512907
599001739
582237835
582277003
854884746
913604762
392462426
354779194
338087978
338617386
1441719594
1437527866
1471856170
1603903016
1603839544
1604101912
3757879608
3745349672
4280188968
4262887784
2114369532
2114367452
1783082975
1783078334
1783078054
3947291878
3947294951
3913728239
3913761271
3897909591
1750344535
1749295647
2085040702
2084970030
4240902954
4240902970
4254534426
4288101130
3740678986
3740602186
3740010442
3757835259
3720086505
3718198249
3431277545
3447989225
3380884461
3418628607
3393479103
3410289598
3376736158
3368331150
3431444382
3431907254
3436092838
3427700134
3424421351
3424425303
3426722053
3430851332
3430850820
1149220116
1144364324
1144379428
1410783476
1427569029
1394014599
1377226119
1381417351
1381482629
1391952021
1391956197
1390714916
1382342700
1361372204
1344597276
1348890172
1357262380
1420181037
1420234269
1437875918
1472151502
1476283790
1584909758
3730099630
3725899262
3725899023
3725890829
4266963228
4275347756
4275413804
4275479357
4276007727
4200583974
3143423334
3142180326
3171929575
3171831239
3177078213
3185466829
2510167500
2509581724
2513776061
2488540591
2484342703
2488618666
2497138346
2492790458
2493310683
2495406649
2515321384
2536264216
2469208588
2502828821
2502832421
2514881638
2493843558
2497976406
3295946822
3308660934
3476482246
3476481350
3481191174
3485434646
3484975974
3484984167
3484985189
3472401700
2386081060
2386396468
2386481412
3326009604
3346981140
3312869748
3572941269
3572944334
2499709390
2491386846
2491190254
2503777262
2537338238
2541596942
2524434702
2524397838
2524393787
2541183275
3178753835
3178625835
3187530539
3183450905
3216881928
3216548936
3220746312
3057160440
3073917096
3074097576
3074036648
4047119016
3791263400
3770287785
3769370250
4037816202
4037815706
1953237178
1412303050
1429149770
