1372326943
1405946911
307054079
302896557
1376228277
1376228245
1912837045
1916834727
1925223351
1925227935
1925424542
1648536734
1644411102
3858929790
3875702831
3875711023
3843205421
3847400765
3763783484
3763847964
3759489852
3759481389
3760136749
3775861357
3779920495
3779920447
3788259851
3788293643
3770994187
3771006475
3762612763
3762616859
3758414346
3758430731
3758430747
3775207993
2701465961
2739223657
2748267625
2995729529
2995728505
2458857563
2190422091
2190221402
2190214250
2206993518
2211208038
2211281270
2211281238
2177857910
2177857910
2170517878
2170517846
2172484422
2172484422
2172483927
2172516695
2172516727
2172516727
2171451863
2171451863
2205006293
2205006229
2205006260
2205006260
2205006228
2171582868
2171599252
2170550676
2170485204
2212411892
2204019108
2203822500
2203827124
2203827141
3259996611
3259865298
3268262114
3255679010
3256662050
3256130674
3543643330
1362536387
1412605569
1412597377
1425114755
1416736178
4099009698
4115720418
4115720418
3083888994
3086052147
3069210129
3069210164
3203427892
3197132340
2677038640
3721428784
3704717072
3696450865
3692184947
3558032627
3574809811
3608374403
1444081027
1448275841
2001899393
2010353281
1978769297
4126189539
4050691427
4050691362
3810766642
3810713090
3793946130
1663112738
1663051298
1629496870
1625556774
1621364022
1622476807
1639262212
1639245828
1672784900
1649710084
1646100556
1661895628
1628340868
1615759012
3771702951
3771514854
3763121382
3758925030
2702042338
2702108130
2736678818
2740852402
2748712626
2750875314
2717194130
2717136274
2717201875
3051828563
3051695367
3085200647
3085199637
3069565233
3065891856
3063780352
3084693760
3044843780
3040273156
3023499844
3040232020
3052815972
3048490599
3048488302
3051629678
3043240190
3039066362
3040237790
3044464718
3086142798
3079833349
4136743684
4140868356
4132479268
3054543652
3054678560
3071723024
3040267776
2973158912
2977779472
2977713440
2977717536
2985059616
2985255217
2980991761
3035316819
3035190002
3026745074
4117266162
3077176306
3077298642
3068909762
3068787906
3077110866
3077104755
3043619953
3043687761
3035291137
3035291137
3035233841
3051945249
3051941985
3085463649
4150808675
4151971907
4147777607
4114223174
1949965142
1954232870
1954101798
888748590
821566014
817371662
918299402
917245962
917438554
917254250
917254254
921436270
627964279
627964279
627964279
627964279
627964279
627964279
627964279
627964279
627964279
627964279
627964279
627964279
627964279
627964279
627964279
627964279
627964279
627964279
627964279
627964279
627964279
627964279
627964279
627964279
627964279
627964279
627964279
627964279
627964279
627964279
627964279
627964279
627964279
627964279
627964279
627964279
627964279
627964279
627964279
627964279
627964279
627964279
627964279
627964279
627964279
627964279
627964279
627964279
627964279
627964279
627964279
627964279
627964279
627964279
627964279
627964279
627964279
627964279
627964279
627964279
627964279
627964279
627964279
627964279
627964279
627964279
627964279
627964279
627964279
627964279
627964279
627964279
627964279
627964279
627964279
627964279
627964279
627964279
560854391
560837111
560837047
560837049
560837049
560837048
560837560
560840376
560315064
589675192
589413048
589561480
589461128
593715851
601907626
568418538
635559978
635543610
627154955
627159305
627151624
627151384
635540024
635548216
627159576
1700889113
1835107898
1835371882
1843759274
1840220330
1706006682
1709685898
1730655370
1730654346
1730367882
1730286010
1730290603
1730290603
1742873002
1738614254
1738550594
916466690
379595778
111160578
111230210
245577474
245510914
262337282
228757760
211980544
216433472
208568960
204375684
204443284
70241948
86466184
86335128
387979240
929047785
929064043
669049962
635495450
635539467
627147017
627147288
627147288
627151384
627155496
1700897323
1700898346
1709284650
1709542634
1705478314
1739557050
1743764618
1731179914
1730655114
1730663306
1730302889
1730294185
1730290089
1700929961
1709253870
1738550274
2006985730
396438786
379665714
111230226
111227138
111288578
61223170
61784323
27951360
32211200
74154512
74159636
74030652
3775032
3775000
356040216
356052520
892921704
627885416
627884521
627884537
627954649
627954523
627954266
627962458
762311530
761787242
761767786
757446090
761634186
1835375770
1843764410
1873263802
1877458074
1864610954
1864610186
4012093850
4012020666
3978490282
3978437034
3982631914
3982636906
3974303542
3974306582
4242746130
2090937602
1554001154
1571102721
1302732800
1202073600
1202585664
1206534336
124502144
124486080
124490448
124493332
90806812
90815000
355068472
388558376
925427496
925693224
661438825
762102267
762171867
762171866
770560890
770560874
762180458
757985898
757441114
757446346
757439962
1843764394
1839700138
1873262762
1873263754
1864873098
1864872330
1864602522
1864537002
4012045226
4011991466
4016185770
3991027178
3974306174
3974314262
4238551302
4238552834
1419847426
1437016834
1168519491
1135481217
1135476864
1139474560
1097550976
1097849984
1093663889
1093131731
1092973875
1126457638
1122001702
1118839599
1118844713
42995560
59771816
1129322920
1091582376
1125194121
1125326218
18023818
17973642
24371706
31515626
329556842
329556330
296067432
296198632
279290232
270902136
807502360
539197960
539145736
539212312
589466152
576891435
576891451
572779211
572530314
590348938
825230250
806551722
1351757994
1351753966
1370558470
1169170434
1168121858
1201856514
1201840386
3349324034
3483541763
3483799828
2415363868
2380238364
2648484392
2623318568
3158084136
3022818856
3039397384
2771096088
2804658728
2787873322
2787886122
2787728490
2792037482
2791972058
2922001610
2938778826
2942973018
2913613418
2913629930
2913695386
2913494665
2779311753
3043557000
4079603368
4079622056
3811186600
3811456936
1664033160
1663378824
556017048
543433980
819995732
279057411
279057411
10683395
10748947
10748947
10908673
31870979
23249155
56787714
65188674
49451842
45257475
43102775
1116774957
1116775976
1118875176
1118871080
1118886504
1399906024
3508588200
3508651416
3508650392
3512844697
3521204635
1407279546
1399022570
1407411050
1407444266
3550735674
3517164602
3517033514
3496066106
4028732682
4028732170
4028740106
3777147402
3824325210
3824326378
3815956203
3811671785
4046536365
4029745069
4028827047
1881354406
1893933286
1352863986
1369899074
1403400194
1118183426
1118724099
1118740480
1118674960
1140630816
3313350448
3309213184
3246298628
3254683140
3250554396
3249833580
2442434280
2446646952
2438254248
2434129576
2436355752
2436363928
2473390792
2456613576
2456580696
2456778281
2456647467
2465037610
2481781802
2444090426
2427313210
2494551386
2498728394
2489815946
2976223674
3009778090
3009860010
2993840539
4080149897
4080085384
4046531000
1882270124
1882400988
1882401869
1617125381
1621278740
1621262356
1889972224
1890038528
1906672128
1903460884
1901363772
4078420540
4078310969
4082247977
3008374824
3018852392
3019311192
3522566344
3518439816
3518259849
3517203098
3500949930
3505193130
3295621290
3307675882
3341165642
3341181962
3613846538
3622607882
3618408489
4156340520
4156336952
2818354696
2809962056
2805760584
2804712056
2805957224
2789126760
2722030185
2719375918
2721526566
2725577062
2801074274
2817328354
3085704434
4159192274
4150933698
3622713538
3622709698
1475222210
1203572418
1203517394
1203511794
1170153858
3317617026
3300622723
3300496304
3568871092
3573131988
2499386108
3027811052
2956765932
2973544168
3007116008
4080816808
4079747819
3810787818
3814981738
4058251306
4054264874
4037421082
4054198282
2515986442
4126582794
4160006922
4290027018
4290544330
4272718490
4272456362
4159275689
4147000232
4146471848
4112654776
4095877292
1881285804
1902259372
1907370172
867182797
313551047
313567303
49462535
40015109
1113751860
1113751840
1130799920
1138942464
1373815300
1373815300
1348588092
3496046124
3563317800
3563321640
3563440424
3572812088
3572825672
3589595848
3588539035
3588506282
3723231914
3722776746
3756470442
3748016362
3748029642
3613846538
4151814154
4160526393
4154243624
3887902232
2818354696
2809697864
2771944024
2770895401
2804581161
2805920043
2772332843
2755010911
2692096375
2700415463
2696216998
3031238055
3047950515
4138539154
3601741954
3538823298
1122905282
1114584259
1114378355
1130631267
31858707
32907527
83243269
74908437
74778429
74526524
209005336
209013528
234146360
536129144
519874264
519864984
510427801
510362298
522900138
493806506
476930538
1013735530
2097013818
2097085466
2097063963
4241926424
4126517768
4134836744
2524743176
2532082264
2527625976
2544419496
2645250729
2628399786
2632655786
2632458410
2632457390
2229864622
2230261910
3295553670
3223726214
1093020806
1126593669
1110597765
1114792324
41083780
41001620
36807396
35894884
1394773532
1361284620
1365289788
1902160172
1902157096
4083191592
4084368904
4065501704
4065501720
4082233901
3008385583
3008366382
2438399270
2440502311
2448765991
2482451478
2545288194
2545824002
3351126274
3355390226
3321696594
3321696370
3305050230
1149186422
1149186335
1149179659
1144987147
1412709913
355741225
354690857
358876971
895746331
904200523
904347851
930567419
930475243
930475179
930456987
930452874
937787786
937787802
669487530
669491626
669427114
1734782122
1730657450
1713741050
1713611994
1731371082
1731391514
1731342634
1697784618
1701978922
1978871406
1958158063
1958153205
1419059140
1418997700
1418995648
1435972288
1171673792
1173766977
1173836739
1173418483
91283810
91386163
91357447
124913415
123805207
392505919
392440365
392440617
392178985
392181017
400556296
920912136
385106200
376717609
376825129
930211179
930194939
929072603
904168858
904167835
1973781401
1973856184
1978050488
1969663912
1969729257
1969522409
4158764665
3890455322
3890393370
4151762986
4147535914
4114033706
4113971310
1949702270
1414928854
1423318981
1356269248
1351955136
1083519552
1100427840
30806592
64377408
66507328
66516544
66569744
66569777
48582197
48586295
41172783
376713007
372518187
372516139
930361627
930349337
937689433
929300825
895829369
895974891
895938027
896003514
904183194
904168842
904233354
635928971
636986299
636724139
627287979
1701027754
1696841642
1830922154
1831052282
1832035098
3979534618
3979501866
3962709035
4235339821
4243724333
4239788349
3700825861
3700766213
3700695621
3717558993
3717681889
3584020961
2514272608
3579101296
3612864832
3608600832
3591779073
1446381063
1446448694
1446329902
1449475886
2011438442
1973687786
1956910234
883163275
887374216
1030047176
895960856
891715384
925265192
925295913
929293433
929083595
937460107
1977975195
1977975737
1709555368
1692769000
3831994984
3831740984
3827542556
2754848284
2754847252
2754802231
2754802214
3039982119
3061187171
2792818403
2800683969
3064928704
3064740064
3064757412
3048006820
3031229829
3035490191
3023896238
2955726502
3005598630
2720452022
2724650374
2724624261
2720408516
2988712580
2988712636
3005687212
2959215784
2963409064
4037019816
4037032104
3500158121
3500156153
3231790283
3235918027
1105208330
1096838426
1130396474
1130437434
31537946
31669002
6503706
2561066
2424874
270860346
270865418
287601674
824986894
627964279
627964279
627964279
627964279
627964279
627964279
627964279
627964279
627964279
627964279
627964279
627964279
627964279
627964279
627964279
627964279
627964279
627964279
627964279
627964279
627964279
627964279
627964279
627964279
627964279
627964279
627964279
627964279
627964279
627964279
627964279
627964279
627964279
627964279
627964279
627964279
627964279
627964279
627964279
627964279
627964279
627964279
627964279
627964279
627964279
627964279
627964279
627964279
627964279
627964279
627964279
627964279
627964279
627964279
627964279
627964279
627964279
627964279
627964279
627964279
627964279
627964279
627964279
627947895
896383351
896382391
1030600118
1030599095
1064153535
2137896894
2137897918
2146286270
4289575614
4159290046
4159290302
3085612974
3086677951
3086672813
3052995500
3044542124
3040358284
2955422604
4029295036
4042140844
4037416125
4037349583
4037292238
1348735070
1344292222
1411480846
1411606798
1415670542
1432369950
1600133950
1591877390
1591874830
1524760846
1524830510
1524637998
1274028334
1271932206
1270930742
1270930710
1270977878
1270978007
1270978453
1262720924
3410212252
3410214300
3410082236
2336340476
2336340476
2378349372
2357377820
2357378612
2375204388
2241041957
2242938149
2280947815
2255782119
2251669654
2268479622
2234910086
2233866143
2221358767
2230595311
2230594557
2230594317
2238982413
2239183117
2281135372
2276982045
2276975901
2276827413
2279899447
2279965031
2271708135
2271712230
2239083430
2239035302
2234843046
2165602742
2165647798
2438343094
2438343062
3543546246
3543270790
3543335318
1394803102
1394635150
1394663887
1394648525
828419421
811646804
1885575940
1348639493
1348655895
1365433126
1432583462
1466121510
1466121494
1608725782
1604531478
1570976054
1570976038
1486967078
1491129646
1481690399
1476435215
1493219663
1493416271
1497545167
3674389711
3405905149
3405872621
2336366076
2336366588
2344754812
2323783228
2390769212
2407544348
2407544620
2407740716
2274506028
2240810284
2247363877
2246855029
2238466421
2238536055
2238675319
2238675223
2238675223
2272099095
2272099127
2238577463
2238708599
2238700407
2238569462
2238503926
2238495734
2238495735
2238290903
2238438359
2272002007
2272001877
2238446421
2238441973
2171201973
2171206071
2154678711
2154809750
2171591574
2171075478
3244768150
3273866134
3257088438
1109604790
1109600406
304294022
320941254
857745607
861944135
870340949
836852063
836852575
828472158
291732278
291731766
358840630
367098134
98646294
262215990
228661558
228686134
161577278
161577278
161573150
162625822
163694878
163694878
163699070
1237449087
1237449215
1237424637
3384908156
3376527740
3376528252
2311174964
2306980660
2306996788
2306996788
2307128100
2307128100
2306988836
2311178532
2379335973
2372258165
2238699895
2238708087
2238708087
2238708087
2238577527
2238577527
2238577495
2238544759
2238544759
2372893047
2372893047
2372893175
2247064063
2246932959
2238544351
2238577119
2238577151
2238577151
2171468223
2171460031
2171591070
2205153694
2205153694
2205154238
3278240190
3278199222
3273742774
1092704694
1092712598
18966662
19097734
287566023
824437191
593746245
593664325
593738071
593598839
593533239
589363511
656537623
656636215
790853927
1063451942
1071839014
1038611262
501592838
484811526
484943622
1020635926
1032162166
1032100287
495827901
399440780
391019404
386801540
302909380
302974948
302828900
843875813
848069670
579634230
1636663582
1636733702
1632022790
1633002518
1702145062
1814333478
3978672255
3961960557
3979802733
4013320684
2922778108
4000714684
4000647092
4269086101
4277417367
3199477142
3199542182
3200127734
2663252678
2646430342
2628576902
2628038279
2632428165
2632354445
2623851421
2620415917
2620401069
2637177327
2637312111
2649956399
2645648669
2626743565
2626743053
2630924821
2647693877
2681446101
2681395079
2664625031
2656108967
2651849127
2534409639
2500988342
3578931591
4109445285
4105185445
1961891989
1969298573
1432566989
1432413644
1465968124
929084773
891401573
891401589
891401493
622968093
622902589
622902589
1730395453
1730329917
1730329917
1730321725
1696701469
1696709663
3844586559
3844537406
3845545006
3846049070
3883535854
2950369198
2946043823
2929270461
2929207196
3065538524
3065538524
3069719124
3061330436
3040477700
3023708685
4101907001
4101845803
4101833514
4101834042
4110227770
4108073242
4108114266
4124887242
1365027978
1398572170
1400734106
1400820122
1384051131
1398682555
1935549371
1901994939
1901995438
861807022
870129838
863244542
863240446
863244334
863248431
829780271
812802877
810738237
877912639
349225503
349209119
349288015
349220679
348171095
1413593463
1950521671
1958910277
1960221957
2010615093
1652528437
1648271621
1648263429
1648264213
1648280613
1648305447
3795660071
3862771055
3850306526
3841852366
3837723550
3835499198
4102828734
4102824654
4102830030
3566017375
2492427039
2492361501
2241817149
2275174973
2258381325
2258449933
2258522909
2258583853
2258420013
2258403439
2208268527
2447155647
2421981615
2417790383
3491548091
3507379083
1426996107
1460021643
1980116363
1985355914
1985097930
1986068506
937447466
903929898
887152938
878767386
879028506
888646430
899611405
899598620
902383996
827854204
1394083292
1394237900
320496604
291132412
273171428
281854949
281854957
277660141
281594077
281790541
290121807
291154127
324987086
327089358
310297034
847037386
846496506
846246634
844210922
844146219
843103531
1916831785
1979759657
1979819035
1979883531
1980153866
1997979978
1902040890
1960730426
1956601658
1691934011
3841518905
3841517369
3766203961
3766072889
3763909225
3762852601
2689368792
2685190876
2685400812
2685300460
2685283052
2702129772
2707361324
3080655676
3082760972
3049202445
3082625294
2679906598
2678853734
2683060326
2670546966
3745406982
3711852558
3695062022
1547577414
1417558214
352192695
352091303
341599383
337388677
389283973
372639109
375541413
379766437
380692199
917561943
913367814
909157174
907125542
1985196583
1993507367
1988527655
1992603189
1984210741
1984226613
1984426029
1942409517
1909866797
1632896813
1612529181
1612528141
1881082381
807275277
811482463
836710623
867971231
865890447
864866461
864846013
831291817
1905036713
1908710393
1942395675
1942403338
1935059210
4084706330
4084577546
4084695882
4051616458
4051616506
4051628718
4049560303
4049351661
4049351149
4049346812
4049547516
4049231996
4059753596
4059757916
4055873804
1912449805
1912454669
1945996813
1920828957
1916572477
1983762735
1983893807
1916727335
1920951335
1929270295
1928217607
2004242437
1966493761
1949782481
1947693985
1683481249
1686495909
1686491815
1686426295
1686389750
1959018871
1968034095
1964925247
1964387597
1968646413
1970612509
2012571949
1991735791
2126404750
2130461838
2122055822
2117861518
2117472702
2134258351
2113282735
2092245741
2092180093
1555309277
1559504623
1559505839
1574185391
500443583
532950407
533033351
524734855
357994837
339120437
807768349
807445772
807512332
824350984
858167560
1931909385
1916109883
1914487018
1931264170
1900822954
1909391786
1888420522
1888450283
1905196667
1943989833
1946069769
1920838409
1919716105
1920306953
1937213051
2004333290
1966105530
1947210682
1947206058
1947350186
1951542443
1976707247
1972505999
2006128015
848307087
328213399
334623223
292614647
271638839
271622455
271824157
275969821
300080909
333630733
316919067
1382341915
1450499387
1450495355
1448595451
1472630491
1971754697
1955051081
1975891481
2002039609
1985257515
1981128747
1981259821
1981128831
4127559903
4278637823
4245082093
4249243365
4257630949
4258758359
4258559687
4258559559
4260655703
3183342439
3183337767
3187471399
2650567701
2642177109
2637966677
2637964645
2642290533
2650687093
2512274007
2544714327
2545219445
2549409133
2541018493
2534788447
2501341007
2484563791
2484223310
2488667518
2497119726
2492733422
2643731454
2677302238
2677302238
2677306863
2681492847
3713293359
3692387391
3694541839
3694537999
3692963085
3693039901
3697262893
3712733677
4291339725
4287145869
4270370701
4270440367
4270432238
4266165742
4262036974
4144677215
4144910671
4279121183
4280165741
4284427629
4284427757
4292816383
4292818143
4292687054
2144170382
2144137614
2110636954
2093925023
2085540573
2086003321
4246004009
4246004008
2102780216
1599502104
1607933464
1439776313
1414803049
1415003899
1414930334
1348275614
1348209822
1358761102
280906958
330200263
317612229
308748421
304443572
35737765
34631845
1107321253
1094774181
1086376885
1082231765
1083419141
1353887237
1386391044
3600982533
3601240837
3601240323
3605958962
3593437538
3610019042
3560963494
3560864134
4095106439
4099284983
4109711205
4122227509
4121961239
4121977143
4126433591
1439982911
1440048447
1440181527
1431756037
1431751941
4116106525
4116156221
1968551743
2010490463
1993713230
1993709518
1984727006
4128015870
4128097791
4128231591
4145537253
4250329317
3973506516
3975608132
3975673412
3168069204
3184845349
3184914983
3186967350
3161724718
3161732398
3027580222
3027639678
3036548222
4104064094
4154276958
4070390863
4074519629
4068285788
4068439388
4064178636
4080955852
4047454684
4049420780
3511944172
3519285100
3519286828
3519356460
3578161724
3569806868
3565678356
2491919637
3163989366
3164055014
3180365286
3178268070
3205531046
3206002070
4262880390
4262864006
4279379334
3880924582
3855683495
3851423653
3851431637
4124061260
4124059212
4157630220
4157630220
4140921676
4157690332
3619902972
3582150059
3582021034
3586227626
3570494890
3562143162
3562534362
3562467658
3564613902
3563427087
3563369789
3563367741
4117081405
3576151325
3610674461
3593913093
4130788109
4149666573
4283855677
4292171567
4258544431
4258544431
4123269999
4148496858
4278650250
4279701898
2131956107
2136015291
2110849451
2109765610
2109796202
2109795083
2109779211
2135004441
4283662361
4266819593
4274225480
4265644408
4265665512
4278216424
4244846313
4232197865
4240578539
4237430250
4103081434
4105189770
3572509066
3581245674
3577171162
3610755274
3744854090
1450565642
1448599610
1448599850
1456596270
1985039663
2001948479
2001880925
1967321949
1950610396
1950409196
1950392812
1950392812
1950397932
1950398972
1950391261
1963297759
1963379294
1996933710
2001927710
4149404478
4159889726
4157722943
4149240095
4149240127
4148257663
2000941551
1967244783
1975799039
1959021789
1959118941
1959188493
1975953421
2002172941
1988003076
1987940629
1983689045
4131238365
4145992111
4111910847
4111916703
4099366559
4099399342
4103470766
4105496238
3837064698
3769914490
3790894122
3782501419
3812040763
3811975449
1664491801
1668682553
1668613929
1666518825
1641353019
1640251163
1640251338
1909202378
1942750602
1389102234
1389307070
3527877806
3527877118
3268350238
3280404766
3230024459
3231113737
3231098380
3233065516
3304360812
3291777516
3289680301
3289819533
3608585357
1444323533
1444315599
1444315597
1444327925
1914480484
1935452004
1943840548
1910478124
1708635484
1700045180
1695871468
1694814701
1678005741
1678202863
1682331567
1682310830
1707226814
4257427422
4257230798
4257226062
4257233166
4257491214
3720702222
3653725470
3688256798
3667317022
3667317014
3667251575
3666137447
3687113063
3678724461
3645374461
3695639548
3695639293
3695631101
3708275453
4244999885
4278496965
4265977797
4266125269
4266128756
4266775780
4266673396
4279457012
4279391477
4250031605
4250060535
4258453110
4258330230
4291880822
4283491638
4282410006
4156626006
4124184823
3587313903
3570536941
3570533229
3570598424
3566293512
3566265864
3583044104
3587226425
3612646185
3608447353
4145322443
4145450443
4111893963
4118184409
4118188396
3044385068
3077939500
3191333148
3190972692
3188928804
3193114981
3201373671
3184723951
3163754223
3163754203
3163561673
3167776713
3167776729
3166758809
3166758555
3166807690
3183715994
3176372138
3176170922
3071329770
3073635706
3077760266
3878872334
3877889295
3877889309
3844273469
3845313837
3857894701
2781990271
2814432599
2806048711
3053545158
3053544150
3057873639
3084014311
3079882725
3046327797
3029685573
3035915589
3036013845
3027760949
2956320549
2956281655
4046800159
4048892959
3814137887
3822460955
3797364827
1666659545
1628912857
1879529657
1883560363
1891945387
1619840906
1905055178
1943856586
1918165194
1985409278
1995600382
1995584495
2012362471
2146512551
2146447015
4283445174
4283448790
3741521110
3741405254
3746586894
3721453854
3717571390
3702896175
3702830637
3568627484
3572821956
3564592020
3562408868
3562412964
3495365540
3495038900
3495040916
1364332945
1362313427
1361100802
1361089538
1361093890
325100818
316846850
316846854
1386393862
1390589207
1391565861
1364297765
1359464812
1342687708
1896205260
1896120140
1933862428
1917153848
1925665337
1925661483
1925468974
1942282542
1943335278
1900327422
1900319182
1896138126
1879360902
1900397990
1908833702
1904635302
3515248039
3548802487
3536285142
3523673350
3541474566
3543305478
3547569414
3551575334
3515921702
3616583974
3082854701
3083051820
2680345564
2663531988
2655259812
3725855972
3728477412
3745387749
3711836615
3565036422
1417553542
1423318678
1419197111
1150626449
1150578304
1154770560
1163190912
1112920772
1110885060
1110918001
1110791523
1128031522
1096573986
1104942118
1104942102
3284106502
3267259654
3267264262
3265154870
3265023534
3263985455
3264017197
1116525372
1384993576
1381790504
1394366248
1393313064
1393382712
286127384
822988889
827162719
818778334
810399198
835566750
835557535
835684509
869177565
844036300
839839181
1930323533
1930326623
1930306159
1934369390
1909203822
1368146286
1401176286
1401177294
1401183439
1405999351
1406057958
1473162710
1464772038
1162781894
1162773574
1162839126
1162859638
1163783286
1415540087
1414999863
1423384167
1356144229
1351620324
1354774244
1363161764
1392538516
1392636288
303427968
303362465
324321447
332711078
299211942
1406593398
1408690438
1408691462
1407642886
1407706391
1407447349
1374802213
1374734117
1364252469
1364320053
1397911317
1397911317
1397964093
1934693695
1934692669
1934627117
860885801
827589433
827593529
281293337
281288281
281332731
1351388090
1351584154
1434958218
1455926666
1448579466
1450672522
1995932122
1995936106
1995612266
1987223663
1983029357
4130514020
3994191204
1711457604
1711423748
1711411460
1712467988
1863397421
1836326958
2096440366
2092309790
2090208206
2090273486
1553809118
1552688854
1553757894
1553777351
1553777364
1553839968
1440526112
1465691952
1447014208
1446952256
1446954304
1446954305
1379321203
1381455843
1398220515
1943480019
1909921473
1909790449
1908676325
834680293
834671717
834673781
549665805
549534733
817904925
541072685
557874479
566258987
566623547
600100123
600083739
600149339
600153563
591764987
591764985
860331449
591838649
591832505
591836603
591893947
1942461887
1942469822
1942469886
4089953534
4081298687
4144211455
4144162301
3074619117
3049445101
3045258925
3028543165
3028412093
3032608447
3025264367
3021000175
3039874558
3071339726
4128367822
4128499022
4128438030
4132632350
4132894526
4151826238
3086437662
3052882974
3053345822
2510257182
2644323390
2648515902
2648511790
2648638270
2648642366
2627680046
2627482926
2359039278
2363233599
2382108445
2373785373
2356622093
2222265101
2222260508
2222265644
2230803756
2228746621
2220226909
2236922205
2253893068
2253829581
2253820365
2253816269
2253767151
2252657135
2253677039
2270519790
2237014494
2161521102
2161578399
2161382831
2153003439
3222542781
3222756253
3222469517
3256019853
3524437901
1379050381
1377927629
1377861933
3529810223
3529547823
3529631023
3554868534
3521574678
3517347606
3517338166
3283571246
3281261422
3268678511
3260289327
3340042558
3306488126
3289855246
3296158990
3304549647
3304520463
3305032461
3295595341
3425030093
3475295687
3458520535
3463566838
3463688694
3327238630
2278597094
2239865319
2239996325
2240008613
2277560740
2270446052
2266235380
2232878429
2232823101
2237016367
2241145135
2274634031
2257877275
2257902923
2264188235
2264237899
2253751291
2253755371
2253890031
2271125999
2237575679
2229113341
2354688484
2354706276
2350767925
2350733845
2367576599
2401140502
2673747734
2665308438
2682020214
2676318719
2642932157
2240139677
2228537229
2220150429
2215955453
2232900079
2232904174
2232772734
2547508302
2476138570
2476142923
2207642077
2178208749
2169816813
2169947885
2170019501
2169796271
2169771934
2203324814
2203984350
2214470126
2178769390
2180796478
2424098846
2490732559
2490872861
2499063068
2515839244
2549590280
2520160520
2654374732
2654392284
2671118237
3711316927
3694535086
3705090478
3700765102
3700761014
3700826567
3700826455
3436513078
