3147705474
2609802370
3654184066
3645730242
3645647858
2605525842
2332899602
2387032338
2388016150
2262172694
2257977590
3265200294
3263959230
3263963295
3247227321
3230451112
3235690920
3224689064
3224738232
1126603209
3257313551
3257052422
3257393414
3261583638
3270415142
3333083682
3349869074
3316257282
3299488258
3433693890
3433563043
3433570529
3433586917
2360898660
2365118556
2354690060
3424626700
3474893069
3458120015
3460217806
1312460038
1320780054
3451486243
3434786848
3433668640
3425214496
3693650016
3744109952
3593123456
1445627520
1995146880
1927906977
1928898469
1903732141
1618521261
1613270201
1613548699
1613690059
1613161482
1898341658
1935818554
1919032894
1927749182
4070913598
4071436855
3534574103
3534582535
3622400775
3580608999
3559581095
3563769239
3564817799
3573517701
3590100437
3623674213
4135379244
4135379244
4134924604
4130693432
1983326009
2134261531
2100697866
2082347866
1558056442
1553796506
1553728906
1553731978
1553789338
1570615742
3721372078
3721175534
3721176559
3754732901
4292783988
4158561876
4143875668
3061811060
3057488756
3057488244
3057631348
3057631333
3057602663
3061200175
3060209454
3186038590
3169269326
4242749262
4242751310
4243660766
4241498094
4241499639
3700434375
3704972743
3705099591
3721905495
3715618135
3696751959
3713398131
3713381682
3713381683
4250251539
4250383635
4286027025
4286028849
4015167540
4015233076
4015233044
4011047940
3994260484
3994255652
3996369253
3996471783
3861189607
3995407271
3999532975
4024700845
3986952125
3971301020
3971360388
3837142724
3837138628
4109704901
4126420469
4126436581
3086253287
3218420951
4283835846
4292227910
4294333014
4294394406
4294267430
4294211382
4159984918
4149503062
3595853910
3595002071
3611705559
3612299477
3578745309
3563026269
3562995293
3571449405
3573546589
3573407325
4126990303
4126988191
4118664094
4118791102
4118795199
4112355771
4112365051
4118658409
4118653997
4101827645
4101301277
4112801823
1965502751
1965424950
1966997798
2004751846
4143844854
4139732423
4139666309
4139704197
4138205125
3622090437
3044319815
3044323895
3044319783
3042222631
3050628903
3180651815
3180643621
3184902949
3159708501
3157615175
3157729991
3023517671
3027572647
3035909543
3029618071
3050667141
3050794117
3042372740
3042440644
3042309493
3040179573
3040294167
4046855431
3508935991
3580234023
3590195489
3585543441
3585422593
1442062593
1415327793
1350373409
1367216243
1375613250
1392394562
1392477506
1392346466
1927064867
1649191203
3792480545
3809258053
3809249999
3809250014
3792686742
3859681926
4128121494
3188597414
3202097574
3149660326
3115057374
3098484939
3636339913
2562074696
2287282184
2283042856
2282514728
2300471577
2337957131
2342154506
2344141066
2327347514
2327355690
2331563306
2322189614
3460009262
3459940717
3464135116
3464143820
3464012748
1277724556
3425344388
3425352576
3292191104
3290024354
3288909986
3570174114
3620635842
4136546754
4137591106
3065684739
3199841072
3198723872
2926095904
2921901604
2938674724
2939942644
2939823076
2906268581
2759786919
2763785662
2763986334
2763931039
2763991519
2778491359
3889981775
4150062863
4145866511
4146065679
4150181935
4149919790
3864703082
2791029867
2790103163
2790037577
2790037513
3863976728
3830365708
2756617732
2753491477
2753548851
2753385011
2753327651
2755425635
2767766755
2796274835
2796182657
2796190849
3068819843
3068918179
3068721570
2801331618
2801331618
2793268675
2810110019
2810093585
2776072228
2758262836
2754048268
2753978636
3827771164
3827777069
2758090287
2766473771
2766998297
2699827529
2986097096
2981902488
4054727080
4088282508
4088010636
4087952271
4092081070
4068221102
4068221102
4064018598
1916682454
1915212870
1919200263
845458181
845462068
1919220277
1920416358
1400257062
1372982054
3520465718
3495832342
3495782678
2426206470
2428288278
2965159222
2965219109
2964891196
2980615692
2993194700
3056373420
2788006572
2787482028
2787621092
2787571940
2788060260
2804819029
2775459079
2758685966
2892893518
3966572894
3974904174
3970701678
3903654766
3903725134
4171769422
4175962638
3640132110
3635937646
3652792430
3720028398
2377671886
2360929423
2359871629
2364115340
2355858324
2351669124
2368378756
3443168196
3346706900
3355156980
3615207796
3581579732
3575553492
3575619060
3575504356
3574557932
3573951900
1427514765
1431704975
1431703518
1574309486
1574373934
1576286782
1609838366
1325146382
1258238222
1253638430
1251492142
3399016750
3422070062
3375934766
2285406527
2553907573
2566634452
3099307732
3116019412
3116021460
3220932308
3191440116
3190522532
3056259748
3056297637
3056149925
3056141495
3085894805
3049133205
3049141389
3031834765
3031834767
3505741983
3497321694
3564502094
3577216074
3609721930
4129680730
4133989706
4133920010
4150707482
4150641978
4151107882
3614204218
3622400314
3588903211
3718935341
2628477805
2632542204
2632538076
2642005468
2675690876
2658917724
2524669253
2524669901
2524934813
2533315245
3606528685
3621077933
2547007913
2505072809
3578847417
3558072539
3560174859
3575895322
3575709498
3579899674
3613453594
4150459658
4150711562
4117152027
4117152027
4117217595
4118135083
3589657387
3589629754
3587534682
3579145691
3579149755
3579796906
2499691962
2499756442
3053449626
3052794266
4126454266
4151619946
4151622955
3883182361
3865422108
3861358876
3861354556
3861351484
3862265912
3862343708
3879116860
3845575468
3845571116
2772321828
2775322149
2917927718
2850822502
2834045046
2825722198
2825796302
3974773390
3970636478
3836222126
3836221870
1689009308
1973694604
1978937484
1427447944
83959944
67182600
67232008
68266264
5355807
7452958
7440646
284526854
316639238
853180422
853180614
909816005
1982509184
1982509200
1982509232
3777934752
3761240736
2687318688
2688367328
2692496100
2696690276
2965121573
2965121830
2964068398
2443970622
2443450398
2176071694
2209612814
2211446798
2210467918
2202218570
2168664138
3242401865
3242402120
3242271560
1090854728
1090853832
1091525064
1091525064
17391048
51928520
54085065
53039563
57364955
57373179
65762299
66810875
33125370
100233722
92001786
92012026
1299970554
1308228058
1336532314
1336529242
1336504602
1269526842
3383456058
3383451946
3383451945
3383325032
3379064168
3374905832
3374897608
3374964168
1227480520
1227478472
1298780616
1307300696
233567064
233534328
225145640
220946728
220946728
153703736
153736537
153668954
153733466
1298782554
1340725594
1336671578
1336669530
1202451290
3349803866
3316380538
3316380522
3249267563
3253298024
3244873704
3245987304
3239695864
3239704056
1091302872
1124851160
1124850136
1124719576
1124850520
1124834136
51092312
17546712
17544648
285979096
285979032
319391160
323587496
323607017
323713529
319437177
826947897
826944824
826944808
835286329
835252537
826839385
860390361
1934132121
1934202553
1934466745
1934465723
1917827771
1926216378
4073634554
4090425210
3553504570
3519949866
2437817386
2421040170
2421107770
2152281114
2160592154
2156463386
2156466458
2173243739
2173243849
2240295304
2243453832
2246591128
3320332952
3320402616
3312146408
3307961640
3341383720
3475765275
3475761162
3476023306
3475896586
1328401674
3383314234
3383317306
3383439706
3383374138
3383374122
2309562666
2347245866
2347241835
2313777513
2305384825
2305421689
2305409401
2305409528
2305424856
3379161560
3379292568
3375098248
3358304648
3362494857
3362359688
3362495880
3362495896
3362493880
3379278328
3412767192
3413816264
2323293144
2333713385
2669191913
2634658537
2622400172
3167661740
3163467436
3185546924
3042805484
3074409196
3006677740
3004572252
3004572184
3004441385
3780391211
3789291562
3820815402
3804171290
4074719242
4074756170
4133353546
4129089610
3592224074
3743237898
3711828794
3699249450
3702137130
3703185706
3703185706
3703120169
3585614120
3583518056
1196952888
1192824088
1094393112
1360669976
286926136
285959480
319321400
323536152
843613529
843874655
856524155
1896843129
1896521336
1883946616
3763052248
3771440856
4035690232
4119510712
4157320888
4274548399
4261949158
4196089574
3726314790
3728411686
3610905622
3589938374
3568968838
3568971910
3566915714
3297280129
3297288608
3431506852
3444090532
3575156396
3575549564
2535365181
2534861615
2534866222
2522006574
2530399286
2526208023
2659442765
2676205004
2647105485
2621934333
2618673903
2618809069
2484530941
2490820317
2499269212
2510570364
2510567276
2548313964
2539923820
2535799148
2540051565
2524316783
2532442238
2532511838
2547019854
2505109598
2483066206
2483067230
2483075918
2504046919
2546108758
2529618390
2529617350
2531160455
2531152821
2550006437
3622703781
3622114981
3613670053
3593738597
1378884641
1377833011
1377902595
304291841
304226309
320995341
274857993
276169992
276172040
343280393
351738393
347414041
346306139
883177083
900469355
669799291
602722811
560853435
560838075
560838075
560838075
560838075
560837051
560312763
560312763
560312827
623358779
656912939
791064107
791046699
791030315
792075051
723652586
702677418
698351771
698355851
699469979
697307306
763388074
763420842
1069591994
1061402762
532855946
490904779
474203209
335623177
336800776
336731449
338829097
485897769
532034057
515244555
246809099
246875659
250875818
184306602
192727466
158916026
148500878
147452302
147452342
147382694
147382754
144434465
146472192
150664448
141488384
205500688
221688064
186028288
169312528
173179136
240293120
240291076
242649348
255298388
222141004
205299416
1279041272
1283251944
1283317480
1291681512
1339829992
1318858367
245311262
247402774
117248038
108998690
104738850
19795986
3026946
74326018
74334530
82805698
15700866
16752534
98352054
400341934
936164270
864861098
563911562
547336841
550941576
538354584
1612096424
1611899816
1611899624
1613936168
1618123320
1633917464
3814763016
3810568712
3793984280
3793915161
3793962041
3793879273
3794141611
3794154410
3815125674
2712015530
2695168746
2711883130
2711889930
3013879818
3014404106
2464954378
2519541770
2536123402
2640979210
2645176602
2359955754
2292908330
2292711738
2292712779
2296907209
2372404104
3446149528
3446346168
3447338424
3447336376
3447269816
3447220632
1329130904
1329110424
1329169800
1192986059
1176085962
1180216682
1184472426
1186696699
1337691513
1340859736
1298817304
1277841688
3429504280
3429508392
3437894952
3438038312
3430730028
3426586492
3441209180
3453265740
3448022600
3682903640
3683038844
3687241325
3679342126
3676245550
3659075118
3659023406
3661156398
4198010942
4198207566
4198080719
4215055500
4179473800
4182157208
4182155928
4181889753
4181869307
4181852778
4248961578
4250075946
4233170730
4233108794
4249958666
4252051467
4252318729
4294200585
3757885192
3753428552
2679686664
2646138376
2650531368
2650449192
2646253608
2629472297
2629468171
2629538122
2629350378
2625147626
3173549802
3173748463
3173687021
3173711581
3173772876
3173641820
3173773116
2943088956
2943088956
2951339069
3219740031
3152609790
3127383038
3123188730
3123188138
3127448746
3152747754
3148560634
2611689594
2578135066
2577999882
2313693194
2305304586
2305305610
2305387530
3387649290
3387587850
3383424286
3387609407
3421225325
3412640108
3379069432
3379073944
3362366392
3429476280
3429477304
3425278904
3442056120
3744185224
3609901960
4146771848
4147020171
4152263130
4158624746
3587023466
3570262575
3561890341
3558748692
3558486556
3560517932
1416114220
1475034152
1453987848
1454249992
1455294472
117198601
108840571
108843626
107762410
124343290
258691578
267014650
132870378
132871402
132775162
132775162
99219674
99334346
83606987
83490249
75026825
70898072
71193020
71201188
75395492
75486112
100070288
97969088
89580480
89319104
89317073
223599347
265550578
265350882
517006306
508617186
508616930
1582334182
1582334182
1582349543
1599121653
2101393653
2084678132
1958850004
1958977988
1975686084
4114776468
4148335013
4149388773
4132617701
4132608983
4151545543
4151369239
4084266550
4084266558
4050671422
4049696046
4049675494
4091752678
4059173030
4059173271
4059173279
1968378831
1968395081
1970500361
1970347274
1969236266
2002790698
4158679338
4292950298
3756263690
3689678090
3685482762
3651797258
3651797258
2309632362
2292786026
2292720495
2296928109
2305351677
2305409021
2313791485
2314838653
2314838621
2306454109
2304373341
2304496633
2306564073
2285439977
2301168617
2368342489
2368362953
2406144457
2682951112
2678624712
2678625272
3215500008
3081282280
3085480680
3072950956
3073016492
3073037029
3057285093
3057266019
3057530913
2788038688
2792249376
2796485680
3870225408
3886985984
3853431360
4096688833
4096624259
4096624306
2754469538
2754412450
2766962082
2902211746
2780640466
2784830659
3086822465
3086953552
3086888400
3053338608
3032432304
3166510736
3166451328
3183224469
3220711158
2591569702
2591626278
3672716326
3668451382
4209586238
2037059611
1479086089
1480134664
404434952
403185672
944252168
952921352
952954187
424451530
424511882
424511882
459114890
192776602
1265601930
1273943498
1269813594
3416887610
3418075434
3753550122
3751518505
2644027176
3214454376
3220737784
3212412552
3056108168
3056173720
2787869356
2788853676
2788875756
4131014885
4131264625
4146477073
4112923665
1952854016
1952854032
1558655248
1554395408
1554919680
414068992
414122752
145557312
166268484
199835188
184101436
175910520
175910777
175912299
444339307
510918778
536285259
536309963
525689082
525656298
525722090
223785466
215397850
81233370
81038842
79988202
79988078
80593278
80671053
72246092
223224652
236856012
236847820
243140316
242683896
250942840
250885497
250884409
250622251
182464811
199259434
165934394
234290458
225901834
234337626
234205530
217354714
217879034
82678266
82547690
82556907
74104809
204144637
204208084
205125104
209310112
217764272
218026880
217510528
232977024
266564240
242316977
242301603
240200098
239085730
239085730
239086754
239083686
507523262
490750143
490782955
490836267
524526379
517121855
517121295
508797199
508604443
504401931
504464393
486771977
1006799641
1006807640
1011002056
750947020
742426252
1682997948
1678803628
1832092348
1848816285
1846716095
1846716071
1846731431
3860030119
3861926893
3866116393
3874505001
3857732649
1693476922
3838896154
3839092798
3973244974
3973241950
3975397582
3975463118
3984441550
4018066638
4001033294
2935679254
2935679782
2867396134
2867360295
2867356445
2867340044
2934514488
2951361320
4016702312
3848930296
3844673464
3848800696
3764914616
3773302971
4054653066
4054743434
4089379210
4089292682
3015488202
2998702602
3013915163
2980487725
2967904812
3026690596
3022287396
3022258976
2485585184
3560312096
3560315936
4101901360
1908284416
1941842945
1388210177
1387194433
317622465
309300609
305119617
304939393
289145235
272437671
270414246
1352541607
1352612325
1352415568
1369238336
3550260032
3535646276
3606811332
3606807236
2548794068
2544534132
2683023973
2666063398
2591565606
2587370790
2591556646
2608463934
2579107870
3636080670
3636015130
3640406041
1484533960
1477714120
1208234120
1225008264
151069832
151088521
163700106
159489482
159489290
1233493258
1234537738
1286965018
1291683610
1156417307
1152107289
78316313
78316344
57278760
36319528
37363752
37363720
303567880
302517545
302795113
827099499
810326475
341679563
478000522
418230682
418230698
409973674
409907898
409907898
409924330
409432618
409416234
410923578
157164346
1246634042
1254826010
1250438170
1250442490
1250441434
1250441418
1251494090
1257785818
3421064666
3421062490
3387506954
3421065498
3416879930
3416875818
3416912683
3416900456
3421094888
3421097960
3421110264
3412717560
3408508792
3374953304
3375080008
3375080009
3379143387
3383330731
3383331754
3383462827
3370887851
3362368137
3362498184
3647730312
3647718024
3647656360
3681186024
3681186920
1533683832
1533618632
1567173064
1567308232
1483672984
1483538904
1499922555
1562837050
522522682
522216506
522249530
400864542
397186318
363364638
1437106476
1437237740
1424658860
1417323452
1410966204
1409853116
1409915564
1414236844
1414187687
3310025126
3309988278
3473548486
3479123014
3462279174
1323180038
1325277446
1321088278
1337662742
1337531892
1169702308
1147682220
1143502764
1143522220
1160283032
1164477368
1202226088
1470859177
1433120751
1428794151
1411951399
1416223510
1424673286
1420447262
1437222462
1475232574
1458499854
1449582622
1445433390
1580500014
1577360590
1577363662
1581557902
1598531726
1560733847
1544481943
1545519493
1549713813
1560167380
3707192020
3723813493
3747669525
3726896663
3726821910
3463469622
3488639782
3484444966
3484548390
3484668982
3354903603
3346448387
3342254337
3342254401
3342778945
1163903569
1159288433
1142437425
1142498832
1142632976
1148924705
1173958944
1173950480
1203306496
1203453956
1207653716
1308350300
1308350028
1307145800
1307064024
1298675449
1298675435
1567102314
1567102058
1567101994
493359131
493367307
493428745
422060057
422080793
422068603
426295674
426365434
426358266
434673082
434673082
434740666
434748602
435139770
1236246682
1236119706
1504154010
1508282810
3656298858
3647906602
3681462058
3681398330
3689786910
2615909902
2607533598
2603341342
2603217454
3144270126
3152658539
3148595307
3148464377
3148404169
2582183880
2569567960
2636660456
2619946664
2620012456
2649370792
2645233848
2645102744
3584652440
3589006488
3581652168
3577462088
4047224136
4047218760
4080773192
4081036508
1933556940
1648330125
1648279965
3812508607
3812496382
4047378414
4051449710
4058785582
4058853678
4054389022
4054389006
4054323467
3518509833
3518560216
3501767672
3501763496
2423827368
2956499624
2973731480
2973664968
2737209928
2703393288
2703401512
2707661352
2707547692
2707519084
2691124972
2686848956
2707832765
2741968317
2750221741
2729247933
2728662239
3001300174
3001295950
3018072094
3018207294
2447798590
2431021342
2493804830
2494325534
2494325054
2511090990
2515082287
2515209277
3312061452
3307867148
3307871308
3307867212
1160381516
1164574796
1164574984
90714392
87580984
121172264
387511336
374905897
373853225
373853529
508075467
503883658
504932234
521911946
490380938
477814666
1560206778
1555944874
1555361962
1555341486
1559601326
3723682022
3715227942
3715162402
3441454370
3479316786
3479583506
3487964674
2394299922
2394820370
2411267890
2411218210
2377700643
2365116209
2297991025
2289602129
2284559873
2301280003
2334831874
2334831874
2340073794
2348471666
2348406114
2339921251
2574785377
2569542437
2603096877
2590587181
2590715199
2598987035
2598954011
2598941915
2615719129
3152589977
3152788664
3152723384
3144399272
3127482873
3123284861
3123420959
3140155199
3140150061
3119178541
3114980140
3114844968
3114813016
3110604360
3106413257
3106552554
3089774570
3093967210
3098161258
3098021963
2561159369
2561160328
2296912008
2284337545
3358079371
3358271626
3358206154
3362399306
3383296010
3417833482
3401302330
3400261930
3400048943
2330493293
2347271524
2338885604
2339082100
2334829908
2604314436
2602217300
2602282868
2602282853
2602299111
2602200726
2604275638
2583300006
2583365030
2583168423
2566405527
2558015877
3631954388
3640277284
3656980789
2583198989
2616765708
2606474508
2602149133
3137910316
3142100588
2877858540
2877858492
2882123448
2920908456
2923005608
2787886760
2804564904
2704146921
2687897915
3765899546
3774091546
1624518922
1691823370
1687627802
1704265786
1989412890
1990006794
3734583306
3401059402
3400007882
3400028410
3416912122
3383407034
3383402922
3416892329
2347279272
2590544872
2586347000
3123288568
3191585656
3206196088
3977948024
3960122904
3960120904
3960132440
2887402344
2753184618
2774336362
2806776170
2806779226
2806536522
2777348954
2777344875
2760507128
2895697608
2895704776
2893603532
2889409277
3156759527
3156821094
3156953186
2892744818
2934626370
4004183106
4272618562
4272603330
4276863170
4276871393
4276707552
4269285600
4265087216
4281938385
3711576051
3694799602
2625506006
3166636758
3166558790
3166550533
3166287620
3166278404
3166217028
2914558820
2910365036
2906164708
2906229156
2906573220
2906577316
2906025892
2910271380
2917208708
2913088132
2914132613
2897422003
2897223650
2834315746
2834311666
2832214086
3100780550
3117557766
3151116294
2593274886
2593535254
2593461526
2593412887
2593974021
2610734388
2610468140
2610464620
3153692396
3194586820
3194588868
3190403044
2921966055
2787752166
2787756198
2720926898
3794669714
3794149778
1663447446
1642402238
1621168542
547500427
547496203
547499273
547363129
815802665
815802649
832580875
837045515
275039499
275760411
275760507
275748347
812619259
812619259
611291643
611234267
644788697
1718531529
1718530904
1715384953
1849471597
1849471597
3996955245
3997103087
3997053419
4013826282
1870467306
1843724394
1710693626
1693850058
548809098
548875162
548739723
565451403
598003595
581206411
585400457
577016041
573018408
572961064
572957480
1647747624
1647748649
1664477739
1899776554
1883114030
1954417518
1423842270
1425743302
1425546694
1425618370
83506274
79310947
78319699
78319939
95105347
267002179
267113794
241945970
241933682
250330482
250330450
250328402
183088466
1248440690
1244247539
1512682993
1533788144
4192845792
4176068320
4167671536
3895041748
3895048948
3895061476
3894946788
3946589037
4001118575
4001111414
1853824342
1862219058
1992106082
901582962
884936770
884879426
1019142470
481202639
486510543
2096991199
2111617770
2103225002
4011637418
4011629210
3944256202
2856039114
2860167914
2860163947
2876957033
2875778153
2842225752
2825579976
2833972680
2835011480
2826490520
2821219003
2837979818
2905146026
2938635242
2905342426
2905354314
2901352522
3970835546
3970837626
3903199338
4171630666
3097843786
3118770186
3110381834
3153372426
3149705995
2881336153
2868482792
2923139816
2923074216
2923074216
2923078572
2788877228
2805715880
2805483448
2771991964
2772118973
2776246766
2909735278
2917928254
2783714574
2918133006
2918857998
2914649358
3183179022
3216764941
3216609292
3149443340
3149439516
3145246252
3141049964
3140143852
3190442916
3194620327
3194488999
3056077974
3056210054
3073253511
3051757955
3030778755
3030516387
2493531874
2497732130
2636130854
2636130822
2640325382
3705800982
3634498862
3634758702
3634689069
3099370508
3095175180
4181565448
4214862088
3944321336
3944260408
3944260376
3909657352
3909875480
3892999977
3892975593
3897429995
2900233643
2896104843
2898069899
2898073995
3166535099
3183017451
3182990843
3182989643
2914562318
2910363918
2889523494
2889785639
2889777954
2906555154
2923356930
2923327746
2856256530
2855013410
3127642146
3135780898
3152750882
3098164018
2561293826
2561283650
2292856386
2309560130
2309504338
2309504082
2309504195
2313697731
2288548307
2288777683
2288778707
2305555953
2339093969
2347472336
2330694032
2330562992
2330505888
2330502820
2598940396
2607333100
2607323752
3140066152
3140205352
3140135208
3141184776
3141199116
3107616108
3090813284
3090809188
3095069045
3095073095
3095014726
3103406454
2562329078
2612660678
2663254406
2662937990
2662920326
3468210606
3466105263
3751317929
3722163116
3713655484
3713590972
3711723432
3711919528
3744871848
3728094552
3591517448
1444029705
1450390793
1466982713
1474322744
1474351416
1474674968
1474742024
1466355464
1462685512
1195363160
1194122105
86834041
86801723
74396958
74395926
91041846
134049830
115044578
114970770
114970754
117096834
117146003
107585443
90816419
1147727781
1148774068
1157166748
83686136
352084712
1417422568
1412706281
1433812458
1433798906
1559382234
1557257434
1573966938
1574219834
1574220058
1570083610
1570218527
1570218557
1607967532
1599578988
3743324148
3742797236
4279668148
4246117812
4246113717
4252206485
4252075983
3983577950
3983583022
3978340142
3978356526
3978358574
3982843183
4024914989
4009120804
4008919348
3998417156
3994104068
3994050836
4266746661
4275299107
4237488690
4172431878
4176888326
4176873030
4175892094
3102488878
3102222382
3120052270
3136894986
3128567818
2600152075
2599951416
2594714664
2594725928
2594725912
2594828632
2662044664
2678829800
2376708776
2380837547
2351484590
2217266094
2485832110
2502621630
2537224590
2537221518
2541414286
2514085775
3571443341
3573474973
4102027197
4097095077
4113867173
4147179687
4145213654
4145213510
4145143894
4147143778
1966156898
1969437923
1977753073
2007113136
1471291312
1408372673
1408307137
1366384387
1373761330
1373695778
1373693746
3521177362
3521242386
3522400530
3514204467
2440480048
2438382864
2438385488
2497039968
2492783328
2627005152
2626973300
2564566580
2568756772
2604205607
2590573862
2598907942
3672645678
3672649774
3660124186
1513828426
1511612490
1527309386
420013322
407481611
407486217
407617355
404463563
404458378
1478200202
1499172250
1532927418
1583260826
1584853130
3732373658
3738272170
3738276202
3201671978
3197411882
3199510059
3199510057
3065886264
3070072380
3061419644
3061419756
3055128556
3071970533
3072248935
3040801842
3040764946
3023970306
4097712130
4101910867
3565032432
3573416944
3573482224
3573482176
3573486144
1560159748
1609510404
1588411932
1592549180
1592589625
1584198971
1584198698
1579992106
1596769402
524272858
524219610
524215498
524182986
490627530
494850554
352240122
1421791738
1421656538
1419560154
1440535786
1431102634
1432282297
1465836952
3621688216
3616965304
3616969368
3617043100
2543301372
2547098220
2513543724
2507186725
2507186735
3043287599
3039064623
3072791101
3072725565
3074294297
3078488907
3045000650
3564899578
3572242666
4109129962
4239251706
4239370442
4239172810
4239163594
3718807930
3749281902
3728396398
3728367718
3726254150
3726254166
3747225958
3649774310
3649779437
3700231900
3701217928
1306008200
1293420940
1295698060
1295972492
1293806988
253551036
253027260
521642653
525513423
1607635462
1607631414
2110817830
2110828071
2102439463
2102443575
2131920455
2115147463
4262639301
4128540645
3864315109
3874870373
4143444005
4160155653
4252393477
2100699205
2083859655
2083994023
2088114855
2096237223
1839402663
2142306951
2142270087
1995465606
2003854294
1999692142
1999889710
1969421614
1969346862
2011225406
2011229470
2011690250
2011616522
2011612490
2012562906
1970554346
1971127786
1971201962
4110297018
4244579054
4240184302
4240180014
4244398878
3707527950
3707560206
3723485470
3724475678
3758020894
2684279070
2675956542
2675833626
2682126106
2682115787
3751592585
3718021784
3181151144
3185357228
3212095916
3207958700
3191248300
3190993757
3191006735
3191039502
3206557214
4246744638
4116938022
3047611430
3047607334
3182333045
3183445188
3221005440
2671555712
2671678912
3208557889
3174999297
3175019811
2910836515
2913591841
2913595952
2779370000
2762560068
2759357140
2755139236
3023579812
3023583660
3043625132
3081373852
3064596877
3198819727
3203016078
3740803518
3732672622
2667323438
2678857774
2309890062
2309890062
3366854670
3366723630
3371979054
3369910314
3368603658
3381375049
3381376456
3638070728
3644361176
1562937816
1596688776
1462411144
1463463816
389736328
389748633
322646458
289280426
301863082
1375613114
1371410570
1354174602
1356296666
1372975418
1371312938
1371312955
1437376825
1437114680
1571399464
1567338024
1530612264
1528498744
1528498713
454758170
454755642
995766330
469381146
465186826
465043514
194519338
193470826
193488234
1267263978
1267329530
1267325434
1233779162
3381262794
3382429130
3384525258
3383476682
2309734762
2313897322
2313899371
2305509739
2305514491
2305514491
2305515483
2305425369
2305349593
2305414041
2305397688
2305405880
3379278264
3379270072
3379270072
3358306744
3358303672
3358305688
3375081864
3375016840
3375022024
1262155720
1266344776
1265295624
1298886936
1298678056
1295532328
1295527208
1293429049
1326983450
1192835402
102374346
37359498
49939338
62456730
62391226
26755497
27058600
30204328
17605032
17080808
18201864
322410760
322103560
321054984
828566024
828566024
828821000
828752392
829194776
829195048
929858408
2003338216
1969853160
1970123432
1970124472
2112722665
1571657706
3719288186
3718927674
3723125034
3714720042
3714720058
3714658586
3681027338
3689415946
3689553162
3689557338
3681232218
1533555146
1265107402
1239941579
1307115993
1303064952
1571495976
1575740456
1567351848
1563147352
1563147720
1563008392
1562943368
1428719243
1432913562
1441580698
3589231290
3316527786
3316527530
3316539562
3618562218
2544869546
2548936922
2548858890
3597434889
4134319144
4134382632
4130188344
4130323464
4129719304
4129719352
4263937064
4263701544
2922570793
4017550637
4023873839
4023726975
4020056783
3986567821
4257092285
4244178857
4235726760
4096334776
4101716889
4110105531
4105780890
4105721546
4105762762
2511922698
2516116026
2516181546
2650726954
2646532650
2646537002
2679882554
2683879739
2667102489
2657715257
2657860664
2657811480
2670394648
2570779976
2558195528
2558154568
2558218105
2557022057
2556960043
2557033786
2582326554
2582324538
2615877946
2612605246
2612540222
2348299262
2314744765
2314739644
3380087708
3380087708
3380157340
1262037916
1262300572
1261905084
1311909036
1311978741
1311782086
1315974594
1320180178
1320409554
1320343954
1320344466
1337121667
1303566785
3429026129
3424831761
3441543441
3441486097
3475007793
1331783953
1302555921
1285750033
1285741825
1285741825
1290980627
1282657587
1278266659
1276181794
1276177698
1276374274
1278409986
1144179970
1198705986
1134939602
1118686643
3266174385
3282959792
3282892192
2213344736
2188179424
2188244976
2196666177
2259579203
3333255539
3333191138
3484188130
3454826915
3445914529
3424656305
1294146432
1327644288
1310872448
237130624
236151699
235955106
235987362
236119426
242408898
249616738
245426466
1319168290
1252059426
1268840738
1268906290
1235483922
1235410178
3370310913
3371359488
3362979072
3362848048
3363101984
3361004832
3369463088
3365334288
3365860609
3372143873
3438986497
3295331665
3245049265
1097434289
1093387664
1093391744
1093399936
1126823312
1110046128
1110111632
1110177152
1114201233
1114201267
1114388915
1132210611
1132280753
1140144817
61160081
44119697
44241536
44110481
48329377
102785953
102785953
102818787
102886899
103016771
102889793
115407137
245426465
228649249
211876129
212072739
216193331
203610419
203675954
203610386
203610370
204667202
221432130
189976002
177444306
179548498
179549042
178365298
195155825
195091936
191953376
1227946464
1227906512
185755072
154280256
154284352
137560385
139460897
147858721
143666467
143681827
143879443
217251075
225625347
258179331
258048274
242327858
175351154
175285714
183670210
178423186
178490770
178488723
182687153
169976240
169976240
439460324
454074724
420520748
940614444
1007726120
738261544
739490329
605207305
626170123
1733462282
1649511434
1651605562
1660125498
1657967418
1656857130
1644208682
3791708714
3791929898
3809412718
3809091438
3813284334
3788052654
3767015558
3767090306
4035591314
3498720400
3498585472
3234606464
3288607104
1141315776
1161959424
1199712256
110241792
244459520
235938864
238030896
254935360
221381440
204603968
208863857
212932209
212872817
210774641
210791283
210893779
210812243
217093459
225477938
254837042
241283122
242328626
242459698
237151314
237142210
237142163
253935763
220381617
472027809
472036000
2104600229
2138091173
2119217095
1850781638
1846787910
1846707998
1779537726
3926980142
3943720490
3914350378
3914538794
3948355370
2875014446
2866619678
2864439574
2864431414
2864283670
2864226627
2883101121
2837161920
3894081152
3894025872
3961130656
3963095456
3833072032
3832023200
1625823376
1621698688
1890265472
833236928
297414464
297416512
24904960
18617633
18632034
17582562
21776866
25709026
59296114
59496770
43711810
43707714
43640118
47766822
64507238
64519015
63469860
63461668
46729524
38476060
34285852
34154780
34086204
320425276
320560412
320563516
859334956
858540324
627964279
627964279
627964279
627964279
627964279
627964279
627964279
627964279
627964279
627964279
627964279
627964279
627964279
627964279
627964279
627964279
627964279
627964279
627964279
627964279
627964279
627964279
627964279
627964279
627964279
627964279
627964279
627964279
627964279
359528823
91093495
91093495
74316275
74316275
74316211
74316211
74316211
225311155
241564083
241564083
241629571
241367427
241363331
241301939
123858355
73526770
73460066
73460002
81848610
81848610
81848610
81848802
81979858
15882626
32655746
62015938
62081298
60852531
60864801
60860704
56667425
86024481
86147329
86147073
220364801
203587649
204722385
204553713
204679665
204679649
217258977
212941793
211827571
262147843
245368579
250623747
242279218
238068018
242458898
175276482
182616450
182879635
182945203
190943665
186757553
153334193
153334192
154383344
154247968
420520480
470855205
470854181
470919733
873642765
873634063
559122702
1651542042
1651541034
1659928874
1657901866
1656857130
1644208682
3791708714
3791929898
3809412718
3809091182
3809091046
3788053666
3767016578
3767024770
4035655825
1351235728
1351167104
1082666112
1074670720
1074142336
50469056
64108544
59811888
61909280
66103584
53519648
53645568
53641216
120750080
87195649
87216337
204672241
204675315
204675555
82983651
78850787
78658147
95424002
128976386
246428162
242279186
242328370
242393426
250773954
178423170
195265938
199459251
190951857
186757553
421765552
422814192
2066851168
2064688928
1796255520
1796321056
1796456215
1796464390
3943783222
3943701294
3943701294
3931114286
3942386990
3937931534
2864214286
2863255830
2864283766
2864226631
2885198272
2837161920
3894081152
3894034064
3961134752
3963160992
3833072032
3840411808
1625823376
1621698688
1890265472
833302464
297414464
297416512
24904960
18617649
18632034
18631138
21776866
30165474
59296114
59496786
60456258
1117416706
1117351223
1121484069
1138247968
1137211680
1137211744
1133009376
1133070768
1133206928
3280694707
3280960930
3351661986
3338816930
3306342738
3308706114
3442981122
3454314774
3450120487
3450121069
2644814717
2644876077
2674363693
2670169391
2669841455
2636360718
2636212238
2636195886
2569148462
2569144622
2607680302
2611613294
2343180030
2343056015
2309501580
2288530316
2284380556
2284430728
2288627080
2297162136
2298472889
2296375722
2312530346
2332195306
2382612762
2383643914
2387775754
2398269706
2410782987
2645598504
2644541800
3110109544
3105983528
3140716584
3121854520
4195526664
4195543080
4195493932
4195490852
4264952868
4264427792
1579811696
1600795233
1437209187
1420427842
1151996610
1152053954
1286189762
1286189762
1281998482
1281997457
1546369680
2015992464
2016254644
2032442276
2116064676
2116063724
2116153356
2049118212
2066755620
957359141
2014324768
1750231072
1804781856
1790364417
4004939587
4272915138
4268593858
3727675970
3727569522
3744346722
2637116002
2645308002
3165401442
3165401190
3165417582
3165171913
3165173960
3169360072
3156843400
2888546968
2905254536
2922031752
3995771528
3995763656
3995681256
1714237676
1680679021
1680810085
1680736359
551946471
547756534
883309266
346430146
95292098
112138818
111941122
111718914
111784722
111845650
246067506
246059827
178951024
199999216
153725616
1479129776
1479522992
1495751088
1495468192
1495469219
1542462626
1540372642
3670026402
3686869490
3414374962
3447855634
3448966658
3448823298
3450908179
2242948641
2241898529
2510325796
2507180068
2503313445
2469759015
2467473430
2533517622
2533501734
2533759526
2538540582
2513110638
2508919534
3179901630
3163091853
2626196360
3638075784
3631785096
3627788424
3627804824
3627624600
3625855128
3625330841
3625068954
3678547674
3665957470
1519518222
3666919950
3666907727
3734020708
3448808036
3700471652
3696266528
4229007648
4245915936
4145260816
4128418064
3859983393
3859983395
3813837859
3808676899
3775187971
3758933443
3759047331
3830354593
3856593585
3890147969
3889623681
3881071489
3880801441
3829404833
3829415075
3963628711
3963824567
3963759509
3972218548
1821578932
1838368708
1871905540
2146631940
1998787841
1461922067
388049186
375466274
379787554
379782498
380043650
111608194
111546754
94777731
98804097
74686897
72462769
364949921
360756129
931176931
918593826
1053860898
2117315618
1580316706
1579218978
2116123698
2132964402
2134045986
1761002018
1756791346
1824425475
1824165824
1823181696
1831373696
1864997520
1848244896
1848209060
1848389536
1864631715
1843658850
1822691362
2091266066
2091262210
1554392594
1554392594
1420172802
1152257538
1101598402
1101532561
1135086768
65551536
57223312
57354416
40577200
40581520
40573328
40443280
41431024
41740256
39628257
308059555
860655011
567054311
600084455
579051351
848476421
919775253
907257889
907122723
2131880994
2081565746
2081563682
2081561890
2088914530
2088914674
2105723586
1586690754
1582423619
1578157891
1578144867
1599138914
3721619554
3704764418
3704752386
3696429842
3721464354
3621007138
4141100834
4136396050
4136170786
4136152355
3867716960
3867712964
3888680324
3876097420
1728683420
1728765348
1695161508
1879708832
1879970976
1879507104
1883373731
880944562
344075922
344070786
92408514
127089282
126905987
1202777795
1173536707
1165135171
1173589299
1202751778
1185982754
1185999138
1190194466
3329422610
3258077954
3262268178
3277165346
3251933986
3234825522
2156824002
2223672706
2493160835
2510008241
3047009952
3042228896
2769590944
2769329824
2768279524
2751574884
2886918436
2886885676
3960677181
3960615743
3828493623
3832748390
1692403943
1688275123
1688340611
1705121921
1990357121
916549760
912330945
908210385
371339427
372384930
389230498
365963938
361773730
395517618
394403458
394335938
377542210
110147106
114339106
108047715
125020243
489863362
473103810
1544740306
1547947874
1556139874
1422954274
1972408114
1991355650
1991748929
1990700480
1994890720
1987427812
1916115428
1916635636
1915746516
841476308
572976369
572968418
578209250
582386162
1656652099
1673364737
1677499649
1668065296
1663543328
1629923616
1697053488
1697020691
1680223794
1814505250
3962640162
3966764386
3975153122
4239592914
4239581122
4239583810
4254263811
4283558403
3742400003
3591659059
3591665635
3604234210
3734441442
3736472002
3736472002
3741124818
3757848802
2650291234
2633724930
3705337090
3566833922
3566773027
3566773024
3566773028
4101556068
3560442804
1412970916
1413101988
1410996644
1410995620
1355415956
1351025028
1350566276
1082135428
1149261749
1149299682
1150397202
1154591234
1165078018
1180874306
3328348738
3337781762
3337782034
3333522726
3337662242
3329288994
3325061682
3325189650
2268219186
2268516642
2478805025
2444787760
2444853504
3048900160
3051007680
3040520896
3040590544
2772024992
2805579427
2805577122
2805842082
2805317858
2805022946
2771464546
2757829415
2757763879
2757763895
3839894847
3969920319
4238542878
4238477518
4104259790
3584436366
1470445702
1453644934
1189400710
1181012358
1176719751
102900103
102900145
103948705
108209056
1202922144
1471361664
1471234752
1307624001
1332801314
1331751202
1331750950
3454265398
3454171142
3449969670
3383149830
2309865774
2310590766
2310594862
2310595565
2293815196
2298007452
2297121708
2288651172
2284456612
2368342709
3442347719
3475908162
3475972866
3463438610
3472744498
1321050130
1321055251
1201388545
1174050816
1148880896
1344964608
1344964608
1344964800
271207568
338300080
388631984
373228960
376774048
383008672
394276768
478161632
479201904
479214080
213068353
213068355
213068483
234052547
248760723
248699267
240310659
248633779
248576419
250673635
250739187
241367489
107149761
123918785
123787619
107018595
107019554
107003170
123779362
23132450
31586610
14940434
14940434
14874882
10647810
10635522
11716867
28346657
28354848
66103584
36742432
36745520
36864000
103972864
103972929
254968017
203650289
203500785
204679395
208874211
213068514
212941410
212863490
229641730
263194114
250634770
242262834
238265202
238203330
259163523
191006083
199460243
199333297
186758577
455193009
1529066481
2066985825
2066850592
1798350624
1796253472
1796255520
1796254000
1863510292
1863473636
1712523685
1651510693
1659899303
1659977654
1657874326
1657873302
1653678518
1636987270
1639104902
1621262726
1621137346
1625599590
539798054
556300839
1663777318
1932147490
1932138786
1936329762
1940458530
1403526178
1403528194
1101603906
1101669442
1101690050
1101710786
1101694402
1105825778
1105772386
1097395043
1105783585
1105750816
32062240
32193328
57613072
53287728
53218592
321658148
322184484
288625716
806700319
810896735
809880023
810338775
810404343
835705301
869195077
869723461
316138773
307619125
307595061
324374326
323794222
323793198
860717374
827293982
1909428254
1619895326
1619901502
1619888189
1619957820
3842947116
3876497452
2921244700
2921262140
2921214268
2921202349
2923299503
2935882414
2930049710
4020242094
3852476078
3835705774
4105189518
4109445262
1415719109
1348478980
270542860
824190988
824186892
824327436
824339980
624160284
636599837
630230542
668240398
667716430
801737690
