3169328423
3169332517
2624072993
2632461601
2632541489
2632606977
2582307137
2616915393
2600196049
2600198112
2591678176
3665416176
3664764369
3660576209
3661586673
3749671121
3716116949
3699270100
3699336180
1551726580
1549565940
2086432725
2086464981
2086665717
2103369181
2105460045
4286498060
4286563596
4269593916
4286375716
4286441252
4294899508
4292859685
2128467303
2128409974
2119525750
1582789926
1578566950
1578566006
1578570070
1578574166
1582769219
1599501507
1574329795
1557581779
1555549907
1559617233
1559625409
1551335105
1551202035
1559328739
1557198307
1490052578
1490118131
1557231047
1548842327
1548811749
1548807653
2085743076
2085878164
2085877892
1968307349
1976614309
2010232293
2010247975
1934742295
1932727046
1932866306
1361391926
1366163494
1349386278
1357775894
1424886086
1424820678
1425886150
1553988294
1569516278
1603071702
1586484943
3738890957
3671847669
3671646949
3671614437
3688392613
3713557925
3712508325
3713626551
3713757365
4258984117
2111500708
2103169532
2102973772
2134703880
2117888265
1982818569
1445877819
1445349418
1467370558
1567899726
1549058126
1557579086
1557567358
1557507950
1570025070
3751650887
3734942277
3737027141
3740828261
4294505189
4286113509
4252626917
4185751413
4185872245
4179564405
4179564375
4183758103
3646766391
1499215911
1498953778
1507403778
1610234883
536491009
509218817
509153328
236466208
236531748
236605492
236647692
259967756
99584524
78482173
346921727
346864126
485274782
1550622878
1547546782
1547080126
2101260982
2118039206
2122229426
2130569202
4277989874
4269568483
4269547745
4269547617
4252836193
4236194145
4244518225
2094929729
1558140673
3705533744
3705535840
3705515376
2086659392
2102850880
2102903104
2136457569
2127941987
2127851878
2119460198
2115267942
2115463526
2115389814
2119618430
2127938894
2128400719
2147270733
2136784973
2099237373
2082400237
2082402029
2086596341
2086653637
2094911445
2094843349
4242380245
4258771413
4292325749
4288655713
4271895027
4275954131
4278005987
4269093095
2117341415
2134114543
2100760937
2088183577
2096573961
1016146441
1016146441
881977867
881913355
345282378
343179722
322338954
304517259
304509087
304484797
304551917
325459565
334900781
297151023
364129079
395603254
399827222
374706182
108953922
243171794
510558642
510636978
510498226
527277491
1567333779
1575665073
1572515296
4260998240
4260998192
4248415520
4248420129
4247494177
4230714931
4096509506
3828302530
3832365810
3840700902
3841728743
4110165223
4110236757
4101909508
4118685716
4118702372
4294921012
4156422660
4156357317
4160544455
4160603782
4151722630
4134929046
4133696422
4134564006
4159725734
4157632678
4124208262
4107431238
1951526406
1968438814
1968262718
1467227967
1475623997
1459554356
1458440212
1458441236
1585386516
1585205328
1518092435
1533952146
1508262274
1491489154
1491490690
1492604563
3639965425
3633636896
3633636896
2559878688
2564077092
2564077092
2580332052
2576133636
2609835895
2665414118
2656980198
2520321190
3594062994
3594138770
3598328194
3598328198
1379557766
1396621703
1346290117
1345312068
1348861244
1348791084
275049252
276097573
292876071
1366611767
1366673182
1430177046
1430160663
1971225975
1971226067
2012185987
2003670418
2003629474
2133651874
2133082530
2132955298
2137153970
2146574770
2113087378
2110795506
2110794466
2094017255
2094082663
2089967573
2094219717
2094125380
2094264640
2085728304
2085662752
2085665825
2085660707
2085726227
2081614146
2134047042
2134007234
2117470150
2121597558
2129920614
2125734438
1588864806
1588864358
1591484927
1607999967
1608003997
1570452377
1436185240
1419499160
1425575560
1417190344
3559430488
3559438616
3492326680
3496584968
3513430537
3521810953
3521823291
3588969066
3580511082
3614115182
3613984046
3613924670
3614014478
3623449615
1442571279
1568269319
1568384021
1564456213
1564390741
1566504405
1566506455
1608408519
1607802325
1607744869
1599352615
2102732583
2102858535
2102854437
2144613157
2144657717
2111087876
1037348164
1012177348
1014270192
2095351920
2095352880
2088141824
2081861632
2081873968
2080777248
2080773409
2080771682
2026245730
2022115042
2090271442
2090140354
1570075330
1606543298
1581296578
1581296370
3728845538
3729238738
3729241795
4265968321
4265906928
4265907109
4274307493
4274377895
4266058919
4266058935
4131845263
4266059151
4282836367
4284415437
4284340524
4286380844
4285394732
4285363733
4281102855
4285080071
4285149750
4293525990
4260955302
4260890790
2111375510
2094688390
2105174151
2105175431
2105135511
2104279542
2086977830
1961091366
1960894774
1952506134
1948282134
1949329682
1949464871
1962072869
4105620325
4122398149
4154246529
4141675905
3595424193
3529425841
3554558625
3554488993
3548193441
3543611041
1396117393
1396117393
1407655313
1403332023
1403265463
330571966
334766298
57958490
56923194
19172410
292395290
275757323
284010763
1357683977
1357743368
1357808652
1349419020
3559837725
3559845925
3563676709
3572065575
3567870759
3702207030
2645230086
3484090903
3472429619
3463972659
3463976242
3480778034
3480878386
3480807731
3461933363
3457919235
3457858883
3457914179
3457855555
3464155330
3464118466
3487236338
3453494434
3455593890
3434620582
3300401830
3300397750
3304592007
3296203396
3296203652
3290033988
3292130068
3291069204
3307911428
3307907332
2246753028
2511310340
2511308308
2645459572
2682696417
2674229987
2671018915
2654265826
3188778086
3190942759
3203647525
3216230709
3215125005
3185733125
2620532231
2619803190
2619606566
2623805286
2632191206
2627996918
2679376054
2660636802
2661166210
2391698562
2387469506
2384253027
2383986785
2384121936
3459964928
3447383040
3446326272
3446394096
3455700129
3321423009
3313100211
3294295427
3294283137
3296348049
3564718004
3564695476
3560564724
3559775796
3563904572
3563367964
3588533788
3588336156
3617697575
3751849254
4272993318
4277179430
4264919078
4265575462
4264199190
4247426050
4234847233
3026904080
3026965520
2754136048
2754139808
2758369952
3035263648
3068789425
3001747075
3001878402
2473398210
2439789346
3505138466
3505142562
3500944658
3500944386
3232703490
3299794946
3299770371
3320480961
3463021968
3458829744
2385091056
2653535216
2653530912
2657857056
2657873697
2657711923
2666209586
2666078242
2666008674
2683838694
2633498854
2633707990
2365207190
2361015959
2360945301
2365074356
2356681140
2351696004
2368080004
2402682052
2390106308
2398511445
2394251639
2394186086
2408900390
2408902438
2379537190
2354334518
2371685142
2367626550
2407406902
2399024406
2398757126
2394562870
2393395494
2414363431
2414396341
2406007684
2406019980
2255024540
2255090092
2255123640
2255121544
3325716616
3459934360
3475536041
1294555547
1277848010
1277830474
1281892618
1290281274
1223177002
1214788394
1214789419
1214785321
1239951160
1239971640
1236825912
1236926264
1234829084
1234819884
3386476844
3380186476
3376057836
3376061908
3644571460
3630804800
4176002912
4172848160
3908678689
3900420131
3896225890
2822475874
2820313954
2870653666
2870920946
2920730338
2924792550
2949958246
2817903190
2818558734
2818563342
2809979918
2793201758
2788126846
3878580463
3882750191
3848995262
3773501886
3790288814
1676228526
1655257022
1655256474
1655387274
1655645322
586097802
578561163
574373003
555551881
538848665
550909625
817304249
817181371
817111706
816063198
279192126
283386414
283913774
283912750
347040318
1437530638
1470537231
2124842765
2124776717
2062843964
2062589996
2070979628
2033230892
2031133740
1762758700
1761788972
3909276716
3913437036
3917631212
3917569788
3917803260
4219793405
3150249951
3141836111
2873408861
2873470253
2874063661
2882443837
2882509341
2882386492
2840567357
2836366877
2836255247
2870800958
2870768174
2872836718
2876048366
2850689978
2850754970
2884189338
2863151258
2863167642
2863265946
2863392971
2867571913
2859180105
2854920520
2938807112
2754253517
2754266829
3760869021
3760721583
3760725935
3832034735
3832026287
3840619711
3836294333
3836294333
4104860892
4104993868
4105972748
3568578316
3585412636
3585433148
3348489788
3482641245
3482624381
2408878447
2353299822
2349105454
2350220350
2354555926
3424102422
3424561174
3426670614
3426666519
3446555907
3446539075
3480093378
3475845810
3476498082
3476432546
2404792242
2390824914
2390766018
2390778178
2392088946
2392122726
2408899942
2415189350
2405289846
2233438039
2233447957
2271060757
2254287124
2522658068
2522723636
3059597108
3059727892
3054417428
3054409244
2802746975
2768930558
2752022250
2752040362
2753091818
2910378218
2917882921
2917823544
2930401560
2930499848
2930303256
2934498409
2934490347
2926070958
2922202302
2922255518
2804822414
3845009806
3831894414
3840356798
1688478127
1689527789
1958029661
1962223885
1953769740
2103273740
1608509708
2128465157
2128119045
2119807749
2136646421
2038080020
2028902164
2028963092
2028833844
2029313060
1748249700
1746152677
1746152871
1766274982
1809188518
1805059750
1803818678
1770270342
1774202566
700460742
700476998
693169750
693141062
961574470
2035316598
2034317094
2025927974
2026052918
1489443094
1489451286
1502558998
1268464903
1268412679
1234891015
1218113799
1224245591
3363341814
3363413942
3361454742
3357194902
3625630614
2585442710
2589627783
2598015111
2600042695
2666107111
2666247269
3194738021
3194609005
3211351405
3178180957
3161337885
3161395228
4235014204
4236058940
4235666732
1953965613
1960259133
1976901179
1901338171
1901911562
1901895242
1367117770
1375506058
1375444634
1375377038
1373288079
1406826141
1397302956
1397569196
1398748588
3546166445
3514709181
3513726087
1374446790
1374479606
1475125622
1475126582
2003678518
2003672374
2012192534
1743436551
1743435797
1743427637
4016741429
3995835445
4012618775
3911832599
3911865638
3895082534
3899264551
3903393511
3920109287
3920113365
3921161925
3923258309
3923323845
3923458405
3922266469
3951566103
4220071175
4224264006
2076735302
2068345334
2068346342
2034791846
3645447614
3653843358
3653843358
3653835166
3386579381
2304383381
2295995652
2291806468
2293903620
2293773620
2293775652
2292721956
2376943904
2380941600
2380942113
2406205747
2406206802
2271989074
2255084919
2263473511
2263406949
2263407473
2271795797
2271804117
2238315253
2238315493
2238315493
2238282229
2271869429
2271869399
2272000247
2271983863
2280373491
2246816978
2221510802
2221650322
2221650322
2221650322
2221586322
2238365586
2234169986
2167073410
2167041926
2150264710
2150327686
2150229383
3225150663
3229269059
3237657601
3237526545
2180557873
2189272081
2184085505
2251194625
2251211281
2524631601
2533024289
2526601825
3600344673
3603494241
3746088033
3741893747
3742921779
3709477891
3711574018
1564086274
1563033862
1567229494
1571489319
2108378741
2108251869
2109274765
2004413837
2000465055
2000454827
1999996074
1735819691
1744217003
1727439593
1656596012
1656596268
1660724524
1648158204
1648197004
1646990733
1646933421
1646932399
1668154287
1622082495
1621955551
1621917455
1621945103
1626139143
1617750534
1613228582
1680165414
1684016694
1986138966
4277539286
4277538934
4277609570
4271121762
2073832786
2040276307
2046584147
2046616947
1543042515
1501295059
1499107665
1549505297
1549382417
1549382421
3715743029
3749427508
3732601108
3732592900
2658846980
2658846980
2675625732
2684076820
2646331924
2646274837
2679869751
2679738414
2662895662
2658729198
2652428462
2652502206
2668263566
2668244367
2635995023
2648638111
2631668399
2627474159
2629777119
2629773007
2516395735
2516350709
2247948277
2247947733
2247947476
2239622324
2239753620
2239659397
2239717271
2239502263
2180327334
2180457382
2179269030
2179203558
2204385654
2204229903
2204164365
3277907725
3278155272
3555170841
2481359449
2465188857
2456676779
2452482474
2250884254
2250981838
2271887822
2246967678
2230133550
2229609254
2221286198
2229681926
2229410566
2359307030
2376084262
2380278054
2380602742
2363901262
2229715278
2230174174
2364322303
2381096445
2381167997
2406451517
2658109741
2658114876
2653791500
2653790988
2653790989
2653803033
2654917163
2659112811
2667476971
3204204015
3204203727
2658989133
2654790729
2671698953
2637620488
2637623068
2624999197
2625523469
2623278349
3697028381
3697028927
3573430143
3586012925
3619619549
3604742845
3596362429
3592184765
3592217023
1396479227
1899793627
1899727947
1882897418
1887087631
1887089679
1887147293
1895544621
1887151916
1903801892
1933156148
1914412852
1914346804
1918534932
1985922049
1985990673
4129251379
4146028914
4246610418
4229834726
4235855782
4243130294
4239990710
4239933398
3703062495
3700960973
3717738221
3700961004
3705155244
3705157556
3428390801
3424326033
3424326035
3423221138
3423283074
3423413634
1277062530
1333689794
3471723842
3467627826
3467500850
3467443507
3467441459
3471632163
3471631905
3471701539
3471439395
3464099366
2388260406
2384189270
2367340998
2350563462
2356925574
2365168823
2359924901
2226763940
2499328428
2514001324
2522384381
2518652685
2520704782
2523850030
2523358510
2523210798
2539982894
2506424346
2499215706
2494972889
2493473464
2493310632
2497501848
2491189960
2217315016
2217392712
2234247768
2536072729
2519409162
2523529994
2667184426
2683838762
2681741354
2648184123
2379947273
2354723081
2354657545
3378010441
3378007369
3378205899
3377193439
3377193470
3377193470
3360662014
3360536030
3360531935
3628705759
3628832717
3645539277
3679093596
3746271580
3730548056
3726371960
3726376056
4263238776
4284142968
4292530536
4158305144
4124672584
4116218456
3826816632
1679343592
1679539688
1679465720
1679725769
3844047049
3879174233
3862332457
3862338601
3862362409
2788682537
2725539368
2725521000
2725515992
2742878936
2716730040
2695770792
2695373480
2963800748
2980582847
2980585662
2477269182
2477270206
2448966846
2423999646
2432358806
2498406806
2498668950
3027085767
3022825797
3022888196
3073285124
3207506944
3190729745
3190271011
3207453730
3173997618
3173922082
3161338466
3165258339
3114926803
3114926657
2678661633
2661819184
2661818656
2666012961
2666078517
3732551447
3598415111
3610959119
3560623439
3559558351
3560607119
3562638733
3569917373
3569926061
4098408365
3037242781
3205162455
2673538934
2683982438
2678719078
2678657634
2682987218
2674467538
2674406306
2649231522
2645037219
3585881249
3585893504
3590087812
3575506052
1428087940
1428058252
1428059532
1360934557
1365184237
1373130479
295202543
301492063
301524239
359326991
124711951
124711999
124772391
124313655
124306455
1332461942
1332409846
1298847174
1298843014
1307232134
1307301846
1302968054
1336521335
1320723237
1324917029
1316544549
1312546868
1178333205
1192973397
1427785045
1427820023
1417333751
1425775591
1421459447
1442365399
3589838791
3615077319
3610883031
3610882807
3610899110
3577475750
3581671142
4126922466
4126789218
4156095782
4156075063
4139297813
3069813764
4135302148
4130066436
4146843669
4146745445
4113174887
4113172199
4117434086
4155055847
4156062309
4156095076
4156091140
4160284932
4118522884
4114260992
4114280464
4097560656
4097528017
4097536241
1949988833
1685802721
1689897699
1704577651
1738062614
1721280519
3871910919
3859324935
1713102871
1729880151
1696215271
1696207791
1698367150
1709772454
1739135654
1722366646
1990802166
1990748742
1991831366
2012865798
2000347143
1966784533
1429979189
1413173301
1413158005
1416303713
1416300385
1424688737
1424561763
1421686498
1438398178
3583784658
3315345090
3318294146
3318309522
3318276754
3318276754
3314079410
3314058659
3314064545
3314068640
3352929520
3340498132
3342586068
1195331668
1195266068
1161695508
1434321468
1425809965
1425878589
352139805
100530717
368941327
387745838
387747054
370975951
1444839621
377389252
1450094708
1450094884
1580097844
3727500596
3610062133
3576639270
3572448806
3568240166
3568108270
3568046830
3567530734
3567547371
3300192760
3291779288
3291788488
1144372424
1161279688
1161210312
289311177
280936414
280936414
285063110
276673990
1346287046
1346282694
1396630726
1378837718
1378828498
1378763122
1379812194
1385648674
1385488930
1401742112
1368187188
1355609124
1343020068
1410255172
1428080964
1597925700
528157013
511514951
510400775
510401799
527172405
502207021
1034826285
1019093549
1018962453
482091541
502014821
124551655
74297843
74297783
74297783
74298294
74298294
74298807
74300919
74299895
74365383
92190919
125742279
109020373
104829117
372027581
388813245
392987069
1441759916
1420203692
1420209901
1961208557
1952754397
1965337551
2000007135
1983174126
1983201766
1987510374
1987444774
1987457062
1986207778
937500706
1034102579
1017259523
1017251345
883164705
887369249
895757829
925108493
627964279
627964279
627964279
627964279
627964279
627964279
627964279
627964279
627964279
627964279
627964279
627964279
627964279
627964279
627964279
627964279
627964279
627964279
627964279
627964279
627964279
627964279
627964279
627964279
627964279
627947895
896384375
359513590
359511542
359510454
393064886
393065906
376028594
384416946
115981490
124370162
86619378
69924034
1413148866
1417339331
1423606737
1419491056
1438234320
1471790656
1451015684
1445760532
1445826356
1445848421
1445848167
1982604334
1999439086
2003766526
929963230
938359262
904800846
904343110
883242575
883233308
883364412
883364396
883167788
887370276
895787812
891584773
627945911
544059839
544059831
560836791
560839871
556644543
1629862079
1730525373
1713748157
1714862220
3862347212
3866535916
3872753388
2734020332
2734028476
2742416061
2708824767
2704630463
2687775406
2687775402
2690912938
2690910122
3789829562
3852745946
3886365898
3886492746
3886492686
4154928142
4159005710
2011657246
2011680798
2011549710
2003169294
2004283415
2146939941
2144646180
2111087924
2102834500
1968621380
1968621509
1964429253
4111912949
4111990263
4111820263
4115949031
4124337575
4124338086
4120336310
4120330886
4124529286
3579278214
3614798838
3614724454
3623675174
4155827239
4160023575
4092918799
3547716623
3544175631
1463734287
1463730511
1463763405
1971274205
4118771565
4127161964
4127153772
4110286428
4126992220
3590087512
3581760328
3581756232
3581768568
3588060009
3583797225
3583864235
3516754362
3518847418
3556559258
3548171674
3543975306
4081041802
4081045914
4047430143
4029604655
4033848111
4042057517
4042059557
3765234212
3782011444
4085078549
4085192469
4066251637
4066312559
4082958447
4057792559
4036841519
4036781087
4035734791
4039923983
4031729439
4031403551
1967788559
1447703051
3603567371
3604612363
3738913833
3738753129
3730368745
3730352281
3729304969
3737957769
2661058441
2677899929
2615068377
2575234809
2571002477
2556306029
2564370989
2560111151
2560111471
2560102762
2566406378
2558033130
2558060762
2551769230
2551965838
3642402959
3674926543
3663394253
3730457039
3730461151
3738923518
3738841582
3604623854
3621454271
3587899807
3294179773
3290003389
3294199741
3294126045
3302541661
3304638749
2231101711
2221598991
2238364989
2271973677
2280296708
2276102917
2276164373
2679681829
2683872037
2683877159
2675541798
2654572326
2520485718
2535120454
2501574342
3021625031
3021620887
3026143159
3026018231
3025960342
3076291990
3058494678
3058558166
3067012310
3067011159
3068063831
3068121463
3042963831
3026188151
3026188151
3021856630
3021856630
3021856118
3026050422
3051344982
3051279430
3086939606
3087005142
3087004663
3086996469
4158477141
4150022524
4116476204
4114358572
4114429228
4114553916
4118681628
4118747229
4125035598
4124521546
3621073994
3621191946
3621144155
2526504553
2525324840
2525259372
2273605212
2240561740
2228011644
2228831079
2228900198
2231005542
2231099746
2222510562
2238306290
2271933826
2255158659
2256272513
2256141488
3594058912
3610836129
3609066677
3611229637
3594452293
3598122773
3598186293
3598054197
3598053685
3595886869
3608535349
3562496375
3562426879
1884701151
1893008831
1895583147
4043073963
4043271067
4060011403
4060078047
4051474271
4051472655
4051472654
4050428191
4050624831
4050575663
4050568487
4051617573
4152280693
4152360692
4133320404
4133255124
4066145780
4091372772
4091499636
4057940244
2969522453
2969563957
2969560615
2969429539
2960975395
2954690067
2954690067
2975661585
2975686225
3009302353
2992312305
4082710433
4057478563
4040701362
3503830450
3504026802
3504288930
3504092322
1348220082
1348408450
1367241858
1189536834
1189587970
1185262850
1185266962
1185201970
3332681507
3471093537
3739528993
3731138336
3732780832
3747583460
3712718324
3175777684
3041561988
3042622868
3042688501
3040476645
3040466407
3023828455
2960881639
2960741863
2960740327
2967228327
2984009719
3000860631
3003006914
3003006914
2465103810
2465035762
3530421730
4084061666
4050632946
4050636866
4050513986
4050448403
3547197460
3542863876
3526053892
1395536900
1395534900
1361979684
1886288676
4042148636
4037986828
4037512717
4037383693
4054098719
4058293039
4084507239
4078219879
4078220007
3775189735
2701513447
2701612774
2689031654
2698337510
3032440054
3036552390
4110300358
4101973447
4101973445
4110361957
4110357860
4105000244
4121916692
3589272832
3623875840
3623876369
3598693713
2524960083
2541606354
2541606098
3044930802
3053450722
3053450722
3036664802
3053306611
3044856401
3040670289
3040633345
3040634641
3074188577
3074258209
3078561059
3086896439
3082702150
4158606663
4158512583
4082693591
4082693591
4049196501
4116370629
4124767477
4150260837
4083022887
4068308279
4068304215
4066206039
4078904179
4045345779
4045211618
4032645090
4041039698
4041113410
4053729026
4122924802
4156544771
4160606739
4160549473
4116509284
4116509668
3041712100
3041721764
3041717669
3041750453
4115496917
4116666311
4124968902
4259198934
4261291350
4252972343
4252832823
2038174775
2038199351
2080334871
2080264199
996069383
991814663
990766135
688514343
692643111
692647207
701018415
692629791
692695311
692826383
692753695
1758108991
1758173485
1774762281
1774762009
1762376713
1796117593
1796113513
1779335529
1779352425
1779876843
1779909611
1802846702
1802764798
1811223806
1811363070
1793011134
1793011614
1791831710
1787631262
1787365023
1787500189
1804284637
1770595020
1771578188
1758995277
945316173
945348991
945402223
945533295
1758172511
1758174671
1758050653
1757985149
1799993692
1783281996
1780128780
1782219788
1849327676
1849344109
1848361065
1864978539
1835864554
1819084266
1760370682
1761549278
1761557086
1772042846
1771908702
1805395534
1804083726
1804145422
1804145023
1808277887
1774724213
1774724181
692609365
676131157
676180821
676311893
684700501
684692245
684300085
684242212
692698172
692763660
688561164
723160076
723176572
723436781
723437037
727008765
710231519
718751199
718738942
718740974
718618110
717563358
709634014
718087134
717947646
713687790
713753327
713569023
730342093
696804045
701014857
675853177
675918201
1749791065
1749726553
1749728601
1758109049
1749663096
1749597304
1745402952
1762366536
1796900088
1780139240
1849345257
1849574905
1714767359
1717846507
669073771
770920747
770797883
768631066
759194890
692186394
700907322
734513706
734842426
717803082
709412426
722064122
688645102
671638382
1745380199
1749641063
1749770211
1758153699
1758190547
1754003907
1753938371
1774869890
1783265154
705386370
705237411
709431715
709689827
701305059
684470513
680272225
679748388
679944980
679884292
700849676
1002901004
985665308
981472569
981734667
444859466
444925146
467416570
433858010
433854426
147654394
210187002
210067993
209827592
479434508
483566876
475178460
486777276
503427509
1040224439
1040421046
1040351414
1040433318
923091431
872755495
872884013
885403437
882257693
750194445
754056461
762416397
737250637
718506495
714587631
714450879
719168399
706314911
772375231
772391599
773415599
773399213
773333925
796401893
770180141
766051341
749349901
749348877
749369629
766171919
1034602767
1069403215
1060422862
1060126902
1024463015
1007825319
1010967205
1015095972
1015030500
1015030340
478357004
479342348
227675916
229711389
263271963
262149642
245368330
182453786
190908250
153167738
207643002
217112942
215003503
210874751
215130461
223519183
257080719
173185438
173250710
440515766
436252862
436252862
436240638
973193263
995283245
953344813
944923181
940600876
939551548
939588413
671127837
675453261
683837517
696421453
713131103
784441439
771858511
772788319
772423790
772407790
772408047
793387759
748234475
748170921
748170889
748236424
1016737672
1021005193
886951305
903841177
934720923
649310363
652251355
643862619
639733819
639803689
657646377
607347497
605103657
605107753
743454313
743453275
753992522
1018299210
1067581786
514262026
514135050
245380106
182461722
263202362
229647930
210776602
210793049
209777368
209761176
226726296
264410524
239244444
503553212
503561388
503426221
1040294055
1040228519
1040224431
788644095
755122559
738337583
743580207
751903277
753938221
686845705
686877449
701602057
697469705
730040584
729910553
717272153
772051147
773357707
773505211
773456043
773468586
773464491
788017067
666446767
616184463
616110733
613993101
613994381
882480525
884650373
939430021
909541508
909361360
924958816
891490336
874717984
888153632
1018179108
1016079909
1016084230
1033056518
525480206
523370766
523372078
468860462
196225594
196098570
196087306
162530826
144708126
145781310
143716910
142860861
142844524
146908012
138584564
151172292
167939204
436373636
436439189
504469663
1041276095
1041334463
907247805
907251900
907206844
907174124
924000356
1024467045
1011885349
752041783
747781638
1016203782
1033046534
1066408454
982793494
985924630
978255959
978190839
978281381
1003283109
701276911
701277935
701277758
692894990
688765966
688891918
688896078
693082367
693082348
722443428
722375844
722374900
721862884
755417188
739393892
741478693
745616677
753932071
753997687
770779087
802369486
785596110
718477966
714152638
714161838
714094335
731120331
731120137
697041417
962535944
962536249
945581865
945614121
953723183
684431695
684428751
701205967
734629327
717864415
709535199
705605967
772177925
1845919797
1845657645
1862529069
1829789741
1745887341
1750074731
684789243
684923354
684931530
684932046
680737354
680729178
731057742
713102926
713302734
713302734
713303007
713318909
730128812
684515820
676110828
671923708
671594909
671529357
675723663
692492687
725981581
776314253
776384908
771920316
771981740
771998116
788754916
756244773
741548325
745738535
752943399
752891166
753086222
803351306
787618634
781388746
780209050
713047947
713298827
713294729
719061977
735847192
970941240
970941224
956099881
947693865
687647019
685750555
685742346
685608202
684557514
677347546
672043226
721854687
705077375
704819687
771932645
771998693
1845580773
1845506533
1866474917
1841507759
1820462591
1820461007
1820526543
1820403405
1753229133
679749501
1753482621
2022507997
2022311389
948577757
411771613
412690127
412624591
412620495
148379231
165160543
167323231
142287390
142152223
142082591
142152479
142304031
142308127
150556957
167277885
167376220
200996301
200984013
201049549
200836573
167282172
167290364
200910332
199996764
183210332
183140701
183140853
443265527
444178918
456761830
1528406502
2065343974
2065348070
2069594487
2077790551
1004052757
970514453
962326548
941314100
941297700
941503780
945698596
949884452
413074965
412877325
412881423
433870351
459142974
461356926
452955614
452824542
452756687
452497563
443068569
1512632505
1512689849
1512722617
1513763241
1543120553
1488660137
1488462489
1488466569
1488458425
1488458667
1224221610
1224287210
1224419290
1224357722
1216288522
1283393294
1278149391
1277899535
208220943
225121037
267080463
250270491
250251067
174819179
1244241913
1244176345
1244175817
1512611032
1516864728
1525388409
1525264507
1516871742
1517002798
3677007918
3644514598
3642385254
3642385127
3646567107
3654947521
3654943425
3650814673
3654816501
3638047605
3629654325
1484338485
1484338493
1484334383
1484268863
1484273423
1215895311
1241057035
167315211
167315291
200886105
167761241
167621977
435979739
436045275
469605882
989838586
980401274
976196730
707498078
707498014
708546590
708489326
708485226
1799004523
1752753131
1752757993
1752758009
1752825596
1752825596
3900309180
3900276412
3908665020
3908665012
3906559668
3906567828
2832826260
2832826261
2832822225
2832826353
2849723889
2849723857
2849723857
2849986000
2841474544
3109907953
3118431729
3118407153
3117878769
3117876689
3117880785
3117748689
3119788499
2580882770
4191649138
4258781490
4023896370
4009199634
4009072658
4000683282
4000690962
3996623366
4013335046
3828666950
1680622318
1680606894
1680751279
1693395375
3835955343
3836106893
3852622989
1721954445
1721934221
1726194637
1713627679
1713627695
1730175535
1696605999
1684022571
1692601643
1688339467
1692533771
1692603467
618738891
614536379
614532281
614678665
631488649
933466249
920888201
908239577
908321307
924967483
656433963
656433451
635528491
635634971
635634955
627136267
543290843
543266217
551584937
564495545
1671660681
1654886793
1650700939
1646437083
1646502491
1646387755
1629495851
1612718635
1616912683
1692468267
1688339467
614601739
614671561
614544521
631260313
631358617
664912009
665026697
652456329
639804059
656663131
623075899
622879275
622863147
635511083
631444795
631440651
635503883
895563017
862015801
601997545
597803257
598048921
581271689
581153689
652452569
639869529
639758905
639660603
639640107
656483115
635516203
614794282
614793226
618991819
618926219
618987707
614940857
614912153
933679241
916894089
920822729
912499289
639742489
639693371
639689259
656433963
627077419
618725691
610468123
610480473
610791897
619050168
614827192
631669912
665224328
665031560
666088088
661893849
624013882
1679880762
1679843882
1679893034
1679958314
1952588842
887227402
887489610
904332491
900022425
631558329
665112729
648122505
648262025
652453529
644064921
639869595
639673083
657515242
622879338
606090090
610341354
543306235
552740251
552739995
550589625
563205305
565425289
597930121
581144969
585347721
1646502489
1646502459
1663164971
1629512235
1612718635
1616913707
1625490731
1621230603
1621492747
1638355979
1705362651
1705280699
1738900635
1726448779
1726386315
639803531
639803851
639804251
1713566267
1730376235
1696670251
1679827755
1692407595
1688274715
614601483
614675273
614544329
614466953
631325833
665044105
665027721
581018009
580952729
572564185
572572251
572539515
572600939
572663083
568534059
547361899
547357771
551556299
551568523
551799995
547544250
1639101594
1924313226
1924367242
1928565386
1987293787
1982980665
1999659560
1977885224
1956978984
1957635112
2091594808
2091582475
2087388251
2083017914
2083050682
2083101834
2083241098
1969995146
1743437450
1651160714
1646966414
1646969503
1647133372
1647063788
1646535468
1650925612
1650851884
585498628
602349572
551837733
547676199
548716653
545308893
545489033
599950216
583181000
570614281
587327001
587228731
554712619
544288042
552805418
547423242
614532106
618743050
619042250
610636955
619156667
619087035
619087003
635608203
644070553
639870365
639821405
639771197
639775277
639836717
639705903
652222511
648028207
648020015
