2679988341
2411586832
2415719696
2382139152
2373836656
2373773168
2222258145
2222245345
2490877411
2507593187
2507595251
2541133123
2540875585
2524163857
2524034833
2524026624
2524174084
2524181301
2540826981
2538690021
3037939175
3021161975
3025262071
3025266671
3033657343
3050569295
3084123727
3058819023
3056623103
3056612767
3060872351
4151382170
4159897774
4126277806
4109566446
4109378398
3572523790
3572557582
3572557575
3572610357
3572735269
3589447028
3578959172
3612526532
3614820309
3598042613
3593954807
3593888854
3593954390
3598144550
3623343142
3589788974
3589666623
3589600781
2515924493
2490889733
2490816068
2486621765
2486654661
2486523893
2507495399
2515891687
2549445991
2532668758
2530563350
2530275671
2547048823
2547032167
2513543207
2647905655
2639381879
2637415797
2637350741
2637354325
3176299860
3176230228
3176168932
3176494565
3210106325
3218495431
3218560982
3218921334
3218925414
3218924918
3185435734
3185570886
3162166343
3162232149
3158040053
3158040565
3174823669
3179018199
3178975575
3186184566
3186180454
3219871094
3085657463
3085657559
3623632375
3598458301
3598458301
3598531997
3606713789
3539600829
3531149756
1383666060
1400729996
1349480909
1349444941
1349513037
1348837205
1885640439
1885647847
1895080935
1962189287
1976939895
1977062743
2004204823
1982197015
4129746197
4079408405
4083565941
4058449383
4041684471
4108795862
4108795606
3571791606
3588503286
3622053846
3605341462
2527408438
2544190775
2510603540
2493833492
2493817616
2493821712
2498003728
2514977572
2506531620
2535827237
2519041575
2520157703
3057040967
4130778703
4132962143
4132718063
4132722159
4128523387
4152295547
4152229947
4118750239
4101858335
4110378333
4110349661
4104050527
4104046287
4120756943
4124893919
4116506351
4112312303
4112285166
4095499758
4099759599
4116076031
4124463439
4158050575
4158115863
4160024613
4151631909
3843351909
3843358037
3842437077
3846631413
3880187839
3871819742
3872211406
4132177230
4133299326
4133432430
4141772014
4143873278
4143934878
4139640206
4141674894
4158443934
4158439871
4116566511
4116705646
4101693822
4101693758
4100710718
4109104446
4109096254
4101588255
4101523229
3027771229
3044621917
2507812445
2541371007
2549685887
2545424254
2511877406
2511942942
2243507290
2243523678
2243482718
2280182878
2271792511
2255195485
2255140188
2255152924
2255222588
2256131900
2256098620
2264474924
2264476973
2415471917
2382053165
2365267757
2361265709
2227113533
2226392637
2229538621
2246315837
2179747645
2179783991
2179783975
2179767591
2179766631
2171378039
2171377783
2171443287
2171444311
2167389269
2172566773
2438905087
2438905087
2433595647
2433521887
2970343678
2970286318
4043995374
3775560702
3779755742
1636564686
1636367967
1632431959
1628241223
1628233029
1661852997
1661926757
1666121061
1674477031
1665949127
1665949126
1666047958
1666113510
1674246886
1670053623
1636368327
1640557959
1632136325
1627995285
537541813
554318245
558512804
566966948
562825908
562302612
562311812
562045572
835724165
837837701
836821469
828501471
274835798
1348708630
1357101334
1357035799
3504511239
3252935941
3286488325
2191709972
2191673140
2191672884
2191656464
2191734577
2191537445
2209350951
2213807407
2211712303
2194951471
2195578175
2195585371
2187180893
2186124253
2202901468
2152700572
2152700572
2421145236
2421145268
2416819892
2417868448
2417868449
2954866337
2956983971
2973630131
2973761523
3010387922
2976898386
2976644370
2976496914
2708061458
2708191506
2708191506
2708125970
2741935378
2737741074
2705235218
2771762482
2771692578
2770664546
2904939746
2904718578
2908909046
2908913046
2950895063
3957392886
3940618614
3940626487
3940623415
3940625431
3940756511
3941821455
3941821471
3940023327
3956725071
3906394063
3906897615
3906965213
3898392301
3965511407
2887575471
2887579567
2908604335
2908735407
2910701503
2910705663
2910709631
2910645567
2942627135
2942594335
2926406943
2926536063
2943227391
2943288831
2917990847
2917990591
2897031359
2898081013
2898083189
3170184469
3161729799
3161729799
2649829142
2679256854
2679243590
2662465990
2662400470
2410698214
2404402663
2404435447
2366748613
2371004357
2639441861
2639507444
2639511524
2635186164
2635309012
2668795844
2668820292
2668852996
2637370661
2641433895
2632979495
2631939111
2627743781
2564887829
2565952837
2572244935
2571206599
2604789703
3678662102
3678598614
3686978758
3754067014
3755180118
3738218535
3729825831
2656083991
2652022023
2669073671
3742779222
3709150950
3713345262
2631866094
2631730879
2627536799
2627687821
2627589596
2650576380
2650584444
2675746076
2659034380
2658576132
2656482821
2669073975
2669101606
2635403878
2635412086
2622828918
2647920742
2576613478
2610172022
2610311238
3667027015
3402787909
3394460021
3411368293
3407173991
3411372887
3411371975
3410326471
3687183191
3687182709
3688878373
3680407844
3713978644
3709859140
3424513860
3424254933
3692690149
3629734631
3654897638
3654830054
3684254070
3684389142
3688587538
3378077970
3378209554
3627742546
3631930835
3631992017
3640515825
3688225972
3738541300
3729896916
4261524820
4261453620
4261457700
4278232356
4249003300
4257386868
4249010677
4110664085
4110877079
4111873463
4116069794
3050375586
3048213926
3182497238
3169854918
3169855302
2632984086
2633182822
2628992614
2645565046
2683573974
2683574215
2398369735
2390177223
2390169047
2390170983
2348232039
2310483287
3384159495
3370606343
3362051895
3375158839
3376281111
3409950231
3414009617
3411848993
2338107169
2337914640
2572916480
2606405440
2606405568
2614802128
2681900784
2673577696
2675560161
2642005729
2624181987
2632579042
2632578530
3162297826
3162297826
3157655027
3157720531
3174498241
3174461265
3178721107
3178577235
2641696083
2650080595
2515998067
2510763362
2644848994
2510557298
2510558322
2645824722
2645783762
2645779954
2679172582
2414935527
2272314837
2251347269
2251552068
2536763716
2503209468
2490786284
2498913708
2499179964
2488655757
2488590237
2501246364
2534931932
2524431628
2522989836
2531374892
2531303980
2548081196
2548146748
2549199391
2683409950
2681255726
3209739630
3209727206
3211840742
3207775478
3205682375
3205685703
3209880517
3209880261
3050500721
3052787297
3044333411
3044334947
3044343155
3044470083
3044435267
3044439363
3044493138
2506966898
2506979314
2508027891
2516547571
2516545491
3053322131
3053245875
3086796209
3086864881
3078599105
3045056833
3045056593
3040731173
3039163429
3039253541
3043447845
3044492327
3052602455
3052614983
2515740231
2515744471
2515621622
2515879670
2515850998
2515859446
2549415414
2532701590
2524439750
2457269446
2453065927
2451980759
2452050391
2473013607
2481201511
2447647079
2498049399
2498041111
2498041111
2497975575
2229540119
2229613831
2229745415
2162587399
2162622231
2163728151
2163592535
2155187543
2153092439
2169869655
2188752659
2457318163
2452001554
2452018034
2452083170
3530871202
3548180898
3546083750
3545200006
3528351111
3527821719
3527887015
3528801447
3539281127
3554944341
3554943237
3513065733
3496423701
1348866869
1349976884
1358386997
1089828657
1089826577
3254124289
3252014913
3277295089
3528965617
3528961489
3528959429
3528889797
3528889797
2457244116
2457179108
2457121508
2473898724
2440361708
2969032444
2969040604
2960488172
2960424685
2960424557
2959409007
2967862655
2967862551
2959605527
2976382725
2976308996
3009926676
3009738260
2994005556
2994008628
3010839077
3010839335
3019756390
2986144102
2985088486
2959920630
2961165718
2961070486
2961078678
2977851798
2977917334
3007134102
2989300882
2993624274
2993557714
3018747986
2481872914
2448318739
2439963905
2423189249
2423258880
2423246608
2439892784
2448281392
2449071920
2449071920
2482626352
2440912688
2441043793
2440003027
2423074291
2423076322
2431452338
2449278130
2449289362
2449289346
2180984962
2206150866
2172465394
2172466418
2179429458
2175237138
2175237138
2208689206
2208623670
2212820278
2204423511
2204620629
2171066324
2179450356
2163594740
2423632852
2423632468
2423624308
2419429988
2435166836
2468718453
2468734453
2451961335
2452047351
2451981782
3529901526
3529973750
3538239350
3538169718
3538169654
3538187574
3538769206
3530543378
3530486018
3615416578
3581862147
3581931795
3573544755
3573536562
3581671218
3615356194
3598511394
3598580850
3598702675
3598633171
3607006417
3621756369
4150110161
4116555473
4099913425
4095712977
3827273329
3829242401
3829185059
3828132131
3844910115
3844930594
2804798562
2804892898
2809005282
2725123314
2725125587
2741378003
2749701105
2745449317
3047430948
3047430708
3030728452
2494836492
2494574349
2226138925
2242907437
2243169591
2279886678
2279921494
2279912310
2280694774
2272571870
2272637342
2239083678
2507652287
2507585695
2503383199
2503121039
2436028573
2436005021
2435982733
2419204493
2419204829
3491902053
3496153639
3500159543
3500156418
3516952322
3516980226
3550533682
2481223730
2187810834
2183530514
2183531539
2187724563
2195994129
2208567845
2208567845
2176063013
2173976165
2157211509
2177161717
2177161716
2168764916
2202386388
2198314708
2181928533
2187171445
2187171581
2193989615
2189802991
2206711278
2211445230
2278488559
2236545535
2237561311
2220783967
2357143903
2357143903
2373400895
2381806911
2415326495
2415392029
2398401853
2398401852
2390004860
2406779996
2406980733
2406922365
2406934639
2402744430
2385991742
2385987886
2390122350
2397503102
2263807711
2280519327
2280445829
2279923077
2271534485
2271698357
2234998711
2234923702
2217881334
2222073366
2222072326
2230657798
2225349399
2225366295
2225405237
2229586229
2229586741
2239613701
2256456261
2255412037
2255410951
2255475031
2263740773
2263146853
2264183269
2280952293
2247398805
2239010205
2239012285
2239084991
2233973166
2233924078
2502089198
2502064510
2506259806
2515690831
2515788231
2515591637
2515595765
2515845557
2507523511
2507132403
2507143411
2502948979
2537519107
2537450499
2537448710
2537449286
2550027846
2545815238
2510228182
2442926822
2178693871
2169257581
2170488349
2178810637
2174492956
2176589869
2176589869
2172392493
2166115365
2165165143
2165296327
2169486791
2203030983
2211288535
2194511319
2211288535
2211288567
2177873383
2152726007
2152660983
2152627157
2148432853
2148432341
2153671125
2178836949
2212329733
2191281941
2195457813
2197099287
2188845879
2188845862
2194945318
2211716390
2172915046
2172918006
2210666630
2210732166
3276086423
3271843221
3271851397
3238526341
3238264717
3238133645
3238330303
3271867326
3276061630
3280316830
3280316862
3280312766
3280439718
2207685030
2213980582
2204610038
2200415734
2200345974
2200345942
2200419590
2204626182
2170939670
2171074870
2166737206
2435304758
2439429399
2477172085
2460984692
2460788084
2464982356
2452397844
2452393748
2469039669
2418990647
2418958102
2423149846
2427409702
2494329894
2494362678
2495472661
2515926276
2507656452
2469907776
2469907792
3510107584
3510072784
3507975601
3495387571
3497456018
3506356610
3506357634
3506277843
3506224627
4051479507
4084182737
3056516817
3056596561
3056456211
3057406515
3191608103
3194491686
2666079014
2662015783
2678793509
2678590765
2645036140
2582125788
2556959948
2289794509
2365220807
2365220566
2363056742
2354582118
2354594150
2356790358
2365318230
2382031959
2415586305
2397752324
2255211588
2255082996
2255222708
2255221684
2187936428
2456310445
2439541421
2422986415
2422863598
2422792494
2422792238
2422792214
2422792198
2154717191
2150503687
2151548721
2151550705
2155757249
3237887681
3237822339
3253484947
3287031186
3270451094
3270465430
3269939863
1122357909
1113895573
1110483940
1110483756
1378919725
1378921533
1394649119
1361307679
1365432350
1348618254
1357254086
1358300550
1352008599
1352024759
3522511525
3514094309
3514085972
3497374224
3497305648
3497043748
4042305316
4059148053
4075994885
4066545415
4062351127
4062349111
2988556583
3005239605
2954899821
2955154924
2968782316
3031895532
3048609764
3082164164
3082167236
2528994247
3619513238
3623712162
3581179298
3692319970
2618646770
3694321730
3694321922
3715282691
4260597267
4260408883
4293962291
4277186323
4269128983
4202136597
3124199477
3124219941
3139325989
3105755189
3089043829
3093247845
3170701029
4240247527
4240247447
4238163590
4238093958
3755746950
3730593174
3730687158
3730691238
3739071654
2664805622
2664800470
2663751751
2655363349
2656547636
3210146612
3178681908
3161900580
3161968164
3177570165
3186941943
3212115446
3193271734
3193262518
3193246102
3192992150
4266729918
4132643311
4157804909
4126213421
4109440317
4108397837
1415720205
1415724303
1415667039
1415630078
1432390910
2012515486
4134974606
4133920974
3597111774
3529802622
3555037734
3521569318
3522617895
2440520311
2440374119
2449220839
2449233127
2478787767
2478722181
2482920581
2448842117
3514130389
3492148965
3496343393
3496277283
3496277299
3496272947
3513245747
3513249811
3546730769
3547775249
3547776273
3531069201
3530874657
3547619105
3514121761
3497471505
3497405953
3497475953
3497344865
3495245808
1104557953
1121072001
1123160705
1114833539
40961970
35722658
35726562
40068338
48755794
65531906
283480070
284004357
275615764
1345164348
1345109036
1345105260
1348247020
1355581420
1892534188
4035888029
4053693373
3521078254
3523045358
3523032558
3523024254
3514766654
3513595166
3496813838
3496813839
3228513565
3228513565
3237811517
3237811541
3233616341
3248427461
3284014471
3267024311
3267073511
3539514855
3539515175
4093416246
3824989718
3781996342
3811356454
3777281318
3794111798
3794239494
3794182150
3862331686
3862348134
3865433062
3873824678
3874356134
3890600950
3857177046
3857111495
3848796631
3849644533
3845450981
3849645301
3849837813
3848785397
3848719861
3857176949
3857045877
3848665461
3848665461
3882219829
3882350869
3882350935
3881957719
3881958259
3848395635
3982744435
3983006551
3983014743
3982588279
3982522743
3982522487
4024522870
4024638582
2816687222
2816687446
2816687446
2816688086
2783387358
2779060990
2779060990
2980388606
2980331230
2444504014
2445028302
2176596302
2174490974
2174490910
2245802254
2247900935
2231129927
2230113607
2229589363
2221202531
2221268083
2221332563
2238118163
2238114067
2272717331
2280057458
2280106610
2279906259
2271513587
2272037363
2272041377
2272108448
2674376624
2674308752
3211179904
3140920704
3140859124
2839330020
2839379052
3896391724
3894290476
1746806844
1746807068
1751067148
684535324
680339037
680276557
696525517
696525517
696525773
696542669
1002732765
1002462301
994139229
994212893
994211133
960688953
960737849
943952411
683775518
683712382
683718782
683718878
675395726
671529102
721861775
705074311
1778831495
1778532518
1778516642
1800603298
1758465698
1754274466
2022714066
2022714050
2022714945
1485913408
1502745664
198317248
173213120
168824256
185609648
184576929
222358433
205585329
222428081
222558609
89323905
122878337
122870145
57777585
57720224
65056160
48344528
48414528
40080912
308318768
308318753
325104161
291615523
274838818
1885378850
1885378850
1881184546
4112746786
4129470738
4129729282
4263954370
2117010306
2117009795
1852178851
1872826529
1839214753
1839211681
1839216099
1878025543
1869655815
1865461254
1865460486
1834007318
1829804334
1812044846
1812110382
1812106286
1677980718
1678189631
1678123055
1677865005
1632763949
1624375597
1639321404
1622547037
1620523725
813972111
830745230
327945870
59574158
59642766
59126663
25180069
29376421
121637281
117643649
117599618
118646210
103966018
1181836642
1190358386
1200781634
1200781570
3348252930
3350350098
3350219042
3349178658
2241882403
2241911137
2247215457
2373093841
2356316609
2372057537
2372054464
2372056384
3445789952
3697512720
3693131040
4229998880
4230002720
3895502880
3912280096
3945982241
3929172257
3929149427
3929409411
3933603715
1811089283
1806704545
1773149600
1771059616
1838164384
1842359684
1829777284
756084164
739353924
739422241
752013346
749981734
754053150
611446798
607383562
605189386
605165834
553781515
557976347
549587755
549661195
549465611
550504011
542114507
817955515
864229291
847459242
310514590
377623430
113455494
113254822
1182802342
1182799266
1199700402
1334028754
3447761202
3448809762
3450972961
3451108144
3449981488
3449981456
3454175824
3441658608
3441527456
3442604704
3440585376
1292970659
1292970402
1293105298
219297922
223492226
225589378
267532482
266475586
249780290
518060050
518039586
534816802
534822178
425770274
946910498
942733090
939652919
402880310
402915126
423803174
1505925414
2072414486
2038864134
4169578758
4170169095
3096230452
3096230436
3095969316
3108550180
3138114148
3189392096
3206152864
3078226593
3051946403
3031174307
3031177377
3035453617
3027163265
3043403907
3072764291
3861032386
3860898834
3860901922
3860897826
3860897826
3861951538
3861949490
2803018018
2752703266
2754759206
2758937126
2766210594
3839951410
3840217618
3764658706
3760464178
1617702946
1694040118
1958349879
1958352903
347740231
347744327
79292487
216579399
485002591
1021873663
1034657021
1051374812
1047179484
1043050748
1042919676
774742140
774828140
791549157
1831738086
1844255462
1840077478
1873771138
2125423234
2129212034
1592459906
1593447122
1606033760
1572348192
1549279264
1549279232
1276716048
1281046560
215628080
211704259
211716546
496994690
495820162
529313939
1585754257
1590145184
1577234848
1578349024
1578201392
1594958624
1561535009
1544626721
1961898529
883950369
346234129
346429697
363202817
128912579
128714183
116151687
124288415
254311871
257554862
256441262
516746154
516714394
450126730
449966474
441709050
448913902
448848367
985719279
985720293
1002483685
1002553301
994287297
2034482881
1761851073
1761718992
1828827888
2097394416
2097328880
2097337028
2097300164
2097286799
2081504174
2081499310
3975235758
3970123966
3986869450
3986853898
2107674634
2145419274
2137038890
1864605738
1864540459
4012017453
4017276524
3914450476
3922787900
4233129756
4235224341
4231083287
4231214354
3694277938
2622895394
2643859234
2677409554
2660648770
2526463810
2526529346
2526332738
2258423650
2264718691
2255771943
2268412199
2268409141
2234856757
2239172964
2243367908
2276721636
2276722644
2280935364
2270486404
2265099141
2499981205
2499985301
3036845749
3166807701
3162549972
3166744261
3158359495
3154164966
2885917926
2902641894
2903692518
2939352294
4021483510
4004677335
4002645717
4006653509
3994070597
2920329044
4010863972
4010990892
3983689004
3966911804
3966964060
3966968285
3962644381
3966973885
3975356077
3971091117
3985836685
4019203021
4002425164
1854958604
1859187724
1861735436
1861726269
1878368301
1876205871
1842131007
3981217822
3977048094
3977065598
3825603814
3825602022
3829795814
3028421346
3028421346
3028359746
2491428418
2541758210
2256545539
2256682755
2261126915
2261192451
2395410275
2412055907
2407802082
2408898786
2408898722
2348056755
2339734931
2570423681
2568272260
3088361876
3088427188
4162168980
3893864597
3909528725
3910317207
4010980599
4010987750
4010984934
4013017070
3983597551
3983638519
3983629303
3966852053
3983669717
3992190325
4024687925
4024681749
4007751941
3999359237
3999347509
3999339303
3195023911
3211866663
3209901607
3184664167
3163687895
4237494727
4237515141
3700615557
3700620421
3723592837
3715137685
3709894821
4246778029
2099356909
1831970157
1832103197
1836232477
1769183005
1801499933
1801512223
1797383446
4214306614
4214431270
4212268582
4282523234
3716290146
3716486674
2642753282
2491749650
2224493650
2224426306
2226572610
2176765379
2213383635
2255785187
2255797345
2253710433
2253776224
2253911520
2264266720
2280974240
2247159200
2245024913
3293580465
3422622881
3422626273
3422692177
3422691840
3423741440
3428018688
3436243456
3435182336
3703617792
3699489089
3716261827
3733164930
4269966230
3201466790
3188818086
3188753574
3189030054
2920672486
2803039526
2805122342
2808345910
2783044886
2917163799
2908774679
2943447303
2941465943
2949780965
2949778853
3889236404
3889236884
3855686324
3855682204
3855687300
4115670660
4115670724
4115669765
4115685655
4117815607
4159743282
4159812914
4157707571
4153443633
4152395056
4135833044
4135766420
3619842228
3741460896
3707910560
3707964336
3691198385
1547907761
1574114003
1301492291
1167139586
1169236226
1173453826
1155659794
1151449106
1151580434
3500325186
3517095746
3555886034
4063527891
4063527377
4063539697
3793003617
3793003617
3876953383
3843460390
3843478886
3845285358
3849541102
3856813566
3856813534
3975372254
3991993822
3991989727
3991990237
3983664925
4017203004
4025726780
3992040732
3982603580
3982619708
3961639996
3961737276
3961663788
3961656108
1747059452
1751254741
1759709943
1759513319
3902822775
3903907863
3937511431
3937575943
1790091527
1794278151
1779466807
1778426663
1761665317
3892338733
3892448493
3893496045
3964799165
3975284885
1840650375
1874213831
2125868611
1586897411
1586967059
1605698083
1605641009
1572724753
1572772865
482248705
364808259
1438615746
1474923730
1378391282
1378406642
3526168818
3526235250
3525721442
3538173474
2477009506
2477009506
2209626722
2173975234
2155895490
2155907715
2160171649
2227223440
2495654304
2495654304
2621483168
2617292979
2617481378
2618448034
3155311778
3157404834
4230096802
3974244002
3970055824
1839320704
1872792196
1868601988
1864411972
1865459972
1798352164
1798417708
1764996396
1748128045
1748111661
1748113191
1748113191
1759645286
1756498534
680594118
680537030
729819462
713059334
713538566
713528326
713405446
713334822
713334831
1782886445
1795461181
1761972281
1829163115
1829131754
3959818734
3959819246
3829795814
3833989862
2760772182
3030330950
3164415495
3214746369
2661098240
2665427264
2387542464
2383217136
2386887648
2395288481
2676302759
2642438062
2642455454
2646649742
2571155854
4211128782
4211124430
4211188815
3942883339
3942817803
1761783851
1761779754
1745023022
1745012074
3913434602
3913371578
3946905499
3946900363
3938577291
4005821337
4005804696
4022583000
4023621208
3981546008
3983585816
3828408888
3828376364
3827331372
3827306533
3827499045
3831891175
3840279743
3852864671
3853912455
3853916559
3851827599
4153880463
4157958031
4292147103
4285592511
4017157118
1836115966
1748034878
1748034863
1748104495
1748103469
1768026429
1767993661
1801549117
1802597695
1800418622
2068856638
4198569854
4206958302
4207163030
3666163414
3733419766
3733389303
3750141379
3583413699
2509671617
2516550849
2507506896
2501154032
2501235937
2501342305
3038196833
3037799523
3041928674
3046125542
3046194918
3616738022
3750760114
3717205699
3444577987
3440382657
3423807424
3423806912
3426872768
3426794944
3435171264
3703672256
3716392896
4286818243
4286687206
4005609318
3998259558
3994130534
3994196006
2937232422
2937230374
2905784354
2905784355
2887971107
2892232498
2892226354
2900577842
2918337042
2918321858
2949857154
4023463826
4023398311
4023394213
3889172132
3855617700
3855617972
3889243540
3889242564
3885047812
4153434117
4136690695
4140868631
4139820087
4140012599
4135753053
4135765469
4135766941
4152495037
2101414829
2080443045
2080574133
1544691605
1544692663
1559306743
1571823939
1571823875
1285578754
81847298
74497074
1156626466
1421064226
1420999954
1437769474
1990364930
1919061250
4063268115
4063267891
3792743457
3876891683
3842290979
3825632546
3826681634
3843475234
3883366178
4000544626
4000536018
4000400851
3998244261
4006641061
4023414197
4023446941
4023513052
3989958524
3989962044
3989945628
3989941516
3981569292
3977374781
3977507887
4011021358
4013048878
4000449774
3941795070
3937603006
3937607102
1806903742
1806773183
1773218493
1773222556
3920697996
3924901508
3922798277
3922748999
4216352262
4216352518
4216352006
3151096886
3149050914
3214062370
3214070310
3212956207
3212886617
3045376984
3032793512
2953185704
4026927560
4028041672
1880492824
1883118376
1613638440
581903624
581443848
582496521
584585497
843608361
843600233
306714601
331882477
29955573
13185489
13185475
13316547
4862403
4865522
13310898
13253506
13253506
13265794
14306178
32036738
48812946
44618658
44692387
44818848
49897888
56123808
22569376
1660336
2051540
7833860
14788868
14723349
283158837
836806973
828422431
593730063
576882191
572687886
1646428678
1646756406
1646568226
1646567714
1646587938
3794047010
3870262306
3853441283
3970890563
3966696002
3962493634
3962428130
3962362594
3962362338
3966032102
3982817502
3991402623
3857120381
3857120381
3848698973
3831922143
3831921631
3831979006
3831847422
3840170495
3840244223
3836181981
3769071060
3770119636
3770121684
3773921780
3765533172
3764607476
3781646804
1667660245
1667464661
1651764565
1658053975
1657926999
1656878534
1673582038
1631706614
1627650530
1677978082
1683225058
1699994098
1702091219
1735653843
1735655363
1734602643
1734471347
1734434466
1700875938
1700880354
1684110835
1684106483
1692494931
1692658769
1692663057
