1979129512
1974746777
1974742667
1973442187
1906362250
1374913930
1375115162
1366730682
1400235450
1400235418
1400370335
1400259775
1400784045
1400861869
1395089581
1399284173
1382376268
1390801436
1386738236
1403381309
1373955893
1348792117
1348861223
1349506103
1349502007
1357758487
1375719447
1409208341
3556692231
3623273223
3623351831
3614830119
3581210150
3574880878
3574877918
3579645662
3612280734
1608389006
1608462798
1608261886
1607999599
2071666750
2038096155
1776991547
1776916777
1776851768
1810410008
1802021384
1782094344
1782089224
1849197400
775508216
1849561256
1849569448
1719013545
1739718830
1636963518
1620184766
1620183694
1888885390
1905748622
1890905742
1894575759
1886174957
1902945641
1903076649
1886373177
1886156601
1898719005
1898784543
1932401951
862853167
854527087
1928072423
1923874999
851259526
851370438
317104582
333820894
300200814
283410734
275559722
275626282
275773739
1349450537
1886284777
1903045512
1936526216
1920216984
1381315001
1381462427
1388822939
1392427482
1408094490
1357705514
1353507114
1353568043
1353448233
1353447725
1357642029
1345059133
1361829133
1462433037
1446679567
377143358
375054382
1041915918
521797646
520750158
520815854
1028392942
1036264110
2105868986
1568805515
1568830088
1602445960
1602249464
1333817064
1304456168
1170373080
1195571656
1472629704
1389797275
1381278362
1377600154
1379697370
1379570650
1379570138
1396351182
1346020574
1344011390
1952259310
1960779246
1960713646
1960782250
2092903358
2109553566
1606172607
1610098588
1576559052
1601757452
1596490012
1596490044
1600692260
1332257845
1214888210
1214970130
1214930690
1484396034
1484390914
1492730386
1488511543
1505292564
1539021828
1517979852
1513851068
1580771756
2115545788
2115546765
1985529481
1996083898
1992028842
1929048490
3799773354
3795636395
3795828891
2721497161
2738334985
2708778537
2696186411
2964646410
2967862794
2967860746
2959929902
2699882798
2695676006
2779235559
2779249876
2716203012
3005605892
3794168068
3794168324
3794692628
3794726452
3798910308
3803759077
1670939389
1623769743
1611195019
1611395755
1611363243
1611216043
1616395435
1677461738
1659766986
1672353994
1672358218
1907101214
1891378766
1890869838
1891103246
1891013134
1895203591
1903604279
1937023543
1920241271
1916062693
1913965477
1930746285
1930950845
1935078813
1943458207
1938997711
1938916190
1940976430
1945166630
1903224630
1899441430
1949711735
1953892581
1954483428
1425933812
1425932692
1425937284
1421685445
1421615815
1438442494
1471983086
1455011950
1455069214
1991948302
1995024398
1986573599
1999156025
1965589033
1680441897
1680511531
1730863659
1713029679
1725482287
1720206586
1721238667
1725443209
1985686665
1981430969
2002393275
2002418602
2140860074
2140778170
1874372110
3854083598
3853033998
3857424925
3073024541
3073016085
2804580661
2771304740
2888761632
2894008096
2898209313
2898078241
2948356896
2931050784
2935769089
3189558275
4263160835
4263160865
3860505649
3860496643
1713029570
1731842435
1815695779
1815695783
1815610791
1818823078
1693322126
1688615823
1689197247
2007513775
1990735775
1991778693
2012750213
1442574756
1958458340
1957208644
1957215748
1961404980
4117539380
4134377525
4133984309
4268149797
4263920679
4247126055
4231922495
4234813966
4243202622
4238948078
4238876335
4255665071
4289218975
4269308303
4263013775
2115661198
2119836814
2004755694
1966935270
1949566182
1949766902
1953894854
880210885
886547020
2010423816
2119476760
1853139480
1848949304
3995384360
3861166632
3866598969
3883303435
3826762250
3759538906
4028498874
4034790826
4043180202
4054583466
4075559083
1928149131
1929260171
1920344203
853815483
853811451
832946202
816246794
283500571
275013688
270802984
2367784
3026472
15612456
12503593
1201441291
1453099530
1453099466
1454933386
3338187163
3325661577
3324940936
3425620620
3425579724
3426624036
3430884901
1555835175
1554786350
3701745710
3701749774
1608867018
1315884170
1177212041
1177187464
1177170056
1178280120
1182278056
1190667177
1203249898
1152975418
1151993390
3299491366
3236920886
3236941574
3232140294
3249001671
3269510276
3262170292
3258160548
3325462160
3338051216
3335827040
3335826977
3330055715
2251071266
2250806562
2250940674
2250957058
2246754562
2226831858
2224673699
2359092132
2359042980
2356418540
2352219913
3426029321
3426631439
3359517471
3357419838
1222391902
1217923278
1217940622
1272632462
1247453582
1247715790
1246671326
1255059678
1518974190
1518910699
1587061865
3700986216
3707277644
3430467092
3425191460
3426450976
2621368865
2619256355
2680596066
3197010754
3197011906
2660086658
2660086433
2525803168
2518200992
2501395104
2486829696
3022660276
3022529444
3026976996
3035509780
3568188428
3568183309
3584436237
3618072589
1185282063
1185269838
1185320142
1202095518
1173680550
3444629927
3422614435
3423785713
3375551025
3408053761
3663883777
3672387075
3668210194
3668775458
3668513058
3669492130
3690464422
1480083622
1477978254
1494755471
419965071
453585039
1058940046
1058943374
1065222607
1072234845
1038631277
1038672684
887661096
896184888
891979288
589994504
573217288
573287225
577280106
585664730
585729226
577339466
573538314
590250010
539947050
539943210
543813418
553241130
553241130
1622921017
1639556376
1639489800
1626911512
3763971672
3758730876
3758656108
3758934636
3763198588
2748181860
3062702124
3063877676
3195928588
3190435852
3127780636
3120441961
3099536106
3099085546
3165145770
2628308618
2632500874
2641138314
2540695962
2536400062
2536385710
2520067238
3591777462
3524666499
3541443715
3520479683
3516154867
1084219715
1084113155
1083977779
1081872419
1077417251
1143480099
1156274725
1420749428
1475254852
1445825220
1446939268
372680836
907388100
844406911
842309742
573874286
590798958
1614200942
1614201386
1618395691
548685355
546576955
1616128522
1616656970
1616775562
1641945258
1654463658
1654395066
1922830473
1921843592
1921860264
1921897128
1941939836
1911467532
1886104068
1344907780
1344847409
1411970339
1948832034
4100592434
1953104642
1962541634
1971979190
1988720038
4137183398
4133251254
4132235407
4128024973
4128156557
4131821529
4065755849
4065624907
4067722026
4076110122
4076269866
4067882030
4084628526
4051073326
4050000175
4058384653
4033817357
4033621580
3765233533
3761223533
3778712445
3816460637
3816326413
3816326941
3812132393
3811096121
3762202139
3762206266
3761157674
2771383850
2808368426
2934196330
2929805402
2929940539
2862823483
2867215375
2855674894
3927319566
3927319566
4217177390
4172809582
4172940758
4172949446
4172997254
4172854919
3097018037
2823334565
2819140596
2835917380
2869733892
3926829620
3926838820
3994961444
3861578084
3861385636
3861385377
3865641123
3869905074
3853136019
4104794499
1957306755
4104807299
3572230087
3572235093
3572230437
3568101669
4121749797
4293717821
4293717789
4285490767
4282271438
4281991934
4281930094
4286083374
4294558766
4276874302
4008290591
4008225055
3999836189
3995642941
3995644988
3995631620
3978986244
2888467012
2888475236
2888558308
2892562148
2900908768
2900909796
2783463413
2745767318
2746094742
2716669110
2691437734
2687243430
2691577022
2716738718
2712548510
4088214686
4071437454
4075627663
3527205071
3543966797
1396155661
1903598860
1970714892
1970710796
1709615420
3890658360
3890648089
3865411609
3877941275
3844403307
1681332139
1698045611
1732192937
1648102057
1659124409
1654920889
1722028219
1990987962
2007781454
1957609478
1554949126
1546488066
1546169122
1546184994
3647596834
3668539682
3668644131
3672769283
3665433089
3646628356
3638239788
3633914408
3633856360
2562213992
2558052456
2553858152
2553846088
2575017544
3116017224
3149891195
3149170410
3195316970
2652220138
2652356346
3726603162
3661509514
3661304202
3661299914
1517953258
1509565674
1488591082
1487550667
1286221003
1286221963
1290523529
1295553160
1178108584
1178109672
1182314217
1325050489
501922571
485403658
1550093370
1415613482
1948556346
1949602938
1947308266
1964146858
1979958203
1979892363
1979843211
1442980602
1455435306
1451239978
1451244074
3600054570
3602172971
3597434891
3542646795
3577381325
3558508493
4027232221
4031363493
4031363237
4048549029
4083118244
4066193828
4080481188
4051055525
4034339495
3505663906
2427730146
2426673186
2426669058
2427250690
2175641858
2192217602
3534393858
3534389761
3534389760
3534455344
3538465120
3530093796
3509111972
3493350572
4028255484
4078599388
4060757064
4060753224
1917478408
1921741368
1921602104
1368068616
1351291400
1422459400
1418265145
1419326762
3566745642
3707267178
3697866986
3693713866
3710893450
3727525770
3732898442
3741229755
4278100973
3202261741
3202262636
3193873964
3193954860
3193823788
2921165437
2921149167
2937590446
2937590190
2904031406
2950250670
2912535742
2912484557
2912463884
2899880716
2891704844
3155880460
3155836429
3158187534
3040478766
3069706734
3065512110
3199729838
2661810366
3735620814
3735640143
3739871245
1311434781
1311426572
1178260493
372961295
373198863
373194766
360612238
343638430
342478231
342481300
1416223636
1424718516
1426029221
3573492407
3573490247
3568120334
3584823870
3584844334
3584844334
3584845614
3585887535
3579366725
3441083588
3474641100
1293574156
1295654924
1278878732
1279142924
1279142181
1281251879
1287572023
1286916677
1286913733
1285849797
1319535301
3467547329
3468604097
3466502896
2253185761
2248959715
2248965794
2535186338
2537217955
3019431302
2997390726
2998701191
2998770853
2998254756
2456071276
2451883804
2468824588
2435195405
2435195407
2472944191
2460353326
4138468399
4139519023
3600287755
3596249161
3592087753
1444605067
1463743627
1412845706
1411530890
1411465370
1412649390
1416812271
1418786541
1418782316
1417733660
1418786316
1418970628
1104563972
1098272004
3246283813
3246222373
3279711269
3263130695
3271449798
1184810118
1184810422
1184880038
1113453474
3525173906
1394582166
1344250550
1356636838
1352442597
1354011492
1911877932
1931796540
1931763724
1931879436
1898331149
1881540669
1885752175
1889946366
1889947342
1420150478
1425326798
1433719422
1467278126
3732726062
3732694318
3741197598
3741201678
3686668062
3384481566
3371767614
3371710314
3369608686
3369727485
3633943764
3633880272
2560133344
2295901536
2285418288
2385154560
2385134080
2385117697
2250900162
2263483298
2259359138
2527869090
2443991202
2426730647
2423568525
2469706188
2184623692
3526795852
3526812236
3526779468
3543413359
3541828590
3541828779
3544975531
1389115561
1384396937
1389832329
1389784200
1398203784
1364652427
1349964106
1348960558
1348777254
1348773670
1348775474
1344667138
1344660994
1428648450
1446380051
1448476929
1389760516
1385566292
1385505964
1385441448
1368664232
1356089512
1348421768
1365178505
309781898
305632138
304382554
841318970
1646567978
1650500139
1667279659
1675798827
1668458795
1662028154
1712347610
1729114314
1729245514
1695687466
1691497002
1821508143
1823474190
2092183054
2087987726
489437454
522995774
518539326
447400143
1521139853
1538953357
1505403277
1482400685
1477223087
3624703719
3641476854
3640960614
3712329334
3720800118
3716603239
3716549861
3721796788
3713416324
3742764164
1461060996
1465320853
1465201079
1473586598
1472488870
1438961894
1438941238
1431601159
1414832197
1425449156
1425188852
1416806116
1349966485
1345768069
1429589639
1463051975
1461740038
1394950918
1399062830
1403265071
1403266095
1403401245
1404439885
1473662925
1464290973
1464333980
1465247644
1473635228
1473634812
1442156781
1425051693
1425048623
1416742974
1432471606
1461774374
1445031206
1445090582
1449526030
1593705038
1589510863
1589510797
1606366876
1568419756
1412705640
1412709736
1412697592
1349942680
1358228888
1895099832
1909763512
1909763496
1944040616
1938788793
1675461563
1664058106
1932366462
1898766974
1898734142
1882067494
1882068774
1911430182
1907165222
1940854790
2007918598
1453751302
1454765062
1471537158
1610080310
1299604514
1293909026
3361552418
3361552691
3364502081
3382323904
1234847424
1269322432
1252586224
1526260384
1526260644
1517871588
1513742573
1528479993
1594737913
1561094361
470575304
470182857
474405577
350145225
349490905
401921739
376751071
376488287
372359999
1177994037
1115087716
1182163956
1198924160
100547968
1174277248
1153108144
1151940785
1151872483
1152149474
1155851062
1143177734
1143177734
1411416886
1416674598
1557178406
4257261607
4282497078
4282825814
4266038614
4266562502
4267623110
4263379934
4265083630
4265091887
4247398191
4243197277
1957632461
1957510092
1957444488
1424767624
1413242553
3577210521
3591825292
3595948364
3600040252
3331601708
3482592556
3449038124
3719701796
3720245284
3753525303
3753492598
3751342310
3671634854
1510508198
2047640214
2064425606
2064441998
1796072010
1795612715
1808184363
1871104042
4286892106
4291619018
4283296202
3712994186
3721053594
3716825498
3717874123
3720016331
4255835355
3081284841
3081284845
3085671660
3077211612
4131226460
4147937796
4147958276
4113850884
1966481981
1949705006
1693844782
1689651246
3853977630
3854457034
4122892426
4155492491
4159473545
4276388489
4280582793
4281725625
4145406697
3875860009
2811554088
2794776616
2797066296
3064907084
3077391308
3022783116
3023962812
2487100071
2499683234
2495098018
2495088866
2495088866
2549615826
3606713410
3740938246
3736739846
3735707655
3735580732
3731419180
3743977512
4230512952
2083108616
1831382536
1864935944
1848163096
3995637816
3861551208
3879373032
2802484408
2735718552
2701554585
2773365435
2777551530
2763657898
2896691886
2896700142
2900895694
4234685774
4096403790
4096403790
4097452406
1954035765
1962421252
1956134924
1591271436
1591386124
1583001864
1590343432
1452195644
1988988396
4135881897
4135879850
4107174074
3561934986
3692447114
3694548666
3694554794
4232014570
4236012074
4243384846
4289507086
4004291615
4004425740
4268666892
4263936069
4264002007
3191263974
3172361958
3021418086
3027582694
3031703270
3031176614
2964063397
2964062372
2964197508
2431541632
2423211712
2419054176
3492668964
3492603172
3513576741
3513641989
3564035079
3564014599
3027749991
3023367527
3040144662
3205943062
3193370166
3199660598
3199717942
3199529494
3204215318
3195826718
3191356974
3208133934
3177711726
3051883775
3047887068
3047829644
3052019848
2507809224
2507800920
2506768680
3588840488
3588782121
3563616299
3560503306
3560626506
3558510538
3575563979
4152279691
4143940507
4278169773
4290748588
4292649132
4292650220
4283741676
4279674220
4263436605
4132884767
4134981943
4151788599
3045016855
3028159767
2961050389
2424248884
2432514660
2432450164
2449216212
2449224388
2512335492
2510172823
2509845158
2509797030
2512973478
2504838062
2538577374
3613373790
3612844302
3581255950
4113948687
4245808207
4229031037
4228115693
4228315373
4245068255
3980826959
4024342799
4003367199
4005070117
4009271605
3994591260
3994591516
4011585820
3977925436
3977910116
3944357605
3956869863
3954708206
3954774014
4022015310
4256830542
2092577994
2096768138
1559962778
1551377578
1558717866
1554524074
1571444378
1572492986
1438211754
1157160938
1148751166
1413317638
1346277638
1413394695
1954456343
2088674612
2139071520
976071728
976120896
976096448
976093312
2049839586
2049905254
2074677870
2041066222
2025334494
1486367374
1486367374
1217981070
1216978317
1218090381
3430597005
3426402695
3291137430
3312348646
3320802790
1207758182
1186763878
3267146877
3539960140
1392476444
1379762988
1379702572
1916568876
1915530552
1916071688
1933008648
1897268745
1880491546
1947600618
1951274922
1422656954
1418200218
1418204298
1418359950
1418378383
1419356556
1423485348
1545120148
1545316548
1595585732
1579069508
1579061248
1446428672
1580614420
3732275748
3741258284
3753650729
2679908907
2610702890
2610707258
2600261898
2684079434
2683863370
2679669194
2679813115
2646254504
2649399976
2640883368
2485689000
2485770941
2503671439
3039487690
3072909786
3077370090
3081553002
3787437182
3770596383
3770594308
4043219972
4030652420
4030685204
1899962372
1665017141
1662922023
593365822
597559838
597241438
597239390
597173066
864563530
835244363
826839417
827045864
1909432040
1909426856
1905233560
1909440136
1901065864
1901066124
1359951773
1363490239
1364661678
1372722606
1408381358
1450336766
1449386310
1465950470
1407231238
1407233334
1910553894
1902558774
1898376710
1462167110
1462125127
1463157335
2004635943
2013061159
1978437669
1978176557
1710798909
1710798877
1735956748
2004589836
1998234892
1998254093
1964658693
2082407479
2082213158
2099129638
2145258278
2126319394
1052574482
515850499
514740227
518963201
237719553
254488625
204156961
204411683
141496935
145561191
146620022
146619974
213728839
213728839
213653063
213653063
212617047
229496183
233813367
233805301
233674229
267162097
267162097
225292785
225358321
221164017
221163921
221229457
254653363
187540403
176006131
176140247
184523095
183339381
183343157
174962741
170769471
170766399
171749435
171745339
171876474
238985450
524210670
478003630
478007230
209582774
216758975
212556543
230382333
536599421
519694652
511304988
444194844
1513730141
1496944863
1480425663
473793982
478137790
418369470
417844918
2025316006
2090106543
2127851501
2119444973
1443113101
369436804
369244292
302135436
318901645
273811343
282460862
280363710
279261854
279185038
283913822
283930174
275578415
283940396
279483948
279482940
887665164
879337996
1412015644
1428727341
1428729135
1970904111
1960561838
1960429742
4108011679
4107946397
4107951772
4124733116
4141802172
4143243917
4133790413
4129338093
4129333615
3793790062
3861097494
3866274823
2815599623
2758974723
2754002433
2754518561
2687487520
2687227424
2691253792
2750154720
2751268016
2734636176
2734492817
2750699698
2750871718
2747197606
2713693302
2717756702
2692523790
2688333327
2688341517
2688341516
2705219108
2708897316
2713087781
2779008101
2779008101
2779040821
2784417027
3044474370
3208048130
3205918290
3191091170
3191604450
3124494502
4218290310
4185534598
4177146062
3904516302
1756904938
1756899755
1756916665
1756949128
2029562504
2015947400
992532104
975749768
976143352
976670760
1056366633
1051747373
1055947781
1047784453
1043524613
1042742277
1042729989
1047448837
1005570837
971889527
971860311
426601943
426579414
426575350
409940398
477046206
476921790
486349466
1555905210
1287334650
1287203582
1287203413
1287158388
1287188000
3436754464
3436742432
3436941107
3428491090
3428498882
3424300226
3306867842
3340491906
3329944706
1189762177
1202406816
1202472608
1173119712
1144812064
1144808976
1142631936
1142565376
67774976
72026640
223038001
256493873
198827027
1272705026
1274707970
1274707970
1274970882
3414144530
3393039954
3661471314
3665396466
3667493346
4203254178
4220035489
4169720740
4166522812
4162325388
4164422028
3626961068
3626371236
3638691878
3634500614
3668062214
1253056774
1253056774
1318084646
1317101601
1149391136
1149390240
1149750180
1079298724
1077709476
1093371788
1110086540
1110090636
36414349
306026397
310157228
1392287144
1409068456
1358736824
1887347848
4051608776
4085167129
4075721771
3807225134
3798770990
3794576190
3861819934
3878584846
3878585902
3979317038
3979124526
3979140463
3980190847
3979863259
3979858169
4017603817
1869038831
1843743855
1843912063
1843852639
1869079835
1869079835
1868950843
1868942649
1877265785
1877342585
1878518617
1870064217
1870121545
1870121563
1869897595
1844737387
1844719739
1828139099
1818636639
1818636629
1818694005
1818563428
1826886516
1823740796
1823817341
2092378717
1035352591
531511886
262937166
262934094
233572174
208405310
208409406
208548222
208560511
208560597
216982981
226481605
225281429
124622229
124621205
133006261
250450869
250589605
242148773
237921717
237966485
238485715
255267123
209133863
217408295
217375271
217359895
234203919
251115790
240621598
241010910
236488862
504923294
504922286
505073834
437940395
442114217
459219437
424943917
460662573
467879471
450905662
451995406
451994894
441562126
440634382
440830990
449219663
449748444
466525692
1004248556
964271612
960202204
943423704
2084143320
2084540648
2084565224
2084532652
4236195500
4236193468
4244586156
3703512812
3569164012
3569106668
3569102445
2494301245
2494301215
2494510158
3232686286
3249332430
3274486254
3275522990
3241969070
1346026894
1346022542
1895540878
1908127935
4093556895
4068392079
4131300558
4131303638
4131385814
3055367158
3055362790
3084853871
2510239277
2512140845
2645305901
2544642845
2275940365
2259302415
2260350158
2260349326
2260218303
2275934639
3320332717
3291005324
3291124108
3224286220
3224284172
3224283404
1076341021
1076209951
1462147342
1462155534
1462142222
1466335694
3623796990
3623776503
3619299815
3757646311
3740804071
3732415395
3728290482
3728222146
3732434898
3757764562
3753566146
3752501059
3618342657
3602482944
3606611728
3606619936
4151879460
4147684132
4114273060
4097753444
4095627733
4095612877
4095610829
3025931260
3034340204
3030182252
3030182692
3030368004
3030364676
3050943045
3042485206
3071926754
3055116514
3057193186
3057320162
3057254486
3061461006
3069851918
3623500554
3585620506
3724028442
3724093978
3707246090
3707253322
3451388874
3451388922
3434742762
3434754538
3438879211
2356701561
3430476252
3430476188
3430459788
3443109260
3594159500
1444578188
1444578188
1377735580
1914675692
1914022956
1914027052
1664386093
1664131119
1630642238
1630707742
1630720094
1628946926
1627705066
3762604778
3787967210
3783715563
3817794139
4137609807
4139573773
4143759629
4076650813
4068229165
4080820453
4030669029
4097717495
4095609991
4099280006
4099344774
4107540950
4124326678
2006195990
2006195734
3751568959
3753666079
3718210079
3718242869
3722306085
3713851957
3641496149
3645432405
3645432437
3654086263
3654122358
3654187302
2572048422
2601404438
2601387014
3730518022
3738849358
3751428558
3751461789
3717785516
3722243500
3709664684
3708585404
3708724620
3742278028
3742278604
3578701788
3587030892
3586952813
2513800831
2547418718
2547430942
3218597438
3201619502
3201627950
3220501806
3220567070
3212170271
3178545277
3172319357
3172430077
3172360700
3176554996
3025541109
3033864183
4108140447
4108136350
4108139934
3588050334
3588048286
3579598302
3581703390
3623642238
3623739774
3623870782
3622818079
3622687005
3623743768
3614831928
3614831976
3598186360
3593885657
3611166665
3611236345
3577558507
3581751675
3573354779
3572437787
1424962331
1424828187
1424828171
1417377099
1442575819
1475991003
1473828313
1451007993
1451007993
3615274745
3615340537
3615471097
3623858683
3623350523
3623219438
3612733679
3581235695
3581366703
3581372399
3581372399
3589765117
3589791581
3573009685
3572882709
3705994517
1550085397
1550069013
1551317045
1496717351
1496714295
454429714
975050002
979056178
986395186
986255923
982005267
982003223
1002974741
994597717
962189685
962189687
962189687
962189815
962181623
970570231
970569142
970568118
970568126
970568127
970567871
961131711
2034875583
2043394239
2110503101
2110437565
2111487469
2136651245
4116616173
4116628349
4116562815
4116566367
4116577614
4112513310
4112447790
4282313006
4286474526
4286479631
4227728655
2080310541
2046756156
2046637356
2046307884
2044214829
2044204589
995636797
995632671
995636751
995632655
995632911
970464543
970481023
970479999
970520959
970570231
693747191
693747135
693867967
693876671
727430591
727299263
727293087
723097757
723237021
790345917
790280365
756725997
1830468717
1700453485
1702806653
1635735023
1702843887
1702707631
1702695871
1702835895
1694439095
1694310071
1828535031
1823291927
1823291911
1772890631
1810115079
1802447367
980295175
989792007
985207063
983052599
982003735
998778133
1002974517
994597173
994662775
961141111
961149303
961149303
961124727
424262007
424263159
424263157
407485873
415874481
415874224
2026485936
2018097328
2085206192
2131466672
1981454992
1916459712
1916410560
1915357699
1919618658
1936473826
1642865890
1642857634
1908151478
1939108998
1942281350
1941998726
935431110
902027830
1015478566
1016490022
1018570804
950937652
946542612
960037892
991561492
990512676
973747748
717762052
730344005
730344143
969439967
970488799
970554365
970587101
970702813
1004256733
962172383
945395135
944356775
1011464627
1011464371
470399154
336312498
336304306
353082546
839556530
844805618
1929023234
1924762882
1923918098
1940699186
1940257842
1944450098
1932349479
1933512743
1931345965
2001080616
1975848520
897911496
1036458712
1036331608
969157144
961292808
994850312
994587144
977875720
440934697
440934699
457728367
424205814
407493078
407615958
415873462
415873462
969521591
999012759
982171525
986363269
986354071
977899943
994619559
2030613734
2015339558
1746844726
1763620918
1866373159
1849079847
1719044389
1727449908
653708548
645875140
639440068
639443140
639578276
641545637
796727279
805113454
766446134
682564102
683485702
681388550
681389574
948710966
948709926
948447782
680024614
696834614
696822295
730376980
717793556
709400660
722049140
722114676
722115812
688569525
688635061
692821421
734699183
730504879
1787475359
1875424399
1829287055
1829287055
1678507231
1678653743
1616788013
1625164333
1622542884
1622477397
1911826119
4076086150
4066115990
4064559510
1917077382
1917112262
1925499654
1921947926
1921951766
2006903860
2008968244
2004642868
1027099700
1025182756
1024068644
738862324
738725076
742920125
680135341
680159916
948562588
1485367948
1485352588
1497937549
1258927751
1271658134
1334507174
1334460130
1201291238
1201289638
1174280614
1161693574
1076758663
1076766852
1076764036
1076172181
1093951974
1093706022
3241186606
3542124334
3554715438
3617694254
3618873918
3602293276
3736515096
3740643880
2654781992
2654489320
3727247592
4265298152
4131027112
4143634569
4139448459
4137329802
1985511562
1963765914
1947197626
1880023466
1947100078
1959155375
1955925733
1890855460
4058016292
3806358052
3798006324
3798006292
3798006292
1651568132
1628698117
1610764807
1610826294
1610613030
1614815270
1623199790
1623195690
1623539802
1632001227
591853707
1665513643
1674348971
1674348938
1674353034
1900844170
1896714634
1935586202
1935598318
1946051311
1929192052
1987916404
1988048868
2000629220
4114491844
4118165893
4109781445
4105555943
1958003430
1421140566
1435787846
1565794838
1599548966
3746970402
3730274594
3732392995
3740783619
3606507587
3606483137
3620901313
1607696768
1564515748
2097211556
2097178788
2097223908
1963070692
4114743653
4107404093
4109439517
4109464089
4109399577
4107333145
1955654153
1971366217
1971362297
1971559899
4148352218
4144153722
4145464362
4111916074
4111924282
4111954954
4115935242
4258537758
3751019374
3751674478
3667272429
3667338988
3671338724
3658768116
3725905652
3741699780
3708192452
3691425476
3628515268
3636894165
3632642551
3633113207
3700223077
3718116453
3721810020
2639413492
2637381860
3692123300
4228992420
4248885716
4290799941
2126540038
1589864214
1582445366
1444287286
1446379830
1450640694
1433739094
1414871750
1414863558
1548028550
1556876950
1552815814
1569645382
1603182855
1603051557
1607245869
1564770597
3708061493
3691362101
3691296567
4228163543
4228359046
4228313478
4094034310
4098230206
4123396014
4158525359
4159508413
4142675421
4142670856
4143735816
4143768584
3598504985
3596471419
3609026042
3575545274
3562991034
3705660843
3700285881
2626539928
2626482632
2644369692
2650792236
2640953644
2540421421
2641031455
2674553118
3748288282
3682225722
3682322986
4214868602
4214787034
4214799818
3946357962
1798873163
1786413144
1786413400
1780130312
1779147288
1779425896
1796073064
3943558761
3943489515
3915173370
3923561930
3906981322
3906916042
3923678811
3922567769
3914130008
2837242488
2837238392
2820457065
2822521705
2826781035
3900592618
3906893050
3906956506
3906825434
3957161163
3957284041
3957216329
3956737112
1775698968
1750480153
1749427993
1749427737
1766794777
1808078393
1791234361
1787048313
1787044217
1787048409
1804366537
1774985929
671885019
671890155
671971818
701446378
696916186
698025034
736034826
738066443
735969307
735973433
726474793
726410537
692596008
969616936
969619032
969478729
969478729
952636233
952652665
952689003
952689131
952679913
952744408
944487384
944439240
957011912
957073224
962314568
1004192120
983265643
982212970
982212986
986412922
977852282
973666298
973643226
973704699
994688488
994813432
977909704
977896392
2051572712
2051580840
2051793896
2060116955
2060087770
2055868906
2043285994
2026505578
2018183434
2013858058
940120842
944324362
944258825
952641288
969416968
1003188568
977982296
978056040
973645800
973645800
973651352
977910152
986233240
1053333944
1049222552
1049319323
1586172826
1602892218
1574859178
1549684842
1547681834
1547489294
2087511050
1013513483
1022986761
1023052296
1025150472
1058717192
2115675656
2114491992
2114487784
2127078568
2127078568
2127077528
2118774920
2118766729
4266315947
4274704554
4274701546
4123577850
4102800762
4236941118
4236948030
4237992734
4187545871
4191740173
2065178668
2031817772
2031750188
2014973244
2014973789
2027556557
2022573707
2039240331
2039277195
2072815243
2077009850
2060232170
2060297450
4291801322
4282814586
4282814570
4282810730
4283924842
4291155327
4282512732
4244766172
3171417588
3154599908
3158712036
3158775541
3185508997
4258923205
3751424719
3753513951
3736671231
3753391595
3757599211
2575100137
2570885225
2604505160
3677796424
4197885256
4202144008
4210397448
3134554424
3128930600
3145638185
3212748079
3178155310
3173762926
3158000606
3158250446
3095278534
3103663078
3103654631
3098346111
3098358559
3098026814
2565350682
2649238555
3748358219
3748329675
3745233291
3732453259
1584964491
2147017354
2147038106
2038038954
2036990442
2037265450
2037267498
2037217307
2037180681
2045552904
2079112968
2053935688
2053669512
2052620936
2068816552
2035131048
4165854185
3905841003
3906874670
3897953582
3900067135
4166471439
4178703887
4178634255
4181779991
4181784119
4190164839
4223980774
4203009254
4203181302
4270207122
3738055058
3595441046
3590980530
3523938226
3507031942
1346963846
1346963846
1346967686
1346992342
1356393506
1358488610
1374347266
1403682818
1387888690
3535372339
3533406257
3537535185
3545928131
3608851091
3579503271
3570000615
4106760815
4106752553
1951929144
1947739448
2100962584
2099916040
2104114440
1038750984
971506952
967574792
1001182537
1005360587
2063371658
2054983066
2055183802
2055189946
2055057850
2063438522
1610339002
1610240683
1610490536
1610490536
3749667240
3749541032
3709719768
3692795084
3696861260
1551409229
1551474807
1551561079
1551516215
1551499823
1551503935
1568277023
1568478746
1567375146
1575763243
502012971
502012937
502006792
502006984
233619848
166511512
200135352
200274616
180282296
180249064
180281833
1257104745
1340913017
1332516345
1567406072
1500288760
1500284568
1500481176
3656299192
3656295097
3656229627
3647771386
4163891818
4163822186
4163887978
4163887402
4184338442
4227321867
4210553979
4202030203
4202020219
4197817819
3931477339
3948262747
3906334986
3897938714
3893744426
3895817002
3895947566
3895882046
3900068110
1758904591
1774637383
1808249285
1791469005
1791344125
1791335679
1782945918
1782888702
1778756798
1778775230
1778864318
3993370798
3993370798
3997565358
4006024102
3867620263
3868684949
3868685957
4155992004
4126566340
4050124741
4033339381
4033208293
4033109927
3765196711
3765261215
3765261199
3781513949
3815076573
3815056349
1667510268
1667513837
1642346989
1642346985
1642405113
1642427609
1642590409
1906757961
1940295951
2007273759
2011472702
2003083566
1982182702
1982313774
1982239790
1718023230
1734802462
1735318534
1701731398
1886346710
1887393718
1887246006
1885148854
1892628118
1910453943
1911887541
4091877104
4091836016
3554965264
3554964224
3555062016
3521634560
3521572868
3517379636
3550991399
3550860390
4075132262
4066742582
4079846158
4046438926
4029666846
4029543998
4029476399
4100255551
1952966430
1952904974
1961350942
1961218878
1978123070
1969669902
1969673478
2003293462
1998976022
1714414614
1715467270
1849544758
1853735022
1853845615
1851678831
1851745661
1868396541
1834817277
1833767679
1842115311
1841849071
1841849087
1871214559
2128115167
2128309471
2147101917
2105228509
2105218141
2086344029
2094732124
2094879612
2111796029
2145382717
2128475413
2128409620
1583146036
1583210869
1598940021
1565389525
1548702413
1548620511
1548092158
1556550574
1556420010
1574374906
2111262154
2111110218
2138352715
2138876939
2122103835
2121041179
2121105691
2121171738
2121183802
4269728362
4286571242
4234114026
4233041898
4232984554
4241438702
4241306110
4254953982
3751628894
3751661658
3734892635
3739005049
3730629753
3743212856
3676103992
3642717976
3713931064
3697149240
1551566104
1551500568
1551766808
1551783176
1492768520
1004047704
987274552
977841208
977839129
705209353
705212443
705269803
705343531
706404395
723144730
691667066
691732714
729352106
720969387
715734698
1001078426
967515786
950603402
950556298
951608970
2025416394
2025546490
2029740783
2029646575
2021257967
2019095295
2019091197
2019092205
2018045677
2026503657
2026626425
2026753357
2018303437
2014148047
2014279135
2013689335
2026263911
4169627495
4186429287
3951416917
3938817541
3930558981
3926364677
3926364693
3926176293
3926176301
3926696493
3943490088
3943453224
3943515944
3943632169
3947764857
3956153433
3956153563
3957003467
1771771083
1771771083
1754989770
1759147227
1759208955
1759208283
1759109707
1759375883
1759506955
1751118363
1750954555
1745626938
1745628474
1766800698
734993450
718210170
717946955
717959243
718868553
987316313
987250921
999843049
966290921
969502169
969637769
961103753
457720217
457789849
441143801
449462521
450524379
463107163
429614395
417030971
150561563
142152203
140050955
140182331
139145515
147531051
147532827
415849547
415816779
416863563
408469835
410567515
406373243
423449209
455041657
454959993
441329017
172959081
197993721
164394200
148653272
148390104
150585560
150720984
150716888
163234264
180024313
180004602
177907434
165392106
135839466
404270842
404272842
406356682
406422218
423269082
457089790
991863422
991863398
991798054
961339687
944562471
944075059
944189713
944124181
939922709
960894229
994446645
449186869
445062199
444945479
444913095
449098118
440705430
994357670
994354598
1002742950
986031270
986165398
977727622
977694807
977670453
974524717
993342252
963982120
947205672
953433624
970209800
1002716937
986019081
1002918217
1002750281
1002750281
969163643
944076651
944205675
944173035
960953851
961011146
969262474
1002733963
994345371
978162107
995009451
990897067
990765801
957216489
944764777
944691003
954160443
954029339
954028057
953110809
953028889
953028889
961419065
424621881
458045241
994932025
986575129
986550361
718045273
718057595
718053883
717731835
709345019
705019627
1778695931
1778710235
1795969755
1762464507
1745748459
1758331115
1754202347
1753560299
1753556427
1757882185
944186187
939856667
939856171
944189483
952579115
948376603
965547018
965567562
462283850
466613595
458085851
437097435
990753753
990884825
961524604
944616316
952480364
952611436
944158332
944174685
2013623900
1476744828
1476727148
1481052396
1489965180
1485770844
1485656157
1485829207
1485829206
1502586198
1506784598
1498321734
1527677646
1527743182
1527612126
2047715054
2047715055
2047715071
2047719391
2051903869
2051379577
1782940505
1782956761
1799746169
1795514985
1795630697
1766274921
1766677865
1775000681
1808551033
1792920649
1793049801
1793052889
1792848377
1791795706
1808572922
1766646762
1745740778
1745805930
1745811034
1750007643
3897032041
3921993081
3921988937
3921986889
3922036057
3913789928
3947344872
3930501832
3930510024
3930575608
3930415785
3942916841
3947111401
3914077545
3923510315
3925806107
3908967499
4176358491
4177487066
4189865162
2040316042
2040393866
2078122138
2068816058
2064311546
4212847706
4212847674
4185646122
4193869886
4193874206
4227420442
4225712442
4225749802
4204786539
3129992041
3129841240
3150747208
3108812376
3108807416
3087897304
3087368888
2818950568
3977770408
3980907944
3980809624
3980817800
3846518168
3842258360
3876928952
1731673593
1717976571
1726362939
1655640346
1655509258
581709834
581709850
917254186
938233898
904713258
887917867
1021610265
2095352648
2087029320
2087034568
1751619272
1752601288
1769386969
3916866555
3914769387
3948323307
3944145387
3944145899
3910558699
3910627947
3914797691
3914662491
3897890379
3897833339
3906220395
3906281851
1758752971
1759269323
1775006169
1775002617
1808622331
1783457531
1783199450
1783187290
1784202618
1784214634
1792586858
1788444794
1788449242
1792648138
1779279434
1779283579
1779351147
3943608107
3910053163
3915285563
3961290811
3961307195
3826245691
3826131051
1678647787
1678643689
1683820009
1702627819
1711081979
1706891387
767507739
765408539
765273866
763635466
763637258
763645706
759451002
725970298
725951962
709305818
717630954
986062314
986122747
1048848713
512059721
516421976
516410440
507989064
239500296
235305997
101080333
105253135
105253645
113642269
46402349
46403437
46481405
46542725
46540685
63329933
30392991
31310751
14521243
16626075
8237467
8230299
7181755
7187835
7188283
7188027
271429178
271429146
271564558
271555358
825002286
859605294
912035118
910677310
910618702
650535134
667373807
658714789
625156260
604184740
608248740
616691365
612488869
629202599
662743686
645966478
650160543
583243967
558008573
537037084
1611046172
1611050812
1611114028
1610982956
1610912300
1631896109
1665451583
1648680767
1648749934
1648748646
1648711926
1648822486
1715865750
1715869846
1724263574
1736846742
1703294343
1703294852
1686320516
612382100
616592628
609248308
605086756
607184164
607168293
611362342
609720870
634882326
667256855
1724156116
1715767444
1711769732
1711730052
1728472724
1694900964
1678180900
1612449316
1627141668
1622949412
1622936869
1704725813
1736969222
1736975366
1741169678
1741165598
1875592430
1871367342
1871641758
1871489166
1871485070
1854707854
1854384269
1850124428
1845930124
1845927100
1845927100
772187380
772203732
772175188
773195572
773261093
773070637
777269037
787820333
784284989
1050610959
1050611471
1050619663
1049575183
512167199
528944399
495406351
415714638
416147934
407759742
416262782
483368542
483364702
482903422
482906222
1548263534
1548263534
1548280302
1556800494
1556797166
3700084478
3700018942
3700211454
3565988854
3570174918
4098853766
4111375238
4127632310
4127633335
3863459717
3859125124
3859268484
3792159716
1645601572
1628758828
1611981612
1611982124
1610933548
1614869549
1615105071
1640336495
1669830911
1673898125
1648670860
1644546188
1661357492
1627799476
1611017952
1611017824
1615273504
1624522273
1622425123
1622425395
1620315394
1906248706
1938701314
311370754
311374914
311411906
114281602
131050642
130853042
399288498
395282562
395217025
378439808
910469296
1040493728
1040690336
1041673424
1041689792
773215312
773262624
773066529
789843493
760491559
768880175
731195951
714553886
713313038
981757199
985984015
977648671
977767469
978226285
978226269
978249933
990832845
957274445
940460413
944721279
944721279
944594751
944598911
953020031
969729647
730638063
713335279
717533695
994353294
1007002766
1007074446
2080803222
2080820118
2081311414
1817008822
1825319590
1821191846
1753687735
1753625220
1757741700
1749287652
1745106468
1745102372
671360548
671100468
675295028
700529972
700521733
700464133
696286213
964812117
998280663
985696646
985774214
977381510
440645782
440645782
440663190
1531114626
1505940674
1552041282
1283606322
1283464737
3364105760
3364104992
3364104992
3368295216
3385134896
3418758928
3414572800
3401977600
3402059617
1254411746
1254411682
1245769122
1245767858
1258416310
151185602
134371778
402807043
402882305
402685492
939554356
939583028
956360244
956347956
956405301
960599798
943767542
943759286
960602014
960727454
994220174
2051192990
2059643070
2055470238
2055402638
2122470797
2139247580
2101740076
2098464300
1949574700
1966353964
1970614060
936783148
936707388
365166860
348938508
340582660
72143109
72205685
72338915
80661986
80665762
80139442
71745666
222740610
218514627
201741761
201813857
138439201
138440225
138683921
138748417
156439361
190006097
181649907
180478434
180462050
180594162
180454802
172006578
440446134
448834742
2055253158
2055253166
2055447741
2055649180
1783006972
1778763368
1779750440
706012712
706012712
706176296
718763048
718537752
709112841
973349901
973222973
973212733
448924957
444729933
461507149
428149453
428210893
428210893
428326733
432901469
432835693
525110381
458005613
454028397
453962877
453993597
453991791
458063855
424636142
432995038
479120030
479185566
479038094
482646942
482651070
474262446
499427758
499641791
524733693
503792700
906318908
907355436
909975852
926884668
897458972
352190989
352256521
350028313
281812569
281815675
281819691
281807467
814701307
814672523
831385227
852280203
843891083
839762091
571269355
571269165
588013869
537689389
542076717
542076717
550333741
550264127
550258719
558630991
554506463
558242303
566631271
566631271
549792343
549726727
566520325
566618645
566750839
595967606
847613782
851742534
843878342
302366198
302362086
306687206
315071654
1384615078
1384553654
1351001238
1351001222
1355197574
1346801031
1346734996
1883618228
1879435940
1929898660
1644294132
1644421460
1644355868
570540332
587252520
559170089
542401067
542387754
608447034
608439067
608438587
616959355
629547355
646390089
646189385
646250825
646262089
650406265
650439033
658876761
625388297
617000457
818319882
809861658
1896120874
1912906538
1912906090
1980035306
1984807082
1921958058
1989067950
1989072045
4136561852
4152798604
4249324428
2080738188
2080877452
1812441420
1812442396
1830004028
739369260
741597500
739397944
739442984
738263337
738276649
742403881
750792235
746666539
746916411
612633099
612642315
612658703
885280335
876957270
877078102
1548562258
1548496242
1552747874
1603226722
1586392146
1317956674
3331226690
3335441730
3335507266
3335487314
2395811154
2412723570
2412580194
2374878306
2374804706
2374803683
2374279329
2642707616
3720645808
3712256144
4145387648
4144412804
4144408724
1728228484
1728226756
1728243700
1728206436
1728120429
1732515439
1740908398
1740645759
1702895999
1686503753
1686505037
1690703437
1690578447
1950628478
1950620270
2093234798
2143763286
1589980486
3733271878
3733336130
3733331986
3733352754
3481686322
3452392243
3444004369
3444047361
3423038977
3423072017
3427783985
3293429987
1171095715
1200529587
1468964993
1455849600
1443201152
1459981456
1459988640
2097588640
1023601568
1024655284
758216660
758147036
757097341
744518509
744583725
753951273
753984041
747692601
768668441
760271625
760276745
1863446329
1867693931
1876069355
1858194427
1849745291
1849718667
772888459
773001659
772936107
777130411
779301291
787554491
787570923
783347819
783344698
783344666
786473994
778089482
773962782
1042463806
1046658062
1063443470
1038273550
1039322398
1039387503
1039264621
2113268333
2113239676
2096593628
2088205900
2088181324
1949632060
1964312108
1968453164
2010394156
935604013
898378047
881592351
814614543
818821135
885991711
365706542
357326127
323771711
323772189
290213725
290443101
298769228
298834764
290244956
827115884
810342765
818933245
885974495
885973470
885911998
806142126
806109358
806176174
806218174
810019774
818399902
818403998
818342798
835120014
860349902
851472846
583029615
583009068
599786028
591856172
558183980
553936428
553938748
558161688
558156571
592431898
600820506
600698634
592244507
592305979
592170793
558618489
558491513
558495609
558478713
592029019
575257947
575375866
575375594
575244538
575248542
575335566
575335566
575595678
1926156446
1938735262
1909387406
1892148366
1883633118
1883623423
1892146157
1623681772
1623485164
1640262380
1631866584
558319560
554047304
537339672
537143096
537165608
537165608
541409065
541355833
550291259
550291259
546146106
567129946
558673866
554471370
1661832186
1645140970
1649343466
1649355770
1649224011
1657612635
1921989739
1921913963
1921909871
1385038975
1473131863
1464298951
1464200647
1472507013
1472498821
1468499077
1455850645
1460056277
1594269909
1560716759
1560784887
2101652454
1011132902
1011149246
1011214750
872839583
604374477
604373837
604308029
604324397
616915501
616850991
612691503
612690462
616876318
541378590
537217119
554069119
658926969
650528105
650560488
650625528
650437080
650436824
642032856
776254680
638043384
638045432
654707961
654708217
621162491
759574267
751185658
746995450
747046618
612632266
612640458
612639306
885266011
885280379
885279291
885324667
902626169
911212541
911128463
910599055
910537111
910459303
910476455
910478502
1040410870
1057105990
1023551494
1027747079
1036132119
750788407
750794277
750781997
767577645
767610412
767617565
759229001
755296793
755329657
755465851
759594875
625430395
633621883
633620859
633698682
767912282
767912282
801597787
801636191
801624031
801621455
801629695
801498607
767856111
1036357103
1027844574
994175454
994437598
994437598
994508286
1002896863
1069993437
1070058845
1036373373
1036381565
491122045
424013277
432537053
432528863
432393087
432368510
432499566
424139567
491244863
1028097311
1028096349
1027711325
1027712477
1027714519
1027714967
1061272503
922991543
1996988311
1996937111
1996932023
1934017463
1942405543
1908884967
4039398902
4031012310
4031634886
3503224278
3587106782
3582912479
3616401375
3616337373
3620535677
3612204141
3609185389
3609130365
3613320541
3613319501
3613316047
3613312991
3613251071
3578586605
3578586605
3578586621
3579827709
3588146527
3588146495
2513950007
2513757495
2547310615
2505437471
2539082047
3612758847
3755344702
3755947582
3755747134
3713809710
3713797422
3692579966
3697007951
3562728909
3571099085
4099643277
4116222877
4145587135
4263027647
4263158766
4266587118
4291680110
3586938663
3569636631
3570873623
3570808119
3570812199
3562423607
3579200775
3579215175
3620105543
3620171207
3620171219
1204256241
1162681841
1162675697
1158486001
1158493792
1158493728
1162679857
1162823169
1163810305
90072833
90072321
92161281
92226641
92228849
92097761
92109297
92105105
92240321
100622291
134209363
134077810
133027122
65922354
57533746
20833555
20952851
25139027
25139059
1096785907
1096654322
1096137202
1129687282
1137043698
1120270770
1120262578
1120787891
1120753059
1120883123
1113551281
1113350305
1129603489
1079469457
1081507713
1090407297
1090472659
1090355059
1090283298
1090282274
1090265890
1105994551
1131229463
1132278045
1115635996
1381942540
1449053448
1449102104
1465682808
1566088184
1568184984
2105052825
2137818779
2116719514
2116727194
2116722874
2120933546
2121949358
2134515870
2105090206
2088248239
2088248041
2096706281
888746713
888676953
352068217
347881001
347867451
347871243
347404299
346531851
396798987
384205833
375816265
371687497
908165209
1982042221
2117251183
2119214190
1866509550
1862314218
1862396090
1862695050
1829134218
1817052829
1692271292
1685586620
1685598876
1962681084
1975264108
1941775661
1940207934
1940142342
1944336646
325327110
325531910
325457158
292945927
292945943
5660775
5754930
4240162
4240930
297830946
327330322
310553091
310814977
315009025
839822337
840863745
1933213696
1898610688
1614446836
1614476004
1625024164
1619584684
1619542700
3796370056
3792437960
3792114264
2999336744
2995206184
2996054056
3079677993
2492672027
2496814346
2487370314
2219250250
2227508090
2227441770
2223247466
2223833194
2362312826
3436066894
3423549902
3423107470
1208514958
1226434959
1528481165
1524285837
1524273548
1583260076
1583128748
1577885868
1581555884
1581572588
1447322088
390398825
356922217
341714281
1350440041
276432105
282595417
299368457
298320137
21905673
22994699
8301323
275753514
284994090
280800826
280794634
284984138
276595146
1396605338
1377472650
1377480862
1380627631
1388895397
1384707244
1388863660
1448616072
1444421769
372973737
389686185
394143403
368983723
352193178
77335178
77343370
77395595
94237323
134063051
125805019
120496505
1194303529
1194107177
1198302505
1169079833
1437244939
1370131979
1370064442
1357435690
1411911978
1428820090
1428828219
1429876779
1467548969
1465437497
1465441083
1465433627
1465433611
1599706635
1576768010
1576710923
1534763807
1515905309
1528460125
1494945789
1494879215
3629783982
2029722030
2025326010
2025328778
2042163338
2042134986
2046525897
1761129960
3906513896
3898125032
3896220392
3963263689
3980039883
3845833419
3879355086
3878290094
2791899566
2796032167
3215471844
3181909236
4255659028
3723173892
3697942532
3430555924
3438937364
3434745111
3451599126
3384305974
3419990374
3394895046
3390804102
1243316423
1245348037
1245348045
1266324965
1509665639
1503177318
1503177254
1603845670
1565036566
1560842246
3692736514
4229599234
4229611570
4097768547
4097760227
4110404323
3216953011
3200179841
3064845952
3064779456
3060552288
3056087584
3056345376
3039567904
2968395808
2964198401
4037940294
4105114710
3564907750
3577484518
3611169990
3342742926
3340641679
1205288844
1200904892
3348417196
3347352232
3330587561
3330518955
2256708027
2256708011
2253493227
2249228905
2385760857
3609338377
3559072313
3558944362
3563133290
3563260138
1415710938
1415761098
1432526026
2002881610
1986051082
1987095594
1986047034
2003215370
1999024138
1965457418
1965998091
1966014571
1965883882
1835545322
1843988202
1824066154
1824004634
1824012810
1958226442
1958227467
1421551113
1425596937
1415090889
1409843848
1409851800
1410179496
1410310316
1422827692
1350996380
1350976396
1355154317
1086719646
1087774398
1079393199
1081485741
1130637741
1113855372
1114055048
48701896
48612104
48612120
14978603
6588974
7121454
288144190
305118478
305106958
305037326
371884046
506101895
522891393
472543409
472460449
1009728163
1013398178
2091204258
2091925154
2089825986
2089821766
3717485830
3730058549
3727961380
3732286740
3468560212
3468298212
3468165868
2392335086
2392336094
2413317118
2371869038
2371860526
2405415982
2598285318
2594086918
2595921924
2595787052
2590540588
3123217964
3106594348
4163530348
4163528040
4168753385
1754865898
1753755834
1825054858
2080907403
2097812969
2131414760
4274707192
4001938120
4270365256
4274817609
4291664587
4257654490
3704545946
3696128698
2622358190
2489123310
2623078638
2642019367
2649369607
2678728709
2376739076
3316350228
3316176196
3316158661
3317203109
3310911655
3339288999
3607730087
3725305815
3726290759
3726306054
3728369926
3740928310
3739761702
3739824166
2397642814
2414415902
2380795966
3366523710
3636093502
3636133437
3636054636
3367537260
2314767192
3392703945
3660218568
3678032073
3642364361
1478108136
1481253608
1485385320
1485310504
1556617752
207104524
202909964
202991636
205108229
238649350
376340482
384733507
384741824
1928237504
1915717056
1915723664
1882037936
1881980577
4029513379
4029562530
4033691298
4042010274
4037290146
4038342834
4036303058
4036393025
4120275969
1473702912
1447552000
1581622288
1577444368
1577501697
1577469139
1594180834
1548031138
2093121442
2088926898
2089012882
1551947442
1556113139
1564746323
1594302983
1598427653
1608385301
1604257061
1574440231
1566058807
1561930063
1562000783
1566193037
1607992717
1589117320
379306392
379515288
379561128
383558889
1465689131
1427940394
1411167274
1948169518
1948163886
1880002110
1930003982
1917420302
1921691919
1992990733
1985654796
1985647645
1998116901
1696131109
1947924517
1952105549
878264526
874250446
874250446
1008603590
1010712550
956181222
2025597670
2074896998
2057861702
1521013063
1520975879
1244229703
1244295283
1244279139
1308238561
3365481184
3365415648
3365415664
3371788928
3447343744
3475637888
1311314560
1181291184
1206784675
3316003490
3299947430
3299876006
3293595815
3288377469
3305155596
3573784844
3565330956
3498217996
4036134414
2962657070
2958858542
2971437934
2970389182
3003833998
3809112718
3809092238
3810140830
3814400687
3791138989
3786932397
3785888809
3786091561
1906976777
1944643592
1911138568
1911200520
1911205692
1912309564
1977320285
3779826525
3775763287
1661788967
1661731622
1661339430
1661353767
1933977383
1942365477
1938239765
1921261847
1384391831
1384393910
310655126
46401670
38537350
34491522
84820354
80667523
81191683
216187399
207680037
203481645
203466287
203467306
204581390
408070670
415406358
2021701655
1484822549
1484816453
3636625605
3657859201
3724968323
3189146515
3191784098
3194930850
3198806690
3198741218
3198737377
3198700885
3190304772
4264173572
4129955852
1983520812
1715090472
1710885161
1623067595
549345931
549190283
549059211
553183115
540602779
540803243
557056170
554832041
