1216355902
1216364078
1216364078
1220575022
1220573486
3363896686
3380729342
3380728215
3380842901
1216459188
1220645300
1212256668
1208081820
1208048028
3355515292
3355589068
3372361997
3405916430
3390191886
3398436110
3398439194
3398459690
3398492650
3397431786
3465580971
2412806573
2356248996
2352058772
3425937344
3425939392
3423840576
3423840516
3742607621
3725765893
3724710917
3724709893
3728901447
4140010983
3066280423
3217140197
3208690605
3204504495
3204702095
3037918853
3042108036
3042099892
3041981156
2773508837
2769314661
2769310061
2775826495
2784222270
2784229438
2767321150
2767321439
2758933455
2756968331
2756925065
3025359513
3042120639
3041985966
3044087278
3077649454
3084989502
3080791054
3080806670
3080839439
3047420189
3051542333
3022243356
3157384796
3174104668
3071339261
3075599069
3067281373
3067270591
3067199935
3083912158
3050435550
3027465214
3023270911
3023140327
4029774951
4032952423
3790723173
3824241733
3799219276
1645421580
1645294876
1666389805
1668421165
1668490799
1634743850
1634735930
560993594
567282778
562040026
562040026
595610843
595713163
599909771
599844297
591521737
591644665
557993961
558005227
559114731
559115755
558982651
558916043
558920523
834749195
818103083
817983787
273768747
273899835
273899787
282289419
281271567
75745629
75680205
79874253
71499213
71460293
68309445
1245525
1245479
7475495
7479607
24322327
57898307
65226195
65259411
65128339
66164627
64010167
64005029
55681461
125018580
1181978964
1176737044
1382137140
1382133045
1390652709
1390919463
1390909223
3539309358
4076196654
4076196142
4065714542
4061487470
4061421950
1897354206
1879492575
1615251423
1623444987
1623235065
1631627513
1665181913
1648471257
1648620635
1648578651
1645416539
1662398971
1630942187
1618359979
1626816171
1620391595
1620063899
1888490123
1887441867
1971327307
1435513115
1418731835
3568643375
3304466735
3304466735
2222328621
2222394117
2229210885
3298707268
3315516356
3349070740
3349148592
3348619696
3350581664
3354707361
3341864353
3308342753
3307353539
3307349442
1143088066
1148265426
1148265442
1154488290
1146099170
72365506
89285954
91419906
91391234
73499923
73446707
73510195
86224177
371431441
372475921
372476947
372474897
909348945
909349073
907198689
907202721
911401889
650207911
633370279
616623767
616623862
616623078
616627175
616692215
625080791
625212631
654572791
654529767
654398951
658535911
626093815
626192102
634574566
634471031
667960159
667952079
626008415
609296767
876753711
876741503
876808159
885074639
344140447
345127583
345115279
76615311
76551823
99616655
90260423
73515798
73528119
73524006
73458470
81912614
98820882
94819075
229032707
1336395571
1341453667
1316808035
1312679281
108975361
124698881
1172799745
1156024080
1156035892
1147645220
1126541668
1378200436
1378197444
1382385221
1382122069
1920041591
1915810407
1913676390
1645224814
1660958063
1627659503
1631591647
1639992525
1640451277
600233421
600045021
591455229
591455231
587233275
570578811
570580330
574848362
574717034
583105658
600009802
633562378
1690553611
1958924043
1959190105
1954999929
4106743389
3569674109
3569673205
3569640437
3569624051
3569689555
3565556131
3565553059
3565319331
3587329171
3620916355
1196674179
1125239939
1125162451
1091693939
1093889363
3352323
3351299
19075923
23265634
31658338
27473266
27407683
27467011
10702083
10585361
10531121
14721313
23110945
1445178673
1445109057
1446152513
1983090001
1983089939
1982959667
1982898215
1714479207
1714675951
1714582703
1695683759
1699945919
1681995679
1698719631
1707141022
1707202554
1737553786
1741743930
1741727002
1743891739
1735571771
1735625001
1733396857
1729223129
1729362397
1728249341
1732428157
1733443967
1733361983
1733304622
1701847334
1693659943
1693581879
1687355935
1955602959
1954557453
1954757149
1417873933
1417747021
1422081860
1153638340
1154553284
1154482628
1154548180
1154683380
1087578581
1104355783
66269654
62063094
66127334
32536038
24143270
17917366
18044294
18007426
20088258
20153795
18978259
56730993
65121649
48475440
316774192
316773168
308392752
305246997
305263413
305214247
907024174
911224622
893393198
901777770
1975520730
1971346890
2009093579
1992552777
1447256441
1447125369
1463821177
1472210811
1367545705
1367477739
1367543211
1367375274
1371563434
1363210683
1346421147
1346486667
1346602379
1346612699
1073982825
1075031337
1075031327
1075031311
1079223559
1087632647
1082381623
1149486439
1082294647
1083347443
1083347411
1154929089
1146601937
1142211441
1142216545
1142386465
1142304513
1144467201
1144464707
87438787
91620819
129172979
129172947
129042387
112224083
45147922
66102034
53523218
20034323
288601875
288536435
391364087
382962933
382962837
911443077
907187397
909365461
909365477
640807013
1714479469
1735522093
1708390169
1708390217
1708255053
1698752380
1832969516
1832973608
1832931641
1832915033
3980603515
4257361963
4253160810
4253224314
4236319322
4236343898
4236507771
4253141627
4290824011
4291883339
4279296457
4279333113
1997681129
1963078121
1946300889
1950431195
1547904731
1556229754
1417813726
1417744078
1418727118
80744142
74473358
74504079
73503685
74613700
74617668
74621812
74572133
74506593
74637667
74637683
91407826
124994002
124797394
35717206
56820790
56824886
31536183
31550741
31584053
333577780
316718708
316773972
317948484
317162053
309695061
309637759
1913693039
1913692527
1912643951
1648399595
1648415977
1648415945
1648578889
1644323145
1644306809
1929520427
1900033323
1891638586
1887440186
1887505242
1887637466
1891708827
817898395
817902491
817910683
817938841
1883276217
1883355113
1900260648
1900195096
1901309192
1901110536
1880142605
4027618109
4026631023
4030890991
4030906863
4039302575
2962414823
2979186887
3016936903
3010584007
3006330837
4080034805
4113785431
3027400279
3034732327
3051617575
3084975395
3068263698
3068327170
3596808450
3596865794
3597758770
3597677346
3578798882
3562092386
3562149859
3570536417
3570552193
3587399040
1473506432
1448336512
1379124432
1379124433
1378041937
1378046263
1399022375
1910597223
1890678511
1894907903
1892740509
1884335549
1627438509
1631881145
1665499803
1715962826
1717014906
1718935594
1714741290
1714709547
1730554907
1697016075
1685486393
1689668137
1823952441
1840530185
1878290697
1867800841
2132107577
2098606377
2080510763
2080577403
2084781675
2093166314
1552038622
1417875150
1417744079
1418790863
1418741711
76563405
80794573
80847733
83075893
83079989
74559797
70313335
70378743
20107415
53624982
305266838
41095319
49479831
48435703
61027831
27342711
27272789
14691925
81800821
98643573
111369845
111365653
115558149
107300117
103051573
371482925
372531503
913597231
911532847
642569007
659326767
625772335
625585967
625585471
625524031
621386047
621381951
654937471
655068655
655007215
1733205996
1732746220
1728297724
3875667708
4144191228
4123202284
4118942700
2491556844
2491822575
2491880938
2492210618
2160860330
2152466602
2152467626
2177765514
2177769610
2173509770
3234599306
3234595323
3235644795
3227272569
3296546297
3291938249
1143401928
1143193032
1277396424
1277396425
1562612489
1562620681
1063495449
795061545
778284073
779199528
772907048
1779671065
1779617801
1779564639
1829896430
4231135470
4234544110
4238675582
4238547550
2644720138
2678274570
2393909771
2393909833
2391862857
2257618681
2261812921
2253685433
2255848121
2256442297
2255401387
2272174507
2272240043
2238553581
2486016381
2502925069
2537470732
2520689420
3055463692
4129284364
4127944732
4262076444
4262076764
4233765832
2094674922
2090538666
2090338986
2089290666
3699902890
3712747914
1594677642
1578020235
1594271625
1598464760
1573364456
1552982632
1552982568
2094043688
2085721897
2080422185
2080422187
4227897626
4244802570
4282564618
4282576906
4198588490
4198576250
3670151658
3682745834
3682741098
2575510122
2575514218
2575388410
2638235338
2671821706
2663429003
3733234584
3599016872
3599099564
3594813100
3523479212
3524723116
3526754476
1378230444
1395073260
1365271627
283240459
283293706
811767819
1885575231
1629600047
1663285549
1663211069
1667334685
1663074829
1663103501
1629626885
1629627975
1612846947
1612778594
1621101670
1621101670
1621439583
547692559
548675599
817156431
821858638
282890526
282887454
274564366
274042122
274197770
1375104346
1408378331
1404188553
1387402121
1389499033
1456480936
1473259176
1464877016
393232200
392178969
325084473
325181721
325292297
287539465
287408408
287342889
270575401
287418153
291868443
1399162634
1399178506
1467892554
1467876170
1476277066
1442722170
1435906411
1435907435
1167406425
1171527000
1148454360
74724824
74786232
74786233
7615675
7603370
15991994
16126362
16130446
66199950
40001934
39973342
39907647
56660271
23102767
23113007
6334767
6400287
23566607
57117963
49185035
50233679
39760255
39825775
1112379903
1128837615
1103926767
1082953199
1083087343
3230579157
3247369669
3319719365
3355407173
3480044359
3462882167
3462881831
3463800358
3463739174
3461633831
3675584383
3674530653
3674334045
3644891740
3628135036
3628136060
3628101180
1488988716
1505770093
1501633519
1539390702
1539519662
1514356894
1514389646
1510006926
1509990654
1526771934
1526773022
1497476382
1497612094
1497538366
1505926974
1505940767
1539495194
1539429658
1539407162
1514236799
1514355583
1514347343
1514347983
1514354141
1531146749
1497846012
1481031900
1480774092
1480765917
1480701853
1543552957
1543551661
1547758511
1564540843
1572919211
1573045758
3720528334
3712140622
3713127710
3578832174
3622939710
3618806798
3618800718
3599926351
3599992156
3595604844
3593794284
3610604268
4147589868
4114027240
4032246248
4040635560
4036443385
4036316411
4057287898
4048944586
4078300618
4145407818
4147160650
4151424634
4126260970
4126391915
4109604475
4109420383
4116759391
4150583679
3076874559
3211223342
3203887150
3203920943
3199728687
3220543533
3212085532
3178478084
3172116996
3172052484
3154178580
3154203236
3154317924
3154248289
3154249587
3562147122
3704686626
3704625186
1555053618
1286808578
1286742018
217190402
225837058
259391682
259478914
175462803
242571409
242567313
242555025
240593105
240610320
106406160
383103280
919909344
586458020
586458028
593792428
560838844
556120252
556120253
589412541
1646375165
1646440655
1647505663
3794952555
3797099371
3822194411
3784772331
3767995131
3767999195
3770105547
2700422731
2968790603
2960406090
2977182698
4092862954
4092866810
4057268426
3499360330
1350829146
1350900859
3499571449
3231135961
3226806473
3222743241
3272834249
2182239689
2182299913
2190557449
2192687385
2191622441
2191630637
2191565099
2208604459
2208596779
2179761851
2172489371
2168425115
2168445595
2166241947
3239980699
3508413850
3507429514
3507298442
1372401802
1368216714
1367659722
1350884602
3498425451
3235363883
3239503931
2165827611
2199252249
2203397401
2189762329
2189887289
2189824829
2190872877
2190938413
2207515949
2176058863
2180271551
2179255734
2179763606
2171444630
2171442582
2171581878
2167255478
2167386295
2167386263
2150540557
2150034700
2166810892
2170972940
2179361548
2175171085
2175191615
2176175658
2180302394
2180286250
2169800490
2203419946
2211943739
2211952413
2207623005
2212298620
2203865068
2170293740
2166294892
2203979053
2213944365
2213946421
2209817621
2213830933
2213852469
2211810612
2211809652
2203355476
2203355412
2199230741
2199301205
2165746759
2164685903
2165181566
2166164974
2166169070
2178818031
2208184063
2275353295
2275205773
2275211149
2262077436
2253688765
2249637789
2249633677
2249633245
2249647613
2266463743
2501328351
2501258718
3562416446
3562420542
3570862910
1423382798
1423322894
1414801214
336863534
353632558
389817614
926688526
925633806
762165623
1030601079
493730294
426621430
158186934
1231928766
1231928254
3379411646
3383605950
2309864127
2376972989
2376710844
2242576044
2242543276
2247763628
2172192444
2172207037
3245946303
3241750702
3275305198
1094578410
1361023098
1360957450
1359981578
1393395978
1942854426
1942854522
1942854650
1917754314
1934538122
1934598602
4049567994
4041138413
4041138276
4043186208
4034666784
4030468384
4030482208
4030680612
4051524116
4068366852
4068366927
4064201295
4067285743
4071419503
4072466027
4139315803
4139315785
4137214809
4137197673
4133019755
4133008618
4128872686
3793393855
3795515535
3795512463
1647887503
1662772111
1612374717
3759825549
3763987103
3768313582
3770519274
3770453738
3770466155
3824976907
3811869705
3812004873
3812029464
3879134248
3861277737
3865467965
3890613262
3891659790
3849651318
1702101222
1951732214
1951797638
1960195982
1960195726
1979072198
1974943430
1958041206
1957983854
4105986687
4110213725
4099728984
4116502504
4116219368
4157179368
4157584636
4158629340
4125009244
4124484477
2782363951
2773845295
2769597743
3876957503
3860245823
3862355775
2788607517
3862300445
4130668813
4130680861
4152176743
4118614119
4110356583
1958621654
2092832326
1556029014
1572617814
1593588694
1578925254
505052366
236614863
507069581
506987676
528031208
503005160
486222440
479734584
479735576
478684953
478753322
344461866
349766186
341508650
876093998
876086814
875302414
627964279
627964279
627964279
627964279
762182007
963492215
426622454
426620406
191738366
191738302
1332588986
1583986618
1588182970
3735665595
3601447608
2527705784
2527771288
2531966648
2523570856
2502611624
2486837992
2491023913
2491023930
2499347242
2499294506
2490907690
2490898474
2490914842
2490947594
2491022344
3573130504
3698954760
3698033224
3693777624
2620043912
2641015481
2649327018
2515045546
3085470890
3077281690
3060437642
2989208201
2989089416
3056133816
3056168616
2720608168
2724740520
3798537624
3798544521
3806867707
3823632619
4058775787
4059947241
4060078312
2959056984
2957878024
4040009224
4040140296
4035968568
4041080361
2961132075
3010415402
2993573146
3069068298
3069177882
3060592683
3060580393
3060649992
2523783176
2523718664
2523192360
2523285609
2474002858
2482429850
2449399690
2478687898
2461581978
2465780122
2465789114
2465789162
2457363498
2453154842
2453349386
2435462154
2489987354
2494198314
2495332907
2495119928
2494083784
2498273992
2485687944
2955447960
2955598504
2956622504
2956536488
2956470954
2692221354
3777498298
3811115162
3815321738
1667833994
1676222602
1676226762
560538826
561871883
813534472
813534520
1626184984
1626318600
1626318344
1626191368
1894613544
1895793192
1902035496
1918763531
1918767626
1918767642
1918702634
1920734250
846988330
602670154
837620938
829240522
812454026
812503450
292409786
393065914
393196954
393131418
393196954
401454522
401383866
397189626
397259066
380612922
313438522
313173291
318418153
309962920
309898376
304661640
304627848
321585288
271200664
275411544
283825705
283830827
1357425258
1365813867
325889739
325882313
284000712
284132120
284062504
284041768
15607337
15609387
7220586
3018218
19727498
52691082
35979402
52805915
24441128
6614312
6597928
23374136
57061064
57050760
57639560
65831611
334332602
330273194
396866026
384081962
1457824810
1986503946
1986178313
1986178888
2121514744
2115038888
2115006120
2114989723
2131834586
2136085498
2012348906
1437597866
1437606074
1437606074
1437802682
361902251
362225896
349565048
272404504
271355928
271359240
288209176
858503192
1915402248
1915389960
1915325448
1932296648
1898349192
4033266360
4041626280
4037423784
4038337192
4040434344
4056950441
4082117034
4149229802
4149557338
4118104074
4117022730
4125412362
4125401098
4121211146
3081208585
3215360552
3216417320
3220628008
2673140584
2673136488
2638725992
2621882744
2621859164
2488530732
2488393516
2488356461
2505264847
2538827470
2521900942
2521899454
3595702462
3612475530
3614572682
3614520474
3580898474
1433413818
1464871066
1465066954
1465070026
1473515850
401871114
401866762
334757914
334437419
325986347
292366569
293087368
360217736
360202632
343654792
275432344
300843609
292459067
292536106
292334378
325364522
308588298
308650827
1458012489
1474723928
1442218280
1417568552
1417552168
1416506921
1424894491
351157882
342755306
359400330
392429962
103022794
87343131
74753067
1148496938
1148496938
1148562442
1148630282
1156481546
1303020042
1337639451
1337590392
1304040184
1303982824
1295525032
1329097896
1580783784
1579866248
1580107912
505842824
505644937
505476795
505475754
1579217578
1601417834
4260537130
4243693866
4239433770
4239434042
4254311034
4288062187
4288537336
4291302136
4111995608
4111991528
4097314024
4029220968
4033501288
4041930952
4033521800
4050233480
4050159240
4050420424
4083450456
4066738728
4066812456
4083327528
4117946920
3027378728
4099351097
4099356202
3025551146
3025537130
3186952362
4294183050
4276373642
4276472970
4277523594
4277510553
4275347897
4292125689
3209995256
3176641384
3184968488
3168199464
3168264760
3167871544
3176264232
3176515112
3176515161
3210047179
3192153818
3192157610
3193307306
3210084506
3210100938
3178713178
3178261562
3176163354
3209816346
2589190410
2589325578
2597607690
2598114586
2598113306
2610434106
2291794218
2293891882
2292843115
2292778619
2309496703
2330483183
2330515567
2330515575
2322200647
2322200647
2305485125
2288712269
2288679517
2297051743
2296920703
2296912494
2288520046
2305296494
2305366254
2313754877
2313763020
3387504844
3387521228
3379132876
1231649356
1227438716
1210792812
138099052
135211116
135080172
402991356
402991245
956775566
994537870
986083727
986149257
986051000
985986536
994442537
994441513
990247289
990247385
692189641
692190091
692182923
1002537867
1002541467
985772459
1044623787
910274731
910274730
838965418
838965434
839104666
809679259
809679563
819116747
814920267
816874059
817136171
1891402282
1643950634
1614655787
3762131241
3764236841
3772622344
3764365832
3760171528
2686429704
2703202856
2721745448
2721745448
2720711512
2724840393
2724774393
2724745579
2724753451
2724802603
2724929579
2741642299
3832163353
3840555016
3836353544
3970571528
3970504520
1822955337
1822954331
1822953962
1873285354
1860702458
1877553402
1877569754
1843966154
1751692490
1751760074
1752022217
1768799944
1764736712
1798222536
1798218440
1781379787
3928802026
3928868586
3933199850
2868766954
2868766842
3135073354
3134809098
3129688122
2592800810
2575966506
2559189818
2560238138
2562327082
2562197290
2594704746
2326284398
2330482814
2322102478
2317973711
2318100687
2284464335
2288662991
2297044943
2292850383
2296913530
2296921642
2288533294
2288548910
2305551487
2313809117
2313731276
2313721992
3379137416
3412826760
3408493272
1260993064
1496005164
1497247276
1495149868
956637228
956571695
960819210
696561738
713404618
713535625
713536664
717601976
705018040
705018008
705149064
705083528
705084616
772183113
637977659
576111723
578766314
594355370
560932026
544093594
544081291
544147099
552538779
548344505
547690153
547624619
547628719
547630783
551825118
560250334
560249934
560315469
560839948
1642968860
1642964508
1676650044
3815226904
3777338904
3777337912
2703596072
2703603240
2703749672
2686865960
2691039785
2691040027
2691117338
2690920826
3773041914
3790342394
3819768058
1655584970
1655585866
1655583754
581906442
581771274
602677258
594288650
560746522
560758906
569213179
552440987
552449433
552449945
812496537
812496537
808301241
808448697
829371131
870724475
866529577
933634089
938876971
938745915
1970562059
1567939851
1551142155
1551142155
1433771851
1476247499
1404933771
1386975898
1386992282
1386951354
1386885802
1391141546
1382753450
1379476650
1377513690
1394290699
286851083
18415626
54255626
321626122
304652586
845710634
921210154
1051299098
2141953034
2112535561
2087369736
4230659080
4163632152
4163580968
3089774376
2565486120
2561291816
2561291816
2561156712
2561155688
2561159784
2565391195
2556986314
2573775866
3110715050
3140074154
3190401722
3190405786
2921970314
2923015818
3996754570
3994673802
3994805146
3996803434
4000981034
3882484778
1701448762
1684674570
1684682762
1684679690
1844133066
1877544330
1856720777
2141904520
2108358280
2092875400
4239758040
4239700584
4237337128
3167805992
3166757416
3166758440
3162532393
3162528042
3162507626
2625702394
2512459146
2513764746
2514289050
2516123834
2649292970
2649310378
2649324730
2649353352
3043615944
3039421192
4113166856
4079710728
4046140936
1898654440
1630087592
1630087337
1634302123
1635370123
1635369096
1676378248
1676378328
3824124776
3824002600
3824004648
3824004648
3824006696
2741867049
2741867049
2720891435
2725102379
2725238587
2733630779
2733631291
2725208890
2725184282
2725118730
2808545626
2774991226
2758155306
3160815658
3160811546
2624006154
2565613578
3635162122
3383242762
3366457354
3383300106
2309566506
2343116842
2343116842
2330677291
2322284857
2322322781
2322267485
2322267085
2347424653
2313837449
2313771963
2288573867
2305349035
2305339835
2338959771
2338960827
2338962923
2338961465
2338961433
2322311192
2322311176
2586557448
2586424584
3123425816
3127555624
2838142504
2821364328
2821364344
2822503032
3893915240
3892848232
3892847592
3897038312
3955756200
3934804152
1787427000
1787426968
1787406472
1787407496
709469321
772464778
772468874
772468986
638480506
656280698
559811066
553585562
549391002
549264026
547176075
815541896
815539848
819734168
811341480
813434536
821829288
820785080
816590296
820837849
820813144
544054616
544055128
569095960
1676391960
1676391992
1651226152
3794380328
3794380344
3794382392
3794386472
2737420840
2737568296
2703870505
2708031273
2708144443
2699755802
2699628826
3764986138
3765248314
3773632570
3773631546
1621953578
1622088762
1638808586
1638806602
569316554
569181386
569234586
569242810
569226394
837662090
879728266
1953470106
1953478331
1952823208
3848644072
3857031464
4024611640
4003631640
4008092216
4277592616
3195363883
3188990762
3121887274
3121875178
3105294506
3092646026
3096848522
2559976842
3633578378
3365146762
2308186362
2308186346
2312446058
2312921146
2308759834
2313019675
2315243801
2373697849
2373698873
2373704569
2306534233
2340084697
2340150235
2334686042
2334686986
2338967818
2347417866
2348466490
2310721835
2310594856
3388532520
3422089080
3422116856
3413838776
3414100920
1261898216
1259805932
1258716332
1493591228
419488909
419489167
423669711
432062175
432127725
423886829
457703289
994508121
994507097
994507259
994564603
969178011
969173913
969179097
960845721
960649145
960632249
1027749295
1027620287
893402302
893417662
927193246
936614030
919836814
919706783
919837919
913486943
912438559
908178751
656707391
1697418813
1680837179
1684716075
3832195627
3974802985
3975921193
2901976632
2891493960
2908272200
2774120152
2774122216
2774137448
2776353384
2776238840
2772043737
2805936603
2775388266
3849060394
3974692922
3974823962
3971558410
1824008218
1756903482
2027628602
2027563018
2035969034
2035896778
991740298
994869658
2077069738
2043584938
2038866346
2026283451
2085074587
2080872153
2080872153
2097673816
1964324360
1997879048
2012611880
1991642152
1990593641
1990663386
1457794186
1450450074
1446251706
1194724794
1195251610
1308567258
3451396698
3450352474
3450351994
3483983978
3483984106
3483951338
3450401257
3454566905
3454636536
3446248440
3442181496
3442187576
3442125592
3429542728
3437931336
3438914137
3430480443
3443056154
2369373706
2402992906
2407186746
2415849770
2411585579
3482902761
3482903992
3449782152
3453946520
3445361336
3442740136
3476360616
1328940200
1597382872
1597464649
1597022217
523280649
1064345897
928294184
928364408
911711576
907450696
907450568
907450584
907516153
638958713
639082521
643215385
643727417
645824553
641056827
657943675
607529211
607529115
611727770
611715994
619777722
1689269930
1689330346
1689256635
1706054363
2007294541
1994696477
1986311964
1730985532
1697627688
1680780840
3832462888
3840843304
3836513832
3853299224
3857497609
2772221451
2772221499
2771170857
2771375656
2771042856
2770993689
2776175129
2776376169
3850117611
3858510058
3841917050
3835559994
1690244154
1704737818
1704733706
1708469258
869665802
861342794
930366666
938787210
938836362
905281978
905425403
888578425
888578345
878093609
894936616
892854840
892674569
892604939
895746571
904331563
901120043
901129259
905258011
359932937
359978057
355763657
358975369
1433245624
1475130296
1470731192
3601437432
3601568377
2527769144
2544547368
2646320680
2633541160
2625152552
2625237560
2624143928
2557149737
2557084458
2557088122
2557088890
2557156586
2582191338
2615876858
2611623114
2594845066
3404297099
3395842744
3727188904
3727254696
3727255720
3728238760
1446570168
1981345160
1985521544
2012775304
1945731512
4059922856
4049580456
4032799464
4032668248
4032668168
4032685576
4032788009
4034862635
4058975018
4092528938
4075686922
4075758602
4084065306
4050432042
3828121657
3828190216
3828193608
4100754120
4125985496
3069156264
3001988504
2993582264
2993561769
2993562027
3002995115
2998539179
2461742057
2461544921
2460497227
2196257802
2187868170
2183813146
2188040250
2196428826
2192226394
2478356571
2444795353
2432210632
2422843080
2418713224
2418713240
2418733736
2956509864
2960705257
2960707307
2960706939
2976438555
2976508699
2976508699
2976742202
2976717370
2976717594
2976856858
2439981434
2976456170
2984840378
3018391706
3014250650
3014242458
3014242441
2980684168
2976490120
2972299912
2972291688
2703857192
2704014888
2704010024
2770987320
2771245097
2775566649
2775043337
2942818057
2942403081
2942403112
2876355113
2842812969
2907824697
2907824665
2907829817
2907820009
2907820009
2907819433
2907915673
2941473161
2943578507
2943439258
2951827962
2942370154
2908820522
2908847146
2917231643
2917231627
2918278153
2918282505
2916184329
3922813707
3914412826
3981513002
3981513002
3983610922
3983606842
3991997450
1844516874
1844525066
1844525066
771037210
771036186
771035146
800526362
800534554
799936570
665784362
669790314
669779050
627964279
627964279
627964279
627964279
627964279
627964279
627964279
627964279
627964279
627964279
627964279
627964279
627964279
627964279
627964279
627964279
627964279
627964279
627964279
627964279
627964279
627964279
627964279
627964279
627964279
627964279
627964279
627964279
627964279
627964279
627964279
627964279
627964279
627964279
627964279
627964279
627964279
627964279
627964279
627964279
627964279
627964279
627964279
627964279
627964279
627947895
560840055
829273591
829272503
862826934
275624374
275624383
275624381
271448508
271448508
271448508
275643068
280951532
295631428
329248263
312263174
316449574
844669222
840479014
839487782
839627078
839627206
839618999
839484325
839681957
839681445
1917115828
851756444
1942078876
1908594061
1891820875
1892871946
1894969114
1895033642
4032867114
4049648954
4050687258
4048586507
4048848649
4031104520
4032224828
4032179756
4032179821
4032112486
3495178598
3495231590
3510960374
3510960342
3552863318
3548697622
3548761110
3532037190
2458299719
2190601557
2186411893
2182335349
2181225077
2449664629
2453860117
2462316309
2457944381
2458931500
2463117356
3520345580
3494325684
3490593716
3490585524
3490646948
3222014372
3225951413
1103703173
1133192325
1116267655
1117553910
1134333286
1134337318
1102888230
3284122918
3288317218
3288050994
3261840690
3263085874
3275724082
3275719954
3342239491
1161221632
1163056640
1163054592
1431371300
3557878308
3557878380
3556814828
4097879528
4257265115
4253324442
4253521114
4156986618
4148599914
4144471146
1996855338
1984280634
1984419867
1984420889
1984349240
1980158008
1041162300
1041031196
1041031196
906945548
907992141
895404303
905956158
905825086
905837370
668854554
928902426
927851866
894006394
1967850750
1951075838
1959464382
1422591935
1423643327
1352217277
1352213164
1352213160
1354245800
1354247848
1085811432
1077676664
1075579481
1075661641
1075604811
3470602
288654666
301237594
334857706
318215659
855096683
846708027
842382393
842378297
842380345
842503193
842977288
910086152
893005832
876230009
880416505
888803065
884694649
884539001
882437739
936961899
911795579
911925451
840622221
840577165
320486557
286984637
270142399
273287871
277744315
278862491
278668939
280765131
280765183
280814191
12374829
28084013
313298797
318610797
318553455
318541039
318556399
316655726
327088510
276461854
271215374
271215374
271112991
343472943
360250157
393779517
375106829
509584397
505258013
504209469
504230013
508481785
374264313
357490137
340187593
340184009
340184009
349146059
885823963
885829083
885302778
616928766
608667118
537232750
537236846
554017918
587571327
587706599
587714791
587580903
554026471
541457895
541454311
541584231
558365303
566737495
600284743
600280903
575114567
642233687
654812247
654812279
654701687
621147431
621139759
626509359
626509359
634733167
1690595963
1824810587
1816422235
1816487259
1817148795
1817148699
1825537307
1758156059
1758156043
1758024971
1759084315
685322043
693708315
692663835
692795163
726218555
1808340282
1804145978
1804147994
4203231514
4203227162
4203243530
4203330570
3129585674
3129511946
3129520457
3129520872
2660020968
2672592620
2535230124
2537491116
3074300844
3057523116
2994613676
4072547501
4070383806
4070318222
3520864454
3490500615
3490614277
1880008708
1879943936
1879939584
1934465536
1674484224
1674482944
1650364421
3862855799
3861741734
3878485158
3878221990
3861444774
1718311150
1718320350
1651187726
1646927886
573251870
