1358699551
1356663823
1406075911
1380926837
1376769013
1376228245
1376227989
1912837045
1916834727
1916842919
1925226935
1656988831
1648536735
3791829247
3791886383
3875706925
3875711021
3842418989
3830890285
3763783484
3763847709
3760014141
3760022383
3760006119
3776775143
3813475311
3813474942
3787801102
3787740682
3770973707
3770968586
3829410394
3829414618
3846183563
1728125579
1711284123
1723860155
1719664825
1853968553
1854107817
1854075081
1854070795
1849926667
1862380603
1830008879
1812117807
1812109599
1682082063
1686276383
612598847
616665119
624996367
621142071
790028327
655802407
656392295
624805367
627950999
627922869
1701656501
1818574519
1818573495
3974576822
3974314678
3986897590
2779982486
2813537926
3081840262
3081773766
3081794390
3081818398
2549150990
3207638030
3174082574
3172116510
4244813886
3980561470
3854992414
3855057933
3855458316
3843858460
3843862748
3826959532
3829062828
3829063596
3831122604
3856616116
3856621204
3856492165
3990120135
3981714247
3966772022
3962775334
2086874914
2095267634
2095136530
2025010947
2025010435
2022905091
2043810819
969018369
994183169
457381953
436410432
973281360
973283104
977343008
985674272
981475872
713040416
713303588
731131445
766774037
627964279
627964279
627964279
627964279
627964279
627964279
627964279
627964279
627964279
627964279
627964279
627964279
627964279
627964279
627964279
627964279
627964279
627964279
627964279
627964279
627964279
627964279
627964279
627964279
627964279
627964279
627964279
627947895
627947895
896384438
896382390
929935798
929935798
896381878
896381878
1424864178
1424865202
1415952306
1415970294
3563486566
3563469606
3563465478
3295021826
3321830146
3304397586
3438557490
3432264754
3432251410
3432398851
3436638273
3386286544
1232581104
1266124272
1517782448
1525843344
1517524096
1513336976
1580314864
1578135776
1578116576
2131767265
2097162913
1950362275
1954613923
1954552451
1417685891
1434463619
1199726979
1182957699
1188200899
1189249363
1189130531
1189127459
1205904675
1474341922
3747789858
3747788850
3744643378
3744631074
3748829474
4285963538
4252404738
3984432131
3963403265
3963468848
3917397280
3913190688
4013851936
4013917456
3994416400
3860194656
3876973924
3876669925
3813738981
3815967222
3807841750
3806802262
3807719734
3822399798
1641296150
1623532294
1619472919
1619473940
1619859988
1888295492
1976502852
2010012228
1993277388
1989145932
2123166031
2123157583
2145079519
2103080187
2099127467
2098146475
2102144170
2035035306
2035033514
2043487930
2026312378
2021982906
1485046522
1486107358
1486125020
414508916
1492248436
1477551984
1494385264
1477612112
2014487360
939631889
671128611
671127587
675321891
675387409
704821313
772977857
1846726787
1846689939
1846689955
1848853155
1861272230
1857080942
1873840667
1873852939
1873848841
4019235081
4015107097
4010968107
4010968107
3977430059
1829961003
1813146922
1813214570
1825652970
1825767674
1842807003
1842745482
1834102922
1817388970
1825913514
1825639082
1825639067
1825577609
3972016780
4253036172
4219484092
3682796028
3650166980
2307923972
2307923984
2286956576
2303734817
2345675810
2324703538
2324887826
2324864850
2391969698
2391836578
2664466338
2672854450
3174086017
3174083972
2888863172
3979577604
3979524148
4013074484
4013074468
4013075492
4010988583
3977381158
3960931622
3962773346
3962641378
3975220210
3968863090
3968941586
3969081859
3969049089
4019364352
4002656768
3931624192
3929492288
3929345009
3929344929
1781799843
1769216935
1756368775
1756369293
1756377477
2022908085
2022891697
948084929
947953729
952150017
943761457
675395633
704821313
705861825
772986049
1848819841
1847771297
1847771873
1860272865
1873839651
1873841683
4019236354
4006653442
4006653702
3998389286
3927098414
3927000110
3994094638
3994168570
4010944682
4015132074
1840449466
1840448153
1840448136
1838224008
1838162568
1841325704
2101407384
2097212120
2098424393
2081569291
2081622539
2087914281
1018367272
1018236204
948974876
948969732
944926724
940757008
940683297
943759395
943760690
952286658
952278147
943955089
2030079153
2063703217
2046999696
1845669296
1858247392
1870826017
1870694947
4019236403
4023430450
3994264611
3927086115
3927098416
3943828528
3943827744
3910220064
3914340644
3918596452
3935506260
3935437638
3935449670
4203832278
4203799522
4206940642
4278219250
4227883398
3691128710
3691129477
1543649924
1547831940
1557269124
1574111876
1607483013
1586504071
514859143
514908343
1067491493
1067689188
1063496948
1025616212
1059110196
1059106592
790689313
790640165
790642214
1059208994
962738466
966924578
951191602
414324802
414398786
143669506
143669554
143718690
160561442
194181392
196278544
158578960
137410832
135314736
135370096
134386000
402830161
419599299
448962434
516070274
507759490
515906467
515914657
516107169
130170275
71446947
72351891
74449106
6299890
6333554
283228499
815962432
832736064
585271872
576883264
841124352
572558896
1646312993
1646323234
1713382946
1730232098
1679963426
1692533794
3835823138
1956774914
1956789250
1553999874
1285564418
1281370386
1278294818
70392354
68291106
80873219
76941059
28706049
28165440
65897936
57508337
53449105
54497681
37721489
39427507
34453923
34453923
33946033
101136817
369572257
373370273
382739872
380641696
400564720
903897536
895543104
2103623232
1575140865
2145566209
2145435155
2137046563
2116075042
2116089638
2116155174
4267865383
4225922343
4189209903
4189211919
4174609679
3637537039
3637537038
3637537054
3633510702
3633503535
4174562669
4166107605
4177559749
4177567940
2063638740
2063705300
2046995781
2046992213
1782750821
1782748901
1845597941
1862311829
1862319511
1829944759
1813158071
1817349301
3830613173
3830567125
1680924893
1680957820
1679892776
3827315496
3831501352
3856729640
3886091816
3869313560
3869342216
3869273609
3869306379
3873494539
3999303434
4011885850
4011951482
4016278634
2908986426
2909191226
2910235706
2834736442
2826363162
2826367770
2822128170
2839433770
2839360046
2838762478
2842955174
2846100902
2846165426
2846312882
2830335378
2828035458
2818582403
2818582403
2818781123
3909232947
3921819937
3918731632
4187175024
2025011280
2022901824
1490160832
1489112512
407055808
406859201
406875585
432143553
465812673
448895168
448895168
440638656
436378816
436458704
436269281
436265313
453043043
465629794
461477666
1535221010
1535162626
1266792450
1237497858
1237514498
1233279810
3363982018
3363966674
3363849890
3430970274
3435164579
3451941809
3443585968
3472926624
3724591072
3724656608
4261592401
4262636801
3994205443
4010981634
4015175942
3981613319
3960703253
3960782116
3960778020
3960841260
3977674796
3977756716
4013277485
4017472813
4017610047
4016568638
4024817982
4024785278
4024786302
4024784350
4024766942
4024775102
3991220670
2918650814
2901874622
2834775966
2830580638
2830449567
2830444941
2830445005
2830446021
2845123525
3151242063
3134464591
3134530158
3134662254
3134594790
3134656198
2608074710
2574521590
2564035806
2564039887
3634113741
3637258436
3368499700
1212549616
1209469936
1209343472
1209083216
1208104256
134352960
138571968
138667201
155432387
197369283
449027539
448895441
449034704
436378048
437427521
437507443
437285346
974152674
1061184418
2105571234
2088787366
2088786310
1551907206
1551968647
1556248961
1556274113
1557322497
1576257297
1574999824
1608556832
1591845152
1591914769
1584566529
4262691089
4262499619
4262503715
4262509858
4011048227
3981622563
3966933251
3966929351
3964832197
3964914085
3977301413
3977311653
4010860709
3996246437
4017353189
4025729509
4025698167
4024467223
3990908675
3982503682
3982698290
3982627106
3982688546
3974168866
3974431027
4239865089
4239796481
2096507648
2113289024
2102791104
2136148373
1993410967
1993344391
919605638
918565367
935338471
926949479
893396065
356527201
356527185
356531537
356532179
348255826
344053330
75731522
75674178
75675202
79869506
214089666
222469058
218287042
1275317234
1279379938
1279355362
1279471090
1279473090
1288917442
1305592178
1301401955
1301328225
1334948625
3757155840
3748904464
3727858224
3728120336
3727940112
3727792912
3731930401
3606101027
3604010019
4140946451
3620856887
3620070435
3620099363
4081470833
4081520113
4077193137
4077213600
4077246369
4081174433
4089497233
4055930497
4114661315
4144020803
4144016675
4148407587
4157795635
4157793619
4157756883
1976780195
1959861667
2085690787
2084641202
2081503666
2098412722
2102606994
2138125506
2121278662
920659415
920676199
920747621
916668021
937639493
367148613
1440972359
1415782230
1415650658
1415585122
350240114
350240082
346103282
363011539
367214016
132328896
258095088
1327634400
1331779424
1331754769
1340122883
1335932674
1335932722
1335932210
3483481394
3483614498
3487735078
3479346486
3480395014
3486949319
3755474581
3754426036
3746893476
3709079460
1544818612
1544629684
1544758708
1412640932
1412640917
354427079
358621639
400585055
396394351
379616111
379616095
384039759
400735055
1466089291
1466144539
1432393019
1432400187
1432400683
4116756271
4158766895
4158766399
4154703159
3080895543
3085341729
3077997601
3172386161
3172877809
3156086433
3156086433
3168145059
3163950722
3163623042
3180357618
3220202866
2674942994
2658345986
3727895618
3727899842
3732023683
3740679089
1586891424
1586760352
1590692496
1599085952
1563501952
1144201345
69296323
73458130
81852258
81854306
350289763
350354289
367197009
358807889
392355153
1466094931
1466029394
1465972018
1465967906
367066914
367131426
367098674
299989779
300120336
300055856
325213488
322098448
305644800
303548224
303400912
307332528
314607024
323007905
1396749793
1363247331
1426175075
1430365287
1430498806
1414787062
1423145862
1418861191
1435634567
1435634102
1439893927
1466961063
1462767799
1461723335
1461723334
375447894
383836519
383891303
396473975
1474543175
1474477637
1432526341
1432526389
1432460839
4099980839
4099981095
4099981103
4100038462
4108558102
4108500246
4108508470
4116896803
4116892707
4095951905
4095824913
4095861776
4101172592
4126342752
4155690704
4136816320
4141078208
4132501185
4128303075
4130366946
4134761698
4158790898
4125232338
4126346482
4109442290
4100996562
4100996566
4101074931
4108482419
4108539409
3705697793
3579897601
3579897601
1466038065
1474453041
1474436625
1608654609
3756201265
3747681587
3748738098
3480433682
3480359938
3486713090
3486529330
1301288482
1301354034
3432396290
3432398595
3453426704
3486861344
3462158432
3390860400
3391094208
3395208896
3399403200
3399467761
3401360099
3397166051
3392975203
3409744995
3374097635
3357519299
1214163393
1289656705
1289210256
1280657841
1280605601
1276476849
1276605875
1276319154
1278424466
1282618770
1290887570
1307599347
1336959969
1320186593
1324479057
1591866961
1591998033
3747864181
3580074549
3579939639
3579886399
3588270383
3588274479
3621887295
3621893215
3621893343
3622031845
3581067749
3576840613
4113711541
4113777104
4113819088
4118013280
4126397729
4125153041
4150324738
4146130434
4146327058
3609394978
3613548338
4150398226
4158787010
4160036274
4126424481
4122230176
3587448240
1422986624
1548819840
1546859649
1563632833
1562404307
1566631282
1608574754
1604369954
1604369974
1604435462
1608760838
3714235958
3710115110
3709979686
3709949990
1566652438
1601251542
1609705943
1605508500
1473383812
399639956
391316900
391131556
389031332
389047764
388031940
388021588
388087637
929151829
358726519
358742903
358865270
359847286
359829879
359825719
879989013
350331157
1424072981
1424210709
1558428181
1550039557
1562556933
4280458757
4280456967
4284712213
4226991399
4227253551
4225138495
4183698951
4183637527
4183569975
4179375662
3915133742
3915133230
1774990382
1774990382
1808557071
1808589895
1800201669
1800204741
1796076501
2030958069
2034759077
2026304941
2038947247
2076565439
4224188318
4198924190
4194719134
3662107839
3687077119
3649402071
3632682311
3632684295
3637382935
1482497847
1482440503
1480858935
1220875553
1220874545
1212494096
134488848
134488880
134608688
135183632
156154880
466519040
429818881
161382465
201228609
187597249
254642129
1261260769
1262304225
1262431201
1233070945
1304248160
1304180576
1303197505
1303193537
1303376833
1286570481
1286570403
1286444195
1290646691
1299033331
1328392403
1244518483
1244482578
1261244434
1479487522
1479484194
1483727394
1492042338
2074509890
2057669314
2061798210
2053409218
2050341106
2050336994
2048713954
2031362274
2014642534
2018902626
2027303523
1486239331
1486171761
1486169793
1507140545
1238831553
1272250513
1268068497
194998401
194925697
178146769
251657457
251489521
243105009
242570321
242570353
242575153
259351093
234250773
217190915
217252371
217383218
208932914
204813366
204946486
224811282
259410195
267869971
259290451
259289427
225722707
141902163
140956019
140965235
149347698
149412178
149207506
165985747
191163891
192278003
171276259
188564209
155124337
138285681
142500721
150954337
150856035
150790259
150766803
158174418
187141586
187153874
171290610
175482850
1257613026
1253418738
1251313362
1523945106
1514454691
1510255267
1510256545
3662063025
3662053525
3670376629
3670327543
4198817847
4194623534
4178013486
4233522734
4175318590
3634234975
3634234079
3634102989
3637252829
3628344188
3629589804
3629530156
3629587516
3654622237
3654581261
3671389453
3661943567
3662000735
3662148319
3662013181
3418678957
3418683309
2579823789
2646908077
2680659117
2659619983
2659627151
2659619039
3599073518
3595878510
3591716907
3610710075
3560379419
1412832539
1949706811
1962290811
1962221131
1962149579
880019145
891569033
891343257
925094313
930345448
930341337
930341321
896706011
896705883
1970453818
2096209194
2095101226
2111874346
2111934474
2103607306
4251353118
4230402110
4235650350
4185319207
4191579685
4225193589
4224464581
4199293637
4195120085
4217099237
4217098725
4191941095
3097072983
3097005399
3101207879
3101207895
3177164119
3210648695
3193867639
2927019383
2927089525
2927096421
2927055461
2943828733
2943619804
2905879292
2939434732
2939428328
2943618281
4276947161
4272884809
4272888905
4272890895
2147426319
1568612367
1547575325
1547575319
1551766807
1551763223
485884690
485950002
485823251
484823811
493208327
527926023
511151941
511163389
2130164732
2130155948
2121111725
2116852893
2116858063
2116862431
2033119982
2016027374
2020221542
2028610150
4172103522
2024553842
2046572626
2079800323
2054554625
2069300549
2030315093
939796093
943990381
943992557
965033711
998711231
1049042319
1048917391
1048867215
528806061
1065660589
1070051565
1028034649
352681993
352623625
352635163
352734026
352717514
356932234
1439096458
1602679706
1603068346
1603043514
1267572970
1217241964
1284353572
1289595424
1545386528
3694956080
3694626096
3694563424
3728122065
4277567619
4273373571
2128053121
2118424496
3993284576
3993282852
4011109412
3981956140
4015484957
4017491981
4013297679
4013294863
4285927151
4252441262
4239727278
2092252830
2091988622
4254093966
4287676878
3732967550
3670058031
3662980135
3658802199
3658932487
3711320327
3699245591
3707634421
3640592101
3636272869
3636214757
3638311397
3646695925
1515662791
1515595078
1515585798
1517748566
1590952422
533733798
500179367
478290325
210129300
214188452
205803940
201384420
201389180
219344140
259173644
518168333
379752205
1453497615
1470272794
1475382554
1433439514
1429312826
354547514
891368234
924918570
908272411
916599097
647168041
646201448
583278840
855912648
822427848
805716936
805749320
818333432
814149353
814001897
881109753
902072779
869108939
843940939
839876698
302952478
370057246
370073646
386801766
337523030
341710102
484314419
480057635
412887350
1486695174
1503595270
1253904150
1258100246
1249120790
3396604470
3405009638
3400815271
3397702308
3397710244
3397427620
3414205604
3410003108
2399521964
2367081917
3306606479
3306613710
3310792462
3590106414
3585910063
3585908781
3590098968
3615068184
2537272632
2537200952
2535114008
3540649244
3494380348
3498640172
2425242349
2492102311
2493061798
2365086630
2351454886
2351487670
2401957510
2385175174
3471491782
3735675702
3735609638
2661867558
2397891622
2385308710
3459107902
3475917830
3426616582
1209411334
1213605638
1217795857
1217793328
1489259824
1480914960
1494526208
1511438592
3658911488
1511491072
1515553328
1523364384
1523376672
1523376676
1523376678
4207731302
4199281766
4200252654
4201284862
4218064070
4167994502
3631126662
3626932358
2553796748
2551675052
2554800556
2563058604
2558865068
2558992108
2559837948
2559840812
2293502509
2293502765
2293249343
2297462079
2289097022
2289211710
2282928926
2282208087
2298855367
2332403079
2600771975
2588189061
2588189101
2588340399
2655404206
2672165054
2546402494
2504265130
3579066794
3578870698
3579263642
3608624778
4144321418
1997861771
1930731977
1932829001
1898291513
1902489913
1885570841
4033054233
4033060409
4100111913
3849502249
2805128747
3073570315
3195135498
3195327258
2935243050
2952003690
2943819866
4250870858
4250872922
4192082026
4187625514
4187626522
3654825034
3646431562
3646431498
3638063422
1485435182
1552539949
1552655644
1569372428
1607112716
1598654556
1444513884
1444579396
1578802244
1580892164
1581154581
1602143013
4292789031
4292662115
4250723315
4246726643
4234077939
4242448083
4240427731
4254976627
4271701349
4261703013
4261686517
4127663285
4129165477
4129161639
4157997990
1958085254
1421214342
1421280902
1420119558
3567639046
3567561526
3567560999
3585386789
3585387572
3579086132
3557048624
1141125472
1141192177
1141256161
1141255139
1146499042
1154877378
1424408898
1441235266
1475182851
1458024753
1453826865
1990698769
1994757904
2120582416
4264005936
4263899168
4281606177
4248576293
4164892013
4169011070
4176349902
4172155598
4172221134
3651476446
3651419598
3684709838
3684725198
1538289918
1540448431
1531126189
1530995108
1493182388
1526802100
1526871764
453391940
458098436
457966373
457761061
466133053
466329629
1003200861
994812413
2068360637
2068363672
1527364025
1527757306
3675191642
3675150602
3675131674
3680371498
3655209770
3651023662
2560504622
2560569918
2292003423
3365151453
3360958189
3355723500
3355893708
3355897677
3372674381
3376934221
3410476365
3678909785
3662124377
3670443851
3670521547
3670386395
2596583147
3120871083
3120871339
3120924073
3134162328
3134165912
3134108376
3189420792
3206267497
3208169071
3207096174
2942854254
2879931438
2863350911
3131719775
3135927629
3128583501
3124424524
3124490220
3124287981
3111701735
3103448263
3103450247
3120227463
3111711911
3208176807
3996773605
4001037541
4009413989
4009676037
4009680135
4017091591
3979145271
3962401078
3962450390
3962438582
3966699174
1828523687
4240186029
4240186277
4240194437
4256640389
3719763333
3723830215
1575232262
1306813214
3387188030
3370411814
3370397478
3362139926
3362135815
3371568916
2294220572
2291926844
2290361148
2290361148
2307138348
2344878892
2336556844
2328170047
2328177182
2328177214
2319784750
2319780142
2328169790
2323972106
2325049354
2325016666
2329194622
2323415166
2339143899
2339209672
2389415880
2389285772
3458833028
3341392532
3609967284
3576348564
3559585156
1413113220
1413096580
1413094532
1417283713
1434061203
1434258867
1473525667
1469113059
3616600694
3616584215
3618677279
3618677551
3617629999
3622017837
3613890863
3610761263
3611187262
3611183194
4112403658
4045358298
1935561050
1927213854
1922814783
1922625853
1922605116
1918410812
4061704252
4144733292
4111108333
4094331645
1955252813
1972035149
1973102157
4252508877
3710395116
1562978212
1546272676
1558912932
1421545393
1421680513
347875203
352068995
75326658
288724082
326599714
309830674
318153730
308711426
308776978
305958946
303871010
286823458
1346932002
1959431971
1955245601
1955262001
4107906576
4099448400
4101738224
4135229328
4135221120
4129949056
2519270784
2519279008
2531796896
2461542052
2996314797
3548914331
3515359946
3516405210
3516400858
3522784346
3514428522
1362857082
1363051594
1363054666
1360961867
1360827209
1896645225
2010022440
2010034744
2010948392
2010948408
2002559800
1968939832
2103092744
2105212424
2147142409
2146994217
2121836651
2121837675
2117698634
1849344202
1849606346
2134819066
2134823018
2104938603
1951745531
1952263581
878651797
878582661
886967959
889127606
884736694
883696310
900539070
934159070
1474757134
1475104282
1475127866
1978444586
1710008618
1710012699
1709873417
1870368009
1847165001
1847234681
1849335849
1849352233
1849643069
1849634863
1866346799
1828589103
1823345198
1823345166
2096052750
2095918862
887891214
352060478
899417214
932986110
931933695
931982815
298694085
290292165
827097485
856195260
839422116
839418276
839550372
843748773
852141221
852206759
852354230
843900054
861517174
830141222
829055798
824910598
807937286
808004871
1886009637
1894386212
1890208308
4037630484
4105764364
4126712332
3621294604
3620438588
3548955244
4085826287
4052222702
4039847598
4040698030
4042786990
4034595006
4034533578
1897538762
1394221258
1377444169
302920648
307102424
311362537
327422953
327429611
298076251
273143835
273066011
274638859
276671563
275611849
275678089
300843673
300843673
284590777
274174639
272933614
269787438
806724654
863419438
846637086
845588486
841390086
305054726
372162566
371933302
371863782
338305254
879366562
887837346
816436898
816446097
1891367552
1891482240
1375513216
1383918480
1379696624
3527218928
3531543268
1392448229
1388122854
1387017062
1403789606
1353461806
1354510366
1358901518
1347887374
1343550010
1343533626
1343525386
269790986
269781770
281316154
277187579
1351061129
1355187848
1346802312
1342628488
1343677096
3491165868
3497940668
3498006172
3522123485
3547165311
3538690863
3270254910
3266060318
3266252862
1118516262
1101739046
3236639782
3228192787
1144643781
1144562052
1144566660
1199211140
1182434948
1177192068
1177274100
1177146932
1093169956
1076388140
1357473069
1353613082
1403940698
1454341002
1458072478
1449708974
1449952430
1449427114
2138354090
4234195838
3965825822
3965887775
3965889581
3961628709
3995117605
3928226817
3929157699
3927052675
4261807011
4274389667
4288415394
4256694962
4256703107
4256703175
1605903303
1604855751
1604873719
1571380325
1168890924
1445561388
1445756952
1446805512
1446421512
1981787144
2116007992
2132187448
2086574681
2086555338
2088632970
2088305290
2095846058
2095854506
2095849706
2096373867
2144608267
1062478857
1040460809
386213897
386300169
398907963
362192395
362055242
352093131
343703963
343904763
343848443
75408747
75408430
75272230
1417641990
1417588738
1347854402
1348379619
3521029793
3537807009
4074737281
4076653184
4062989952
4063057568
4062982820
4064027044
4068221420
4076613672
4076613640
3522961416
3506184200
3500092440
3500025881
3500042299
3567184362
3300850058
3300822414
3303902606
3224143294
1362408862
1362419870
1395122318
1378279886
1915150814
1919083310
1918951982
1919214142
1920269850
1920268922
1920264938
1926561771
1926546859
4086677678
4053713039
3503222863
3504271422
3497848878
1416454198
1412325382
1416241415
1416254215
1424672269
1558957612
4255693356
4290292268
4277709384
4263030728
4263229064
2114617992
2114618008
2131395245
3981370285
3981369773
3964956909
3981722733
3983875177
3849795801
3883281289
4149619337
4124457627
4124444298
3032285834
2965111226
2964078762
2964119786
2964119598
2964103182
4037911309
4042252813
4033664557
4029439789
4029220909
1881802797
1881810973
1886074895
1898585167
1937376655
1918568342
1384727190
1384661638
1389122182
1380737670
1380868742
1385067142
1385592517
1386669564
3533728812
3554732076
3491817516
3491940360
3491941128
1415769609
1419920906
1420116798
1420034414
1442054254
1439957102
1414795494
1409692102
1543907206
1543841669
470104052
524617173
516359629
516367695
516415503
508404799
2136849708
2103220520
1818003752
1826404664
1842130456
4023230984
4010717704
3993666057
4010508921
4010771193
2802644971
2803694767
2809940141
2818186381
3824821389
3822724237
3822724237
1650075065
1645821357
1650030847
1660581918
581618718
581944350
585953294
573366286
656859146
657899546
624312681
659964396
802636264
802427224
995372872
961882888
953563913
949357082
951454234
952045114
951583290
2025333274
1488462362
1486565914
1490551355
1490551337
1482188392
1484319592
1482423288
1490680712
1489566600
1518922633
1523176859
1321914811
3462054074
3457859770
3458191610
3441205742
3696025902
3436028734
3700336398
3700330247
3701263655
3705425189
3575384357
3610905861
1446649157
1446918085
1451102677
1459474919
1994183158
1993122294
1984733614
2001510574
1967435918
1963229342
1896121534
1896664237
1900989932
1900993900
1977543980
4125025548
4127057164
4118603084
4114476365
4112424413
4111894509
4149642989
4157982463
3086009055
3086013151
3086014062
3086247534
3078041198
3077779294
3044218846
3052863998
3052601839
4122018303
4121956829
4121977228
4117816540
4145147124
1997592804
1997601012
1913776324
1915940036
573764805
572932549
589693951
556667775
543576959
1894241071
1889858351
1889861422
1894038318
1894026046
1910872894
1944496446
4091979022
4091990278
4159062279
3622191959
3580756965
3565041249
1417619233
1417094417
1417094147
1417114627
1416088579
1424477235
1424464227
1978121187
1995812739
1982113667
1982628739
1982694291
1982764003
1982788579
1988092259
1736238179
1702652963
1685875763
1684995155
1684986995
1835979891
1844430147
1710212931
3849312067
3849279121
3882696369
1668103841
1634483873
1643921057
1643914913
1911825073
1907696273
1890988689
1353056977
1352926979
283389187
275016963
2403587
6718723
15106819
283542273
368476929
393655043
372749075
372750135
1446485303
1987549671
1987430639
1995753663
1995762107
1987344826
1987382714
1450509754
1450443258
1450447098
1459433706
1454973166
1572479982
1553605335
1553597157
1285032484
1213737508
1211656500
1226631172
438233092
437689348
437420293
436319095
440443878
977314214
2051060134
2046858662
2046858662
2068037030
2042804134
2021832422
2021832295
2021758581
4173381492
4182818292
4248878292
4244896972
4278385804
4278353037
2130853277
2001869727
2010254015
2005994175
2005936831
2012229309
1911567036
1910526968
1885393404
1885376892
1885376828
1885376828
1902155061
1931517239
1914739766
1982118934
1982266390
1982262302
1986946334
2012108062
4121839487
4105126909
4109194205
4100748237
4101829581
3564496767
3562401646
4099173182
4115933966
3709155598
3746957598
3757444398
3753181566
3617849823
3617915343
3623293885
3621204653
3621089956
1473569444
1473553316
1465165228
1444193740
1981066316
1981197341
1981201437
1983290399
4130835470
4130505742
4151481614
4159872799
3052572207
3167878703
3167809071
3159385639
3159630391
3168219670
3118404478
3118268910
3149730030
3149667502
3149662383
4227676349
3655281037
3646781837
3642551757
3641484749
1494000077
1494065615
1493885303
1531633959
1541076259
1608176931
1610143025
1601729841
1600673073
1568167200
1434072320
1434330561
1434322305
1433798017
1373439379
1373446019
1369251475
1367686821
1367617188
3250859684
3242471276
3272882460
3272944908
3262459148
2192912156
2209625916
2209808684
2176205100
2176172332
2243199269
2381611302
2415691250
2322433458
2322439314
2322308242
3391789186
3391813762
3408554182
3374999638
1210743062
1480224518
1480253958
1480319493
1480122900
410559076
947430124
947450604
941159080
945305528
945502713
970603002
970594682
970594682
962530058
995363594
458229514
457196298
465617274
465613034
432054506
415277230
406888614
406959266
406961330
469874866
201586834
222492818
239238531
243433155
244469251
116852227
1189365283
1197762083
1160045347
1281864499
1281786627
1289913091
1291027393
3698427857
3698561009
3723729905
3755059697
4275087859
4275415539
4267163090
4267087090
3191324838
3191193766
3190878438
3207651814
2910057447
2918373237
3992049173
3973113605
3973113604
4233159956
4096946453
4096935189
4097180981
4101379429
4101381457
4101377475
1953959111
1970736263
2004163975
2012556678
1459042182
1454839766
3736535766
3736343158
3736363558
3736396334
3736401710
3757365038
3756834094
3724057902
3724186943
3724195101
2616889676
3145241948
3208160764
4281902572
4279956989
4280219135
4284380607
4291249583
4291065277
4249114109
4248913397
4250027797
3167929861
3170100741
2633098759
2633104903
2624839430
2622676823
2639415159
2639348709
2547254245
2543072101
2543083877
2543083812
2547307564
2549472316
2541148172
2520701188
2518605124
2518669268
2522666940
2531054493
3067924895
3059733950
3075929262
3042432174
3042164910
3042111966
3044204878
3044139278
3042992398
3022021950
4099960623
4100144943
3026587183
3051752991
3053325903
3082756045
3080281501
2547568045
3086867901
3045064141
3044975565
3053368261
3053228415
3042742639
