1358699551
1356663823
1406075911
1380926837
1376769013
1376228245
1376227989
1912837045
1916834727
1916842919
1925226935
1656988831
1648536735
3791829247
3791886383
3875706925
3875711021
3842418989
3830890285
3830892348
3763847709
3760014141
3760022383
3760006119
3776775143
3813475311
3813474942
3787801102
3787740682
3771006475
3771001355
3762350619
3762354715
3762347531
3842037259
3842266714
3825469178
3829663674
3963952554
3980867754
3922671802
3951507642
3934731482
3934729294
3934658574
3935182862
4203634701
4203667460
4224578596
4211920356
4211919524
4211931812
4212124324
1799727791
1770302126
1753526190
1753267630
1820564663
1824693269
1678886964
606095412
538978356
555891764
555883556
556142124
568725036
565642815
548734686
546625166
545556110
562859662
595888782
600087182
574946190
570767695
570829071
587606317
555100460
569779500
632750860
615850524
631513660
631518988
665587212
627964279
627964279
627964279
627964279
627964279
627964279
627964279
627964279
627964279
627964279
627964279
627964279
627964279
627964279
627964279
627964279
627964279
627964279
627964279
627964279
627964279
627964279
627964279
627964279
627964279
627964279
627964279
627964279
627964279
627964279
627964279
627964279
627964279
627964279
627964279
627964279
627964279
627964279
627964279
627964279
627964279
627964279
627964279
627964279
627964279
627964279
627964279
627964279
627964279
627964279
627964279
627964279
627964279
627964279
627964279
627964279
627964279
627964279
627964279
627964279
627964279
627964279
627964279
627964279
627964279
627964279
627964279
627964279
627964279
627964279
627964279
627964279
627964279
560839031
560840055
829272503
829272503
829272511
812495294
812495806
879604670
879605694
351124926
351124926
350599679
342292759
338065671
70658567
70724099
68570883
206728963
231981314
261210114
248758482
242663570
242631826
102894738
102959250
107153843
107167664
385033888
395388576
361768608
347088544
283127456
819998688
819997156
811629029
828398055
828496375
291629559
23132534
23199030
23188790
23188790
90297654
98696502
1201789238
1201789234
1336146226
1336113458
3483531570
3416680722
3420866818
3377876418
3377876418
3386331074
3377745906
3377749346
2304015650
2304011554
2346183958
2348084518
2348072230
2348064039
2348063077
3421866364
3421997532
3396569564
3396569300
1249089748
1242806352
1259415600
1209088048
135412000
135409440
135409184
143793664
143788544
143788544
145754689
146033521
216304097
224892339
224891283
258453906
241545650
241209762
241278386
241416594
509851859
510900305
913549361
638822432
1712434208
1712431120
1712492544
1698070865
1680245473
1613203105
1613549219
3760479907
3764666019
3773054883
3789830323
3789830387
3773184211
3773184065
1625697601
1621503747
1622486802
1620323874
1888238386
1888226050
1351354626
1351355650
1082989826
1082799555
1082811841
1200287104
1188752768
1191168384
1182632336
1181583792
1190632881
1182252467
1198630370
1162913250
1148235618
1148432146
1425190658
1576247059
3723533603
3713068323
3696290851
3558100066
1410729154
1547071938
1547068354
1551291074
4289971921
4289960528
4272986400
4272982048
4262496288
3188762624
2920326404
3859976709
2809299655
2779939495
2762064547
2763050977
2758830817
2754898625
2755014337
3023447747
3023443699
3027699666
3035956434
3052747986
3048684738
3082172610
4155914450
4155996370
4092820819
4084432451
3543606851
1396057603
1429681938
1433744674
1439972386
1423719458
1423719458
1356340242
1372146706
1439419731
1439342017
1473953216
1473953664
1474207360
3749612160
3732904592
3728060144
3728076512
3744855649
2671015521
2670736995
2641376610
2649764978
3719378002
3753054274
3752939634
3752947810
3752977522
3723752450
3715271683
3713173523
1561581619
1594943603
1595009474
1597173122
1462948742
1970455190
4126327446
4122198678
4122072743
4122011301
4124110565
4115721956
4145047252
4147278404
4147270229
4150412069
4158734629
4125115431
4125156407
4108577799
4100126726
3579992070
1429342406
1462840470
1462772918
1464938662
1469252006
1469186983
1435697845
1420907248
1425076784
1411429680
1411427328
1428204544
1461840897
1461910787
1449283330
1467092690
1475545058
1439704546
1422926306
1418731746
1418809425
1418981633
1421014544
1433507360
1462797856
1462810160
1446031105
1446166275
1446170370
1448267714
1448218034
1450259890
1466966434
1439768994
1418793383
1418728357
1417700004
1418782708
1416670564
1411422512
3558901760
3575687168
3609241600
1445116933
1986184453
4129440583
3593667318
3614450402
3589481186
3568439906
3568304419
3568321825
3706739761
3694192640
3711100928
1597171968
1595079936
1582486785
1584584515
1584547779
1599293394
1599162338
1599153634
1330720114
1330652242
1339057202
1339122738
1607595058
1607570738
1574026547
1565765393
1565704001
1565953857
1433830848
1433896320
1429587377
1412773283
1412703650
1412771234
1417092578
1424428386
1420231954
1151677698
1155802882
83109394
99968530
263710274
1320584898
1324844674
1324713859
1324713875
1324850931
1333243617
1332850273
1327623776
1294329456
3442599472
3711162160
3715219744
3721433120
3750797344
3618874368
3623003456
3598103873
3610742737
4147612577
4113927075
3040205731
4118076899
4059319783
4055110934
4092929026
3598525490
3597415458
3597468706
1450054946
1458447618
1459500803
1191064385
112904129
514557377
531203523
1575589075
1559078130
2087560434
2083501138
2083495186
1815058738
3962551075
3962546977
3963464225
3963416096
3829228128
3846116288
3846112177
3849061281
3849062305
3857464739
3852807571
3886427539
4155907459
2008419459
2008353987
1437606915
1437606915
1415603459
1415701763
1415767827
1549989634
1551025922
1574162194
1599135538
1599143202
1607595314
1590916146
1322480658
1339249747
1339116787
1329614051
1325423842
1325428194
1329686002
1170367426
1167225794
1167214146
1169507026
1169482721
1156899808
1156899744
1154873268
1146605508
1157909456
1157941728
1158998496
1192421872
1194486977
1194484930
1197666754
1331876290
1341309394
1341375282
1341183778
1336993570
1303438626
1302390049
1168500000
1172698160
1198836848
3342192032
3610697120
1463197616
1463191424
1429640833
1429640833
1417119425
1417004593
1411708451
1415865891
1415849507
1424303907
1424438579
1424426259
1442188291
1207372867
1207373011
1190362611
1190360530
1190389186
1190385090
1190364610
1188136418
1456580066
1473554402
1469360099
1440003057
1440207345
1429657025
1429654737
3577203747
3611155490
4151094306
4159548710
4155483910
4155220743
4289303045
4251489812
4248364580
2637784612
2503613989
2541618727
2548892962
2544632866
3618376738
3351053362
3355325442
3353224258
3353224514
3349083970
3351156675
3483994067
3488124913
3446185953
3698175345
3698306128
4235181136
4230978656
4230978592
3962410032
3979187232
3979191392
4012764512
4012732256
3996978912
2927038176
2927042288
2935305840
3069523536
3086296768
3046581840
3046522448
2493385280
2493319744
2492734288
2492737888
2224302436
2236884212
2270449876
2270679189
2278813863
2549190822
2549121190
2515571890
3580929154
3710954626
3711020434
3693273042
3693272786
3693248194
3693504194
1551247042
1576212290
1576080723
1605394545
1471177777
1458598961
1458594869
1466983765
1467182421
1165122903
1165117815
1204963639
1322469655
1322470679
1322612499
1322541875
1324675555
1324741107
1333194883
1282822277
1281836181
1282738355
1291131815
1288973031
1286875683
1286876707
1286874642
1152672306
1152668450
1081200995
1077052579
1077053571
1093830785
36870272
36866176
37193872
305563120
308654368
316973856
333505312
291563299
287534866
2243090
2234930
73538082
81865490
82001666
232984322
251070402
1324685187
1320502672
1319617968
3466968496
3466706304
3483483840
2359664128
2359664177
2628042274
2629085926
2625415846
3162024622
3174615726
3208170926
3191357598
3191423119
4265205901
4264288348
4281294884
2083463173
2082939911
1546004503
1549932837
1554123301
1554123332
1421283009
1152659137
1148520131
1146423250
1148518770
1147417714
1289823346
1306666258
1340224770
1336018178
1319174930
1319441202
1319904051
1336434960
1302909232
1290309920
1210614112
1210618208
1210622304
1227532036
1244311300
1311414788
1592691204
1592625684
1458416436
2129501668
2121044389
2117902765
2117648831
2118013887
1983783847
1983260583
1987452835
1991314851
1991247235
1991254403
2008048515
1425269378
3564298882
3560097490
3563278050
3571501794
4104186338
4104186099
4121127107
3588364483
3579972801
3559064801
3563061473
3563069664
3571458160
1424041024
1423977536
1558195569
1554001250
1572042102
1475597078
1450299926
1446220310
1981978134
2003025687
4159027476
4154767412
4160010292
4130641972
4128544020
4279558980
4111921861
4109517446
4105323430
4105192674
4239394915
4251986019
3727698115
3727829186
3732287426
3736471234
3602252466
3350463154
3320849042
3295883906
3304212098
3300249474
3300175856
3300175840
3300175712
3303317344
3311767280
3307652832
3307661024
3743839985
3744613971
3744667458
3744673026
3480431634
3480366098
3470924822
3470859318
3467672630
3467668534
3467701559
3482386229
3482384176
3449247536
3453372240
3453404144
3430319520
3430319520
3426127249
2368900481
2368899459
2637339074
2670963507
2658183971
3195055905
3195053857
3211830049
3212292896
3172385568
3172074336
3155298273
3155365281
3176204705
3184528547
3180414131
4287881350
4287815814
4258456774
2102651910
2081544226
2081552418
2083747875
2083990547
1546068995
1546523394
1567490674
1609171698
1604994690
1604994690
3618328258
3618232002
3618236147
3349767856
3320327824
3311939216
3341557664
3345749920
1341470112
1341469088
1607467425
1324351873
1316038081
1328770113
1328670720
1327605777
1298249783
3454253367
3450050870
3450969398
2377168678
2377167654
2408640806
2392125734
2396266854
2396325350
2253802930
2262224787
2278984595
2639694481
3711405699
3711143875
4281513221
4284719108
4011892756
4012942380
3979387948
3962814268
3962739260
3962763820
3962751533
3979397743
4017114991
4025500717
4021305373
3986903071
3991035935
3991035927
3982626839
1835140151
1869022519
1869027126
1869035318
1877817206
2146252214
1072381830
1038761606
1034558087
480905859
480972419
480870019
480831105
1558767505
1558767473
1567155745
1567483425
1475208737
1474819601
1449547280
1583826481
1583612769
1316238179
1316037987
1341273427
1341279554
1341279490
1341246738
1341455666
1316269347
1316267315
3463946515
3489050627
3437675523
3438789635
3438562338
3438574946
3702583138
2626741858
2626786914
2626782915
2647695043
2672869313
3205545457
3204562416
4261658064
4128412880
3859973329
3876749553
3878850785
3845379553
3826374112
3826382688
3830507104
3832637008
3832768017
3848486707
3890417523
3865120082
3865132370
1987132914
1987255794
1995902450
1991579122
1989481970
2006275523
2006442435
1972871617
1442292161
1412927809
1412863313
1948753265
1948637537
1948645729
1948608865
1952791905
2103772657
2112296899
2112304707
1608713843
1604388451
1608525619
1608525570
1608590595
1340290067
1340296274
1337150530
1341348930
1333124434
1333128562
3489130338
3451384818
3450336194
3433513923
3299166163
2226440161
2226448097
2499061473
2496968289
2499118864
2499256064
3027746048
3044522240
3073751344
3073884016
4130774513
3862332883
3862347954
3862417570
3879059618
3845342370
3832763555
3857790449
1710302673
1742938945
1742873345
1717703427
1986200850
1986084626
1994730278
1990531622
1453656678
1589395014
1606166214
1572414278
1286230342
3433709890
3437872625
3437819360
3437815264
3454641648
3446388160
3479934400
3748369732
3731592468
3731463460
4268337444
4268271652
3999836196
3995641900
3995708460
3978989596
3962208524
3962208845
3895116527
2821407470
2821211815
2825395943
2846367461
2846375780
2829614420
2829724996
2829724996
2833919300
2826776404
2826772068
2841448037
2840927847
2874154806
2882549078
3955241030
3955237078
3955437790
4219564174
4190134670
2042651022
2017486730
2017673146
1480736250
1480726010
1489114442
1489113098
1484980234
1484849162
415249467
465577019
172174347
172100619
169020491
173018459
173022523
173022523
449905947
449910585
448799529
440410921
440427305
440492329
977367337
977400105
977334571
994111851
725677423
692189679
692189695
692189695
692320767
692287839
725842271
725825887
725825823
725826335
734231359
700676991
700545919
700480383
701516663
627964279
627964279
627964279
627964279
627964279
627964279
627964279
627964279
627964279
627964279
627964279
627964279
627964279
627964279
627964279
627964279
627964279
627964279
627964279
627964279
627964279
627964279
627964279
627964279
627947895
627948919
896382455
896381367
929935799
929935799
929936318
929936318
896382910
896384958
1953349558
1949154742
1953938919
1953955303
1951851863
1951687687
1947685895
1947649285
1953940757
1979631479
2013120501
1995046613
1986653893
2120998789
2116670869
2117694885
2117624229
2138599925
2113491943
2095829871
2096099631
2096100623
2096096519
2096102677
2104491292
2138963804
2117992188
2117926652
2048712684
1784534381
1792930093
1790799935
1794994446
1768845582
1747849498
1747845402
1747845434
1753023786
1759261034
1758209514
1754015194
2022189003
2026405835
952725245
952856317
1489729223
1489585863
1489621959
1489752567
1489682935
1532674199
1583019137
1582994561
1585152129
1578992003
2115801511
2114773413
2114773421
2136926173
2111758301
4122922812
4122791740
4125949500
4125421084
4117034524
4117157420
4117156452
3078013557
3077817047
3086209750
3069302774
4143240678
4277468406
4269046998
3195481302
3195485414
3195212902
2641495078
2632070199
2633049365
2632984340
2626692692
2626698996
2626698932
2625642164
2358255269
2291227559
2364561831
2356201846
2367998230
2368708358
2670372614
2657788678
3739984662
3739858215
3739794677
3744000148
4280895668
1965705380
1966742708
1966748100
1949967301
1954157382
888918806
887678758
1022930726
2088282406
1014544646
1058572550
1041926406
1041956102
974845190
2052768006
2054865190
2063130918
1775804710
1759093046
3902452054
1754892286
1759026943
1746463421
1745382140
1762212572
1763327709
1748639333
1751778596
1755841572
1755843620
2025339924
2023499780
1486104580
1506258692
432453124
981894660
981501557
981509607
981505190
981569702
977506470
2047168678
2030506158
2014197214
2014194222
2018380334
2090797630
1016863246
1015835150
931973709
1053722316
1045336716
1846453164
1846387116
1846322348
1850516652
1858905340
776844621
772584781
772566797
772738879
755894638
740170094
752758126
681196862
949616910
949489926
411853062
428646678
986480678
986682406
978234423
1783474261
1783470548
1796119172
1762564740
3893004932
3894054596
3896231668
3894952557
3894944367
3894944622
3899142510
3907523694
3903589421
3920366636
3116178476
3114216476
3147590668
3146575116
3146559244
3146628621
2609815279
2575933103
2580061863
2602077863
2602157719
2652534406
3189400198
3189399974
3132780710
3132703910
3148729366
3115314182
4184763405
3643746061
3626836749
1479418639
1479413806
1484653606
1490945062
411895830
143403014
143403270
143141127
176876291
173723458
171606338
170623058
170426610
174624994
175812818
467312839
433758695
407416295
407415783
2018028527
2018097534
2018163038
2018171230
2018172286
2034982270
2034849071
2068411693
726365501
709580157
2051790188
2051667317
2051585493
2030613637
2013836417
2013902001
2018227616
2026541984
2026558128
2026558192
2026590960
2034905617
2069509889
2050623749
4198123831
4202416439
3942234423
3942164829
3935878861
3935875725
3940065931
3930624666
3926442666
3943183018
3910674346
3090692334
3095070766
3114928190
3115976719
4223281167
4221119503
3667419407
3667456270
3666522414
3666522158
3670639654
3657993318
3674786918
3674851415
3641370693
4178243396
4165660356
4174042868
4174075572
4190639764
4190639764
3653779117
3653778351
4225239214
4225239214
3680049310
3680188622
3675159758
3675185231
3641107215
1493623311
1497690686
1506079278
1501883758
1501886574
1502533742
3650017390
3645556974
3641347275
3642394059
3642402767
3629688541
2026415853
2018033396
4182294132
4178165300
4211851040
4196054304
4196070448
4198125568
2067398657
1496973633
1497237489
2038318817
2046812129
2039863777
2041887169
2146806849
2071370817
2067236033
2033701091
2033541283
2016748962
2016755122
2016741794
2046106530
4189526754
4222029506
4188082882
4189070023
4189070055
3654312679
1490052831
1489037006
1489041022
1539552550
1514320935
1515379735
1515379717
1511127045
1511127061
1510201381
1493359687
1476582598
2017641926
2017624775
2026078951
2021701349
2021697253
2025891556
2034296508
2063886236
2063939517
2063941101
2068191727
2043025903
2038827374
2021923598
4169411342
4173606670
3636983054
3653752126
3653538110
3682906430
3682907519
3666130943
3666147247
3670367663
3662093743
3678805229
3678801133
3678801389
3645246799
3645193999
3628363535
3628396303
3645220654
3645224750
3653606783
2613426509
2613557708
2613483972
3141704532
3141701140
3150091828
3150361124
3150426660
3150287397
3108295205
3105112615
2837250607
2837317470
2820553054
3894356094
3906734190
3902081278
1753614542
1753623630
2021924942
2042896718
423891294
457531774
457269542
440497446
457301346
457310071
465679735
448836981
448836085
448893365
1514247573
1514247573
1530969493
1531296181
2034678197
2034678149
2034669957
4224092549
4224093637
4224179541
4216716581
4217142565
4213011749
4215228197
4219454247
4219335463
4225524519
4225524502
4216087382
4182565874
4165923810
4165359602
4173747910
4173682374
4173625301
3636950900
3695629652
3695625540
3695691076
3695500484
1543826676
1548086757
1565457879
1565446022
1598474182
3725935558
3728065494
3732918774
3741184359
3736921189
2662655076
2660625684
2664803604
2664806196
2597697332
2597708564
4208452373
4208383799
4210509094
4218686758
4214492198
4181474358
2032018438
2015240198
2019434822
2027828182
2022651830
948715190
948711090
948760210
952954754
416200578
1506711430
1506670550
1540208631
1531952631
1531903479
1515118071
1515183573
1531297093
2077080853
2077212468
2077204260
3922566436
3914175796
3914183956
3914314500
3943674629
3943559701
3909907191
3909957350
3910025126
3897493926
3902605478
3902605494
4171111558
4171113607
4187891079
3688833415
1532834231
1599418807
1599436199
1599370679
3713297815
3712347527
3696360853
3704881109
3721658069
3721647701
3757135381
3757061653
3472045623
3470996770
3466794274
3484484642
3656457267
3656399891
3656465411
3654383633
1506884657
1498422305
1526750497
1526846769
1526904147
2063775683
2063706051
2067838865
2072092593
2072100784
4219518644
4206935732
4265655988
4261584564
4278370020
3074620132
3074612197
3041085927
3042069974
3042081990
2807262358
2807291062
2782125238
2777866230
2777849590
2779881047
2809181703
2805261829
2788483644
2788553260
2804303660
2816886564
2779200821
2779200885
2779004023
3051621622
3052752086
3052821718
3077977286
3044483270
4114030790
4097188039
4101387095
4235597333
2096578053
2096392725
2096392757
2113727285
2139019525
1585368069
1584316421
1584316421
1580974101
2117726245
2115526757
2119721445
2110284525
2089509613
2089505481
2093568715
1557683931
3696872187
3696220923
3704486906
3721186266
3750545866
3739014602
3755864398
2642342718
2558456615
2558452263
2566840865
2564678433
2610295089
2597704017
2656555203
3726103683
3726099618
3725974690
3742751906
4250367415
4233556871
4242535053
4234007245
4233946748
4236095356
4235702044
4235631420
4234644796
4251288893
4252292381
4285849885
4279591295
4246091246
4250273262
4116121518
4126611390
4126619542
4124383126
4157887926
4141114839
1993725143
1995830471
1987372229
1983243461
1983374535
4130755991
4147561895
4151756775
4109878887
4105541183
4104431117
4104955405
4105022989
4125990461
4151086893
3056373037
3056389165
2788029503
3862848527
3879613518
3984458870
4236121334
4244518294
4244318086
4244318086
4244313750
4244309750
4256782070
4256720502
4122535446
4122535430
3619217927
3623412229
3615024660
2507797796
2507789348
3044656164
3023684708
3027948757
3025843653
4124743621
4157114053
4157376197
4149213141
4129222116
4129189101
4128582893
4128521453
4132779197
4141293983
4158009759
1976963983
1960182667
2090271707
1553282922
1557428522
3707038010
3715426362
3749046331
3749641226
3715088651
1491976973
1492009485
1492054573
3640648229
3640451623
3638338853
4191927588
4208626740
4200238148
4196048324
4196111756
4195938716
4195901868
4200079785
4200207786
4219084202
4193979818
4193192298
2045660426
2079285002
1517053706
1517052170
506224953
506339389
511317116
511313084
517606844
517606812
500895117
483991437
486086285
486359700
485474916
1554305573
1424008999
1424008998
1415622422
3563298582
3571562290
4105221926
4120151846
3079964646
3080619751
3086650981
2537225797
2503489093
2503483973
2486838133
2486837605
2499412071
2495283311
2629382397
2627218637
3718015052
3758094668
3732834569
3728644875
3660954379
3661408026
4198282042
4198007594
4269441834
4269445930
4269450026
4269334911
4269302013
4265107629
4265284780
4248439981
4235855037
4235855245
2097025935
1956582351
1955877246
1955914014
1975821327
1967631375
2101520397
2130876685
2131135309
2135395916
2135393820
4283799100
4246046252
3980232484
3963614500
2894003508
2893993844
2902447841
2902323875
2910712498
2938098322
2921317010
2788475810
2926891170
2951009510
2950974566
2917629023
2892916815
2893965647
2919131999
2919107295
2948403167
2952543678
3203146926
3194234030
3211080126
3212186366
2650145502
2649821774
2645565966
2645829134
2645845277
2678385724
2644831292
2649012492
2623899916
2620821260
2618724188
2618734572
2550248940
3087054309
3103891959
4181833207
4215379446
4261526870
4261539270
4261670087
4261608695
4278377701
4282828261
4014392821
4022847445
4022834887
4022779479
4018515767
3990135847
2891244599
2887050261
2887144469
2887128117
2887130469
2891321061
2895580901
2895447781
3180593911
3216782023
3200066246
3204277894
3193726390
3210538214
3218926822
3218930934
3193859270
3189662918
3726005446
3742847222
3612831911
4149698743
4124471511
4124463565
3579270493
1433761119
1433759069
1433691421
1432712479
1432835359
1433912653
3581265757
3581204348
3614824316
3623344124
3623282380
3757483596
3723924036
3723985461
4260680239
4252295726
4252295726
4285921070
4285988142
4269168958
4286007582
4279590094
4246169038
4249313678
4232434110
4240819134
4257731230
4257735326
3183863743
3217328111
3217347951
3210011951
3212698909
3175019789
3177600284
3160851756
3170354476
3170223980
3184645972
3176256068
3208761860
3192116741
3193156919
3193173030
3193031782
3195258102
3209908422
3205636230
4245823646
4115804590
4098954159
4107286191
4107349693
4107353823
4124065743
3587190087
3620744455
3597874438
3597808902
3346404614
2247497490
2375943459
2361214243
2361185571
2361188659
2361237779
2382279427
2407436867
2405401283
2401075939
2635913185
2640111585
2623333857
2623339941
2619133429
3172785653
3206538695
3206456775
3193874247
3202254679
3201599271
3210012463
3075794735
3206006591
3210101567
3176552319
3176544247
3159696870
3168021926
3168107942
3185008022
3185563015
3185571205
3217946053
3210531156
3176984884
3176981364
3179144164
4252887012
2910713829
2942172583
4015914150
3999134886
3997947094
4015767630
4286312718
4150912318
4159303471
4159405373
4159397148
4285232396
4269494548
4286517589
4286448469
4194174805
4194176791
4177468199
4177272615
4185161005
4185351437
1802920205
1800925965
1799680797
1799676719
1799414571
1765860139
1761866587
1766052250
1765921210
1807861163
1807998379
1808007067
1765932937
1765930377
1816253849
1816379865
2084716809
2086015261
2088117565
2087068989
2087060757
2095449365
2095449111
2092368919
1553421511
1570176134
1573834118
1573883282
1598920594
1599928242
1583215282
1608504290
1608372514
1574199586
1557405986
1548558387
1544433939
1548617011
1548619555
1557093219
1574919107
1574817729
1608306049
1599915137
1310519473
1310580913
1583276177
1591656881
1455341985
3602896867
3602759651
3602694131
3606888306
3732713330
3732776658
3732775618
3741168338
3732771570
3196048099
3178885987
4235841889
4234728481
4234761233
4230706177
4230702081
4230702099
4230636851
4236137762
4261334306
4290760470
4273852166
4277726727
4202229254
3661325830
3661305686
3661170150
2589463974
2614633894
2610636198
2610574742
2677739926
2660774838
2392351655
2392385447
2394477991
2264440039
2263391335
2255002726
2271906870
2540608534
2507056151
2507060279
2506917157
2490140196
2489943612
2490103316
2490099220
2490105460
2624552692
2624419568
2619684592
3157750512
3157676912
3159782164
4233589509
4233586437
4250397957
4250397957
4279736597
4279605261
4263353615
4267548494
4266624734
4266627838
4266455742
4262224830
4262224318
4279201966
4284354734
4124968111
3047048621
3047052693
4120729476
4124858244
4116521860
4112327572
3491570613
3497997237
3523085749
4059956671
4055696831
4055659695
4092388527
1935974623
1936176143
1902478607
1898219295
1898227503
1965336383
4113479453
4117660957
4117677357
4251567405
4252559149
4235814461
4233721397
4166612533
4183380596
3109638772
3151909748
4208865620
4204737796
4204745748
4208950324
4208946213
4199382055
4199347318
4199081462
4182287854
4182357422
1766432174
1783152054
1791535254
1783143638
1783340087
1779350580
3926832148
3926307844
3994473476
3994468628
3967205972
3966190228
3974973108
3974956726
3974960802
4239138466
4239146658
4243339682
4244383922
4236192962
4236127426
4252902594
4286521538
2147447122
2128560467
2124007281
2144925488
2144921364
2136531732
2136531476
2136666900
2136659469
2136641117
2103085695
2103085695
2103020510
2098765278
2099049950
4246524126
4245504094
4278669438
4291194926
4286996782
4286931246
4286931758
4287091486
4287090953
4287090760
4286928072
4291583192
4246501608
4112341480
1964380136
1899370136
1903629961
1895044751
838276750
834039470
1912006574
1912465294
1945944454
1936490966
1936556158
1936695590
1936499495
1936500519
4092388901
4060071461
4127117140
4158578116
4158582100
4158647652
4141714724
4143822645
3070076695
3196053303
3212703014
3174946086
3175040374
3158201814
3158201814
4235613654
4244009431
4256584149
4256383956
4294001524
4293948212
4285556532
4283460884
4151405597
2004248607
2138971262
2138704990
2105165006
2113618270
2096714622
2094555710
2086167326
2086168350
1012495645
1012647228
1011599132
676058684
675915324
1758045788
1749592028
692626908
721986813
721989759
705359998
705319038
726270014
969539630
952832046
952710190
952841294
945493327
945495629
953884269
949556973
999823068
982017741
986212045
977859535
973665263
973661166
973726446
986444526
986428143
982102783
982038235
2076753823
2068364735
2068429311
2051784191
2052822523
2052751835
1784320347
3998909273
3998909305
4015691640
3982081768
3982012136
3964186280
3960006329
3960272537
2886685337
2886681515
2891710891
2902196461
2898067709
2897096709
3975029765
4243530765
4243401821
4127010013
4126555615
4159835550
4157738398
4157687198
4114667422
4232110942
2085675798
2087757590
4235306807
4244088613
4126578485
4151755061
4133404949
4267622661
4267106565
4267173207
4283787638
4249188838
4115098086
4115095022
4124394974
4124328142
4157915342
4158116047
4158055933
4157074797
4081572205
4081437548
4081405212
4081407244
4077220124
4078182716
1897214780
