1356598287
1372523527
1380926837
1376769013
1376228245
1376227989
1913099189
1916834725
1916834727
1925226935
1656988823
1648536735
3791829215
3791886383
3808593965
3875711021
3842156845
3826691885
3830892348
3763847709
3759489821
3760026479
3760005991
3776779239
3780969455
3813474942
3787801102
3787740682
3771006475
3771001355
3762350619
3762354715
3762347531
3842006539
3842250266
3825473146
3829663738
2906988010
2907127018
2916037818
2945397946
2928620698
2928373898
3196772491
3196707976
3213403528
2681775768
2637881000
2637887145
2620094447
2620069358
2624262374
3169456358
3169480918
2632675399
2649322567
2674646085
2586467341
2586474765
2586455311
2586389790
2657627438
2682795306
2678593322
2645104426
2510837562
2510870283
2510876937
2515071320
2548617592
2540229096
2267600364
3342489068
3340400612
3339392932
3305703137
3301524209
3297465296
3297440704
3431654336
3453674309
3447387973
3476749639
3476744518
3464198518
3463985518
3489152366
2415410538
2381845818
2377732410
2376717114
2376708906
2645078825
2649274168
2649265784
2640875224
3160970972
3157898988
3158030060
3023803364
3038478820
3038400741
3074044021
3074044021
4147782693
4150930725
4088012588
3819571996
1941641996
1945647884
1935161608
1934122361
1934120443
1934149018
860406170
843698622
1380708782
1380704678
1380840870
1380734370
1455775154
1187413458
1187409218
1188457730
1190620418
1323590962
1323689266
1336402194
1303310594
1290703107
1290502417
3430514736
3430515760
3426458708
3426466132
3694901588
3709840340
3743283956
3726495479
3730621174
3730621438
3739046894
3757928942
3715987310
2556122750
2564478526
2564419134
2560157502
2560156991
2560163167
2564357629
2581129197
2589583340
2589610988
2589606396
2589540605
2589479021
2589533231
3663408159
3642436615
3629853703
1482308625
1490695184
1486509056
1557906688
1549321808
1545114336
1429911424
1446688128
1445627011
1445561474
1445823634
1445983410
1450112422
1458497510
1975381614
1958538799
4110216751
4126977581
4150044477
4133466461
4133466445
4133474653
4267692157
4284469309
4248785005
4232012911
4232013167
4236121982
4244505166
4244570830
4242364110
4242302686
4124897278
4158516719
4141743613
1994192285
1994192268
1987887260
1988051100
2000556188
1967010220
1949704621
1953899245
1961230879
4104603166
4104445502
4242860591
4242844463
4259817757
4293302541
4209430285
2063451404
2061332828
2048860413
2048602279
2048508070
1798930598
1778095526
1771800998
1754827719
1759029761
1763289600
1765452288
1866110464
1849606657
1848443169
774112289
774114343
786696230
786831414
765868118
615917894
615918150
548875974
548880071
547626695
548146895
816634574
292403454
23967999
1097726079
1106081919
1102919806
3247323502
3247324014
2173643374
2173438574
2173491838
2173492078
2173483878
2173548902
2177743206
2169354614
2170534230
2170534087
2172631237
2440018141
2473441436
3010443452
3010443452
2737748140
2737551548
3812341948
3812276460
3778738412
1664755948
1664755949
591014365
595278687
559614495
567876125
567884349
546908733
565919293
565911069
564935181
564931077
564922885
627964279
627964279
627964279
627964279
627964279
627964279
627964279
627964279
627964279
627964279
627964279
627964279
627964279
627964279
627964279
627964279
627964279
627964279
627964279
627964279
627964279
627964279
627964279
627964279
627964279
627964279
627964279
627964279
627964279
627964279
627964279
627964279
627964279
627964279
627964279
627964279
627964279
627964279
627964279
627964279
627964279
627964279
627964279
627964279
627964279
627964279
627964279
627964279
627964279
627964279
627964279
627964279
627964279
627964279
627964279
627964279
627964279
627964279
627964279
627964279
627964279
627964279
627964279
627964279
627964279
627964279
627964279
627964279
627964279
627964279
627964279
627964279
627964279
627964279
627964279
627964279
627964279
627964279
627964279
627964279
627964279
627964279
627964279
627964279
627964279
627964279
627964279
627964279
627964279
627964279
627964279
627964279
627964279
627964279
627964279
627964279
627964279
627964279
627964279
627964279
627964279
627964279
627964279
627964279
627964279
627964279
627964279
627964279
627964279
627964279
627964279
627964279
627964279
627964279
627964279
627964279
627964279
627964279
627964279
627964279
627964279
627964279
627964279
627964279
627964279
627964279
627964279
627964279
560855415
560855415
560855543
560839159
560840183
560840183
627948023
627948031
611170815
745388543
762165629
762689917
755153740
688044620
688106088
721456744
687975032
687975032
687991416
687958648
671165033
1744911727
1757494382
1753291886
4169210974
4169366598
3653461830
3678626374
3670241878
3666080230
3666014438
3682792679
3649214693
3632503268
3636562676
3624127188
3624061636
1476550340
1476536004
2013275508
939535461
700460131
964770898
998323266
448868418
1254174802
1254298706
1254306930
1249999970
1249949922
1249949938
1249949907
1250146499
1250080963
1250081011
1250334817
1510377569
1510968417
1495237713
1478418884
2014208644
940450460
940389032
676078248
683943336
683944360
679753896
679753976
679950665
679885578
948387338
965759498
995115546
974144314
973103402
989863978
687939882
671233338
671235898
683817530
679696986
679599691
679540299
679531083
675332683
671138395
671216235
671344235
671346538
960756074
969144666
465812938
1522632074
1522631050
2055307674
2122416571
2122424489
4286685352
4253131944
4253199528
4244810921
4110849257
2768667083
2768667599
3776893674
3776960234
3779973098
3788295658
3788299519
3788307663
3813532751
3814711375
3814613053
3814617389
3814654253
3814523768
3781104504
3781112440
3772716792
3768387545
3767287769
4102831563
4107025759
4107080990
4107080974
4108132622
3571393294
3571327759
1423840023
1423840023
3588166999
1432163781
1432307141
1434408405
1577055701
1577055189
1576915701
1576899317
3724392437
3757946869
3732905845
3728711029
4264410487
4268598390
4268601446
4268601382
4198346806
3929976854
3929977110
3929990438
3930055974
3934057839
3942438253
3942498813
3959378397
3915347917
3894372045
3894290125
3896461053
3908912879
3904653295
3904699903
2831023311
2898128015
2900225423
2900223391
2891441087
2887238638
2887074558
2887013118
2905956974
2910154287
2918570541
2897595196
2897599260
2897516812
2918496524
2910164236
2906099980
2937573660
2937319724
2937155940
2939158884
2909798885
3840938479
3841012222
3773903354
3773898106
1622219066
1622219066
1622350106
598874122
582301706
582249482
584364043
575963417
570720553
570720617
570721001
570798825
587708073
587710121
587562687
587545247
587545262
621230510
633485486
763501742
763567326
696332302
696266766
679485455
949051659
416408377
416408345
147186456
147192584
147183896
147847624
143555016
143555016
143539656
160302537
177079754
177078778
176574958
180707694
1241833838
1241817454
1241882958
1242009934
1510244718
2051309934
1787069806
3934629246
3934629757
3934629868
3955732460
3943145452
2869333996
2869333484
3944152556
3927321836
3927379052
1794575676
1794513981
1794582783
1794451870
716384670
714488222
713440158
730151558
696528518
948186758
947990150
415446726
407912150
410007478
410002343
409998247
416314279
415282151
415273583
952210207
751933195
754035481
752921401
618699320
1717746185
1713551881
1713542667
1713603147
1713685178
1714885034
1662398634
1623400618
1619009706
1619015915
1686337659
1686296585
1740806409
1849796872
772843784
772833288
772833304
771850280
771981352
771924008
776134953
792880427
792932202
788606682
721497742
721626798
692197294
696453038
679543742
679543246
679481615
679482127
679482125
679486216
947970824
948037384
948152072
411156232
411410184
1502060360
1535557448
1535549384
1518767560
1518833129
2059767018
2059795690
2051333594
2051327434
1510457674
3657875754
4194742570
4194541866
3925909834
1782620490
1786884602
1787142378
1787145384
1787164840
1846360296
2131495128
2097808712
2084176424
1815749160
750395945
697836106
730361546
730388938
713853067
718129305
705632408
990260360
956703176
939926072
944120360
948310569
947917353
947924489
427862540
444635916
981572380
713268092
713268844
704880237
704744943
704747726
704882910
704817406
1778563310
1778882798
1778818222
1778824366
1762051502
1816576687
1683374733
1685476045
1618423517
1618225772
1618229804
1625561900
1621457213
1672837149
1656224847
1654124751
1657761998
1649168590
1644970478
1661272558
1627853806
1615205998
1623669310
1619475231
1619340061
1619405069
1619405069
1640381709
1942749452
4065067868
3536585708
3549246188
3498844908
3230409444
3230414565
3230406375
2223840999
2224029650
2224025538
2355085250
2352979906
2352975810
3376338370
3409899970
3409899970
3397317058
1270276594
1268229475
1268032865
1238674465
1494522897
1494715393
1528208385
2048310273
974634033
974629923
705668131
705601570
1779351666
1846526050
1847574630
1847586918
1850561894
1858948838
1871007447
1871142471
3985071687
4257570391
4257574743
4232391039
4228197886
4233567742
4238280190
4237230559
3700228559
3700175303
3695977463
3691804389
3691961953
4175355425
4171218481
4169969153
4169967104
3646744064
3726623552
1579024704
1580597492
1579549925
1600591077
3719773415
3700895094
3699846982
3431409350
3432342214
3449066118
3484713607
3467412117
3467477684
3740119724
3727996588
2654256876
2654445308
3728127608
4264862248
4264878632
4269073209
4269043995
4199833658
4199965738
4199969898
4267050202
4252370059
1953891467
1953890441
1962291609
1358050200
1353781912
1351685817
1469085355
1473308330
1439754074
1442112794
3521413162
3244605482
3245129770
3245274142
3278787599
3312336911
3305001223
3300811527
3432444471
3432370791
3432313447
3432314471
3428107877
3440691025
3474896705
3474896193
3474895936
3709768768
2508109136
2516494320
3082462932
3069941460
3061679828
3056370420
3056390893
2789012207
2788975338
2787914474
2792097258
2808880362
2783919354
2783866074
2783929546
2762240203
2766422475
4125442315
4259722043
4251330347
3714983226
3714982938
3715048474
3706532891
3434872859
3433758731
3433693215
3433705503
3433701647
3433722127
3438007110
3438069238
3446441462
3480065526
3480196566
3480073686
3488462294
3488462262
3740120502
3731731895
3597514167
3593844151
3593970071
4130857397
4128760295
3860324583
3860193319
3881168935
1700065335
1683808263
1678614535
1678684439
1678739239
1678608935
1682541159
3830422117
3847207669
4006591175
4006590407
3998212551
3998085343
3993788655
3993788783
3993969517
4015927853
3990749757
3988652889
3975939401
3973852376
3973851384
3905886456
3905313993
3901118409
4173738697
4174656200
4162069196
3625199597
3629460845
2563190125
2558990188
2643920845
2643792845
2408862671
2408895455
2408884206
2396301286
2387904486
2658633414
2520155718
2520170006
4147625766
4148016486
4265391206
4263289942
3994935366
1846468678
1846468710
1846464615
1850459239
1850723701
1875889989
1842278357
1842275957
1825564501
1833820485
1829527887
1829511455
1829183789
1862676781
1876296488
1838613288
1821720856
1822188872
1825369544
1825361353
1817038233
1817104041
1816589977
3896926857
4177801929
4177802968
4178650856
4258344808
3180342632
2643465580
2643792205
2643931469
2643939791
2375471615
2241327342
2241123430
2245315702
2488650838
3491220566
3510041622
3510549510
3544101894
4064194838
4063932695
4129001815
4128813397
4127760741
2001265125
1967780261
1963673013
1963656597
1968125879
4157023911
4140185255
4135982773
4135782037
1993348805
2127587277
2138073052
2138104157
2104709453
2104639567
2104905822
1551327358
1551131694
1551129646
1559514158
1423272990
1423273230
1423437070
1423375630
1440142622
1473758550
1473730390
1447516151
1179009781
1112425073
1112490513
1112363569
1180197665
1188586275
1188688755
1187762675
1187697107
1179316355
1179579523
1326371969
220122257
219666577
471197843
473213367
1549052598
2085661350
2094050982
1824564966
1824633398
3854861110
3847520818
3843338785
3843334688
3845448224
3846132512
3846045984
3846112736
3850308836
3858107620
3786807364
3786807365
1906718791
1906714887
1944533766
1936137758
1919746574
1920750094
844919358
576475695
575423279
575456559
592201071
592010623
558595423
558593407
566973823
566842735
566850943
558428509
558420445
541708797
810275325
818672125
1892413951
1892267519
1892259294
1892269534
1355726798
1355726734
1372520334
1406072719
1397679495
3578750357
3578750421
3562010101
3570394613
3571443701
3571447797
3722418133
3757938501
3741161285
3732768597
4269774199
4269782375
4269778023
4269646886
4269650982
3994858534
3994920254
3995002142
3995002174
3994998062
3999122543
4024222829
4026384621
3992899805
3982423501
3961480653
3961481165
3913242477
3950856047
3959179119
4026300281
4022304073
4022333261
3988778973
3976062973
3973961661
3965567903
3960783519
2887082718
2887213822
2887214847
2891407087
2901691365
2763282916
2763291124
2780134596
2784458180
2818011588
2807521732
2807391076
2809652004
2784351013
2783822631
2716718391
3791437062
3783047174
3814496278
3810494486
3876232222
3876490302
3877557310
3843970094
1696535598
1832850478
1837047086
1870600510
796859198
645863998
654122558
649934398
647836222
650064414
649868814
666648142
665587270
627964279
627964279
627964279
627964279
627964279
627964279
627964279
627964279
627964279
627964279
627964279
627964279
627964279
627964279
627964279
627964279
627964279
627947895
627947895
762165621
762165621
778942837
778942965
711833844
711833780
707639476
707640500
707638448
707653808
724463776
673607841
681993186
681924194
749066802
750037522
754232130
756394306
773236802
773228738
773293122
641041523
641499237
645718117
1719002221
1735910653
1702843837
627901877
627902135
543497918
551894718
551894718
547430062
614481838
1688236014
1693575950
1710352654
670083342
653569038
653569039
1718981656
1717486648
1730071656
1696255464
1679451560
1685738408
1693401784
1693283064
1689608921
1823762266
1838443322
1842637114
1868003642
1798785306
725043466
724896778
725418250
691732746
695866346
687497898
681271979
681109177
681111193
704163464
695775132
794541564
777696572
773504024
639167500
639428669
639559725
656332909
593381869
593448431
567657951
601212367
600147295
600151325
591440925
587261973
587458612
592635956
660007220
662096164
669895456
669862497
669612785
1743354865
1743485843
1709914515
1634418067
1634418066
1617641363
1684609714
1694309042
1690110646
616324790
631040678
771025718
803531030
795109638
795092998
757348358
757471271
744888359
677776678
686247542
687197894
680849350
696561094
700755010
725919762
692366386
693550115
1800836387
1800848691
1800848659
1851245847
1851096405
1858431989
1871674348
1876777709
1876745197
1868352381
1847185209
1847194905
1847387423
777807311
777872863
793646485
760086917
744358789
743834549
620180389
620045029
616001237
616037061
615832261
886368727
894740982
928295126
1981199558
1981202630
1983823878
1915633718
1928282150
1671979302
1638425453
1621977068
1621974956
1617710776
1613515448
1614801592
1614719705
1635756811
561293578
594852874
578073610
578130971
1652473917
1652477996
1652453420
1712677932
3877453100
3844017468
3858631228
3837741692
3837742844
3837654781
3835487934
3852248750
3856447470
3880295918
4010511870
3993688158
1847323710
1847078014
1847272574
1866080478
758784398
742273418
610731930
618860218
615586458
613497482
612399755
746646153
801155980
792766605
773170271
773304382
640585786
774799418
791642158
795840814
770618662
770292005
686352676
1752754485
1767570231
1801079670
1786400710
1786381254
3932881350
1786327526
1807230950
1773678566
3902348023
4170996292
4171000652
4191481676
2031400284
1762824700
1795331564
1799588988
1782622284
708880461
704751663
704821295
771934254
773245982
656327750
658395335
624906743
612303335
610599862
761595830
769988342
803544822
804732878
804728718
802500238
1016934030
2090671774
2090798751
2092895932
2092713660
1560044252
1434247708
1430053404
1434378812
1442768396
1442773517
3581922063
3581725038
3575437422
3575643390
3575575630
3579822414
3583820638
3583820654
3718113133
3718081892
3722194276
3747359844
3676111988
3642623300
3642622788
1499345429
1506550309
1502356069
1535407079
1539602359
1522855318
1514465670
1531292550
3653679750
4173765334
4186349174
4187393855
4220817213
4208232253
4195657532
2048156476
2048209720
4195758376
4195750184
4200465512
4177463528
4172941464
3635075528
3636104140
1486457741
1536732863
1586013166
1590223278
1581838766
1443824038
1428030374
1410728838
1412839303
1416826295
1425018279
1425042931
1425041410
1441884162
1474377734
392182838
392436774
359011703
350623685
346425029
346424965
347342517
485764837
493940719
523283775
389266462
389258527
1462865175
2001962261
1985124101
2119210805
2119218725
2118166055
2063855158
2030190086
2014461702
4162192694
4168417318
4177268774
4172820527
4170788889
4170741064
2023287496
2044258952
1481177784
2085214888
2085281448
2086597035
1544995050
1544667178
1543627838
1543695366
469952514
474134786
474192147
474069363
1027968451
1061586307
1053204867
1053205635
1053201555
1053131939
977583331
977579107
973384739
973536290
1041691682
2115916834
2117993779
2134513411
1601834499
3724151379
3719891539
3634969155
2292787778
2292788754
2292792866
2292991590
2360133350
2359604966
2376383975
2388954599
2388954321
2385943745
2671162560
2637604033
2618729665
2618746065
2618746611
3155621619
4235380466
4241704658
4254168706
4291853954
3217095650
3208673506
2672851042
2668836946
2672961538
2656185346
2664639538
2662732850
2662728706
2662793218
2662674722
2662605091
2678343521
2648721137
2564869840
2565906096
2565975776
2580655856
2614144720
2605759824
3138501648
3138563089
3138563121
3138567443
3105005058
3105029634
3105029750
3104919270
3176402854
3176410534
3184802983
3214150821
3216444580
3216395396
3202833796
4276452740
4268617172
4268617060
4265471076
4264387637
2117039121
2133750785
2100196417
2087613777
2087606097
2087702225
2096094801
2096475729
2096475729
2113250899
2104862275
2100803139
2134875969
2134887777
2118110305
2117950561
2117934192
2121208928
1869419616
1835881568
1827497808
1827661328
1823383088
1823444529
1823313411
3975980546
3983844610
3946176818
3946304866
3929429474
3946253794
3958575074
3954249443
1789987559
1789938485
1787881749
1792076820
1792271380
1850929156
1845620740
1845551108
1862529264
738350304
738609568
743852769
750635761
766499411
783284738
784327938
779984898
1849532418
1832890450
742381026
740675554
673565410
677726947
686115555
737492963
720708947
1783963715
1783963859
1784095970
718738850
737611666
733940358
733960838
2042493574
2040130262
2073684807
2077863175
2071510037
2071510069
2032774197
1768598583
1768660023
1777060967
1760153063
1760152999
1751993767
1751992759
1747913111
1764694481
1798257649
1797602161
2049261363
2053586483
2061712915
2074293779
4188222979
3634572802
3639815683
3639807491
3635875411
3636399843
3636018851
3635949219
3652730529
3656911265
3648534673
1496918144
1480273088
1478370752
1477862212
1477894724
1497608725
1522566967
1522576678
1514187814
1509996598
1510185302
1531108806
1489395398
3632664262
3364751062
3365484197
3382191780
3419942372
3395042544
1243363536
1242380480
1242507459
1259220162
1212572866
1222034882
1222034370
1289077442
1284809442
1285333666
1553770145
1553772452
1553775012
1566345636
1595705572
1579124788
1581161492
1581167620
1581179909
1579537431
1596281878
1568038226
1559644866
2090748547
2040449667
2073877219
1520234337
1519690785
450147361
437576737
1511287843
1513434162
1511406594
1578507522
1595281170
1574375090
1419722370
1419722370
1084165762
1085869699
1085869728
1084808864
1089007520
1093188964
1126738964
1111075844
37398532
35563524
304068661
315919395
314885171
373735623
387371141
488011141
471236245
475482801
416643825
433449489
465890837
440462647
436268071
436268071
436403223
436395015
457362435
457428243
423755123
423751539
423886803
415735762
415731698
415612402
415608306
407350482
403159234
403146963
403147235
944216547
960740707
960740689
995335505
961795571
961674483
940928243
940923091
940902867
957680611
458562273
450182881
445984497
446506705
446506705
1337929667
1308561347
1307381571
1286426194
1287618146
1287614050
1286958674
1286993746
1303696866
1307899363
1295312355
1295506897
1295437249
1295437249
219667921
219672049
219508049
219671809
219536657
219544881
257289521
257385745
122115521
105319809
105192881
38088097
54996401
122101681
80027315
80033443
75855539
75888210
76848690
76844834
97823778
125077538
87332914
355965970
353803267
488029185
521583616
453483872
440925536
440925552
440917105
440884305
437734417
509037875
458558819
458563427
466952051
466959955
198516435
232095443
227894963
227927699
1284896387
1289062017
1289062033
1289205683
1553444787
3700797331
3700795379
3704928227
3704924131
3696551783
3562864439
3579698997
3743243573
3726466341
3726458149
3725931575
3730256919
1582773318
1607890246
1574368578
1570690882
1570735938
3718088530
3722223907
3713835362
3692934514
3693068274
3693002450
2619275970
2485046978
3026046690
3036469218
3053216738
3048829939
2981713873
2985883600
2985885680
2977529328
4047199696
4080995536
4080864336
4078189616
4082377760
4048888864
4049015057
1909920065
1908822481
1904636865
1938227073
3549289345
3553417937
3553413857
3553413731
3553386342
4091293478
4049413430
4049548598
4057879862
1910326582
1909216567
1900836629
1666017045
1661822484
1661746740
587734820
587992868
587992356
592251188
592264501
600775733
596581429
596393013
562854933
562879813
562859461
567119239
567057814
558669238
558734774
558873014
558283686
558279590
558296038
558267175
558250773
554052885
554052948
591736164
592198756
600575093
600574293
600639767
600784151
567223575
558833942
541929783
810316095
809816351
818399199
818383550
814062238
1887742606
1908718222
1388747406
1388748686
3536237454
3536236938
3536187818
3536183727
3553977839
2442487293
2444322669
2427680621
2431735405
3496035965
3496169292
3491945804
3497192708
3513902357
3513824565
4080047413
4080108855
4063467319
4062418743
1914746646
1915794711
4149314613
4115844192
4123184224
4114797648
4114801936
4114801456
4115063345
4124504577
4124497411
4124560902
4124434230
4123322726
3041192038
3075243238
3054245086
3059417223
4149870743
4158259631
4120511151
4256772782
4260898558
4261160654
3713887942
3714023238
3721887063
3721723223
3721778261
3721524292
3713131732
3745834228
3729126900
3729191541
3737571941
3734487599
3739022911
4267501119
4145868318
4112367486
4116692334
4125002991
4124019935
4157461711
4149069007
4145008847
4111364445
4112408885
4116608805
4110304807
4110370359
4126990134
4158446902
3084688470
3083844678
3083777102
3083842654
3075323231
3054302687
3054368765
3055540205
3055484845
3059677101
3070089133
3084146589
3084220367
4149695823
4132918542
4134890559
4134825007
1987394607
2120686637
2120614941
2116419596
2121666568
2121666889
2104972745
2086109067
2086100671
2097138351
2092814011
4240301723
4240307851
4238141081
3701237481
3707529069
3715917101
3711202607
3698808111
3698513198
4243838270
4260614414
4287738126
4291862862
3753947486
4248942079
4244807167
4095138271
4095134589
4095135341
4101496445
4034164573
4034163469
4034139407
4034205054
4034281326
4034281342
4051058686
4057413630
4090769918
4069814398
4068528254
4068507743
4068573204
4072902708
4064387388
4060193340
4077102652
4026975852
4026977916
4027469532
4027457244
4031528637
4039671727
4035737070
4119657702
4153392247
3062799381
3067525124
3059197956
3189025812
2920589060
2920718852
2771812868
2771829300
2758263332
2762752740
2762756836
2762766317
2766962685
2783738367
2775349759
2775341533
2775538013
2809101693
2800579961
2800742745
2800742859
2800607706
2817324522
2809978282
2775964094
2775972286
2773867934
2774006942
2773677198
2807193742
2790678750
2790728894
2790730942
2723556542
2731944126
3002473662
3002469534
3002991758
3015578766
2982093199
4038926729
4042093513
4042056264
4033651224
4033652280
4033654584
4033714492
4028995900
4029135133
4029069629
4033281311
4033271567
4114010638
3849769502
3849835118
3847606638
3855926318
3788817454
3779380286
3846563087
3846629197
3842406221
3876020221
3875819433
2789506985
2797940139
2726763967
3012298127
2978742671
2963100046
2967364023
2967397799
2969566439
2986335351
3019873287
3001990406
3001984262
3002054406
2993542966
2989283110
2989348134
2989481255
3010383141
2750926100
2784468244
2784343300
2759173380
2759173124
2753014804
2753027380
2752956020
2752923380
2752922340
2765570725
2777941671
2811510702
2797354414
2730244270
2732932254
3001429150
2994087310
2994087310
2994091150
2994152591
4084671645
4059509949
4042748125
4041728077
4041597197
4033143565
4033144605
4033146413
4033346349
4033272621
4041657151
4041645831
4059469319
4084634118
2992079382
2723451438
2718216751
2718209839
2722416431
2739197741
2739271549
2773382617
2773358072
2773423336
2806781160
4014806248
4014944760
4023202248
4023128904
4291036937
4219936057
4219956523
4219956267
4224017435
4207374347
4207866123
4224635210
4224635866
4224636395
4216118698
4182564266
4182048154
4215662490
4198950810
4266087322
3192148890
3208926123
3210073515
3168130539
3164069211
3166174475
3166021387
3186927387
3212091691
3212152873
3195519017
3061170220
3077952621
3044439277
3038148093
4099307423
4101392078
4101424710
4109878806
4109426486
4108384566
4125157429
4151371828
3056659508
3056694324
3054632960
2987786497
3006661187
4059431666
4037478114
4037282530
4038335206
4038343654
4036241877
3511954629
3506922692
1359405508
1359389636
1896198596
1896120724
826574271
860669375
860870079
1917777343
1917773739
1917775787
1917611707
1925995225
1942834137
1909390153
1900996873
1884286217
1885302025
807367963
806768923
542527787
549803311
566514990
558124351
592203039
588072221
588174141
592372077
600809965
600613373
835486087
827116679
822921366
1359862198
1397684642
1389259682
1385048978
1385049986
1116678018
1116624787
1133404563
3248415107
3235832195
3228533187
3228401939
3228346163
3228346146
3496783394
3513757218
3547242035
2473500211
2523907633
2523906609
2540688144
2540697364
2506978612
2506915108
2506913828
2506909988
2516543796
2516536580
2547467540
2547373428
3050688804
3046609717
3046617653
3050680951
3050607206
3042219766
3038025446
3038033638
2803140262
2803222454
2788685718
2788619734
2805364182
2805364166
2771791046
2775001303
2783389941
2783381733
2816805109
2732940420
2724681092
2724648324
3823285717
3824331889
2817637425
2817571888
2742070320
2720064560
3793904912
3793883905
3810656785
3810656803
4058055266
4037019298
4037285794
4037361554
4104403330
3567548802
3572820354
3581192579
3614808449
3623263681
2531694016
2531438864
2531434784
2531500320
2539774756
3043098420
3038865924
4050856709
4051053366
4051122470
4050913582
1899760942
1614610462
1612656910
1616847182
551293790
546047742
546066134
546098822
566550166
591748758
591756950
591888310
558328230
835152038
835053750
566597766
1640335502
1640340942
1637334391
1675013173
1675013172
3822431252
3776232500
3776220212
2771749908
2771811092
2906008103
2908106278
2950041126
3147040294
3145998910
3146522910
3147571258
2643996714
2646164714
2679752841
2682828936
2674436488
3728251528
3728452236
3726290828
4128941500
4131029228
4131291180
3862859828
3862863876
3879182340
3828786181
1681298453
3828794661
3828811365
3828626151
3967034094
3975422702
4240179950
3183216302
3216785150
3214682846
2677812174
3755748302
3746852814
3721848783
3721582031
3587425677
3587229084
3578850748
1459646396
1459629756
1442920092
1444098996
1397952996
1400177125
1366634727
1349808358
273707126
340851790
357750798
366119182
399685902
401861406
376499006
1449194046
1600360990
1601602078
1599570734
1574220590
3716981038
3716981039
3717047613
3721313661
2636036477
2636024316
2636024284
3177106268
3184971740
2643641821
2643685789
2645565631
