1356598303
1372392455
1406076183
1380926965
1376769013
1376227989
1376227989
1912705973
1916834727
1925231015
1925227927
1656923279
1648536799
3791829119
3791886383
3808598061
3808602157
3775310125
3830886189
3763783484
3763814941
3760014141
3760005991
3760006119
3780969447
3813475054
3813491294
3787805194
3787773450
3771006475
3771001371
3762350619
3762313819
3779091147
3808435850
3859029658
3863218106
3863220394
3871682730
3867619498
4001837242
4018614426
3985010894
3985042510
3985025039
3969296661
3973495572
3973495572
3965164304
3965181712
2081641232
2081624368
2081501489
1947349793
1947349793
893583649
897581361
931143939
394342403
394473475
394452995
931308739
932350083
663980419
670402967
653630359
1718663839
1714469535
1714467579
1713410667
1713410603
4012024619
4012041002
4012056874
3848339754
3831562746
3831693754
3831698874
3840281018
3836091322
3836156858
3836033434
3852798347
4121246859
4122223755
3585368523
3589648873
3613761897
4150632733
4150768925
2004333885
1735638309
1735506981
1735506997
1729213493
1729344533
1729278039
1662185683
1628623011
1628571043
1630735779
1634733475
1643121569
1637878449
1621179024
1621306000
1621174928
1637887617
564145857
601892547
593503955
593501683
559955187
568343667
568343763
564164803
564181059
597932099
597866563
597866754
601995778
589339154
589339186
589339186
572759330
572691490
572690466
589475875
1629736993
1612902432
1612870688
1617315872
1617316129
1693387379
1710099074
1743653506
1744702082
1861686914
1851069058
1850741394
1859138275
1790980449
1804607584
1771053168
1754276944
679554244
679553220
683682241
679500225
948033619
964795395
964932611
1019457539
1006809347
1006809345
2080552161
2101525729
2109905073
2143455361
4139944129
4132604353
3860106593
2788470561
2788468259
2788664871
2792859174
2952062502
2918514214
2910125606
2910117398
2905921334
2905916199
2905981735
2939539765
2904912181
2909040693
2892234805
2892303477
2892372055
3975559383
3975293143
3987877078
4021499078
4004655238
4002549958
1859522758
2128033015
2127898087
2144677367
2111061981
2111643389
2092906237
2092906189
1035827149
1069348173
989633625
981245033
981249129
981247083
979149867
2053013531
2048819227
2050933051
2034164030
2017386846
2021577086
4177446255
4173121006
3902598654
3902582238
3901729631
3901659519
3905850751
3898461659
2820469979
2887545019
2904379819
3978236331
3982427819
3990816427
3990701723
3973867145
3982255817
3982288715
3883724058
3883727930
3883825182
4160125214
4160118030
4160114462
4160571166
4126949694
4126695726
4260913199
4261015597
4258918460
3185172508
3176719372
3038297164
4112095452
3843725804
3846871404
3855260013
3788164573
3821651405
3813167581
3877188015
4128970159
4128966575
4133162926
4274723502
4274592414
4291631814
4292622918
2044014086
1490494982
1488397830
1488250631
1486136597
1503437876
1541186612
3679302677
4212102213
4211842117
4211784823
4182420519
4182424615
3108673583
3108685951
3109800175
3118029231
3185253806
2648311734
2631533238
2631602867
2631471795
2623017649
3698881200
3563644624
3580471120
2540354816
2523577600
2519375104
2519633156
3056438548
3056377636
3044912679
3035540014
2767162926
2766966310
2766968374
2758578998
2754400566
2754335222
2754245073
2771276208
2804875696
2804875696
2771325392
2775519729
3857528179
3857530163
4122949906
4122814722
4160514306
4150062338
4133352770
4133392707
1985909187
2130084305
2129036369
1852214272
1864866816
1731181568
1731046449
1731044385
1731047713
1731055907
1735381347
1735382354
1735316930
1701823954
1701692914
1684856034
1684855010
1684855270
3840768486
3840770038
1710053238
1701655382
1701392726
1684545878
1684547043
1625898979
1621695393
1621691312
1621826448
1739274624
1743662976
1726883712
1994786432
1990591120
1051935376
2125525716
2140201508
2110826276
2085666092
2083580196
2083711781
2014505509
1750264423
1749208791
1757660871
1807831747
1791218387
3938579427
3938513377
3938514273
3938516321
3930095457
3930095459
3946868583
1799438183
1766006630
1766006134
1766014038
1774419030
1774451830
1774296086
1807782918
1807791110
1791079430
1782821911
1782823999
3926105151
3942882367
3976378423
3959593015
3959594022
3960655142
3826437414
3828698470
3765259746
3782038962
3782170002
3823984051
1676496049
1659886737
1660352704
1660352768
1660418320
1667624240
1634070288
1697115904
1831331600
1814324001
1763984165
1768161581
1802306041
3933012475
3941413370
3941154234
3937090458
3937024730
3937082074
3953729226
4172818058
4172883593
2562338504
2562330568
2562395100
2552761324
2552770476
3677890252
3673756364
3669557917
3667735214
3667665838
3671859622
3392947366
3409725670
3374237894
2300504134
2303584270
3385699598
3653939997
3650785804
2577043980
2576986684
2644022892
2681769700
2675476900
2654505125
2654505133
2654653597
3745136837
3711570373
4236120909
4244525885
4240376637
1956388221
1960585389
1968973997
1964468653
1997986191
2002175887
2010497679
852787854
851751854
1926471726
1920114734
1914744886
1915011078
1931796487
1898374183
1948708391
4108773927
3837184759
3835154055
3834416791
3851200183
4018975477
4023226973
4283228973
4280049965
4280033325
4013891631
4013830187
1732117626
1701709978
1827539355
1018837643
1019087498
1018964618
2096918154
2088018570
1545896778
1575125290
3718480170
3751846186
3735068975
3600851717
3601179421
3589779757
3033956396
3034483948
2967111912
2969225464
3764951448
3760765368
1647024520
1646981257
1648259209
1646002315
1646002346
1646145706
1658741167
1669733871
3817151439
4068748111
1921788687
1401699077
1369337617
3567134481
3569230624
3573293856
3698877217
3699036929
3699032577
3693790913
3425688195
3476015746
3459222146
3731737266
3597426338
3597410978
3605799622
3534554079
3534688745
3534495976
3534497000
3547080904
3492559033
1345063337
1346177451
1346244490
271852426
821314442
292606362
309502410
1383247882
1390583050
1390520618
1386523438
1386523438
1387050767
1995346701
4142825804
4134175212
4135235820
4131037540
4147817732
4148076292
4114386481
4097631779
4097663842
4097782242
4097049058
3023307938
3026586786
4108717266
3567652162
3567656706
3567592963
3567543825
2629068560
2629625648
2382165296
2407517488
2386480976
2390675264
2390646592
3472713489
3472451441
2394437091
2398631074
2398643362
2386066610
2654723202
2654639234
3694834626
3707413059
3703550721
3703406853
3702816805
3697601573
3710183463
3745335399
3745385446
4248701638
4252913350
4257171142
4257043014
3720143686
3720143174
3724337414
3713851767
3697045863
3692836325
2623291365
2623422180
2648596196
3722333892
3722432196
3755853508
3755849541
3613176181
3615012207
4147750255
3057230959
3057235199
3061560543
4131041485
4147835085
4152021468
4152018412
4160638828
4159639341
4134279981
4134288695
4130090294
4134417718
4134408534
4151198662
4159390594
3723155074
3718964098
3702178691
3702096336
3702059360
3714638112
3576226596
3576456996
4113459748
4117654052
4110306165
4105522143
4103344014
3566474638
3503571358
3495186862
3512201390
4049531310
4057911758
4093629774
4093435167
3556568367
3547131199
3542908191
3542971679
3543077151
3546682175
3556115263
3623224639
3618971423
1440038783
1440030207
1423252895
1414870923
1414796171
1431585179
1431622585
1440011192
1473295208
1473294648
1431352616
1431350568
1431431464
3579046171
3586316554
3586312458
3309455642
2403798330
2403664698
2412577594
2408477214
2408505918
2374361710
2374280173
2290393516
2361689276
2370143388
2365706396
3707990200
3607507160
3607503304
1460021000
1461590792
1428060984
1360853288
1377364025
1377347593
1381538827
1381793802
1380745338
1389330666
3532583146
3264094442
3264094442
3234740202
2162036478
2164065822
2158957086
3232707087
3232571924
3232506404
3232555556
3228336428
3225191484
3225262172
3491739740
1344186700
1360968140
2000599500
2000654221
2000459423
2000458687
2000475070
2000638894
2000040870
4143325670
4139197926
4139195734
4137102662
4136987654
3604280338
3596416066
3596476486
1465893063
1465762021
1465442532
1465513444
1467645908
1442732868
1475234304
1383009040
1383872821
310127653
310125623
847192119
914292759
931004439
880673222
343868050
1425884850
1418578594
1417960098
1422138018
3695459042
3695196786
3716300338
3749848882
3749912850
3716162832
3717233952
3700477280
1561626720
1460964576
1980140740
1980146884
1980146884
1980148868
906340772
637921701
587664301
537332669
1615269772
1883375500
1887585212
1904403372
1905304356
1923129908
1927325188
1390456580
1386454019
1403422754
1407633442
1395542050
1429096482
1429096562
1463709570
1602152066
1587987074
1453835138
1457897794
1450034194
1451095331
1476193825
1438412321
1962763873
1887311557
1345980359
271254983
288033958
326700198
329006254
1922837678
1939615114
1368161674
1423955850
1423900362
1419701978
1421762298
1436305390
1474045422
1457266862
1456746670
1423323303
1419137972
1418875536
1418904256
1416675920
1278273056
1278256672
1278272768
1278405891
1328736514
3463895314
3736509234
3735001890
3735002390
2661004614
2660991366
2660991383
2660864948
2522403748
2520281772
3593994924
3527018156
3527282348
3531488680
3531352296
3539740888
3260819529
3277143051
3226874891
1087766539
1083572490
1083491098
1083478574
1083478827
1084004139
1096588587
1125943595
1377798475
1376688459
1913628939
1913494794
1645187866
1661899611
1628087163
1661510633
1661502440
1644728236
3792275885
3792427502
3792329198
3792336974
3809093726
2701796654
2757374254
2761573182
3835351646
3835671381
3852251604
3887899860
3862731980
3861678284
3861809388
3861834220
3862883308
3883802332
1744768719
1642010254
1633432478
1616651174
1616716710
1893401590
1889211350
1889219159
1889089047
1956146950
3520653574
3545819142
3524823062
3524982790
1377465606
3529114374
3556377174
3585802982
3501789924
3500700396
3500701420
3497575924
3491268036
3490362572
1879745740
1909124300
1909094588
1930045628
857352380
840644764
840636813
840701373
861143999
831722175
815002366
880849454
880849446
343967270
348171030
339781894
469936130
486713347
201512961
201475328
1279656704
1281229664
1146819040
1148920800
1105863296
1122648704
44761729
44635859
44832466
49034674
58487970
54289570
1361044626
1364107394
298680710
311198118
315393254
315393063
1380957213
1381935132
1400826236
1395534332
1395531677
1463681949
1451164607
1455363007
1453134779
1453073337
1453074408
1476160376
1417542168
1349311000
1357704728
1357173256
1357173275
1348763946
1411874858
1412608042
1412686894
1427236878
1427339278
357697806
366348622
332807519
400437759
396169599
400294751
366883647
98439997
73148221
73149247
68479855
67415023
67148718
67142558
121734030
130188175
130192263
92447525
75735332
75736356
81176868
91666741
120490015
1194235918
1445891150
1445825742
1467778222
1475982767
1471915949
1455137468
1459331740
1450828476
1446568876
3594019244
3593101740
3593089516
4125755372
4104720380
3567795932
3567812188
3567812317
3702288365
3702287855
3756946535
3756917799
3756983587
3450668307
3433563394
1290282242
1277699106
1277697058
1210647586
1211761954
138020162
200959874
180002434
178883202
1256754578
1324322194
1320066178
1588507778
1587523730
3751322786
3586696357
4098418092
4111083196
4112123548
1949958908
1881801320
1885931368
1886129400
1894521928
820787528
816192328
834030536
871690185
846521737
842317961
842387609
842461369
303231467
299004907
278020719
278101590
280062534
11561558
32516951
66071539
41104881
34738641
34750913
55734593
57856257
31490321
14721315
274834711
270706695
287488023
288405543
286312751
353683757
1426443037
1963122440
1967302168
3850609212
3984765500
3984765484
4018184748
4018184941
4022380207
4278236846
4261746350
4261808046
4128638126
4128638126
4143842478
1992166654
1925060678
1908221957
1354557444
1425975300
1416539460
1416531908
1416468180
1442681572
1451086501
3596473057
3592278565
3592410933
3598274085
3613919780
3563596324
3563792972
3706334925
3703183263
3703112110
3703046318
3719841006
3724067886
3710436414
3559427086
3576343823
3576344333
3576343308
3609831965
3613981295
3613941758
3619386878
3619320302
3619320302
3552231918
3550265822
3546082814
3540814319
3507329527
4027492741
4028279941
1884202117
1892581509
1909244053
1967972583
1998348775
1998545255
1998463271
2004747046
2012545814
2008297743
2010397967
2010609935
1968634127
4111919437
4235652045
2096557773
1958068941
1958531801
1962697465
1960583787
3570934315
3570934570
3562603818
3696954410
3698927642
3698862154
3698879566
1291412814
1287308622
1287569870
1153429983
1287495911
1300226277
1295933637
1195266501
1195263941
1115299556
1119824548
1118645156
1122765708
1114377100
1110377869
1110381471
1110381214
36656062
334287342
1403826474
1370267946
1370268984
1353558296
1353689368
1362016536
1362016520
1395563784
1396606280
1381860747
3536683450
3603861930
3594954218
4128744938
3055004702
3071716622
3881217295
3891707405
3887511053
3851850269
3990651437
3978092847
2887528686
3961262318
3829207214
3829269678
1693319342
1689125310
1689125597
616378968
547103240
815538696
1885102600
1359784456
286243096
286034184
319588616
870222664
870222792
328173448
1401783178
1401914346
1406046570
1393471786
1930080554
1929945102
1934142478
1942796302
1909430319
1900976173
1896790109
4044268620
4078855244
4080992332
4080862436
4061992292
4066127460
3549965860
2442790404
2426013191
2157584902
2157457958
2157458286
2156409326
3230148014
3230150026
3247180170
1099254186
1136744874
1124161979
1125349771
34766217
33797512
318875016
318809480
855684553
570524953
575898907
578004027
576824379
640001066
640019514
641154106
740177947
739142619
743373497
747539193
748464841
747940425
747945481
613450523
634421563
621838655
621850671
620797995
755032106
755109994
621941994
1683098730
1622346042
1621494043
548813579
548678153
565455369
1672821256
1677659656
1929314825
3531408139
3537711402
3549376810
3280806254
3247186846
3230401422
3230401466
3230450602
3229910955
3297024937
3289422216
3425810824
3442719112
1328724424
1595057608
1578279240
1577296136
1593946408
520524589
524726845
1599010333
1582247549
1582050925
1581854447
1583234543
509480175
1591168223
1607713999
1033012302
949134414
2022809662
2026939694
1749066798
1744876590
3892360238
3892360254
3892491294
3976377654
4009939749
4022485604
4001825636
3885236524
3839098908
4108066829
4041092117
4041095477
4041087861
4034730581
4034730740
3523041988
1388102340
1388069316
1389707268
1179078708
1447383087
1455693870
1434938666
1552312938
1557326442
1481870027
1479576201
2016448201
2066777801
2050011850
2052104554
1778491434
1778556970
1778556970
1845673998
1845739598
1711464655
654467245
620897444
537136292
537140397
541470655
550899358
546768542
549260942
551304846
550776462
566554302
579184558
579318106
579109131
580681993
578662408
556573736
539798568
539945196
539637900
539625613
540609935
544147118
832964270
866588334
866395662
866395654
329526790
333719318
333784854
312877830
312873751
313918325
327484332
327421868
285215660
16796584
285264777
386132873
369338827
910337355
910401995
381788539
515940649
507618601
507751725
235051037
234993693
235190333
503823421
503755831
440841239
1485222983
1485217222
1485998982
2022804146
2026945186
3892357858
3892358114
3892357634
3909134850
3909271058
3909269042
3892483634
3960914722
3962847522
3833332775
3770420324
1639713020
1639913692
1642997980
1634347084
1630157596
1667893788
3820883469
4087223822
4086117902
3549177422
3549169358
3280733838
3247179422
3247298222
3246692015
3279994541
3260063620
3324098948
3325278612
1175697588
1443085444
1443013828
906142789
889363469
604149775
738367759
751209007
764775215
786213167
772596767
772562955
772550683
772681963
738603178
742785706
747767486
749979326
747734718
746626710
746629766
746629703
750823429
738441236
788707332
1846721536
1712489488
1712504865
1731330081
624295971
611778867
607335187
611328611
618661603
614469283
749734563
1032002179
1971399299
1434462851
1199581571
1182928257
1182926209
1182925187
1182860275
1183851427
1183868839
1187047335
1195419567
1191229342
117674910
117604750
117539215
352363999
352429343
353611031
393459991
392361989
509769741
505546780
505550861
505560333
506594565
1515259703
1607525166
1552982830
1552982574
1553179214
1552126670
1551925934
3699418799
3699422885
4102143653
4098014885
4093820837
4111893989
4113990677
4047429893
4080984325
4080460557
4080416269
3811982927
3812039679
3799325162
3803453546
3818130474
3818128395
4053016587
1909727497
1886724411
1349988651
1348415786
1348272170
1355547902
1355550110
1355636126
1372576158
3549420494
3549297999
3265264911
3269453069
3260933405
3256738095
3261047087
3536753127
3532030375
3531899301
3531899301
3527706016
3540358576
1359406016
1343644416
1343628032
276169008
301731876
297546788
335297580
327034957
394144141
360582029
346950287
346295946
346047130
351326890
401642410
382907370
382902570
382837034
516992042
508602426
508688411
525490185
487725321
475138509
475136909
475136911
483590847
478155438
478176174
1551935470
1551936374
1573173526
1565899058
1558030610
1556000002
1421513986
1419416832
1423559984
1410873376
1345919008
3543795744
3527018800
3531213056
1385832193
1385702915
1384654369
1384654369
1133004325
1368182333
1368166269
3511525357
3507339247
3507337215
3507075022
3540629134
3540629134
3540762318
3524001487
3544906719
3553262061
3519687844
4039845028
4107874708
3562738316
1409954444
1409888904
1544304281
1057229755
1040451691
1044777003
1050032154
1066756106
531948554
498380810
500531658
491094458
491037102
1598333350
2135204775
2135012273
2135077877
2000851316
2000851252
2001895484
4151722008
4113833016
4113836057
4097128763
4101397290
4110338794
4122987162
4156081802
4156080778
4139287434
4139422139
4143620585
4151960041
4135118828
4135348924
4135529116
4152307357
4148115101
4111929999
3843490239
3763454191
3773878511
3772812413
3772811533
1625336333
1612818957
1629665807
3810719247
3810677263
3794010159
3815505967
4092331053
4054590501
4037946373
4037946375
3501075927
3502128807
3516665526
3280223878
3267681926
3259412358
3322129366
3591416614
3591416358
3526405663
3538986509
3534856716
1387500364
1381103588
1377114532
1912998308
1929775525
1897822629
1902046341
1935582405
1652405252
1652329492
1651293204
573348916
573344820
590261269
539917319
539892806
539364518
539364518
543428006
618993318
615857846
614280846
547106510
549203535
821833229
812910141
813004317
821491277
814999516
831841725
830516669
864074173
310479263
314743199
840080831
1914097071
1377223934
1396168014
1399192910
1399189294
1382526510
3526278702
3526270495
4067401229
4071466772
4138509108
3517756196
2495578372
2495528965
2497605799
2484613295
2486699182
2486895790
4113434030
4152245918
4152257166
4152158926
4135365583
4135369551
4135553567
4135226910
4135233038
4131037710
3056124430
3056095806
3207094574
3173590118
3161068774
3165261047
3166309760
3569032656
3585619440
3619161136
3611034640
3610063889
3559795713
1546528787
1546529027
1555958531
1555958592
1285098432
1335373248
3461882080
3322438112
3322639264
3351954080
1436271264
3566789281
3700991670
1553508326
1566111590
1461437742
1461634334
1444826122
1377708042
1377380362
1918376026
853215482
848971195
379306905
1452860040
1469637320
1473897208
391833193
390851369
1460488491
1460603162
1561200986
1549149514
1549165514
1557590734
1556251358
1551938159
1568711212
1602265900
1589948764
1581626460
1443279964
1460057308
1427035388
1947131324
1947130349
806243311
810437630
819350222
869686982
385245894
377414470
914346246
908968222
913096750
938009645
883534117
883596052
883596036
2087362048
2083038016
2083038160
2084086240
1815716065
1844105697
1877659379
1877625538
1869241026
1848203986
1848146662
1852338150
1860707814
1860710638
1856508158
1873285310
1873350830
1839821997
1844176316
1844178844
1877732084
1869216500
1869150804
1869150484
1734990101
1730791703
1730792727
1730923830
1730862886
1743445606
1739230823
1739165301
3853033029
3832081924
3827885636
3828082276
3827986020
3832183660
3773434860
1642597324
1676151244
1676155340
1667971420
1667906908
1667904797
1676350781
1743263023
1709718846
1843928406
1869094214
1869159878
1852512438
1860917414
1856690342
1856698550
3937122486
3953900999
4222269121
2041291264
2036982272
2032738820
2032673300
2032674348
2016098412
1760217324
1756006620
1756006541
1772849292
1810409612
1781048568
1782091816
3928588344
3928657961
3928678699
3996017454
3979215406
3962438190
3975021166
3970500538
3970436537
3970436312
1823088072
1823089992
1772823304
2046566920
997987080
991691065
975119850
978988474
989478298
465178010
1537822602
1504235402
1508419034
1491641723
3634929977
3635127145
3651838697
3685393144
3668620008
3673801385
2587411115
2587383466
2603154538
2603277354
2570765354
3120447754
4189987338
3684639434
3684180699
3684185513
3686274217
3656912041
4163456232
2016054280
1747622920
1747627016
673950472
694724872
711502904
707306552
1781104696
1781104861
1781239999
1781158062
1797919662
1768558254
1755975350
1873481366
2125144774
2126062151
2125996815
2130190605
1593316397
1559960873
1558853961
1558870345
1558890953
208178571
205034939
1282990507
1557717993
1553679341
1486488173
1488659069
1509630543
1241129807
200942411
451561227
1516949467
1517919723
2050533801
2048436649
3927485065
3927490185
3927488137
3994583705
3996680953
2921959995
2922025515
2934625066
2779324458
2762481710
3035312166
4100587574
4100587599
4100587599
4100594765
4159203373
4138268716
4138375244
4138645708
4268529869
2116847501
4281107133
4163797663
4168016574
3899319022
3899351910
2842239527
2842370615
2842371603
2850582055
2850614823
2843273781
2836982477
2858265036
2865601676
2861402316
2928641276
2928575580
2932768780
2925442092
2790973485
2788868142
2788769894
2788770022
2788688038
2939814326
2893680262
2902067854
2897943198
2897836766
2830723606
3102240262
3102238470
3111674630
3178783014
3187372334
3187216687
3185055215
4292425103
4148899215
4148901277
4148762045
2001277117
1984499897
1917391033
1925931145
852255945
852249609
308037641
303843353
322840601
272509387
275656649
1357778568
1152255624
1152845468
3300135676
3299926572
3232809516
3232813613
3231752751
3299123758
3299320110
3299130470
3303311526
3291269286
3292055686
3292194951
3292457093
3577144708
1446437844
1459012148
1475850768
1471459857
1437901347
1437901346
1437901090
2004325410
4130774050
4131293202
4131031042
4131032131
4130063683
4146653127
4113131223
3026941614
3035317934
3031123631
3030995887
3047715327
3047715305
3085460777
3060489528
3061481240
3061529113
3061529113
2524659263
2541303359
3580364062
3496477718
3505001494
1357513810
1357513794
1350238402
1345876098
288923795
859480961
861582977
580816513
579635617
579639521
571258977
571272307
589180098
589180098
557722786
1635663522
1621888678
1621888678
1890392790
3501992518
3501468166
3226757638
3239860742
3238885910
3276795394
3349066754
3315504129
3317335088
3317204000
3454571744
3441984672
3710555312
3744109952
3744372352
3744372352
3744368256
4285390483
4251844339
4260133411
4243352355
4243335458
4243471362
4259984386
3723169795
3715698771
3715633267
3694669939
1545217091
1549414146
1289357826
1217989138
1220098578
1220028962
1218981666
1218979090
1235873794
1273737218
1256952130
1248564162
1248432882
1256756962
1239985825
3370692256
3370692256
3362317984
3374962592
3391800752
3660234896
3664429440
3740004753
3740852657
3736659361
3738756257
3738758309
3730369717
1578761365
1444871365
1446923333
1463704917
1466246525
1466249581
1399927277
1400066557
1364414941
1901581789
1908782573
2005186413
2006234925
2006226237
1996271645
2004660255
4114543647
4097766718
3560855358
3558739510
3697151510
3705478775
3705419383
3700172759
3716425173
3754259925
3737474517
1581732293
1581666767
1581674959
1581412815
1606571359
1438649727
1413495082
1413490986
1430268202
1430470506
1472411642
1338184394
1338442446
1329992590
1330000798
1296381358
1301027886
1233665070
1233660973
1268274476
1268303132
263841084
258578412
254314412
238587820
238590892
236501933
504998319
505068974
505066750
371896335
371961861
36283396
36494353
1093093425
1076238337
1076247299
1088817666
1084623410
3232631346
3233752578
3231457794
3231457826
3247190307
1103938023
1091076535
1124700573
1124700573
1124970889
1125101705
1393398921
386505865
1426700425
1426766283
1426766283
1426762187
1560997835
1548379003
1549406941
1154089549
1149895197
1149960765
