1372326943
1405946895
307054079
302896557
1376244661
1376228245
1375966133
1916834727
1925223335
1925227423
1925424542
1916972446
1644411102
3858929790
3875702831
3875711023
3843205421
3847400765
3763767100
3763782428
3759489852
3759501869
3760136749
3775869549
3779920495
3779920447
3788259851
3788293643
3770992139
3771006475
3762612763
3762616859
3758414346
3758381579
3758430747
3775142457
2701466473
2739214441
2748267625
2995729529
2995728505
2458857563
2190422091
2190221402
2190217322
2206993518
2211208038
2211281270
2177726806
2177857910
2177857910
2169469302
2170517846
2172615494
2172484422
2172484438
2172516695
2172516727
2172516727
2171451895
2171451863
2205006293
2205006229
2205006260
2205006260
2205006228
2171582868
2171599252
2170550676
2170485204
2178857460
2204019108
2203756964
2203826612
2203827589
3259743683
3259865298
3268262130
3255679010
3256662050
3256130610
3543512258
3510019523
1429382785
1411561089
1425245825
1416736178
4099009698
4115720354
4115720418
3050334562
3086052147
3085987377
3069210165
3203427892
3197132340
3213909552
3717230384
3704712976
3696450865
3692184883
3558016243
3574809843
3608374403
1460858243
1448275329
1465028481
2010287745
1978764945
1978705891
4126188899
4050691362
4079071026
3810721282
3793946114
1663112738
1663051298
1629496870
1625294630
1621364022
1622476823
1622489092
1639245828
1672784900
1649710084
1646035020
1661895628
1628341892
1615759028
3771702951
3771514854
3763121638
3758925030
2702042342
2735661538
2736677794
2740852402
2748712626
2750875314
2717194130
2717201810
2717201875
3051828563
3051695367
3085200647
3085199637
3069565233
3065367568
3063780352
3084693760
3076301060
3040272900
3023499844
3023454804
3052815972
3048490599
3048488430
3048484078
3044288766
3040114938
3040237786
3044464846
3086146894
3079833357
3063001860
4140868356
4132479268
3054543652
3054679584
3071723024
3040267776
2973158912
2977779472
2977713440
2977715488
2986108192
2985255217
2985186065
2963948115
3035185906
3026745074
3043524338
3077177330
3077298642
3060521154
3068918978
3077176402
3077104755
3043619955
3043687761
3035291137
3035291137
3035364881
3051945761
3051941985
3085463649
4150816867
4151971923
4147785794
1966740550
1949965142
1954224694
880359974
888748582
817371710
834147854
867967246
917250058
917241962
917254254
648806766
627964279
627964279
627964279
627964279
627964279
627964279
627964279
627964279
627964279
627964279
627964279
627964279
627964279
627964279
627964279
627964279
627964279
627964279
627964279
627964279
627964279
627964279
627964279
627964279
627964279
627964279
627964279
627964279
627964279
627964279
627964279
627964279
627964279
627964279
627964279
627964279
627964279
627964279
627964279
627964279
627964279
627964279
627964279
627964279
627964279
627964279
627964279
627964279
627964279
627964279
627964279
627964279
627964279
627964279
627964279
627964279
627964279
627964279
627964279
627964279
627964279
627964279
627964279
627964279
627964279
627964279
627964279
627964279
627964279
627964279
627964279
627964279
627964279
627964279
627964279
627964279
627964279
627964279
560854391
560837111
560837047
560837049
560837049
560837048
560837560
560840376
560315064
589675192
589413048
589561480
589461128
593715851
601907626
568418538
635559978
635543610
627154955
627159305
627151624
627151384
635540024
635548216
1700901400
1700889113
1835107898
1835372394
1843759274
1840220330
1706006682
1709685898
1730655370
1730654346
1730367882
1730286010
1730290603
1730290603
1742873002
1738614254
1738550594
916466690
379595778
111160578
111230210
245577474
245510914
262337282
228757760
211980544
216433472
208568960
204375684
204443284
70241948
86466184
86335128
387979240
929047785
929064043
669049962
635495450
635539467
635535625
627147288
627147288
627151384
627155496
1700897323
1700898346
1709284650
1709542634
1705478314
1739032762
1743764618
1731179914
1730655114
1730663306
1730302889
1730294185
1730290089
1700929961
1709253870
1704995842
2006985730
396438786
396442930
111230226
111227138
111288578
128332034
61260035
28213504
99320064
74154512
74159636
74030652
3775032
3775000
356040216
356052520
892921704
623691112
627884521
627884537
627954649
627954523
627954266
627962458
762311546
761787242
761767786
757446090
1835376010
1835375754
1843764410
1873263802
1873263770
1868805258
1864610186
4012093850
4012020666
3978490794
3978437546
3982631914
3982637034
3974303542
3974306582
4242746130
2090937602
1554001154
1571102721
1168515072
1202073600
1202585664
1206534336
124502144
124486080
124490448
124493332
90806812
90815000
355068472
388558376
925427496
925693224
661438825
762102267
762171867
770560474
770560890
770560874
762180458
757985898
757441114
757446346
757439962
1843764410
1839700138
1873262762
1873263754
1864873098
1864872330
1864602522
1864537002
4012045226
4011991466
4016185770
3991027178
3974306174
3974314262
4238551302
4238552834
1419847426
1437016834
1168519491
1135480961
1135476864
1139475584
1097550976
1097817216
1093663889
1093623251
1092973875
1126457638
1122001702
1118839598
1118844715
42995560
59771816
55581096
1091582376
1125202313
1125326218
1125320074
17973642
57926106
65070058
329294698
329556330
296067432
296198632
279290232
270902136
807502360
539197960
539145736
539212312
589466152
576891435
576891451
572779211
572530314
590348938
825230250
806551722
1351757994
1351753966
1370558470
1169170434
1168121858
1201856514
1201840386
3349324034
3483541763
3483799828
2415363868
2380238364
2648484392
2623318568
2621213224
3022818856
3039331848
2804650520
2787881512
2787873322
2787886122
2787728490
2787843178
2791972058
2938778826
2938778826
2909418586
2913613418
2913629930
2913695386
2913527433
2779311753
3077107336
4079603368
4079622056
3811186600
3811456936
1664033688
1663378824
556017048
543433980
819995732
815928323
279057411
10683395
10748947
10748947
10908675
31872003
23250179
56788226
65188674
45257475
45257475
43102775
1116774957
1116775976
1118875176
1118871080
1387321960
1399905000
3509706408
3508651416
3508650392
3512779161
3521204635
1407279546
1399022570
1399022442
1407444266
3550735674
3517164602
3517033514
3496066106
4028732426
4028731658
4028740106
3777147402
3815937626
3824326378
3813908203
3809705641
4046536365
4029745069
4028827047
1881354406
1893933286
1352863986
1369899074
1403400194
1118183426
1118724098
1118756864
1118675984
1140630832
1098757936
3242106372
3229521412
3254683140
3250554396
3249833512
3516176104
2446630632
2438241960
2434129576
2436355752
2436363928
2473382600
2456613576
2456580696
2456647208
2456778539
2465037610
2481781802
2444090426
2427313210
2494551514
2498204106
2489815434
2976223674
3009909162
3009860010
2993840539
4080231817
4080085384
4046530984
1882270124
1882400988
1882401869
1617110021
1621278740
1621262356
1889972224
1890034432
1906676224
1911849476
1901363772
4078420540
4078048825
4082247977
4082116648
3018852392
3019245592
3522566344
3518325192
3518259849
3517203098
3500950442
3572301994
3564056746
3307675882
3341165642
3341181962
3613844490
3622607882
3618408489
4156336424
4156336952
2818354696
2809962056
2805760584
2804712056
2805891688
2789118568
2722030185
2719375918
2721395494
2725511526
2818310242
2817327202
3085702386
4159192274
4159322306
3622451394
3622447554
3622444994
1207766722
1207711698
1203511730
1170153858
1169838466
3300639107
3300496308
3568936628
3573131996
3573390076
2424093420
2956765932
2973544168
3007116008
4080816872
4079747819
4079223786
4083417194
4058251306
4054264874
4054198298
4054198282
2515986442
4126582794
4126452490
4290035210
4290544330
4289495706
4289233578
4159406761
4147016616
4146471848
4112654776
4112654508
1881285804
1903307948
1907435708
867182797
313583815
313567239
49462535
40015109
1113751860
1114013984
1130816304
1130553856
1373815300
1373880836
1348555324
3496046124
3563186728
3563321640
3571829032
3572812600
3572821512
3589595848
3623142043
3756278442
3756262058
3756331178
3756470442
3748016298
3748029642
3580292106
4151814154
4160534585
4154309160
3885805080
2818354696
2809960008
2771944024
2770895401
2804581161
2805920043
2805887275
2755010847
2692161895
2700415463
2696151462
3031238055
3048016051
4138539155
3534633090
3538823298
1382952130
1114584131
1114378355
1139019875
31858707
31858951
82186503
74908437
74778429
74526524
208743192
209013528
502581800
536129144
519349976
519864968
510427801
510624442
527078058
493806506
476930538
1013735530
2096981050
2097085466
2097063963
4241926424
4157975064
4134844936
3061616136
2532082248
2527625976
2678637224
2645250729
2628399786
2632590250
2632458410
2632457390
2229799086
2230261910
3295553670
3223726214
1076243590
1126593669
1110601860
1114792324
41083780
41001620
36807396
35894884
1394771484
1361284620
1361095484
1902160172
1902165288
4083191592
4084368904
4067598856
4065501720
4065456685
3008385583
3008366382
2438399270
2440436775
2448765991
2482451478
2545288194
2545299714
3351126274
3355390274
3321696338
3321692242
3305050326
1149186134
1149186335
1149179659
1144856075
338968091
355741227
354690859
358876971
895746315
904200523
904347851
897012987
930475243
930475179
930456987
930452874
937787786
937787802
669487530
669491626
669427114
1734782122
1730657450
1713478906
1713611994
1714593882
1731391514
1731342634
1731338538
1701978922
1978871406
1958158063
1958152949
1419059140
1418997700
1418995648
1435972544
1171673792
1173766977
1173832643
1173418482
91283810
91386163
91357447
124913415
123805207
392505919
392440365
392178473
392178985
392181017
400556296
920912136
385106200
376717609
376825129
930211179
930194939
929072539
904168858
904168347
1973781401
1973855160
1978050472
1969663912
1969729513
4116743929
4158699131
3890455322
4158828826
4150452266
4147535914
4114033706
4097194094
1949702270
1414928854
1423318977
1356138176
1351889600
1083519552
1100427840
1104548416
66470464
66507328
66516544
66569744
66569777
49628725
49618485
41172783
376713007
372518187
389293355
930361627
930349321
929300825
895762777
895829369
895974891
895938027
896003514
895794586
904168842
904233354
636977547
636986299
636986283
627287979
1701027755
1831059370
1830922154
1831052282
1832035098
3979534618
3979501866
4231144491
4235339823
4243724333
4239526205
3700825349
3700766277
3700695621
3717558993
3717681889
3583497185
3587490144
3579101552
3612733760
3608600832
3591779073
1446381063
1446448694
1445281326
1445281582
2011438442
1973687786
1956910298
883163275
887374217
895829448
895960856
891715384
925265192
925295913
929293433
929083595
937460107
1977975195
1973781433
1977990824
1961212648
4100430440
3831740984
3827542556
2754848276
2754847252
2754802231
3023237670
3039982119
3056730659
3061253731
3069119425
3064928704
3064740000
3064757408
3047974052
3031229829
3035490190
3023896238
2955730598
3005598630
2988886454
2724650374
2724624261
2988843972
2988712580
2988712636
3005294508
2959219880
2963410088
4037019816
4037023912
3500158121
3500156153
3231789259
3235918027
1105208330
1096822042
1130396474
1130437434
31537946
31669002
6503706
2561066
2424874
270860346
270865418
287597578
824986894
627964279
627964279
627964279
627964279
627964279
627964279
627964279
627964279
627964279
627964279
627964279
627964279
627964279
627964279
627964279
627964279
627964279
627964279
627964279
627964279
627964279
627964279
627964279
627964279
627964279
627964279
627964279
627964279
627964279
627964279
627964279
627964279
627964279
627964279
627964279
627964279
627964279
627964279
627964279
627964279
627964279
627964279
627964279
627964279
627964279
627964279
627964279
627964279
627964279
627964279
627964279
627964279
627964279
627964279
627964279
627964279
627964279
627964279
627964279
627964279
627964279
627964279
627964279
627947895
896382327
1030599157
1030599093
1013821885
1013821887
476951999
476953022
1559083454
1550170558
1298512318
3445996022
3454467526
3489035590
2408997158
2408849702
2407884646
2408015862
2413715351
2396934019
2262715795
2262158771
2262095269
2270486949
2270224805
2266026485
2234762621
2234640157
2233528093
2237722141
2246176317
2242115391
2243096943
2243154415
2245117423
2278870526
2270449630
2205514622
2205641022
2204593438
2204511502
2170959119
2171016535
3244754391
3241571799
3245794695
3277256071
3243738261
3244131477
3512042709
3507783029
3507795237
1360307501
1429531949
3581279549
3581408575
3581343039
3713462551
3713192223
3745763871
3745900159
3754290943
3754192607
3720702687
3720740863
3720871423
2647127295
2638730462
2638595406
2672117086
2403626302
2378444590
2378510126
2244425262
2240157502
2274821086
2275148223
2191311277
2193413292
2193401004
2197071004
3262416012
3258287308
3258351628
3525750797
3525746715
3542590490
1881583370
1885772298
1890503194
1891486234
4036549147
3499648283
3495436379
3493339371
3510116523
3610976687
3587847079
3582591909
3565684357
3565702788
3297368644
3294292484
3292457728
3291474689
3291409745
3559847281
3560751329
2501152949
2534711701
2521211845
2529601031
2530133522
2526858790
2528964134
2549935910
2481478958
2473280558
2456436799
2264547535
2258268365
2275095941
2244492709
2219325925
2149321061
2149452645
2164137812
2176722756
2176262980
2209628996
2213856245
2205471717
2270467047
2232726374
2231676710
2235935022
2370279486
2399639582
2399967262
2384239630
2384434254
2652819534
2669597134
2669605838
2647581439
2643256045
2643257324
2374790636
2378446948
2365851652
2216495108
2216561940
2155748900
2157848100
2157847061
2174550533
2208039509
2191262435
2195473379
2264699874
2222756834
2222765538
2220670306
2220734514
2220861458
2233382930
2518595650
3594435778
3594170498
3594186882
3594408066
3611177379
3586008743
3569172135
3569094311
3567001271
2492739205
2228497989
2222206736
2171875088
2171940624
2180198144
2209490432
2192733696
2192786032
2190525153
2190508707
2194703270
2186318246
2188412334
2255588798
2254674398
2250484062
2535697166
2535698190
2502092558
2485317902
2486362382
2498949183
2509697087
2543244349
2526346268
2532632588
2520021020
2267945020
2234386492
2217609532
2221805084
2227049996
2227114524
2226983452
2243695156
2277245477
2281439847
2247934959
2231140846
2231145966
2228533686
2220145046
2236987798
2383788438
2383853702
2383854790
2383848646
2383864007
2383552711
2379358679
2358452966
2358322918
2358257382
2358261478
2358249186
2362445411
2356154161
2366650416
2404395024
2396137472
2396138496
2391161856
2391163920
2412102945
2379515235
2363262434
2363264418
2354873506
2354689170
2350621842
2367337874
2400886678
2384108167
2384112261
2383981188
2652416980
2652678628
2652808292
3193348196
3193352245
3201741111
3201478950
2941367334
2886769702
2888875062
2888997910
2889014303
2905754909
2939563388
2922778620
4000780220
4269217716
4277482901
3203671446
3199477686
3200131766
2663252694
2680111814
2628575878
2628036230
2632298119
2632366733
2624031629
2619394989
2620419501
2620401135
2637246831
2641506607
2645778751
2628871453
2626743053
2626742789
2630924853
2647759413
2681396933
2664626055
2656260535
2651849127
2668626343
2534409639
2500988310
4124191111
4105185445
4105189541
1961891981
1969429645
1432448205
1432413644
929097068
895530341
891401589
891401557
622968093
622968093
622902589
656522559
1730329919
1730329919
1730329919
1730395167
1730264095
1696709695
1730671678
1730565166
1715339310
3862823215
3873048559
3868919533
3868792573
4154013405
4120585933
4120782541
4108089293
3571212285
4116512239
4116578287
4125093807
4158646207
4150257567
4150252495
4116628431
4116632015
4099797375
4099732783
4099728687
4124898607
4125095229
4124996957
4158551385
4158412155
4150018043
4112334827
4112457723
4112473595
1969192411
1969055115
1968468107
1967444446
1967518206
2001199614
2009523071
1439037239
1422163767
1423208227
1423343409
3570816273
3570812177
3564586449
3560293811
3610705299
3593923971
3598110083
1459080579
1454753169
1453650849
4142195681
4133806885
4150584111
4112900895
4113038654
4112963886
4117223462
4125620246
4126660614
4155987207
4160176391
4143927639
4150219253
4146008557
4146008573
4115083773
1975990235
1959214747
1959008923
1960053403
1414797978
1414802074
3696504762
3713807834
1610351626
1593638938
1588154410
1470750763
1420419097
1420534024
1420468508
1416206316
3560476652
3558640620
3574460380
3591301071
3594969422
4131831822
4064722986
4081434922
4091409706
4057849114
3516763915
3498807112
3502886776
3507017688
3575244744
3575310280
4112442840
4158567932
4158031357
4158112207
4158124494
4149580798
4149581806
4145346030
4111793518
4111789438
4145540446
4149671294
4141348206
4141183854
3067433758
3067548431
3075945743
3038715165
3025997101
3034406188
3030384428
3164444476
3181155932
3214714460
3197939292
3193749101
3189542437
3189605671
3189687335
3189137462
3191218198
3191219318
3178634470
3164999670
4238740162
4238740162
4239743682
4254393810
4258586850
4250198258
4246069459
4246167763
4246107349
4229826693
4229826949
4236118917
4243921573
4255394469
3718260388
2645562060
2649772748
2681234044
2647712300
2646663972
2643697956
2643636516
2645987621
2511701287
2515832167
2503248743
2618591847
3155593783
3155614215
3176590854
3180848902
3180717366
3218391398
3212100966
3207874022
3208017366
3205901766
3205639622
3208850582
3217042598
3183488230
3183490294
3112383943
3112334789
3116529348
3116562116
2579746372
3686850132
3678465653
4215336805
4211146599
4211203430
3137445206
3137453142
3141774422
3150097414
3133316358
3124944134
3120715526
2650887990
2671851302
2680239910
2680231206
3179351334
3179367798
3180461439
3180457245
3163659532
3167978764
3176367884
3170936700
3204491116
3187709420
3187922157
3187859693
3204669615
3175231679
4232188311
4232451991
4106624693
4102494965
4102363861
4120132565
4157963205
4151827781
4130787653
3879178511
3809775935
1666491182
1666490990
1665463914
1627655802
1627393754
1627459563
1614953963
1623600233
1619405945
1619338313
1636050121
830747849
836044251
835716571
869275083
869320075
859884987
860073401
851619289
852667720
869373256
592491864
1668325688
1630581049
1630896425
1630963499
3778459435
3816205867
3881283119
3876883999
3875849821
3875882717
3846578925
3846578669
3846644969
2772907261
2781222143
4123395323
4120315099
4153685195
4153699787
4153699787
4153723355
4091005433
4116094441
4116098525
4111902157
4111906637
4114002767
4151752063
4151420271
4145067309
3071329325
3071296573
3037885820
3042076028
3050448749
3046254447
3046195054
3046129518
3029366638
3033552766
3025204062
3025269326
3021066830
3021064014
3025657311
3042372821
3050765525
3050757189
3050830855
3042243607
2639590454
2669007158
2673242406
2673766774
2656974166
2665297366
2665297366
2682074615
2678019575
2677888887
2682017631
2516341519
2508059423
2508055359
2648565549
2631788413
2648569213
2640168316
2635974012
2635974493
3709785933
3743343951
3747538270
3747608030
3747608062
4284347902
4284249598
4284250111
4292704191
4259280829
4259149757
4250687421
3696514557
3713299965
3713364477
3721752957
3587536253
3587667285
3587401045
3562436053
3562500565
3562402165
3562402165
3579179319
3612733727
3596088607
3596015887
4141254925
4143352095
4269771071
4286430591
4252807499
4252795211
4252877147
4246597995
4280279403
4280247663
4280167791
4284423535
4292810239
4276049375
4276044127
4274831711
4274839903
4274824543
4274820575
4258170079
4241405407
3972965837
3964643295
3961501439
2887751406
2887634542
2904415854
2908618618
2908618074
2910713179
2910836057
2785001849
2784969064
2776433016
3850113400
3827048920
3827249656
3829282792
3841858536
3837205480
3837008376
3837024712
3887390152
3874617288
4134777416
4128477768
4132500089
4132496239
4149273070
4115718638
4097930734
3020117470
3024518606
3024543694
3028737886
3046563422
3080191567
3082596175
3070011231
3061618047
3057500671
3074408959
3074421231
3040235887
3040231791
3044495743
3052758335
3050579263
3084203294
3084328206
3084786974
3076394270
2539592990
3579649302
3587978551
3587519799
3587649877
3587576133
3588117313
3578745681
3310220145
3310154609
3310220113
3318740289
3318668609
3353266501
3277834741
3273420197
3541853605
3546027447
3554411967
3516139455
3515162607
1371877229
1363488061
1360340285
1362392349
1362387229
1362420031
1360327487
1360315198
1363444734
1364035070
1405984190
1405590974
1388812734
1451735262
3599219926
3599152343
3620118613
3587088501
3561988452
3561935220
3557740996
4094613468
4094652412
4098649068
4115426285
4148980719
4149050366
4149169998
4131869518
3594867018
3594801498
3619967482
3615773674
3582285741
2508617388
2508613308
2508310204
2513487548
2507191964
2503059356
3040060892
3040066909
4147362877
4150377535
4150392095
4146165087
4146144731
4146209754
4146206634
4117906858
4126360814
4105428062
4105298958
4125156366
4125156367
4116768029
4150523677
4150720061
4159067757
4160118381
4160179949
4157949949
4157949407
3621077343
3614757183
4151631935
4118077503
4151813439
4151751999
4158031135
4140271439
4131768271
4148557791
4110870015
4111918462
4229395582
3160368494
3170202991
3035977215
3036632015
3036639949
3053418205
3084744445
2539402989
2539460479
3615301503
3623687999
3590141247
3589616959
3497341215
3497333022
1349850175
1347802175
1364261983
1900084303
1933620431
1933936013
843482509
839309197
839284637
856127405
1896183725
1900402605
1623578029
1636144573
1639233421
1671739341
1659153980
1650763308
3794642492
3794711068
3811488317
3777679917
3760869935
3760862766
3760791342
3760720942
3773369390
3769568366
3769500894
4038984910
4036890702
4036240398
3516163342
3549818655
3533106973
3537301325
3537300949
3595920789
3621020053
3347333309
3313877165
3565535469
3570688109
2488558637
3560269109
3560374021
3577146892
3615419964
3621649948
3604803084
3596414732
3529367324
3529428780
3546269292
3520983677
3504136799
3504194262
3494691558
3494433254
3490246822
3507015846
3507049606
1393194118
1393177734
1372214726
1369077214
1369106303
3585664813
3623415609
3598236953
3594041611
3594098954
3594099482
3598437946
3606759034
3623535354
2646262714
2646200749
2629333164
2633527468
2625139948
2621177316
2621107764
2623204884
2623139332
3185094148
3197933109
3197941030
3197940774
3197934694
3193736422
2788984054
3057484246
3074355926
3158205126
2888704706
3962442690
3962310866
4234949862
4243328230
4255979750
3869669830
4003920455
4272872005
4273797637
4277970717
4267499565
4280049705
4229771305
4229640251
4279899435
4263120425
4271508201
4271393512
4271431304
4271432584
4273512841
3745157257
3693773001
3693789387
3693740366
1550781806
1550658414
1551641391
2096900975
2094861279
1553797007
1607737742
1591026062
1582493838
1581486254
1577095342
1581294830
1572906350
1552135710
3699807759
3700856333
3717515036
3481042228
3460053301
2386446647
3726528310
3726561062
3739129382
4288647702
4288262918
2107351045
1606004736
1597542432
2033758304
2032709856
1814738144
1814752480
3962223328
3970599520
3836709440
3853440704
3891229380
3812369092
3812369061
3778814639
3765707434
3765701290
3774089898
3768846490
3768846474
3819382922
1654795403
1919033483
1914835339
1914844075
1927422958
1923293678
1939939710
1939943702
1373843734
1357017366
1356951826
1356882738
1088480034
1088479522
1088613686
3237386294
3247736855
3264120837
3265169733
3332292421
3602560708
2532939508
2523436772
2540222189
2536351231
2519573758
2520572134
3594318054
3611115750
4114510294
4097729234
4101924595
4110309075
4110239427
4110284483
4118140738
4160214290
4160090135
4143243303
4143244325
4142982180
4151376924
3042433084
3042367788
3025657644
4099397148
4099265036
4115939852
4124394015
4158472766
4292703086
3218898030
3212597486
3179170038
3179182278
3716083142
3724010439
3721716437
3721720676
3746881892
3742754164
3742821492
3747018833
4250327153
4250393715
4250260691
4250911187
4250845638
4284404550
4284469846
4284470870
4250762866
4250693218
4232851174
3167236070
3167311846
3164292567
3181331911
2677888455
2547869015
2547901747
3588027683
3520873505
4032578597
4047262773
4148130837
4131281989
4129184839
4129224007
4133475702
4140618598
4140618350
4157391486
2509030110
3046102782
3046047470
3050303471
3184388591
3184454879
2647579855
2648622287
2648686797
2640146653
2635886829
2669498861
3072214637
3076413037
3042932333
3051124301
3033853517
3033853517
3025534813
3042303869
3074817373
3058167261
3053909469
4127605213
4127342805
4145152221
4116123901
4124520943
4106696175
4106690015
4107738575
4099177951
4099173887
4099204351
4124366045
4124426703
4291920859
4291016299
4265846383
4265715326
4261459550
3204495198
3204491242
2940728811
2907166203
2940717019
2950124523
2950132713
2950125547
2950121467
2908184394
3176431374
3038015294
3040111902
3044537614
3086401551
3080110173
3080176124
3050660348
3042404316
3025564636
4099297884
4116006781
4124399487
4157955390
4157983038
4149532734
4151639102
4118277126
4118209542
4116169030
4115972439
4116533607
4116604389
4250806245
4259196917
4258734001
4258602933
4258619381
4258562037
4249937397
4249937781
4212188981
4216452919
4199675447
4207998518
4207961622
4199556726
4198512486
4215412198
4190244326
4190244247
4186135941
4257244549
4240500116
4232114564
4249088452
4244829556
2098304301
4279286829
4283476031
4283541533
4149458973
4149656589
4149645581
4132880669
4131832604
4131701596
4131668345
4131668331
4291126379
4240845035
4240861691
4240853962
4241935050
4237675210
4241802826
4250718798
3743212382
3743342974
4280213630
3172917599
3177116021
3185440237
3184326636
3213682412
3213684476
3217878748
3050110716
3041841148
3041840637
3038760173
3038563567
3042755695
3084828703
3080638478
3080642590
3218891070
3208405294
3208393514
3174958634
3174959722
3221097067
3216841437
3114019276
3114035596
3117737100
4183281868
4179017933
4179018111
4214399278
3929187366
3933375542
3939535926
3931155478
3926977559
3925929023
2836856621
2820034109
2889748045
2892695261
2762475181
2762489517
2762485421
2763534015
2813864591
3078106765
3073908412
3074180524
3040264364
3039207516
3886201868
3886135300
4070615303
4070615570
4133546530
4129514274
4146205154
4112908726
3022389390
3034972558
3030781326
3030845503
2628581421
2628577577
2649549065
2674714889
2670556683
2406089226
2372534842
2380923434
2380927978
2377646510
2377646254
2375557270
2409112711
3482856580
3487049860
3346794644
3341093044
3341163733
3341215054
3308692750
3321276174
3585582863
3583295276
4120156716
3046935080
3040644648
3174667832
3174806040
3174752792
3174720105
3174965999
3179087343
3169062063
2627995837
2628139220
2628921412
2628921348
2377264132
2377311236
2410782996
2393944868
2662372132
2666562101
2658436711
2654244454
2653196070
2653261094
3190224182
3206948166
3173393862
3156616582
4230415782
4235462054
4235539886
2085954958
2101620103
1573187013
1572908293
1572908801
1573961491
1414636819
1412600083
1412595971
1428603139
1466319171
1449525699
1592197619
1608857574
1576282470
1551116646
1551116646
2085939526
2094836046
2090700110
2124121550
4273701326
4206461382
4265193942
4265189863
4265124263
3191398823
2942034861
2895836076
2896086952
3164360616
3168033240
3155175896
3023059193
3023191163
2641499451
2649887002
2645754394
2679322142
2678156862
2678128191
2682310207
2682357583
2682426125
2674098957
2670756637
2637218428
2635130476
3155292012
3155388780
3158465005
3183627517
3217442013
3058061519
2521198799
2521116879
2521043146
2546286954
2497070442
2492882794
2497174363
2496981839
2488593359
3562319823
3575420365
3609166285
4129194189
4129206477
4148098501
4148090325
4152285029
4160739175
4159993703
4159989078
4149486806
4149556470
4111930534
4047975590
4056364967
4052095639
4052107925
4053128853
3012882164
2463411044
2450828084
2517936916
2520165892
3057034756
3061240320
3061826049
3078476321
3045020451
3036284386
3036284050
3036349570
2491233458
3564909730
3562808486
3562349750
3570871750
3704056262
3703958470
3720727383
3720661846
2680471382
2664736599
2664821535
2664944413
2664682021
3197366821
3218137893
3176195367
3176189223
4245736807
4245813334
4144229446
4127386710
4131583190
4131570902
4127244422
4127249558
1996649878
1967292294
1950513798
1959922390
2094074598
2096381799
2096377141
2087988485
2104829205
2113217829
2111059236
2110804260
2144453429
2127811125
1514271249
3661685265
3661669971
4206931573
4223908709
