4269580911
4265403119
4280284143
4246655471
4229875183
4234038782
4234149246
4241877310
4241815838
4258659598
4250262799
4183285007
4179088671
4183217453
4183217533
3914855925
1774691829
1833285077
1866980820
1862786436
2131099060
2114452896
2118612384
2118537648
2118582672
2136281553
2002071907
1979077410
1958102834
1957125654
2091216390
2095409670
2096392710
1551133462
1549024534
1480932694
1481051254
3637970039
3704820085
3704837077
3704742869
3721519861
3753948852
3737167540
3728778932
2655237012
2655228820
3200381684
3218207461
3180589933
3170158381
3170125103
3160694063
3173276715
4280769819
4146492682
4146493194
4281751306
4283782442
4258555178
4258555210
4258623946
4292178378
3745859546
3745859562
3754379246
3754379246
3720443390
3721523278
3704877071
3704796173
3704857613
3721504029
1565631772
1561458012
1544802644
3691073636
3691073637
1547859301
1547859831
1422089847
1439792727
3612567239
3595720391
3595780997
3604201653
3604070565
3598774437
3598775549
3598836957
3603283453
3603283309
3595937583
3075778367
3075847966
3042947934
3042947646
3042808638
3042804014
3042808110
3177115711
3177178165
3160407349
3160406325
3156204341
4246723381
4013914885
3999206853
3999139031
4275437751
4275515558
4275384486
4283527590
3980485046
3963741846
3972132566
3972050518
3972066838
3989892630
4015058694
4010997007
3994211615
3994207535
3998335343
4023439725
3988911485
3988911481
3972132217
3972136795
3980459849
4009783119
4278202207
4261820398
3188066286
3218475006
3214280191
3180791263
3163887045
3163841989
3168101637
3159487765
3159414053
3159475503
3159747950
3176656894
3184000990
3183861470
3183861727
3175389143
3175126391
3175191847
3176371237
2941494325
2874254357
3927024661
3931288596
3930248228
3926049892
3994209637
4011019765
3977464821
4013104117
4013104631
2941599191
3210030535
3201770967
3197573111
3197454071
3197423351
4271173207
4287999575
3220551255
3212084565
3207905365
4248158325
4164415605
4231423205
4229393909
4229376981
4233505527
4241885942
4237757142
4287979206
4271138754
4275365186
4275433810
4275429746
4291929463
4260603253
3992096116
3975384436
2907736420
3977296180
3977291796
3977375005
3977440573
4011259183
4017603943
4009084263
4009018727
4009022695
4015318229
4011156677
3977669831
3960882391
1679164822
1685522326
1685395126
1692742310
1688539830
1689588407
1689596637
1957962332
1957963272
1962175240
1978984716
2004220172
2004195340
1987352605
1985252407
1985249302
1981251782
2115403910
2117521558
2117521846
2121712547
4293381795
4260495011
4243648163
4243648231
4243646326
4243612982
4235228471
4235224359
4235257127
4243717927
4260814455
4260810311
3185041095
3210014663
3209751927
3205887078
3206009958
3210204182
3176584215
3178747159
4260853045
4260713829
3186906213
3186972133
3187102181
4294367189
4286044097
4286054337
4286050257
4285980017
4286043473
4285920583
4281656663
4248135031
4118247271
3052887909
3048689509
3052691317
3186914677
3178526036
3212277060
3178657221
3187048405
4260847607
4260716534
3186974166
3186941398
3220231670
3220231654
3203519983
4275164671
4283491789
4283491725
4245774749
4250104749
3966912175
3967010479
3983658991
3983597407
4016106767
4016106765
4284738573
4016241941
4016241940
4016233749
4251146005
4234245719
4243776087
4260512502
4258350054
4283462118
4282409462
3209749862
3176398183
3184713527
4239575823
4243782415
4243843855
4260683055
4252294510
4283809902
4267167870
4262809726
4262818030
4262813934
3998704878
4015422911
3990256287
3986160285
4254464669
4122304204
4118042316
4147463756
4147467868
4146156924
3076551780
3084939365
3052560437
3182616599
3167932695
3159409983
3159422238
3159420702
3167940382
3167943486
3163802495
3184577903
3176189231
3172004911
3172065295
3205689615
3210105159
3210105191
3210180454
3210098534
3187545975
3187607383
3187610951
2650742085
2650618949
2625387541
3697044517
3697108261
3701405493
3701393153
3718234897
3718037793
3749503265
3608994067
3575574855
3575534023
3575533558
4099820454
4242529190
4255119774
4273854878
4277982670
4276932942
4268539982
3731812394
3727613998
4248723758
4236141886
4235876103
4244360981
4256757604
2142824292
4277708148
4265121092
4265579844
4265522372
2134815957
2134823413
1830765031
1818035111
1819873975
1819883167
4244315823
4244119215
4239928239
4256706479
4290262478
4290257358
4156121550
3617120718
3621316590
3579379695
3575504893
3560890316
3564558276
3564557636
3564470580
3564142900
2507190548
2515576599
3052775222
3220614950
3220610854
3212822310
3210724166
2669560774
2635999134
2640265134
2639601583
2647924143
2647932349
2677288157
2675975373
2677104717
2677235997
2647905572
2647749924
2624679284
2622713300
2622676432
2639448016
2647835569
2677523383
2677330614
2681530342
2673147878
2637487078
2637487078
2620684758
3694587334
3564561862
3562468807
3562489239
4115947399
4145310103
1985243573
1985423797
1456881077
1593709716
1610023121
1550127121
1411723283
1143025971
1147143971
1151397410
1419816482
1470348802
1453506307
1991682307
4141320561
1980144481
1914080849
1914078912
1916179076
1916105364
1913660068
4061139372
3791652012
3821028524
3783482476
3767716876
4054306061
1940172047
1940172062
1382523942
1378350118
1916148838
1932922006
1899366534
1903561094
1886849958
1894795174
1894838918
1895031494
1895273222
1911599906
1907402530
4054886179
4059083553
4126315056
4117950992
4115821076
4111598100
4111663668
4027588461
1884306413
1894853103
1890728414
1353846222
1353974223
1351897551
282390861
1347784973
1364628751
1364696326
1398061094
1381283942
1377155302
3591548054
3591565446
3597812102
3602072246
3602072231
2528207591
2544919143
2515558951
2507170615
2641425213
2641421597
2624843020
2624776452
2624772372
2624768276
2618525973
2618416453
2667832263
3728929734
3737273030
3738321910
3738255846
3603969510
3611305446
3578029287
3562435975
3562459525
3562459525
3562399621
3562317717
3558317973
3577122501
3610680837
3613908501
3596941109
3596904237
2523161901
2682594597
2683770151
2679440743
2643809767
2643980757
2650198977
2675364545
2675344321
2674365249
2641736017
3715478833
3698385953
3557846051
3557846311
3560390007
3577089398
3580235222
3622176214
1453786582
1454708166
1458905158
1140072470
1131687958
1131884563
1098330131
24532243
24565301
301372981
1475321669
1475190213
1450020293
1446481045
1446483125
1444196773
3612647845
3577783205
3561134069
3570579028
2496849716
2631001892
2630935332
2649809716
3186877188
3220423541
2683388390
2674937318
2674940134
3193010430
3191306718
2671204814
2536667855
2675109581
3220432524
3216110236
3216036780
3186684836
3186680740
3186807269
3186807143
3177271590
3173003302
3156226086
3156222262
3161597918
3170249614
3166059422
3165919662
2679900589
2667333820
2656894092
3726419268
3744834308
3710362112
3693584928
3563495968
4100362801
4100100643
3039920994
3071461362
3205646722
3073525890
3086403762
3048523938
3052730594
3184815206
3210010702
3210076174
3218527006
3220619823
3221078567
3187435029
3162269205
3162271525
3157744933
3157740901
3157658965
3161853381
3168169287
3184946247
3218435319
3209974999
3193196743
3067953605
2547926005
3617458084
3590270628
3623627444
3615238837
3595841445
3596039591
3595960470
3595960454
1467371654
1432608966
1415685462
3571492118
3504385558
3504385590
3521166903
3554909717
3554840085
3613576980
2506248036
2507212260
2513442276
3587183077
3700621789
3704697311
3698336870
3694146598
3694201910
1545821446
1412689158
1416752903
1467197191
1448265031
373409231
373355967
373384639
373521839
1985107887
1985202095
2001846719
1968230811
1414590943
1425061183
1425055038
1441835326
1440786750
3613518142
3731029782
3740464918
3757228598
3753001526
3719451158
3706798614
3706741607
2624643431
2624643431
2630997349
2631114069
2647899461
2673065221
2656280332
3727920908
3727935308
3726821324
3744659420
4285724077
4258503853
4258372847
4023500015
4015238415
3996366094
4130444047
4129419551
1982030127
1982996583
1915826358
1898983590
1886788774
1890978214
1890978695
1890986627
1890921089
1354051201
301215617
325342673
308560097
308568551
1382113767
1382179190
1391686454
1391510310
1391511334
1408272182
1374793495
3521359621
3504515844
3504519940
2431814404
2490601012
2490670628
2960627204
2960556741
2961097350
2977710758
2973503910
3073639590
3073641638
3061255350
3068542086
3068538054
3622186183
3588369733
3571597013
3567390405
3571451605
3706725349
3706774501
3721454061
3755061629
3746674461
3746606861
3746610719
3748769309
3748902429
3715273229
3711096333
3711059805
3715319277
3721485551
2681226415
3217052846
3209917646
3742557646
3742627278
3715350495
3723669503
3719475199
3753115614
3740325214
3729838366
3727905086
3727822895
3731173423
4267974701
2120560956
2112229640
1483085064
1482818824
1483934984
410066200
407911721
416296299
482354651
494950282
499173258
499226506
499357067
490964379
490967227
524525753
1464049817
1463984603
2001908699
1968350842
1416865386
1416740462
1425145710
3589332334
3589293422
3580888126
3580957750
3581109542
3588448550
3588383026
3584185090
3584180995
3718435331
3451118289
3451123409
2650005200
2641480688
2670779360
2670788068
2653990244
2658379572
2666631684
4268814852
4285588036
4281463668
4252135908
4250095788
4258284717
4257223855
4249040014
4245826702
3742513550
3579002366
3589502954
3589755882
3585393482
3585397514
3585389322
3589584698
3614748459
2668931887
2669128479
2635503886
2641792270
2641805599
3187130687
3170222911
3166040941
3182813933
3182814949
3212113637
3207915429
3207906709
3208037511
3073791175
3077985503
4160181342
4155860062
4159988766
4151602558
4117061487
4117188351
4126564063
4126572511
4126242711
3587200405
3620753813
3603984628
3597693156
3610341604
3580064245
3563205973
3571595079
3571582470
3571651094
1424237350
1415864614
3581169942
3589393679
3589536029
3572677404
3581066012
4151548444
4268789260
4268790284
4268790540
4000420124
4000559149
2924589165
2920326253
2937314543
2769452255
2752665231
2754741919
2759131839
3841274543
3857987246
3857979055
2813605295
2796833967
3869627615
3873874959
3865486351
3860964367
3860900895
3861036079
3882023982
3890400574
3857075486
3848621918
3848541534
3831833982
3026662254
3035054958
3030663782
3030671959
3031721543
3034965573
4108705393
4108636128
4117024224
4150779280
4129739904
4129706112
4079440016
4079055269
3810730469
3781312509
3781364429
3781180125
3823119101
4087360237
4087365369
4087365963
4087365642
3013656602
2476797994
2480988202
2447502638
2447632702
3621976374
3605265702
3605230901
3596828932
3593666820
3727818756
1597116516
1546790116
1546791381
1546787271
1550191238
1554336438
1555880630
1555887766
1605931662
1589285774
1589293446
1588322791
1592288485
1584147556
3710659940
3693483364
3693216612
1549947444
1567642132
1601204804
1582363212
1590747853
1473277695
1430289070
1414625706
1414691243
1414682767
1425164431
1424016527
1440792782
1474347230
1449173486
1449369966
1445110566
3731006262
3739386646
3739255095
4276134181
4292912181
4250969140
4116904996
4117912933
4117892581
1966214591
1964056463
1427128207
1431515022
1439842206
1441947646
3618752318
3600856350
3600851214
3605045534
3605045534
3739329823
3731029269
3714211125
3693217061
3693217125
3698459573
3696427959
3704628151
3703580590
3703582127
3703597503
3586193821
3619728268
3603087244
2526189196
2526249677
2532344573
2523968109
2519786023
3709953574
3693231670
3697425686
3697490982
3705670694
3630173222
3631225862
3629198343
1498491911
1540449589
1539364117
1539364117
1539348293
1270986565
1237366741
3384852455
3644891111
3645086695
3645022119
3645022197
3678574557
3686970333
3687035340
3687952732
3679498620
3646018877
3641924927
2568117550
2570213422
2641512494
2649836606
2649973838
3721553358
3721556943
3721545677
3721612989
3721494437
3721424805
3754982887
3746649590
3746648342
3746591038
3729809710
3731906862
3746656542
3755042134
3717299702
3716251111
3720354215
3695185301
3691060613
3691134861
3713155029
3721541589
3656456021
1507874581
1507874615
1507874095
1500542767
1496379183
1494347551
1494445855
1527865119
1530994511
3410050511
3401809406
3401842174
3397637622
3414267382
2340533718
2340664791
2340599255
2340591079
2609954277
2614410597
2603912485
2654375221
2654375189
3190201684
4263685220
4268879076
4268881148
4262588636
4279455948
2081575117
2081567565
2081568271
2096238143
2096106023
2091919911
1571842615
1609595655
1593167621
1582745349
3730752259
3749347907
3715805811
3698958946
3698893410
3698910067
3699106627
3699266385
3714007920
3746890084
3746831716
3730061668
3729864829
4275510365
4288107807
4290101514
2109001994
2096410890
2083894298
2084485499
4231960827
2084542655
2084354237
2105332893
4285317533
4264509853
4268639167
4268635055
4277019622
4293731302
4259603823
4242828607
4242897183
4108704031
4125415709
4125415773
4150648141
4146381645
4280599373
4280795741
4284936815
4294369902
4294435438
4294276990
4294212958
4151590110
4147387631
4151647471
4151778473
4124521657
4103565721
4103201739
4103201743
4103140351
4109416431
3564148207
2490471799
3040320855
3073809685
3073817909
3073826100
4130856276
4147509204
4151830228
4151768788
4151768725
3866621845
3883259383
3883191399
3883191334
3857570870
3849251846
3832472582
3828314182
3845080054
3844948710
3849127654
3886878438
3870101238
3870128839
4138495943
4134300997
4130088005
4263784663
4280754399
4251349215
4242933087
4238741343
4238610398
4242829278
4242829182
4234636671
4235676959
3027586399
4109664093
4109723389
4105660156
4055203516
4055130045
4059307421
4051533245
4051532967
4047361191
4046308518
3777856766
3777803534
3811355918
3794578694
1646837046
1718327590
1726650662
1722456101
1856682020
1860937780
1781262356
1781451796
1782464548
1849573412
1866346556
1832792125
606803231
606804511
552278654
547949182
548997759
549010015
546912845
547108429
541860557
553914861
553914861
558105069
566495213
566497151
600145503
600174095
600178207
600178206
600112926
558144798
558210334
558225791
558356830
658930014
2000845086
2000890686
1598237502
1602693694
1603218038
1569533586
1552510866
1552465315
1556657313
3691545745
3709378689
1595646080
1595580800
1597682560
1462424384
355338004
338443044
874785636
874785644
879106413
888539515
349439310
349437966
336592910
473059358
472048942
480489262
1571924518
2058468886
2056488455
2056684292
2056618244
2048172068
4196180004
4195200036
4195203108
3138254885
3155064935
2886343623
2756316806
2761556615
2763588261
2696413868
2696426156
2965119660
2969313724
4047253692
4044632233
4077270169
4077022347
1929537675
1933736395
1937931226
2005035978
1434610506
3586621194
3586479370
3586412826
3586986298
3583979818
3583930410
3583926314
3588121642
3612922922
3611872478
3322530958
3326706846
3327690139
3604514233
3602433465
3606697881
2549807033
2247813080
2239424473
2239391581
2222466591
3296208447
3296210734
2222538538
2239315242
2238192942
2405975359
3479848205
3463108420
3471570628
3467171476
3467171492
3472410276
3459930032
3443422705
3424024035
3424048626
3428251078
3431441862
3431247318
3699420647
3716197863
3745561959
3724838183
3725492231
3726548999
3726565382
3726516238
3726520366
3745123374
3711568170
1559890747
1555761689
1555566088
1286084104
216539720
224924364
224924332
220739496
220740521
153697198
154016654
1227774862
1232002958
1303036494
1302889022
1287172654
1287168814
1287168813
1287168812
1291362084
1278839252
1276807636
3692738900
3692734484
3608848644
4129195524
4062085636
4068377156
4068377284
4133192340
4128817831
4145570478
4011601838
4011595946
4282189994
4286449882
4155377738
4138085386
3617989646
3617924110
1470440462
1186264078
1184146510
1317316085
1317511636
1184281028
3335950660
3328147744
3323756832
3323769120
3592200480
3609059601
3575570695
1415471878
3562950422
3573500518
3707587302
3707554791
3590126045
3581734092
3611096204
3577495948
3575399068
2623476397
2631799530
2627606122
2627548714
2644256298
2644255786
2677597226
2679669802
2679735370
3204029515
4269381836
4264266956
4264201292
4264206348
4280983556
4012564484
4012519716
4012773733
3979216878
3983871662
3971747502
4238286494
4238229134
3700371086
3699910285
3699910636
3481822700
3465045452
3466129868
3470455245
3462066509
3459936303
3460022318
3476802622
3424294926
3692734734
3707415310
3703217743
3703281357
3703083724
3719856892
3743974252
4247310700
4113179116
4113181932
4113443053
4117633519
4155443686
2007958918
1455371142
1472013254
1438462918
1157370854
1157374822
1153312518
1153072390
1153027351
1090043175
1375251557
1400415484
1379513740
1379571084
1379569036
1379567516
1379649468
1379488687
1379480494
1379869678
1378820410
1399796026
1370050858
1420422442
1957210426
2091432217
2108209432
2041096472
2032700440
2032828424
2032832584
1765449928
3912933880
3913016300
3910923949
3923267247
3925371582
3925355150
3967364750
4231673486
4235866766
4244112302
4239926446
4239131887
4121691357
3719111884
3723240516
3442287684
3443424517
3443416327
3447610646
3487329574
3487360302
3470570814
3470766350
3466309902
3466179615
3348675812
3352869028
3344537780
3527116948
3527117972
1379566980
1915392900
1915400884
1651151664
1663729939
1613279250
1613275186
1613537318
540009510
539899942
539887906
552537058
548145826
549198515
549262977
553394817
570172032
854991523
1923482274
1923499714
1923467778
4070873602
4075072034
4075072294
4075071278
4154913306
4154872330
3048079979
2646541032
2631411304
2486712616
2485663800
2485663784
2489853992
3572114504
3232374984
3232383432
3232268987
3232273066
3228350186
3224677226
3543636286
3524433935
3524438029
4128418828
4128419852
4128342028
4128473133
4147548271
3040276974
3023488750
3161968294
3162262182
2891738791
2916886463
2916886431
3216844703
3183427550
3182903262
3186966142
3178512158
3174315806
2641703230
2650087726
2645635438
2645557759
2645587405
2643519365
2646648709
2638456453
2638714773
2500233141
2501283317
3575110133
4114442709
4114491733
2000566597
2003699972
1936656644
1919882517
846016565
862794037
570241333
553513271
548246327
564433687
631547671
648842487
644725943
640007351
640005303
639743157
790753457
758281441
739393505
2094149345
2088831601
2088774353
2088839875
2088906435
1568817091
1603405761
1586561985
1606439923
1572923363
1556146019
1556146019
1547745251
1547810771
1547876227
1543690115
1593986947
1595035011
1448298931
1456490915
1586522529
1588604323
1588667846
1591752134
1591746918
1583358246
3730841894
3747688750
3714060590
3722506558
3701866298
3701971487
3634670093
3634670349
3378814733
3375744269
3357458637
3625861277
1544438957
1548647596
1556508084
1556536724
1598391700
1577359236
1578476996
2115478852
2115478836
1985061924
1987224612
1983034372
1983022084
4262495524
3876632356
3876710181
3980582447
3988967279
3988911982
3989951870
3989947734
2941764935
2941605205
2937415125
3204785652
3175560692
3175487460
3168208613
4237756117
4103538311
4122292870
4159972054
4285801206
4264834022
4279580127
4246105423
4235356173
3706877965
3702741007
3701561615
3706727710
3698357622
3698344422
3570614758
1440104886
1440114070
1473766839
1473635731
1449128321
1448988801
1444737201
1444176097
1460954337
1460999271
1463225591
1463160262
1432758982
1441151558
1436946006
1437601334
1471155750
1471426086
1471426358
531705663
536030500
502475812
475141156
473302052
473302020
473181444
891567924
895748645
627964279
627964279
627964279
627964279
627964279
627964279
627964279
627964279
627964279
627964279
627964279
627964279
627964279
829289847
292401653
292401653
275624445
275624445
275626495
7190975
15595967
11368831
11368831
61701565
60716429
63861133
63725996
55362476
30187436
26057149
59619775
42973630
47167790
39827502
36678718
36547598
36545550
36676638
305044543
306088991
303990813
370116828
101628108
101380236
105570692
122315396
97133196
80286396
76030696
76030568
76099112
10172985
1085999897
1084950751
11131022
11073678
11046030
44860606
49254574
36606126
36614326
36614278
36630726
37679222
37281830
37282852
309962020
310023708
1408930308
1425641988
1421386268
1421451804
1555735052
1555747336
1488650779
3632008746
3627825706
3627821354
3627812906
4210624522
4205447179
4205466696
4205359304
3735589000
3736642216
4290290345
4227441321
4214862507
4281959083
3208233658
3208340170
3173655050
3173658426
2489985322
2506819626
2447968314
2477328394
3265865738
3265995786
3232370698
3232432149
3233284128
3229089824
3222863904
3221970720
1074391600
1074457345
1124793090
1108003074
43698434
45860883
43898929
43841824
46692640
1107851552
1108106080
1124882788
1091328341
1124882759
1124915526
1129183574
1137570134
1133507062
1099952630
1083143166
1083012095
1083126637
1150237548
1146043244
1276066669
1275804283
1292515914
1242184522
1242182474
1247433546
1253790170
1253634410
1251533166
1251533294
1251540396
1253677476
1324976564
1311082900
1311082900
171153588
168016020
168011916
168011916
436447260
436377629
1043773709
1030138628
1013877252
1022265860
2096021060
1818013364
1749860004
1749860004
3897342692
3897338404
2891246116
2893871655
2758671142
2792081446
2800404518
2800405510
3065695558
3063443270
3063442423
4271389671
3604551910
3596158054
3594190886
1445658686
1445593150
1579819018
254418954
216934666
145623562
145295946
1219041866
1219050186
1219050186
1218998986
1218998986
1219032042
1252582314
1252565929
1319681452
1323862444
1311345076
1311345044
237734036
171702452
169601156
169568452
440100868
438970655
426649871
409885455
417778191
413568527
413507135
416590447
448834479
985700526
977311918
973183230
973183038
973314110
1040365598
503495694
1410530318
1412566030
1411778574
1550780462
1487800934
1487870566
3635231334
3635165797
2561210948
2562243140
2553854532
2551757396
2550708852
2567477876
3125390916
3125387988
4194935524
3121181412
3122201252
3191406767
3056140462
4108979390
4239014026
4171905226
4171917514
1487595595
1521203224
1521024024
2062086152
2049704200
2033062424
2017333816
2017342056
2027758189
2021928558
2021927718
2021926966
2026121222
1522890758
1522923526
1254463559
1250728007
1250736215
3398232182
3402131958
3456769702
3423213206
3301577358
3231318926
3233480862
3232284846
3233321135
3237524653
3224942804
3224938756
3225070340
1077586436
1077586628
54160004
308942468
304743044
1378484644
1379532965
1448681638
1447567846
1457000710
1593329158
1604890142
1571334718
2041162287
2041166636
2074716460
2057938988
2050722604
2048625276
2047576780
2047457996
973695949
973678830
974010606
974003438
986579054
512098382
396230734
278597702
9973958
1650886
1776022
8002230
16464550
12266166
11217542
11086470
1084764806
1118306966
1118307303
3266261347
3270254883
3288097057
3237765409
3231510821
3231502629
3231699229
3248394509
3248391436
3248457020
3227295084
3223098476
1144837228
1144935501
1143870539
1278098762
1311652570
1311652602
1311648458
3459005130
3400287946
3399799674
3400847674
3400851754
3399262506
3399262571
3399266728
1249676716
1244498068
1244498052
1245157508
169326724
168208524
168208588
436709404
454470940
947830540
955165196
1018071628
749374092
754494124
742960812
1812512428
1812512428
1812569772
3825777260
3833117228
2775427628
2742024748
2725235501
2733525807
2733264702
2729054046
4070051310
4070059182
4069009646
3536525542
1381632054
1379535878
1379533830
37359618
37363714
75113730
83504642
78252610
212404930
1286408834
1286412930
1219385922
3366911490
3367876098
3401364258
1318888227
1318888804
1318894756
1318881444
1310558372
1312655524
1312278688
236386448
235302272
235302208
235351299
239418642
240590098
232655618
81660483
77204165
76241556
76343972
214756004
239905708
105692652
105688109
105688109
38124589
39237679
1112967199
1123469326
1090406670
3233679622
3298756870
3432979222
3432987490
3432856290
2359048930
2295618275
2286193376
2349173312
2349242944
2349252160
2353315520
2391057136
2391057056
2391188144
2253296288
2248950433
2184970663
2183662767
3576236202
3697948874
3702138890
1571432458
1537878026
1252535338
1525424170
455872554
405733402
405672458
1480466954
1481061950
1216621102
1216621158
1221356134
1221360230
1234041446
1250810742
1250809190
1250554086
1250537711
1317638312
1188675752
1111081096
1110130824
1076501640
1076509064
2767496
2767497
15284874
11025034
1084763802
1084761770
1084842986
1135501690
1135501582
1118761758
1118810943
1118155564
1118615332
1122803492
1114479604
1177533108
1194311356
1195345564
1327362700
1326195389
1326195438
1259876910
1274557742
1604860974
1588119598
1604950030
2125178890
2057938955
1521069081
1512671145
1511753387
1510704779
1510597262
1510547982
504050230
505032738
368717859
279576609
11141121
11141125
11141125
15401669
8004229
4925061
13110943
13160365
25988525
25992685
26129869
1099867595
1103013195
1135457663
1101903151
1097700399
1076728895
1077785623
1077784597
1077858613
1077867365
1077863137
1130291889
1115419265
1115375491
37438866
36241586
41488562
1123561634
1117266086
1100554599
1083913013
1085869628
1090017836
1157163564
1206429996
1185462540
1319809037
1324007437
1244315656
1244381224
1245335592
1245275432
1247309608
1250453353
1233675209
1216930763
1284105177
3427521513
3288975337
3288976104
1145821896
1351269064
1351518921
1407109835
1379714778
1379713770
1377616362
1377604010
1376563370
1380503726
306762910
307821710
305790110
1383759030
1114258566
1122643078
1168778374
3299569878
3299472238
3437883950
3702108734
2628629021
2628630044
2628562460
2628562476
2553063976
2553055784
2553728552
2551643656
2572610828
2609703981
2609706095
2609693798
2573190214
2552124487
2619233349
2621064949
2499434231
2428113555
2428048002
2431129218
2439515810
2468880290
2187861154
2196247714
2192179330
2192183490
3270385670
3261882374
3274498087
3224153125
3496323365
1358338836
1356237316
3495332357
4044794373
4062160453
4062020165
4062020183
4061823971
4061844450
4064879331
3813155491
3758629554
4031263394
4039643042
4035448035
4035446883
4052244593
4070172865
1383786689
1379592389
1378543748
1382673572
1391029412
1386898597
1391072415
1391132815
1382744286
1407845694
1441666622
1424956982
350764598
342371902
338193983
473685821
1010536221
739876637
738764604
751346532
747151788
747151548
742957240
1812508856
1678349480
1678416296
1611307688
1615497896
3767175912
3768240648
3774405128
2707975688
2737585720
2720798504
2725119528
3002991144
3000894041
2998735435
2461806826
2460754154
2527604974
2259358974
2259295430
2259369158
2263424006
2250855446
2351621399
2351604237
2355798540
2364187148
2364121604
2293802740
2298001125
2551744175
2550761135
3624896190
3624289998
3641058894
3674615566
1527131166
1527594046
1506548798
1485317150
411641038
478880910
210443406
76094862
80293279
105594263
34231686
34227590
34165142
34201974
39366946
49853218
1118343970
1118603042
1135386402
1135581474
1119787059
1117752369
1116701744
1111851040
1107673184
1108332768
3255751136
3255759584
3238719120
3226036928
3226032832
3293208256
3301578432
3301581376
3231392580
3233358324
3233296868
3250402724
3283959213
3266056110
3270250158
3287025342
3278635706
1097601690
1076646810
1076720538
1077895642
1077928394
1082122570
1090429258
1103017290
1102026010
1106091323
1106099515
3278748985
3262102813
3257897245
3526332445
1987022877
1987031068
3866079260
3996105772
3997022252
2923341868
2854152220
2921229372
2921202156
2921202349
2927493806
2931229358
4020241070
3986687662
3835699118
3835705502
4105189518
4109510799
1348675652
1348478988
807413772
824195084
824384524
824340236
892530204
628342300
634428959
630229518
668240398
801999834
