1356598303
1372392455
1397687575
1112491509
1376769013
1376227989
1376227989
1912705973
1916834725
1925231015
1925226935
1656988823
1648536735
3791829247
3791886383
3808593965
3808602157
3775310125
3763777324
3763783484
3763847965
3760014141
3760022375
3760006119
3780969447
3813475182
3813491294
3787805194
3787740682
3771006475
3771001371
3762350619
3762313802
3779091146
3808435850
3791920794
3863218106
3863220394
3871682730
3867619498
3867619514
3884396698
3850793162
3850824783
3850807309
3851856156
3839277844
3839277844
3973561104
3965181712
2081641232
2081624369
2081502001
1947349793
873607969
893518113
897581361
931143939
394342403
394473475
394452995
931308739
932350083
663980419
670402967
653630359
644922015
1714469535
1714467579
1713410667
1713410603
3877806891
4012041002
4012056874
3848339754
3831562746
3831693754
3831698874
3840281018
3836091322
3836156858
3836033434
3852798346
4121246859
4122223755
3585368523
3588600299
3613761897
4150632733
2003284253
2004333885
1735638309
1735506981
1701952565
1695659061
1695790101
1729278037
1662185683
1662177459
1662141603
1630735779
1634733475
1643121569
1642072737
1621179024
1621306000
1637953152
1637887617
564143809
601892547
593503955
593501683
559955187
568343667
568343763
564164803
564181059
597932099
597866563
597866754
601995778
589347346
589339186
589339186
572759330
572691490
572698658
589475875
555995169
1612902432
1612870688
1613121568
1617316129
1693403763
1710099074
1743653506
1744702082
1861686914
1851069058
1850741426
1858089699
1858089441
1803559008
1771053168
1754276948
679554244
679553220
683747777
679508417
948033619
964795395
964932611
1036234755
1006809347
1006809345
2080552161
2101525729
2109905057
2143455361
4139944129
4132604353
3862203745
2788470561
2788468259
2788664871
2792859175
2817848870
2918514214
2893348390
2910117398
2905921334
2905916199
2905981735
2939506997
2938466613
2909040693
2892234805
2892303477
2892372055
3974510807
3975293143
3987877078
4021499014
4002558086
4002558150
1855328454
2128033015
2127898087
2144677367
2111061983
2111643389
2092906237
2109683405
1035827149
1069339981
989633625
981245033
981249129
979149931
979149867
2053013531
2048819227
2050933050
2034164030
2017386846
2021577086
4177446255
4173121007
3902598654
3902582238
3901729115
3901659515
3905850747
3898461659
2820469979
2887545019
2904379819
3978236331
3982427819
3990816427
3973924507
3973867145
3982255817
3982290507
3883724058
3883727930
2793297950
4143347998
4160118030
4160114462
4160571166
4126949694
4126695726
4260913455
4261015597
3185176636
3185173532
3176703068
3038297164
4112095452
3843725820
3830094188
3855260013
3788164573
3821651405
3813167581
4145623471
4128970159
4128966063
4133162926
4274723502
4274592414
4291631814
4292622918
2044014086
1490494982
1488397830
1488250631
1486660885
1503437876
1541186612
3679302676
3675231301
4211840069
4211784791
4182420519
4182424615
4182415407
3109734511
3109800175
3118160303
3185250222
2648313526
2631533206
2631602867
2631471795
2623017649
3698881200
3563643600
3580471120
3614096640
2540354816
2519375104
2519633152
3056438548
3056385828
3043864103
3035540014
3035598382
2766966310
2766968630
2758578998
2754138422
2754335222
2754277841
2771014064
2804875696
2804875696
2771325392
2775527921
3849139569
3857530163
4122949906
4122814722
4160514306
4158418178
4133352770
4133409091
1988006339
2130084305
2129036353
1852214336
1864866816
1731181568
1731177521
1731044385
1731047713
1731055907
1735250211
1735382354
1735316946
1701823954
1701692914
1684856034
1684855010
1684855270
3840768486
3840770038
1710053238
1701655382
1701392726
1684545878
1684546023
1625898979
1621695393
1621691312
1621826448
1705720192
1743662976
1726883712
1994786432
1990591120
1051935376
2125525716
2140201508
2110842660
2087763244
2083580204
2083711781
1746070053
1750264423
1749208791
1757660871
1807864519
1791218387
3938579427
3938578913
3938514273
3938516321
3930095457
3930095459
3946868583
1799438183
1766006630
1766006134
1766014038
1774419030
1774451830
1774296086
1807782918
1807791110
1791079430
1782821919
1782823999
3926105151
3942882367
3976378423
3959593015
3959594022
3960655142
3826437414
3828698470
3765259746
3782038962
3782170003
3823984051
1676496049
1659886737
1660352704
1660352768
1660418320
1667624240
1667624720
1630007040
1697081105
1680092961
1680084769
1684279075
1684865395
1819083249
1827475953
1823289841
1823421392
1823355536
2091794048
2142116481
3735972483
3735878274
3740121762
3605855906
3605815990
3605799630
3534554075
3534639593
3534561512
3534495976
3547080856
3492559033
1345063337
1346309035
1346248586
271852426
821313930
292606362
309502026
309506058
1390583050
1390520618
1386523438
1386523439
1387116303
1995342605
4142825804
4135223788
4135235820
4131037540
4147817732
4148076288
4114386481
4097631779
4097598306
4097651170
4097049058
3026519202
3026586786
4108717522
3567652162
3567656706
3567592963
3567543825
2629068592
2361189680
2382165280
2407517488
2386464576
2390675264
2390679361
3472713553
3472451441
2398631395
2398631074
2398647458
2658696370
2654723202
2654639234
3694834626
3707413059
3703550721
3703406853
3702816805
3697601573
3710183463
3745335399
3745385446
4248701638
4252913350
4257171142
4256977478
3720143686
3720143174
3724337478
3713851767
3697045863
3692836325
2623291365
2623487716
2648596196
3722333892
3755986628
3755857604
3755849541
3613176181
3615012207
4147750255
3057230959
3057235199
3061560543
3057299661
4147835085
4152021468
4152018924
4160638828
4159639341
4134279981
4134288695
4130090294
4134417718
4134408470
4151198662
4159325058
3723155074
3718964098
3702178691
3702096336
3702059360
3714638112
3576226596
4113327908
4113525284
4118702628
4110306165
4105522143
4105441166
3566491022
3570680222
3495219374
4049072302
4049531310
4057911758
4060075471
4093426975
4093439279
4084002109
3542906141
3542954271
3543012127
4083553087
4091937599
4092991291
3551868731
3522445115
3520404763
3503627547
3495247115
3226733835
3243511049
3243526457
2203327288
2211921720
2207725112
2207650328
2174096184
2174702376
2174513964
2174513708
2212284012
2203896548
2203966197
2206063605
2172639655
2172639399
2163210419
2164242578
2155346066
2155346050
2153249234
2153249266
2153150962
2153150962
2152888786
2169646018
2168598403
2168532867
2176849811
2176845235
2177056179
2202168723
2202171779
2185427331
2252863875
2252839315
2248654803
2266345303
2270478101
2247405317
2180311829
2163567397
2180464420
2172060452
2171994997
2169897925
2174624199
2156732863
2156670446
2161953134
2155644974
2150402398
2150345038
2167056718
2204804942
2188018447
2189083405
2249934637
2249731884
2253925164
2262575404
2258578733
2258502957
2392130029
2391019949
2407539117
2403344813
2365605036
2214644964
2214709556
2214721796
2227300612
2155997957
2156129061
2157116199
2173881126
2178074994
2203340274
3260306854
3256177078
3271975302
3238420870
3221643654
3221574022
3222031758
3226224975
3234650397
3251624249
3268344601
3269389065
2195648265
2191324937
2191311659
2191311659
2207039849
2177750381
2169372013
2169503093
2203056453
2202990917
2211379541
2211445621
2211248997
2211240807
2202913655
2202917239
2169362935
2169371127
2165160439
2165160439
2165160407
2165160391
2169355077
2177874501
2173680245
2177759861
2177727089
2152544881
2160933491
2161064419
2156756195
2156788962
2157827314
2181010626
2181010626
2172632278
2172500182
2203957462
2183117015
2183051479
2182015429
2182015941
2186215109
2278340229
2274144927
2240586662
2244256166
2236982694
2239204774
2239138230
2239670710
2239753111
2235427463
2269080197
2268999301
2268996231
2272142023
2280399718
2276204846
2276208686
2376597550
2376597530
2380869642
3454694410
3446324234
3379206153
3362298120
3363350792
3693656344
1563139080
1564119052
1564180684
1563984028
1597632684
2134532517
2138710967
2147111590
2008695462
2008991462
2006765118
4124359486
4115966238
4115965978
4099254330
4099324986
4115043355
4148592719
4131815885
4132361629
4132369837
3863934373
3863926181
3864393141
3864355253
3843515285
3828757141
4101378772
4034200164
4033095204
4033096228
4033096228
4041489204
2963609892
2981906468
3015559172
3082787911
3065875782
4139025958
4134831654
4264919574
4263420418
3994984706
3996869666
1849308194
1764373730
1814697090
745152642
749609911
750195365
749929133
747638413
747645577
1015032521
494938442
366008650
99728842
91468234
74613194
74678366
349274158
344032294
344176675
899131425
1993844768
2119673872
1849605120
1849594880
1849589761
1848541441
1848557859
1747862307
1748763427
1750336867
1813259683
1817456035
1826569123
1822034609
750389888
934943360
1455299200
1455173248
1190930048
1182541728
1177839072
1182068068
1184935205
1184925478
1201713958
1134592814
1134920494
1135055146
1130725738
1126550954
1160104331
1160112520
1428334984
1428330888
1999800712
1999871432
1730192648
3865096728
4133532216
4150637096
4146516521
4112930347
4112924202
4100800110
3971311854
4021602542
4004826342
4272983238
4273056839
4264797190
4264797190
4264803334
4130532358
4129455142
4146215526
4104260326
4104522398
4105112206
3568048839
3702275013
3693885940
3425445984
3425052960
3428986400
3437375027
3367050754
3366985218
1217408514
1267809794
1251105602
1251113922
1251170736
1251264928
173332896
169658784
169658784
152857012
154528212
137883076
221442004
254996310
242474870
242338166
240245206
240376278
248641910
261355798
213056774
213054724
77771524
77763332
69240684
69242220
338733548
353413556
890350484
823237524
823393173
823586693
825652613
825639303
828506579
300024163
295706915
295706915
362834727
98593559
90258181
86194951
90245943
263258421
263323909
228741391
229826831
229679467
233873899
219449771
487033243
520526219
521316747
504540553
909226377
925942217
924893515
925057323
325189931
300098859
299904299
279132427
279075595
283265803
283365195
14929819
81854395
31516587
65069977
39994253
41025933
41030069
40968613
40903009
291512611
274751778
274785570
6400274
14858498
81967379
342924593
340823344
357598480
387088384
370315264
1578279936
1582474320
1582492752
1590852929
1609699314
1571950306
3706730210
3572508386
3572512438
1422933910
1418738567
1473280389
1458629013
1450437812
1445118101
1378075077
1377878279
308335423
308290350
304097070
1377840942
1361127726
1348610351
1357020543
1424150479
1421117391
1421117135
1419020287
1419023727
1438098471
1601610791
1581163559
1581163555
1580918067
2117788945
2117760257
2134509009
2105148835
2088641971
2097034643
2109609859
1972772755
1469079443
1452339111
1456533415
1389490085
3553883869
3551785549
3501576757
3501507109
3232023077
3504657189
3227909413
3228022817
3559299107
3559299091
3576084482
3345415362
3324396674
3458679186
3458663330
3458675426
3462865506
2397381154
2409898534
2679432038
2679419239
2679932404
2679933404
2683603420
2654243156
2587203860
2587027716
2603757316
3643942452
3627164197
3637912103
4170580518
4173088550
4221094950
4200111159
3927484423
3927484485
3927484485
3927546052
3926505620
3993681076
3976900005
3961185957
3831383717
3774219943
3773040294
3773568678
3773577126
3790351522
3824954498
3822922887
4087228551
1939212423
1976961159
1976986822
1962143190
1953736534
1978898182
1576044294
1576066326
1576070438
1601203495
1601252641
1567767841
1565661168
1565656000
1574056656
1506875360
1506809824
433077696
466626881
458254593
155248951
155516215
156695830
1214183190
1222563638
1222493734
3365465894
3382243127
3382247287
3415127831
3419322134
3402532150
3398271270
3465393638
3482107302
3487345063
3478948263
3474820533
3474900357
3456557188
3322290309
3323342983
3323336150
3325177142
1131620646
1105672998
1353088774
3500596998
3501100813
3501164300
3500973868
3563896428
3560738540
3575418540
3574513292
3574523524
4111271605
4114941606
4099155362
4107543714
3035975906
3031617730
3035820035
2498928643
3581125635
3580935475
3748724515
3731979810
3732287030
3740676966
3740664294
3757507046
3723822335
3707182303
3698538695
3430119495
3444664391
1295019079
1332770119
1332958166
1341313783
1335022311
1335284469
1335214836
1306301412
1297920868
1562158948
1545383732
1279064332
1279060239
3425527870
3442358318
1328421918
1332086030
1319502094
1319436574
3467912046
3417629548
3417630508
3388255532
2301922092
2299890236
2601958924
2600904196
2663752196
2659688964
2677469716
2682196709
2373714919
2373715366
2356874422
2365201542
2361277574
2365418630
2356964598
2366952566
2402594902
2400624974
2404837198
3478581070
3755965951
3713825191
3697146023
3697204397
3695135901
3711779983
3711755407
3743278287
1595401591
1599435047
1465143591
1473524503
1421021973
1152582449
1290994977
1280321824
1280387361
1275214611
1275206210
1275207362
1297241986
1314046850
251052418
245547394
245547475
245548017
1336016865
1307634529
1282468193
1276176743
1292937559
1243004230
1314292678
3461776326
3472327414
3470039014
3470045159
3465850341
3688148452
3688215780
3755442404
3738599492
3748827460
3748843856
3744723297
3708841826
3692051298
3692104546
1476606802
1480797010
1501772626
1535261442
1535253763
1535202625
1518391616
1254142320
1514185184
1510061557
1510194613
1526970805
1526774183
1493277094
3628244470
3628258774
3636719958
3637637430
3637571878
3637605679
3639963439
3721738805
3721730637
3755425485
3755374557
3755364845
3755327725
3746873567
3709108431
3709117662
3692342654
3692145503
3713182495
3713186575
3755137807
3755459845
3755262229
3755331893
2681704741
2647757157
2647762277
2639392608
2639526704
2668878640
2583874320
2584878864
2589144849
2589144850
2597663506
2325030178
2343843110
2310278438
2293501222
2293501254
2314218694
2314218694
2303782022
2303757447
2337312141
2572262796
2571353500
2571347356
3175327708
3172180956
3172184412
4245791000
4245807128
3977474088
3960614952
4229311528
2094401833
1954941193
1955011341
1418017604
1418010564
1422136772
1423196548
1163346817
1198965633
1182192275
1182196434
1181210306
1181079506
1189472242
1189457890
1186311906
1454747235
1452580705
1456774433
1456780320
1456771168
1450701024
1446404336
1295392977
1278616785
1276515825
1289094707
1555500562
1554339378
3701798434
3697600035
3424953873
3475416577
3395716609
3404056064
3404547600
3400343088
2596044324
2663180324
2667358436
3212609708
3212479628
3212490124
3068756623
3064496798
3064500902
4084060838
4079952294
4046135462
4046077094
4046071974
4117375166
1743464606
1743468686
1995070670
1995093070
1994952974
2011734302
1743298606
1709749294
1701362734
3848973359
3983191087
3983183653
2909453860
2909513268
2905207348
2939040308
2938769972
2938766052
2938898341
3991670181
3970174113
4238678195
4239866002
2092378306
1553870018
1549741122
1480447090
1513869378
439017730
443204866
443205379
443109171
443039523
443035431
443032943
1508512105
1508520424
1492713848
1492709704
1490592520
1486402056
3633882649
3633032715
3634280970
2560530955
2564725272
2570750504
2570701368
2570636808
2570600968
2574795544
2612609324
2612613164
2595967076
2595934439
2599145954
2599015858
2590561714
2590563762
2590604466
2590669974
3676978310
3643423878
3627694214
3627691166
1480076478
2015898814
2020093326
954740622
954807950
955791326
953693822
953759294
954021431
945038903
943990295
423982615
432231967
465819223
465687511
423744406
138539934
138543039
138476444
138443668
163675060
180575156
180517268
176346500
176345540
177389572
178422039
182629154
191276578
136808994
136641058
153414178
422899238
1477748023
1477873677
2026800141
2022608077
2022226093
2022222255
2026417067
4190678698
4190815994
4191834746
4191814443
3101300521
3092979496
3092848428
2555919884
2555913804
2555929292
2559173516
3632918956
3632911791
3649818030
3653945766
3680159926
3661285526
3661560006
3661552646
3728195590
3744714758
3744718854
3715293462
3704791334
3704856866
3699478818
3636495730
3636526582
3644914103
3741416375
3724696455
3724681095
3730182022
3741124022
3736606182
3736614399
3736614141
3736679676
3731628268
3727433964
3711770844
1547514012
1478308284
1489838572
1485780797
1486428734
1488464430
1223191086
1260968510
1311427086
1311411726
507154958
509121038
525111854
1027908142
1011131110
1007067878
872854199
872780439
889242007
906219655
906183837
840239277
844433583
869742766
831924654
814885790
280110734
347157134
347173582
279995094
296772198
297034534
334849319
1118271525
1118656628
1122846788
1114462420
3274538100
3275743580
3242119948
3246309916
3250356776
3282862633
3551309370
3551308330
3551308330
3542915690
3526134250
3526278346
4063145162
4063994954
4063990858
4063925322
4063929711
4068140399
4068140910
4076492078
4143602750
4135078974
4147907638
4096533558
4029555718
4037965570
4105064131
4104997536
3568069280
2431134640
2436372864
2185050240
2185111952
2185113392
2196639280
2191918640
2208564784
3231985152
3248795153
3265763622
3271526438
3269232678
3536358626
1380484246
1376489606
1376432262
1410244750
1948167311
1950275725
1948699031
874957478
883382882
884226594
1957963266
1962156546
1416897026
1551245410
1560158434
3720223907
3753773441
3736996737
1455245953
1455222448
1457317536
1453122464
1604182945
3754399141
3754204647
3741624678
3741366562
3742468370
3725822210
3593644290
3606226178
3606491906
3606500099
3623764689
3623748513
3579520931
2505902499
2491156642
2491160738
3028080802
3028147666
3036521734
2763826951
2763828741
2779560468
2817362468
2804845092
2788085268
2922279445
2923180775
2923176622
2870747566
3906736298
3902276778
3971483835
4239001752
4239009864
1558866956
1558947084
1558816012
1558750476
2087226380
2099808300
4265125924
4265258276
4265256197
4131029445
4130259911
3865985446
4000256422
3983290790
3966512550
3966572966
3975027655
4240321479
4256442949
4275333637
4275400452
4267164933
4132815175
4132758007
2118410679
2101618070
1556492166
1557544326
3705015718
3702787494
3701745638
3705935670
3705939462
3437522438
3450644999
3451697669
3485249332
3755844404
3755913996
3739128584
3737030920
3602817080
3606894696
4147398888
4147464361
4114499753
1882114473
1613661579
1618776522
545030410
545039626
1612491818
1612622890
1612626987
4051354681
4049223688
3009085452
3017290540
2995266156
2995323500
2475229932
2441687789
2425889451
2427986602
2426961562
2431437722
2418838426
2435627418
2470357130
4080969930
4064128011
3795616776
3795625224
4063930153
4068139563
4066009662
2992255246
3004895590
2973503718
2424112230
2427325926
2494176214
2494249542
2226662919
2226662980
2230859460
2270783364
2262492804
2260448900
2260240020
2264434340
3328743077
3341329319
3291128230
3291133390
3291409678
3224299790
3492604207
1349314863
1357183807
1403431695
1386659599
1454801679
1454801167
1455259695
1383891055
1914486895
1914490987
1930189835
1946568715
1946568987
1950771755
1950772843
1951852283
2094326411
2096403339
2095350665
2095876013
4244410093
3573537517
3565087341
3580817007
3580260351
2540135903
2549571790
2511753358
3566620831
3566605751
3570736623
3495169007
3493071581
3542428365
1378167693
1382493599
1382356415
1382088895
309334207
317726911
854647039
871407869
863016285
1936755997
2004060447
2003024703
2002889278
2103683646
2103638558
2104630814
2113013278
2113148478
2113676591
2109547759
2044384421
1767476405
1746446469
672704644
674867396
687515652
1778296852
1869523988
1847960628
1847636020
1848807460
3996291116
3996287532
4002598440
1722993209
1739836138
1643137706
3765717418
3760457914
3827569802
3827699850
1680224394
1679958442
1692869354
1688553006
3886337558
3886853639
3886591492
2812849412
2813897988
2943924500
2939935588
3208268452
3208252068
3191478948
3195670183
3204318866
4273738130
4290523378
4240192562
4104940562
4109297666
1953409026
1949210626
1948683330
874938563
858095747
841007251
573624481
573661345
571681955
575876067
598936167
598952471
564189699
564193031
593813765
589623301
1663483924
1646707492
1660339812
1654050468
1653463732
1653398148
1649212036
571232141
554618286
542045358
550429870
618128622
620029022
611378190
607167502
605131798
605221175
739434790
760406310
793977134
793838974
772808158
772811230
642984942
647109355
647367401
647432793
1654410760
1637641736
1616667912
1612497928
1880080476
1947128684
1691276012
1703863012
1703207557
1703200390
1703267814
2009569382
1984288806
1980168214
2115430406
2115431430
1846976519
1846906919
1859424623
1838523135
1821832910
2090257998
2095008278
2082277926
2098999074
2101093410
2134384738
2088247778
2091520434
2091530114
2091536002
883673730
1437309827
1454094481
1458157729
1445525728
1445735649
1445733601
1429021669
1424368357
279315105
280167089
344985267
347089571
70265251
69216435
86125699
102916546
107131138
384205058
384075043
921479461
648849701
648850220
648980492
782936076
1853395997
1847099435
1829277738
1812627498
1812643886
1679704358
1679688486
1693847142
1690110705
1690127088
1690163920
1688054464
1738385856
1851173056
1846973632
1846968513
1712570579
1712406754
1712337062
1712332966
1716527526
1724981686
1721177022
1721107134
1706430094
1690180238
1958685326
1958488718
1962732191
1962716061
2011019717
1985777092
575966276
571782196
571842596
571908148
574009348
589746181
556257297
556201185
539385249
543541671
547736295
548788855
548797207
548714758
569699590
557114390
540364918
538382758
538056102
538052262
611520166
615582374
615586486
1689332374
1689266886
1957703238
1955620366
1435824654
1469427982
1472180494
1992274975
1996012589
4269316140
4267218988
2132457516
2134555692
2084222028
2017116228
1747599556
1747604592
1814977824
1814907680
1839516192
1856039456
1856154368
1856159552
1860338496
4000547792
4006716385
4022395874
3980452262
3976490406
3960740270
3981904302
4017490366
4009102222
4000659342
4001112719
4026475231
1841185389
1757365821
1757178125
1828481037
1815898125
1748265021
1748390957
1815233517
1877099245
1857176253
1787839115
1786798731
1765827211
1811965551
1812085550
1677859118
1683163182
548407327
548419663
666052815
640824462
640811150
640827790
644006638
649310958
649372398
647275342
647274767
630490140
608606252
604416044
738371624
739420472
1813163032
1813156889
1815266329
1832109307
1865534635
1852964267
1861480361
4008953512
4008919688
3874570952
2800842248
2792451880
2925538088
2933926440
2933927484
2929926684
2929930767
2930836026
2947547882
2913223086
3165405358
3165439158
3165441174
3161251014
3157130438
3963546695
3963545607
1816045877
1832299621
1844874453
1710671047
623035591
656621767
589300903
572531879
572532143
576919471
585303742
582029982
581968538
581968538
581968602
599011850
833880587
816608777
284011801
271493401
271493385
272546059
272404234
270306570
340626698
357338378
390385002
381732334
516067822
516076503
511878096
2105713648
2092995056
1010868464
1006677232
1006741712
1006811344
889388224
923981249
640861139
586531558
1656616678
1654505126
1654173590
1653124487
1716040151
1980285431
1963598166
1946820886
2082087718
2082091814
1962607910
1958546726
1958550342
1975483078
2009057991
2008911492
2006751108
1734124020
1728881004
1728881452
1729012284
1712235052
1644625444
1644580645
1644629351
1645151459
1657602211
1653424307
3802067122
3818825106
3785272707
3770592193
3766459137
3762133761
3762077489
3762086689
3762086437
3778814501
3778871855
3781952238
3781952174
3790342570
3790346427
1638668475
1638889627
1639905423
1639884943
1637852367
1637654605
3780948031
3809255471
3792674862
3859730726
3860222502
3860222502
2793304678
2947409638
2913783527
2897005047
2898053317
3973900485
3961317380
3961452560
3963548720
3963506704
1814958352
1814893344
1819083488
1692731105
1688669873
1839598209
1856121729
1860397440
1860295040
1861352928
1874323312
1874321937
1840571153
1878319411
1869931554
1849031714
1849150498
1847020578
1851213106
1809277266
1775723459
1825993667
1828062083
1819673495
2088177558
1949637302
1953577638
1961896614
1978739350
2007042694
1990467270
1990465118
1994675070
4142363438
3601294118
3602735926
3736953655
1604084513
1570517792
1547966240
1543769376
1543904560
1275477312
1212558656
1213344961
1507032257
1522715843
1522699395
1589742995
3732970919
4269846438
4269844134
4290814638
4278235818
4278219450
4278260410
4278325930
4292023722
4119868591
4122217707
4121234635
3589745867
3623234635
3621153867
3604407562
3327582986
3327513370
3346322234
3346305850
3313472826
2497625114
2497689627
2493364507
2493365019
2493365787
2493357594
2499773978
2503984698
2268022314
2267480938
2267418734
2271621230
2548437246
2275807455
2242318493
2225353885
2229550493
2363768221
2355445149
2355576733
3441899453
3475403772
3479626716
3731203036
3732709724
3732710776
3728522536
3728510508
2654768668
2652745228
3189614093
3189741087
3189687599
2673788207
2650688807
2650672421
2650685189
2650150405
2646038069
2645844772
2612322596
2610229285
2580861045
2580923855
2572353487
2555571870
2551368430
3090205678
3111144942
