1358699583
1356598287
1372392455
1380910421
1380960245
1376228277
1376227989
1376228245
1912640421
1916834727
1925226935
1656989079
1648536718
1644346591
3791886463
3808598061
3875711021
3842156845
3826690861
3830892348
3763847708
3759489821
3759960941
3760005999
3776787431
3780969447
3813474942
3821355550
3787740682
3771006474
3771001355
3770739227
3762350619
3762346507
3779091979
3775143435
3775143515
3779332987
3779336554
3812965483
3821485163
3800511611
2995728474
2995728474
2458853450
2190221386
2206991438
2207010686
2173491822
2173483886
2173548902
2177743206
2177743222
2169485398
2170534103
2172631239
2171582685
2473441436
3010443452
3010443452
3006183596
2737813692
3811162300
3812276460
3778738412
1631217900
1664755948
1664756093
561724255
561711647
567872061
630799933
630793790
767238718
1840984606
2108437070
2108482254
1571325582
1571405242
3718888378
3752442810
2678700731
2645211784
2650455688
2642063032
2637864616
2637887209
2620094447
2620085742
2624278758
2632601830
3169480950
2632609863
2632545351
2674515013
2586467597
2586475789
2586455311
2586520846
2590518574
2682797358
2678592810
2645104426
2645120826
2511984394
2511991627
2515054921
2548609400
2540229096
2267595240
3342554604
3342497260
3340375972
3305834465
3293120225
3297461201
3297432513
3431654208
3436897089
3447383877
3476750151
3476748615
3464198646
3464002030
3480762862
2415410538
2381853994
2381926714
2376815418
2376725306
2645078843
2649274153
2649273976
2640875224
3160968924
3162093308
3158030060
3157890028
3040575972
3038433508
3071946853
3074044021
4147786805
4151979301
4092214572
4088011548
1940593420
1941519116
1943550220
1935179097
1934122491
1934149050
1934147994
843628986
306958782
1380643238
1380541862
1397519778
1472484770
1204182930
1187409730
1188195586
1190554882
1323590930
1323623730
1319494962
1336340498
1303285762
1290698753
3429597200
3430514740
3426454644
3426466132
3694901588
3709578196
3743394548
3743276789
3730622199
3730588670
3739046894
3757928942
3724505966
2623494014
2564445726
2564421182
2564351790
2560156991
2560163167
2564349437
2581133293
2606295020
2589684716
2589606396
2589540604
2589474925
2589467757
3663408191
3642436623
3625659399
3629788433
1490697488
1486509312
1557872896
1549320976
1545114208
1429910480
1446687104
1445627009
1445692546
1445823634
1445958802
1445918130
1458497510
2012212838
1958542895
1962733103
4126993967
4152160045
4143949693
4141855053
4141732173
4267561053
4284469309
4280242221
4248794221
4232013167
4232013694
4236116574
4244505166
4242360014
4242302686
4124897278
4158451183
4141743597
4141743517
1994192268
1994182812
1987920028
2000568476
1967010236
1950228908
1949705133
1961235071
4104603167
4104441374
4104449598
4242860591
4242844479
4293310733
4209430285
2063582477
2061320460
2052923901
2048598247
2048475302
1796849830
1769705894
1771740582
1771604935
1754835463
1750641153
1763355136
1799011840
1866121728
1848590641
1848377377
774112291
778308643
1860634674
1877350610
1823881346
1823877762
1823877763
4239866499
3702921859
3567520387
2225347089
2225343011
2242198071
2242263335
2225486119
2225088551
2225080375
2230585431
2155104471
2171984085
2170018245
2169960901
2244929989
2244995541
2228025825
2229066211
2220661223
2357041655
2373950934
2373893586
2373894098
2373894098
2373959634
2356522962
2356521682
2352327251
2299898451
2333534803
2315680339
2315659793
2315659825
2597268277
2597071157
3666622773
3687594021
3679000613
1527454773
1527323671
454638615
454573063
524036165
1060898887
627964279
627964279
627964279
627964279
627964279
627964279
627964279
627964279
627964279
627964279
627964279
627964279
627964279
627964279
627964279
627964279
627964279
627964279
627964279
627964279
627964279
627964279
627964279
627964279
627964279
627964279
627964279
627964279
627964279
627964279
627964279
627964279
627964279
627964279
627964279
627964279
627964279
627964279
627964279
627964279
627964279
627964279
627964279
627964279
627964279
627964279
627964279
627964279
627964279
627964279
627964279
627964279
627964279
627964279
627964279
627964279
627964279
627964279
627964279
627964279
627964279
627964279
627964279
627964279
627964279
627964279
627964279
627964279
627964279
627964279
627964279
627964279
627964279
627964279
627964279
627964279
627964279
627964279
627964279
627964279
627964279
627964279
627964279
627964279
627964279
627964279
627964279
627964279
627964279
627964279
627964279
627964279
627964279
627964279
627964279
627964279
627964279
627964279
627964279
627964279
627964279
627964279
627964279
627964279
627964279
627964279
627964279
627964279
627964279
627964279
627947895
762164599
1030599159
963490230
997044670
997044670
997044666
997046202
959298490
2037234618
2020457402
2028845754
2108357514
4193943434
4191773098
3654820794
3680056202
3679986586
3679986682
3688375146
3654824235
3638112555
1490751529
1490747417
1482506504
1482481928
1481417992
1481420152
1481619928
2014222472
2014218376
2030996617
1780384905
1781891273
1781891273
1782022393
1798742504
1796399592
1796433832
3927125928
3927056297
3931246521
4006807451
4006675147
4002419419
4002423451
4002423467
4002505387
2928898729
2811712185
3084186249
3074746073
3075270393
3084711465
3067893289
3070053931
2465140539
2465017146
2465016874
2465012778
2456751146
2188250122
3258854410
3257803786
3261740046
3286893582
3249161230
3250275342
3250179454
3235446638
2153561902
2220735262
2229255950
2229256015
2228076415
2228004717
2228003309
2244780268
2261557484
2521609452
2517406892
2668547516
2668547980
2668519117
2640189133
2641958633
2574792553
2574791976
2558096408
2566480904
2566612232
2562450696
2564421400
2564355689
3629678315
3629678314
3646512874
3680067306
3663232346
3663230026
3659093002
1511706698
1511710794
1511710939
1511716025
1514861976
3729424008
3712712329
3695910537
3695779483
3704559290
3570340538
3566015210
3567022442
3566526506
3583291434
3532948522
3532950607
3537144013
3524757708
1461098652
1427568828
1410792596
1410526596
1947401668
877819348
877749712
879814096
896591184
930346353
919787376
919783184
382945040
384853808
376447520
1450189344
1450381844
1464992268
1439826456
1553085240
1553143080
1552944440
1553217800
1553231624
1553462792
1423230473
1416938009
1965834795
1982681706
1982682730
1986818922
2011976554
1953256410
1953289162
1949095883
1882045912
1882044584
1886238888
1894627512
1940651912
1923773064
1453994634
1453994634
1458205610
4134072490
4129857706
3060314154
3068832778
3082528776
3082332684
3052972556
2486741564
3023809084
3023760908
3026869804
2968014317
2963802287
2963802279
2443794615
2427156885
2422947461
2418687621
2435465095
2469017766
2481465510
2460493990
3534235798
3538499734
3542685854
1344996494
1344929950
338296910
875504654
875310094
887384078
476359950
476951838
527413518
527344397
451846920
465478408
462193256
462197480
428389992
432666152
424293896
474625547
470423306
336397338
337380394
337380394
272368650
372048906
510526794
443424587
451829723
183336938
183268842
418148858
409760218
409465050
409399546
149942763
149811689
196735976
176878424
181055048
181119592
1271442408
1216920472
1285065096
1555597704
1455132312
3534393016
3534657192
4075720936
4129919019
4129927210
1982439466
1982570538
1714348074
1982754842
2116943902
2121073710
2116818030
2116826222
2117746015
1056583245
1052387916
918239820
397097549
329849485
1407732125
1361594541
1344924836
1346039684
276733572
284135060
279808645
279812678
870898198
845723686
841541670
841542694
841671686
841671686
925549637
875185285
875238837
1550532278
1558919862
1426012838
1421810358
1420761750
1353521814
1353465510
1353459110
1353457829
1416372372
1412227220
1412210836
1949082740
1949083956
1881713204
1881717300
1885964852
1902873108
1919670788
1919581892
1927947924
4071170215
4071100582
4072161446
4084973734
4046356686
4029580047
4029525512
4033407496
1894296072
1890167337
4109036075
4159634218
4134421770
4134387722
1987571790
1995944174
1993719982
1985273022
1980033158
923166854
890659975
873910661
873907092
1683932148
1694356276
1693232948
1961668148
1961668148
1961790996
1953415680
1949184512
1412313600
1416565303
1426003238
1419582566
1419578598
1419578578
1421804738
1090516038
1077773318
1379697975
1378720052
1378789444
1378789572
1915587972
1915520660
1982436020
1982567076
1735062190
1701503662
1869435246
1852601390
1852584998
1848384534
774794246
774794254
711912478
721354014
704565071
685723022
744294542
740104350
739584430
608513966
616900271
612709039
545723069
546771597
547173001
549203609
821832377
595339769
591149273
556533833
539889417
820905481
816738843
883708475
883745339
899985978
912560410
912702522
913681450
911517742
911522846
911653902
907453454
842437647
842433551
840355039
857197821
856115629
826740141
809961407
811016863
811033343
836072191
836073087
871657278
850717998
850721855
854967359
846614541
858935308
269627660
274084376
274084408
282531384
284499544
351550089
1425808043
1421609642
1420560810
1454247306
1458443658
1458525066
1457837002
1454175210
1437377002
1420599786
1560125673
1574806744
1599909320
1511964425
1511955981
1514069519
1513000510
1517129518
2062324782
2062328873
2063377448
4217282632
4182676620
4182672524
4182607788
4178355884
3154945708
2886591148
2752443116
2757645036
2698970856
2696679080
2700872329
2700880523
2700880826
2700872106
3783002282
3816639642
3861573834
3865829450
3865616394
3865616442
1718137902
1714072607
1714088973
1848306764
1852468940
1793724140
2074740460
2024474367
2028483294
2028479294
2028474410
2028471338
2028473402
2028595210
2028514058
2024319499
2028514907
4168648379
4182278811
4199133883
3200889513
3201151657
3201299432
3209590056
3177075752
3027977256
3035499816
3035499833
3182038299
3198835978
2666087690
2590523418
2590507050
2586312746
2603090042
2557087962
2558145498
3640272458
3640274507
3640142409
3640158937
3629710808
3648570520
4269506696
4269441160
4269453720
3195642520
3061359272
3077092008
2955445992
2955595432
2955598507
2955864750
2959894958
2968276142
3031286975
3064905863
3069112775
3060720391
4264456727
4264321574
4263780646
4263781422
4218698798
2079591470
2044005402
2034641930
2017864714
2026798414
1489917775
1485689423
1485632095
1506603903
1498214909
1493979581
1493726636
1560898984
2135620264
2127231672
2123030152
2122962825
1992872347
1465438379
1429786731
1411956779
1412120619
1412052778
1416505914
1424894490
1420704266
1554979402
1576816522
1593591194
1591591050
1591660938
1593766362
1593827818
1324933610
1324933354
1316511978
1316511978
1243099194
1264136202
1214920458
1223327242
1219156507
1487653433
1487444792
1541975352
1517855800
1511555288
3659169932
4196040844
4196053948
4195918508
4278756012
4228641452
4228575932
3025859256
3030009576
2963032808
2965129897
3036425146
3028036506
3078388666
4131147258
4131340362
4134158346
4134195210
4142522426
4142522410
4142654568
4269468888
4265273548
4263112076
4212876940
4216992476
2046431996
2025456237
2024276526
4172035886
2028485674
2020083754
2016020506
2016024842
2020239882
1751707150
1760077325
1752740393
1746436843
1766359722
1783477162
2051908266
4198871706
4198888139
4215764681
4182195576
4173731880
3167094824
3168143400
3166571528
3182117896
3752706315
3668820746
3673027386
2590831402
2587674218
2654787498
4280083882
4280149402
4126700682
4122494090
3585803403
3589944505
3522833577
3547999400
3547997368
3547010200
3547148680
1408000921
1399317177
1400365801
1365766905
1365635676
1365619228
1399304732
1399173944
1407571512
1407568664
1399835416
1919908120
1932486777
1966028921
892214363
896401418
1013776394
1013186618
740765738
673521962
673457978
678239807
687684159
702032447
700987967
700980127
734542747
734543259
801643931
759776703
760960959
634083263
634091455
600403645
597553085
602274749
602205053
593804089
577080633
577733913
594252057
594252059
594120986
594121018
577475898
573283610
573540666
574589306
572493050
1917748474
1917767802
1914597402
1914577930
1899899914
1882073402
1894652458
1907182122
1940703803
1923908873
1991016456
1991016472
1445761065
3727540265
3710832699
1412313419
1949183706
1961560746
1957235371
1890130601
1890335416
1891379848
4110184072
4101829512
4101427608
4099334568
2086003689
2085937705
2102683177
2104759855
2104757822
2038371902
955917615
955917359
955855917
953685005
945302601
990407881
973668233
978172827
978172315
977649051
977583323
977572986
994476122
961450314
969847114
952891258
952692586
952662634
411597371
411761209
998963753
986357545
977831209
974684184
973647880
973643785
973643867
973779147
973779082
957255822
1008635038
1010813358
611273647
619543213
615348924
901610140
868056764
872179612
863856068
863987140
862967796
837797863
833607654
1940903414
1944961526
1903022198
1966071830
1949295630
1949267214
1953324318
1961713450
4104732458
4104730154
4238880363
4243074777
4243091080
4239084184
4240165560
4256751288
4277726856
4134069960
4134069112
4129874216
4130038057
4129961019
1899633678
1882864670
1887124526
813186158
813184238
822023318
821958023
821888901
819725969
819725969
814485393
818773393
819821969
828173781
561901396
560377364
635874876
631615036
635746876
769964601
774158905
774220347
708160043
706521642
705477674
705467434
705270827
705400875
1779077241
1796927708
1748652236
1815740552
3967422360
3967486632
4107868840
4103682728
4036569752
4038601371
3501730490
3501731518
3501719982
3233284270
3283615934
3279503550
3274293470
1126739982
1126735887
1361618185
287943944
825138952
829333000
1898876424
1898880520
1898953224
1932298808
4130114280
3862728617
3861743033
3861811593
3867062681
3883835901
2910757615
2893996654
2893997606
2889743910
3980156454
3996933430
3934010390
3934008374
3934072870
3940356142
1793011759
1792942141
1792679961
2077896969
2027557128
2027642696
2027674312
4175035096
4175035064
4170840760
4170774153
3170423433
3162030731
3157803691
3158049515
3162248811
3036429933
3036426029
3032230948
2964087892
2964144261
2997796997
2528035207
2532230022
2523808662
2519486886
2519478438
3593216238
3609993258
4109250570
3702406154
3702401034
3702401034
3706530074
3647748378
3648802058
3688680907
3684205977
3684270488
4221276568
4204503480
4200375720
4196181480
3926697960
3926894136
3926894140
3926827564
3926832684
3926849068
3944666661
3944468277
3917008181
3917006885
3914954869
1775990871
1774861511
1774861526
1800027382
1850619094
1850619094
2119120310
2127500966
2122778278
2005208726
1971673734
1434843782
1417984710
1434749510
1464306182
1461100310
1444390262
3593975014
3610768614
3577167014
3560381574
3693545862
3697740214
3706129382
3702595174
3702533942
3365938950
3365938966
3366010662
3365932837
3365931796
1215302612
1209027476
1225849236
151234948
151169412
251832708
251767220
234924452
503361444
503426996
386055556
387104132
926072260
925089141
925087781
929282081
908310579
908310578
908236818
908236818
908236818
908237842
908250130
908215298
924976339
1059194273
1064502945
1039470240
1035296480
1035304464
1073053184
1056239360
930409745
930376737
1064709137
926288131
1010239747
1010256723
1014450915
754402983
750109351
1823314583
1689105031
1688712839
1684314023
1680129446
1679869158
3844273254
3961680934
3974262054
2896325430
2897398294
2897336838
2911959622
2945506886
2798684103
2790491077
2786300900
2786125796
2786125732
2790391204
2809392564
2775739804
2758964620
2758940061
2754741151
3845325759
3844151278
3881842030
3873451310
3869273406
3869601030
4138034438
4159004934
4100317462
4096643382
4100903190
4100345671
4108734277
4109781460
4105260516
4108344804
4100986037
4096791681
4096861633
4096995815
1970480102
2008162919
1991389703
1991447045
1386283532
1390413373
1377836653
1377840109
1377841035
304901515
300466618
296255674
296456331
283816139
275424729
342600041
354986221
388757709
392841421
393102477
912376285
1046725487
2120389167
2120393263
2120262207
2137040447
1868607295
1836104511
1813223959
3959593495
3959593511
3959594535
2887161378
2887160626
2939650359
2926936407
2926544209
2921778673
2921781729
2925844961
2925854052
2926638452
2926957581
2943733789
2905993277
2889246013
2889246014
2892394302
2758090542
2774798186
2783184874
3825009562
3825152906
3820822939
3787269560
3787199928
3785104536
3789301896
3780995148
1633611016
1635636488
1635569929
1630916875
1630974219
1630974315
3822491115
3821309931
3821308923
3796147019
3796143882
3797917466
3799950634
3883836714
2775508330
2759771626
2759181290
2887087003
2887082447
2887000541
3967038957
3849655661
3991274853
4020374901
4020637013
4021631301
1874077957
1809066245
1809262869
1800542981
726797829
693241351
686883351
682636135
680534503
679485879
679501959
964726919
968986758
423858310
419672222
469890174
474217790
483585342
483553086
83242815
81015581
72626948
73274124
73274124
6165260
6178568
31214376
43829544
43944201
43956490
117422410
108824058
1177325994
1177063850
1178177962
1197126058
1440461741
1435014116
1418433312
3566903840
3705315888
3707692816
3716082433
3615385877
1446922551
1379862775
1379671287
1379668183
1379684573
1379713229
1932366029
1886299611
1890495067
1891015262
1888782846
1888262378
1879875818
1628217530
3876450458
3877523627
3843433897
3830852268
3836938924
3836939932
3836949132
3836764804
3035685509
3027296871
3022041638
2753608998
2753603638
2757797894
2783098886
2799876119
2799866885
2791489540
2792538436
2805187556
2769372132
2752541669
2756781926
2756715894
2765120822
2765110326
2756905990
3847359494
4149623238
4132842375
4137103013
4135919269
4136437429
4137419415
4137161623
3596112311
3594043879
3594301735
3594297607
1462543623
1466934535
1433310471
1442766087
1425984823
3581299175
3579136423
3613150647
3615313303
3607033733
3623875461
3590189765
3564958293
3564954161
3572360737
3568168737
3568068897
1609312289
1584347185
1580075009
1581127683
507386883
507385091
528353027
485360131
481231379
481101347
1017913123
1017917219
887884599
627964279
627964279
627964279
627964279
627964279
627964279
627964279
627964279
627964279
627964279
627964279
627964279
627947895
896384375
896382391
896381367
929935807
929935806
929935806
393066430
393068478
393068478
1433255870
1399701502
1467924446
3590241626
3588156698
3588214046
3553477982
3511457230
3511525838
3578762191
4115579871
4116633577
4116700653
4116683244
4116707708
4116704588
4112377164
4095533388
4095537508
4095332708
3830042980
3830051300
3880347120
3863569857
3863688593
4132115891
4132046770
4133357234
4141815478
4141692854
4086593526
4086625790
4053066078
4040484110
4040221965
4107400476
4099077436
4099331388
4095165756
4111927068
4145415692
4132847112
4141235769
4139089513
4139024249
4136697177
4140891465
4157650377
4156663257
4123238907
4123501547
4098225131
4098216570
4031235694
3491185518
3495383918
4049039670
4082524182
4083048470
4091466774
4074626102
1926019190
1926010999
1917684807
1913558215
1913577671
1443819725
1461605373
1969115885
1977507437
2011159149
2006772604
4141672828
4141657180
4158633036
4116676684
4099768780
4095595004
4095600620
3021991908
3026157540
3034337252
3034318692
3034060596
3034134065
3036358163
3036292626
3036362290
2432179810
2432175970
2423786866
2438667602
2455387202
3596252354
3604640962
2531218626
2530172098
2521656789
2521065972
2521054052
2537818668
2496399932
2228028988
2492412444
2492195196
2493030628
3029897445
3032005798
3036194982
3027798690
3040381682
3877538322
3793653250
3860768258
3862864898
3862750243
3862717473
3865969697
3873834179
3874883523
1744189123
1993815747
1993617138
2006198754
2006198498
2006861890
1941882946
1908316483
1891474689
1895609344
1883021328
1880985648
1879871584
1611456864
1628250848
1695424225
1691224742
1690110630
1689000614
1689009062
1958492550
1973040262
1939481734
1938383238
2005447591
2005439397
2005444581
2009638181
2002297141
1999347989
1999282453
1999540533
4147102007
4148118823
4116598055
4123921702
4257623414
4258668486
4124513670
3587454350
3586401679
1439114655
1422333341
1422149565
1891954605
1883549613
1896132029
1929678285
1662356749
1647740173
3798376733
3798376735
3865551135
3879072574
3843322670
3843494766
1678640110
1682834414
1691156842
1821914411
1821912377
1824073993
1840785673
1706617609
1979231819
2004399818
1998100106
2000193162
1933346730
1936557482
1945040362
1946084601
4093568121
4083049529
4082917437
4081935645
4047918365
1908884799
1636257071
1619361071
1623486271
1631942493
1627739741
1628386013
1628402397
1628264381
1665979821
1674368173
1674366141
1674364109
1674565069
1673983964
1673979884
1640327036
1631592221
1614810381
1610816831
1614949419
1631725611
1631791419
1665235211
1673583887
1673824078
1640268766
1640792574
1624015358
1615693278
1615771118
1627827686
1661398886
1661468471
1644617271
1648811575
1665597239
1666051863
1632431431
1632435399
1632455926
1632590998
1666067846
1666068358
1666072278
1674514150
1636566566
1905004839
1888231459
1888231475
1888280595
1884086531
1342996807
1343000519
1364036487
1389267845
1389271941
1389279621
1380904389
1376576965
1914496087
1914490927
1902039343
1885267773
1893656381
1624233525
1615648309
1615656804
1611462628
1628231652
1628428212
1615845284
1615713701
1624102309
1624110257
1619289265
1636070611
1673862227
1673927955
1942371634
1933979426
1933979430
1935110007
1673911751
1674370503
1674354127
1674350047
1674350575
1942984303
1901061743
1896866429
1896866397
4044285789
4048549231
4056272111
4085565679
4085766367
4085684422
4089875910
4089873863
4047810903
4047823207
4032094503
4032226599
4099829539
4099813155
4116579858
4150138434
4133360198
4133426118
4132180470
4065068286
4073471231
4069283949
1921796156
1938639112
1909423880
1884250632
1881039368
1881039449
4027507179
4031631531
4039951531
4039953583
4039953567
3503082959
3570324939
3570328395
2493440590
2493441886
2512383983
2512170415
2515844269
2536803501
2536866956
2670887372
3205669708
3205685820
3075990052
3073664564
3073664565
3077908263
3086890470
3086878182
3049129406
4127131038
4127012238
4118101390
4147471582
4147438846
4149535870
4160021514
4160017675
4059362585
4057331516
4057323324
4116173356
4111946300
4111864668
4111861724
4116125181
4124524013
4120067503
4119869853
3586141581
3619700111
3611383183
3612492254
3612602862
3581272558
3589661550
3589665662
3589591830
3589572406
3585382183
3589582117
3581390117
3577130293
3577142533
3744914693
3744922897
3749106961
3732328723
4135567635
4152348983
4150129959
4124965927
4124965221
4116707669
4116601157
1964996932
1948073412
1948071412
1948063204
1952388004
1960772261
1956598517
1973187271
1973215939
2010965570
2010953330
4141129510
3604258599
3606563637
3598114069
3598118145
3597853713
3612533809
3579040115
3569533266
3569538370
3569603922
3570523634
3520199138
3545357810
3528908179
3528902529
3528970961
4065645300
4084527972
4046780260
4046779685
4044750133
4048878901
4048842039
4048971031
4057359623
4057355591
4090906455
4090847223
4074012663
4065623415
4065721719
4064802295
4081578486
4030976342
4039360854
4040413522
1891758387
1891755297
1883368737
1879275824
1879513872
1879449104
1930827280
857150064
861148144
600052689
566494609
549719475
549734819
545642995
562538563
596093954
583443458
575053826
570798098
570732578
1644539939
1644672039
1644688743
1711667174
1715721958
3867336366
3884113582
3884048062
3888185054
3888183246
3879989598
3879919710
3871498443
3871565209
3871419832
3879746488
3875548088
3875683256
3879870392
2010252696
2010202508
2012266572
1977671700
1952506132
1948312336
1952621072
1961268785
1705414195
4008086066
4268001810
4264880914
4262783250
3189075046
3054974119
3071738279
3025535391
3033924495
3031827103
3031172014
3032245678
3031756270
3034901550
3022301246
3039071502
3072830734
3072763150
4150695182
4151805199
4284468255
4284475439
4279692335
4246133871
3983985861
4017243332
4015146188
1867535852
1866491628
1832969964
1841460956
1841395404
1841325004
1698718172
1694589372
1694651836
1699172269
1698979503
1740928702
1736570526
3850621662
3850601167
3837887007
3837907487
3825264143
3825495567
3826527774
3826662970
3828759930
3858173114
4137946266
1990526106
1991709850
1989293210
1451566267
1451500027
1473012490
1440514826
3564802826
3590037786
3585647402
4156072747
4273514297
4273708824
4141518136
3055193384
3055453544
3055468908
3072209277
3038650709
3026064743
3034385894
3036510694
3036610007
3036600135
4122919749
4156461829
4156346628
4133285924
4145831973
4112280621
4095555631
3827185966
3856562990
3852388878
3885616654
3867723278
4131976718
4127842830
4266320766
4275761390
4273651950
3199747238
3195544758
3191350422
3208192406
3179152054
3170763431
3166573231
3166516925
3170641613
2633854925
2625367373
2633625373
2633559593
3164137001
3185112617
3185104441
3178847800
3174653545
3174834169
3174903193
3208064185
4283839675
4283565211
4257416331
4257232027
3720373727
3720472575
3721652029
3715282701
3714422543
3714422559
3756365631
4293232431
4293232447
4293248894
3748124670
3744931822
2671189998
2669099518
3742775710
3746967006
3747489230
3724480542
3720106046
3719098431
3719078172
3702302028
3698114380
3693907804
3711356892
3711355260
2637326700
2639472941
2681412910
2681417023
2676045119
2676445983
2677527133
2661143260
2661066476
2661066732
2656865708
2652671213
2652736621
2652869933
2654928415
2487123534
2491311694
2495510222
2495563246
2629616814
2629354670
2633563310
2642061519
2637867085
3208558861
3208554756
3208424756
3191645228
3191836700
3189673997
2870931471
3139399974
3109893414
3109883686
3118272302
3113760046
3113754926
3115847983
3115909405
3183166220
2646339148
3753487052
3736644348
3732453805
3594029229
3594177679
3527065742
3544060046
1899889038
1887306670
1895174831
4038922923
4038864569
4038913017
4038912873
4038372137
4038375961
4038364681
4059337227
3076821531
3055850283
3056005995
3057021930
3073779182
3044943342
3036557822
3032351047
4105044423
4104913357
4108591341
4100203757
4118047980
4116077804
4116077708
2102738316
2098281933
2098411215
1561476735
1565687342
1574066734
1576013582
1609592078
1521542174
1521852446
4223119391
4220948525
4225007917
4216620524
4215582636
4211583628
3943082636
3942825612
3942762125
4211328958
4211275246
4215428462
4223733038
4190117134
4191168782
4174522638
4170587950
3633712942
3633644894
3634111951
3634110941
3638321629
3377246716
3377246684
3406607820
3675045324
1577953612
1578019645
1578015029
1578010645
4266560517
2119073861
2116022469
2132762837
2082349277
2084438109
2084438333
2088701487
2096904751
2092706351
2092722735
2092755487
2096937547
2113177547
2121565130
2121434058
2050146814
4262654446
4262486510
4265632238
4265633198
4223756223
3145825983
3112427197
3179536061
3179405037
3183791724
3205821973
3205850629
3191087621
2654216487
3212058663
3218408550
3184921702
2630223958
2630277206
2630809607
2626599173
2646978309
2646914821
2672071444
2605036068
2588406308
2596795949
3133427309
3150187519
3125087214
2588359150
2584545774
3138066510
3139054606
4217008142
4191809630
4191740126
4174946703
4175013253
1490665349
1481169813
2018008485
2030779813
2098083237
2101740965
2136342933
2144555989
2144359372
2136007436
1582621452
508621081
508686363
1062458427
2131950651
1561819163
1544976395
1545001291
3696413385
3704786633
4241524425
4258300488
4153709080
4136940073
4136936041
4136935915
4136939690
4067738794
4130620590
4129621182
4146463902
4096144782
4100335263
4037424815
1889797695
1889807885
1957441037
4109118989
4100730431
3563939375
3580880175
3748655150
3748627502
4276913246
4276915278
4289498206
4289693054
4256080159
3187581743
3170542125
3179013740
3176756988
3172548556
2635612044
4279861164
4246394861
4250851325
4259225439
3992947981
3992291340
2918549532
2809444396
2920590612
2920785668
2803290628
2805383684
2805383716
2783724068
2712420964
2695649004
2712426493
2716631006
2708275198
2704038910
2737659902
2737765822
2741960126
2733563294
2729434526
2733637006
2733505694
2725084342
2792191158
2805953686
2771789198
2771789198
2755014030
2759212422
2767592582
2767543478
2763324583
2712988919
2717181005
2717246732
2708989724
2708993596
2708989500
2708956732
2706863661
2740274991
2748597614
2740209134
2739160318
2739160270
3813494990
3821949150
3784208510
4035850271
4041090061
1885284380
1880893492
1880959284
1881025072
1885215248
1889422848
1939849729
1922880065
1927119555
1918862275
1914618354
1914630642
1930883554
1884680674
1884583270
1884584743
1884584741
1883535925
1892051509
1892085329
1892147777
1976029891
1984349059
1447478147
1447547315
1455804579
1455804583
1992684711
1992684695
1992680671
1992598783
1992664175
1992815675
2001191962
1997915162
1998050426
1981281514
1981281514
1996715163
1963148427
1900168585
1883374525
1893143212
1893020396
1892950652
1893016157
1888969245
1889007165
4038381103
4038380094
4042571294
4051152654
4084578062
2991883614
3059188062
3067531390
3067605102
3067211887
3067212073
3084050728
3050758952
3042049832
3041983288
3037763896
3070597240
3070744665
3054955725
3054919885
3054915725
3071672717
3044410031
3030778542
3030450862
3030398638
2494573294
2494589694
2507172814
2536635342
2536697806
2540890063
2528567775
2662711405
2679423085
3212104829
3207914525
3174493469
3174214941
3157442367
3161626479
3178268287
2907739727
2937120351
3204507503
3187730285
2940270381
2940293925
2940686613
3210105108
3176551796
3185003876
3185036596
3185039620
3184982532
3167153732
3167151684
3184776788
3184575077
3218129639
3218360294
3203683814
3203783910
3203910902
3203910870
3220698326
3212240070
3176588358
2908153158
2903962950
2904024358
2903899430
2908224567
2941647895
2924870679
3998547061
3994377333
3994506485
3994965237
3999155703
4015932807
4026422662
4026430598
3992812982
3975511478
3971448790
3970387671
4243017431
3168814839
3160416999
3161465575
3161465831
3169919909
3167819701
3163623349
3168033269
3170134389
3170167157
3051878659
3085368579
3068583939
3605524483
3605512243
4133994801
4151824673
4118282033
4114066224
4114070320
3845495088
2809436448
