1358699583
1356598287
1372392455
1380910421
1380959221
1376228277
1376227989
1376228245
1916834725
1916834727
1925226935
1656989079
1648536719
1644346591
3791886399
3791816751
3875711021
3842156845
3826690861
3830892348
3763847709
3760014109
3759960941
3760005991
3776779239
3780969447
3813474942
3821355534
3787739658
3770973706
3770968587
3770706459
3762322138
3779091082
3812694666
3795918474
3796113306
3863216570
3888386234
3884257450
3850842350
4102434942
4103500814
4254526471
4254509061
4288059652
4292250372
4283927296
4246046992
4229270800
2081935664
2081906720
2081497121
2081632561
1007825185
1007817505
1036190497
1048654355
511783683
511774979
511832387
1065525699
1066576259
1066568067
802261395
787585975
787593879
1848687263
1848686239
1847628523
1847628395
1847767659
3995263531
4011991851
3999338799
3865117054
3865117046
1726157942
1659049078
1654856950
1621171350
1622355079
1888627847
1955736709
1417829765
1417797253
1417993941
1434754661
3621033511
3612668726
3577078038
3576620342
2670650662
2675629350
2667306295
3667525425
3671649841
3671647793
3665356337
4219192849
4219388721
4218864931
2062666787
2054212643
2047888433
973093889
973089793
973089793
973220913
973212961
1003621923
1018497635
1017972311
1017909958
413930182
413979278
212644526
212644526
531412910
1592375742
1592375742
3756636607
3702111167
3702176399
3706371725
3706364557
3707278077
2499379965
3028129517
3044847396
3075778852
3058993188
3054802996
2786372868
2719408644
2736181764
2685846020
2692661860
2695644900
2695388900
2695396076
2699583480
2716392921
2716458459
2716726747
2708469242
2691687930
2691694586
2691686398
2691653630
2775021470
2775003550
2808557982
3085316314
3081122010
3081647322
3085903962
2540648474
2502899738
2234398730
2246977546
2242782218
2242846731
2243690507
2377908267
2377912363
2376335403
2381057151
2381056351
2372753759
2372753751
2372794711
2372794711
2372794743
2372794743
2372794743
2372794743
2372794743
2372794743
2372794743
2372794743
2372794743
2372794743
2372795255
2372795255
2372795255
2372795255
2372762487
2372238199
2372221815
3445963127
3441768823
1294284919
1294809207
221059191
86865991
86866247
355289415
627964279
627964279
627964279
627964279
627964279
627947895
627948919
896382453
359510516
342733236
342733236
1416475316
1416476340
1412021940
1424603829
1420409526
3752459198
3735748014
3735715054
3739886814
3471451150
3379127326
1215046967
1210852661
1211905300
1211368724
135595028
139854848
148251904
138552576
138552593
134226225
134243121
155214163
155318131
155318130
188997458
188997586
172088274
1245838322
1245838323
3393241073
3397433328
3397497808
3397628912
3397497312
3464536544
3732979685
2525010663
2529200870
2449509102
4061170286
4060319326
3792098830
1644623630
1661424398
1627739926
1611493143
1615691539
541870899
541673747
541673811
550197587
550197459
550230227
550238417
550238417
550107633
550091248
541638640
1615378161
1615369905
1611388563
537589395
554336146
575289778
575355058
583743730
584005650
583997443
583997457
579740709
579805413
596402580
596432772
868535936
889474688
889196176
889396897
1023557537
490874275
427959635
427961602
429010178
160573698
160459026
1238427938
1230022946
1228974374
3418662950
3397696574
3397686366
3397899486
3397899518
3464647790
3464920430
3347533679
3318041196
3227339388
3223177796
1075632708
1141759940
1410334596
336588676
352643456
352635264
486623633
486739377
490878385
423765427
432153043
427958531
427975939
427994371
964799234
952154934
683719463
675330919
692108271
721468831
704689547
1778495883
1778618777
1778618857
1778537320
1778529064
1778529064
1863451432
1844578088
1823674168
1823541528
1840257288
766519497
699410569
967837835
434113674
425723018
409075866
140644506
150090234
147988862
148005694
164880950
164734518
164736562
156285750
1262532902
1262528550
1262528550
3401890862
3397685358
3397898494
3397800190
3397784042
3666220011
3683058408
3754164968
3444835912
3440643656
3440712264
1494706760
1494739656
454355592
456456584
456427659
455117962
425836698
421712026
421687450
422731962
424813038
424813358
433201702
416491058
416497170
416356914
416299555
415263719
407169957
423951781
155489719
155423111
188912003
1531089299
1589817683
1585624369
1586609200
1586599984
3600005168
3604134964
3595746581
3596010775
3596010782
3594962222
2521121838
2521041962
3590593642
3611573322
3578145867
3569761611
1350966873
1350901369
1350841961
1355031097
1346642489
1342448185
268706361
268718617
805618248
822395464
822920921
856529627
860797898
860793226
1388816778
1388624266
1388616138
1458603466
1454477402
1452519482
1452449834
1451663402
1451663402
1455861803
1447460969
1443807480
1376670920
1376660620
286141644
806758908
806763260
808852084
819400277
815078935
882124374
881092342
881125090
881114786
876907939
872450483
872450227
604149939
750959009
1820502433
1837279665
1837346113
1875094785
1862446337
1729345809
1712388387
1712335139
1729182498
1729239590
1695682086
1616053798
1620050742
545260374
545272143
545272143
562037067
595854153
646185545
918847048
1053157977
507898841
533064651
465955722
163900298
163892106
160794506
196313498
177385658
177381546
176332971
1250074861
172138725
167945332
167951360
437426176
437426192
437491744
441687076
441957412
439874588
456638476
456638492
959955004
943112552
947372520
955761400
955630296
954554104
685864697
686890715
753999482
753940074
751840810
1682976362
1682976346
1701845706
569396122
569690554
564452490
568644746
568606858
811876554
813088891
819384619
819388715
1892673327
1892477751
1892457270
1909229878
1925940550
1925873990
1917514182
1913282886
1980375367
1443504501
1464415076
1418203948
1955083820
1955079724
1959325196
1950920269
1950924623
1967689166
1993117130
1926139018
1917750474
1914614990
1914598495
1914577199
1897799981
1885217065
1889349929
1889284393
1889014569
1892185885
1883831119
1879608135
1896384965
1934133445
1649056965
1644868805
1711972549
1711972549
1728750039
3842683879
3846805478
3846756070
3880280934
4010550118
4010550118
4010746727
3960353655
1817055231
1825442719
1820724109
1821252493
1822309263
2107456399
2140938125
2128349085
1056703148
1056703144
1056842473
1073619561
1071391533
1063018811
1029497147
1029501243
1029567515
1029699611
1037023259
525191227
508348443
1582123083
1582193867
1582194827
1590064011
1602638507
1602675369
3716473576
3716457196
3699679804
3703878268
3695686268
2483470060
2483460844
3020262061
2974583471
2991360702
2991569566
3054429838
3055448782
3061449438
3077182190
2481463790
2447909102
2426941678
2443706606
2443772154
2448363723
2431463497
2432445448
2424072200
2424072216
2221795640
3295541512
3291470088
3341799176
3593372491
3598614858
3595993130
3594825774
3594817582
3594879022
4131824686
4131824654
1984291855
1984225292
1996845180
1946579308
1947091560
1879982696
1884212824
1884080845
1623763663
1615370974
1632144350
1648921806
1917489358
1980424399
1980391503
1981423709
1968841069
1960457068
1955279464
1955337832
2089561704
2089578073
2085415497
1946991179
1963756362
1985776074
1918733514
1918801098
1920897230
1916715214
1916682462
1933455615
1887314277
1895772973
1895567917
1893495341
1624043053
1615637021
1615379023
1632144078
1648921486
1644793230
1644855694
1711976591
3859456159
3860521143
4148880869
4157275492
4137671972
4137440548
1994137893
1985749301
1981554725
1998524455
2082342182
2086538590
2094939086
2094938830
2094992078
2019364558
2019301086
2019308270
2111575019
1837892585
1770783657
1770926825
2039292616
969696201
961307465
944566553
940569881
944692249
2018416696
2026805288
2026739768
2026670408
2068614600
2114422472
2114355848
2114359960
2118574760
2118443756
2126799599
2126803758
2126835758
4291162158
4115135534
4098283638
4098263254
4098787526
4115564679
4149132677
4149126789
3209622213
3218784849
3086598755
3052954338
3036161762
3036163746
2960662178
2976386466
2976449715
2976448659
3043565761
3010011136
4083900416
3555418116
3555582996
3518780468
3501474868
3503557941
3503623477
2496077103
2227576175
2245418494
2262728142
2258562446
2258605454
2258404766
2394456494
2667098542
2675483562
2642011119
2621175551
2554226269
3627951620
3627492884
3627296564
1484002592
1484195120
1482036496
1482040320
1480926208
138425361
138485761
155394049
155333891
155342098
155404050
188796786
1262550002
1245772274
1245837715
3401817489
3397490576
3397628816
3397555088
3397620144
3464606176
3732974820
3598756069
2538637671
3507783982
4080503614
4080455198
3812029966
1664610830
1662833182
1629275694
1633482286
1632173878
1632165719
1632145351
1665703895
1665777557
1665793973
1665924533
1665924517
1665922469
1674236340
3821719988
3821728188
3789481372
3789421788
3789158621
3822811359
3822745822
3821693022
3889849374
4158545950
4124991550
4116664602
4099895578
4099859226
4098748254
4098685566
4098677502
4157131518
4140354526
4140352718
4140548302
4267364559
4279918799
4248445151
4231930365
4236125165
2095003629
2090612717
2093230077
2093248509
2101673951
1967443935
2009566590
2127010910
2126881870
2126881870
2119680078
2115944479
2132721725
2099143485
4234043948
4242350636
4242285096
4232853052
4232871549
4165761789
4232346367
4257504926
4291085726
4286891150
4207407310
4207337678
4266057935
4278640735
4283889023
4283946861
4292204397
4274320749
4274315629
4265931133
4282700157
4282892605
4249273407
4249269343
4257655903
4258249807
4250897631
4284320991
4011695551
4011765693
3999182509
3998652157
4015494876
2937435740
2771755612
2754982460
2754990636
2753876516
2753877605
2753844839
2758024550
2775321702
3882617974
3866037374
3874372702
3870174302
3870174278
3869653062
3803592790
1670846486
1636046870
1623207175
1623205637
1619146244
545392148
545392164
545261092
536899108
536898324
553679620
553863948
553864061
558025711
566427055
595770815
595959198
595893646
595638670
591436174
587307422
570661054
570661038
570603758
1711450222
1716693038
1716758590
1733535807
1729280045
1729271868
1729350716
1731353644
1714560044
640027948
644024620
644024629
660802357
635640373
614541877
615590421
615721493
615918085
615778821
615262725
615254535
627964279
627964279
627964279
627964279
627964279
627964279
627964279
627964279
627964279
627964279
627964279
627964279
627964279
627964279
627964279
627964279
627964279
627964279
627964279
627964279
627964279
627964279
627964279
627964279
627964279
627964279
627964279
627964279
627964279
560839031
560840055
560840183
560838071
594391487
594391487
594392511
594392511
590200255
590200767
539884479
539327422
808860606
1903312814
1941055406
1922045342
1922122127
1922289807
1938945423
1909518285
1356065741
284322509
274873053
287448541
1361182975
1394671726
1918976046
1927397422
1927340318
870359326
400598814
367306558
367443741
367435293
1433848604
1360448284
1359957253
1359899909
1359959351
1365197158
1356726598
1356727046
1358840582
1358841202
1354554722
1351936355
1351936997
1372913541
1381433221
1377236612
1377223300
1377256373
1381258661
1927046565
1922835629
1943811327
1910338623
1887298622
1883235391
1883223359
1883223871
1887221567
4040721933
4053369420
4052387396
4056596052
2974394916
3038292516
3038292516
3038444325
2774453815
2749284870
2745090582
2729931326
2729730670
2733904622
2738096046
2738096298
3778812074
3762170011
3766364297
3770561673
1639846089
1941852617
1927143897
1927078377
1926557161
1926618617
1917241819
1935067594
1901559114
1897354586
1886802778
1886810938
1895265066
1891070267
1890939257
1895101816
1909778744
1901394232
1901583112
1931328264
1931255576
1931334443
4045394730
4030579514
4034773550
4034713134
4043169582
4039106406
2979979238
3013586422
3013584263
2995688837
3000929684
2992410084
2987691364
2989866788
2989928245
3057051397
2805458709
2805290279
2805419301
2805452645
2810169316
2784970708
2812040844
2816239244
3084660636
3076341164
3042848172
3053329828
3053327764
3036623301
3036488135
2499240134
2490819670
3027684390
3027601446
3044329494
3077957634
4130859010
4130794946
4264969666
4264952726
4281729974
4285993654
4260705190
4256437218
4122743138
4122748262
3590073686
3581684038
1430006022
1467821318
1476015430
1469714775
1369067861
1369325845
1356644660
1348257084
1344072061
1344055677
1360968143
1394514319
1397656975
1406109071
1938063805
1943306412
1943384300
1930601704
1932698732
1932766316
1915939948
1647508844
1651703277
1651733997
1919955359
1917845919
1934689215
1884357551
1356269287
1419128422
3568708114
3567528450
3299109378
3303337474
3571826434
2549908738
2529146115
2529081089
2529070592
2528611872
2524220960
2520032801
2520048183
3057541846
2990498726
3019665574
3015458990
2981904557
3049214092
3045057676
3024071820
3021908172
2956900668
2973153564
3005589772
4079266060
4062422284
4066562316
3059892508
3060924700
3058770412
3067158949
3080130982
3046508470
2962687878
2966752902
2958364310
3562355358
3564972958
3573295534
3589549550
3622069582
3622789390
3622760717
3614425149
3613949996
3580399660
3563627540
3563764740
3559586820
3559517461
3560695093
3558492135
3562669750
3588097670
3621652102
2530615238
2262125559
2532629285
2532616980
2528423700
2662639412
2662642492
2662634301
2662642479
2658444134
3189027750
3205874342
3172385462
3155313334
3155325878
3159492055
4241495125
4241499165
4233110541
4229114893
4096928781
4101118221
4126559021
4155951725
4137144028
4137023180
4136952780
3602170700
3606365036
3614823213
3611255341
3577684527
3695130166
3699195686
3699186982
3707583830
1551793606
1551785350
1434373510
1467929987
1451160963
1451180419
1451049107
1465651427
1432101095
1432102055
1549675942
1560164758
1576930198
1572802230
364648118
364655263
347869917
368313193
360084328
392455976
371484984
372271369
372373771
376494106
374397050
374395978
370414026
324288858
332775914
395744105
378975081
378971944
383033656
374645004
102010892
102076445
84398141
4587549
12977421
8783628
9326108
1154345512
1142730280
1427943176
1377668936
1381797320
1389659641
1120179690
1120794090
1129264110
1079911038
1147023910
1155413798
1149118242
1148986658
75243538
75309058
92168195
108957699
103710721
103515376
103521520
388677041
1475001777
1991159697
1995288193
1718394497
3861154449
3995441889
3996565024
3862406688
3862225505
4013187941
3845403119
3861123567
3866039462
3874426022
3870230710
3870251254
3870226646
3888053446
3858752902
3829327815
3829327559
3827746519
2754404071
2901208039
2913790821
2947313445
2947313437
2784831053
2759796421
3829278341
3829274261
3829208743
3832285102
3840148654
1688208574
1706048670
1873815630
2142316558
1068509198
531638282
263202826
263261450
263340810
263344907
231961580
222356396
218153900
218166700
255980988
251770300
251772348
218348024
486783257
353610011
355707162
359836938
368227658
366122443
364937689
348161448
339838376
339998120
335734168
335734216
336770508
338931933
338731087
338736206
892443678
923966270
938646078
917674782
916557086
912303375
908259599
908476683
2116419867
1463157547
1440163435
1955606255
881867503
344992399
349187973
80746373
72487349
80884133
97677783
116572423
41074950
39944478
48275758
44082218
60877867
27457547
15878153
7604537
3422632
3411864
3606408
24576664
57946808
41378456
41317272
58119001
56414505
22865195
6056234
8354618
74906378
83294538
213309898
262521225
245416376
182502296
182637272
187871852
135505444
139504160
139520544
138459936
138582320
239244352
248680640
248676544
1324515520
1323532496
1323537632
3458315488
3726683616
3693195232
3693267525
3706964549
3703037650
2629168866
2628841186
2515824354
2539933154
2535738594
2502319347
2489740737
2498162049
2498166657
2495041153
2499051171
2624876194
2624876514
2641712610
2674005270
2657301766
2657101078
2665490230
2665557526
2665688590
2666675982
2683378974
3645906206
3645971791
3691191561
3691058440
1547711800
1547707688
1548055592
1564995608
1566421208
1562158236
3709379996
3557328796
3561525149
3570372253
3571355285
3567169173
3583422101
3621170837
3598178261
3592745461
3592741093
3596673125
3596865580
4133666844
4146250764
4112709644
4095994652
4100057661
4108429887
4121147966
4154562078
4141908506
3865084186
3866341422
3862143022
3862012973
3878921228
3843206148
3759324180
3759574068
3759508772
3759509292
3830828588
3839360556
3973406317
3965458159
3961262766
2904298158
2910589870
2851869118
3920303294
3920239806
3920574654
3921422494
3952879822
1805396046
2068588559
2035165199
2032016398
2019427646
2019427886
2027816494
2022508095
2022470159
2038751821
2042929741
1799664380
1795666668
3909465836
3909394157
3909393149
3914177277
3947821677
3956210285
3947552621
3947613503
3909733439
3909997613
3914330157
3922628957
3922113481
3947356809
3942966921
3943492283
3943496363
3909901227
3914160555
2848656811
2849640667
2849701899
2885243163
2884202779
2884461851
2884494363
2951603259
2919100651
2917122233
2916073609
2916078985
2907110792
2907106713
2907109801
3051281835
3053440443
3053438394
3086829530
3076801498
3060094970
3056018298
3072794938
3076857914
3185905690
3169259550
3169203214
2632328462
2632854814
2633989470
2650627423
3722214879
3755799773
3755857373
3730675037
4269782860
4269784860
2122301244
2122169644
2115353637
2132127797
1964486673
1947652097
1679212609
1679114480
1679173536
1683386016
1687571104
3853929089
3819358851
3802516098
3802443650
3806637538
3890521442
3890585910
3890454551
3860983863
2787143717
4011860005
4011860005
3978436909
3991013167
4255256126
4255255114
4256377418
4256180938
3685756874
3683661274
3671081178
1514193099
1514271177
1514398024
1532158792
1527969624
1595072376
1599265785
1599273979
1599338938
1607522746
1599133114
1599394202
1475592587
1475527065
1475600872
1467081064
1467310380
3610602796
3576134461
3563477845
3563477829
3571862983
1357235671
1357169111
1357234647
1357345143
1424449843
1424450611
1432839187
1462201395
1462074403
1445330225
1445379923
1449561795
1457950339
3622276739
4159018627
4125472403
4118062819
4101284837
3027542373
3044335909
3040179501
3039239469
3039116077
3043441455
3034979903
3030785566
3030713886
3031700254
2494853438
2427769199
2445079023
2448290815
2440942495
2436875151
2436809102
2436780446
2420010238
2424170734
2431445118
2964121630
2968512782
2439969550
2469316110
2452537870
2456801822
2464969262
2481746727
2448184165
2448183776
2448184736
2439828912
2469189008
2452477072
2452552832
2456743105
2993597762
3018766594
2985164598
3043815206
3043815206
3043813166
3052197678
3085714223
3077113375
3039508047
2503687903
2485788671
2489982183
2498436326
2494041334
2628258838
2360943622
2361091078
2377770246
2277090582
2260379398
2264569350
2398785095
2397605605
2389215909
2401819301
2401819365
2636763116
2674562156
2683220012
2683215932
2683035932
2682839884
2674455260
2674456236
2636774316
2636732844
2636728492
2636798109
2636807309
2640983247
2649370634
2682855690
2405966650
2405966634
2406098730
2414479130
2414495002
2377702714
2679680314
2679684315
2679671961
2679672248
2682818216
2670233272
2670318232
2637042316
2502824653
2502824575
2502832166
2515279910
2511086630
2646483974
2378050566
2375953414
2375825670
2375568166
2375600942
2413349166
2262551854
2254091326
2388303999
2390396997
2390327492
2405990804
2355725236
2229965460
2229974660
2364193412
2364521141
2372713381
2386344869
2386344949
2384445381
2652808901
2652807813
2669601429
2640245431
2623423927
2623360166
2624867494
2624875750
2624939110
2624741638
2633134855
2628809237
2511401572
2494621412
2498819812
2490420916
2486292404
2503134612
2503146949
2507341127
2540895494
2549149462
2549147174
2549147175
2514613799
2514802469
2514798372
2641642980
2641823156
2641757568
2641757569
2641704353
2639541667
3746577634
3679534194
3662818306
3664915458
3673236482
3671089170
3738300422
3755077638
3716198710
3716196134
3699424806
3699415613
3586169373
3611400764
3590576956
3590769468
3523661116
4060501308
4060483676
4060545229
4081517021
3511043501
3519438247
3519368119
3519306119
3502561671
3502631303
3586567621
4119242181
4152800757
4136089061
4135957605
3066340389
3054810151
3054822455
3056952342
3023447094
3023447318
3026587166
3031305854
3031238382
3031175918
3032232558
2495357514
2514248523
2514280712
2505959240
3575439192
3575172728
3575209944
3558505800
3557457225
3561641051
3570095194
3570103370
3586848074
2547701082
2547697627
2530973657
2665064344
2665264824
2667354024
2658965416
2658972584
2675237800
2675307257
2675340027
2675323498
2641764906
2641830698
2633442602
2633442362
2633311259
2633243721
3707522248
3698642120
3577056648
3610623384
3610621336
3610613128
3614806921
3623326714
2515706602
2515706602
2507317866
3040015226
3040080702
3077796655
3061191481
4143321624
4143329816
4134810168
4281612072
4248123689
2084010219
1819658394
1827965066
1826916490
1826658442
1818268810
1864405211
1847701529
1848811576
1848811560
1848811564
1848827940
1714611232
1714604320
1717717281
1726368785
1743668417
1684952256
1685025984
1684895200
1684829856
1692735136
1688540849
1822758579
3987157682
4020707970
4007994754
4268041346
4285873298
4260838562
4239731174
4240191206
4240191198
4239929038
4239929038
4294450894
4202176222
3665313662
3665307006
3665306670
3740799022
1605894253
1572406508
1572811932
1572611468
368320900
387244420
369144196
369205652
385921372
352358716
338792764
270774076
270776860
1344444956
1348635164
1369868821
3551955205
3533145287
3604381831
3598090375
3610702007
2536923571
3577111203
3589677731
3585417891
3568312994
3585106850
3589300658
3576813014
3576878422
3576887046
3576016646
4117016086
4117032478
4150587198
4284808478
4268154142
4268147806
4277585150
4277585151
4286042591
4283822542
4250001758
3713065262
3713036326
3755040822
3755302934
3755352087
3755356183
3746956405
3749662197
3716108181
3716045701
3724431237
3724004997
3723871877
3723818677
3715424997
3580945125
3564233333
2490622773
2499007797
2515584295
2544958759
2545151255
2528554247
2528617847
2531558503
2523693287
2453438645
2451361941
2467688597
2467755941
3042377445
3042377445
3027726033
3027594947
3044370371
3044496834
3044491410
4118233234
4118237622
4118238631
4118241253
3581370325
3581242116
3748948228
3747900724
3731123488
3739612465
3756519699
3757503283
4252160818
4233279298
4235368002
4235364162
4260597618
4258366947
3218142691
3192972771
3192972769
3193131493
3193127397
3209888740
3209892572
3184734940
4243797629
4243660349
2632989247
2632985407
2632984894
2624600094
2624674830
2641613838
2683490382
3736522830
3734405583
3734471135
3734303727
3755237871
3709084139
3711173995
3694534011
3711330587
3715525387
3623344395
3623148811
3597972810
3614740938
3613753822
3613819342
3589702046
3572937126
3573016039
3564496359
3579109859
3574658035
3742495571
3748918099
3748918067
3723711283
3589373747
3572595507
3564337713
3564337713
3576777521
2507167553
2505077057
3587658177
3587621329
3751211505
3751277027
3751146979
3740650995
3598044529
3732198433
3728008229
3727975461
3744949301
3713430549
3713418581
3692449223
3692453319
3696721862
3696752598
3704997846
3704935414
3721720550
3721782247
3721786231
3721786231
3713331493
3713327397
4283724085
4269101853
4269691709
4267595581
4267663161
4267539321
3738990971
3757865946
3615252426
3615250314
3615293834
3615293882
3623301546
3619037354
3586023615
3586027711
3589664949
3581210773
2503258325
2503323988
2507649844
3052839460
3589711396
3580142132
2485449268
2485450292
2485616148
2485549573
3023456567
3026471015
4104441062
4121937095
4138660039
4138660039
3605975239
3727450341
3726927079
4263669223
4263661286
4293019382
2108699342
2108695054
1573937678
1573971518
1548942630
1565710647
1565706517
1599134740
1599136788
1584648213
1584844871
1585336519
1585315974
1600782486
1550452646
3706273446
3702013606
3702013623
3702013573
3702288005
3707563733
3715999733
3744970197
3728200007
3728064854
3728003430
3744784742
3746881894
3713525094
3721846135
3721845079
3751213397
3751278933
2683686741
2675230549
2675229527
2675298935
2675303014
2647778150
2647778150
2647779110
2639330598
2639329590
2672867351
2673060871
3193091143
4266824773
4266819653
4266819957
4266837364
4267165172
4266982892
4266978476
3193240748
3189071020
3210173628
3176586748
3170029084
3035809308
2766205468
2766201372
2766201364
2766201365
3034636839
3034862310
2959344550
2955674790
2955680950
3022403734
4096145606
4125501510
4121323590
4154911750
4142326790
3605438470
3597565959
3606020373
3606025020
3605918508
2533158764
2524769260
3078482925
3212827309
3221216911
3221209742
3187524494
3187442622
3219952110
3211587950
3207455039
3173475591
3173477655
3173329191
3178576166
3161798966
3159825686
3168212246
3181318454
2644464406
2577330759
2579489351
2578997973
2583189221
2570604519
2570602983
2570737895
2570746103
2557147335
2561322181
3114968516
3149506500
3153893108
3124531828
3191640884
3191705892
3191333924
3191202853
3205653543
3176273270
3050440182
3046245366
3046441982
3079939070
4157874654
3579061582
3558288654
3558226183
1414928663
1414990593
1414864641
1347692289
1079255361
90140993
106873281
106873281
117359041
117347797
1205844453
1172089317
1423747559
1423747487
1432337807
3598567310
3338519454
3337470910
3338621950
3338629478
3355255078
3321635106
3304857906
3300729107
3300749585
3233634288
3246346128
3275671936
3275671936
3258878336
3527316864
3594298260
3613172436
3621622388
3617362469
3619468839
3590106918
3580684326
3576556582
3559322678
3564519430
2490777863
2499232021
2499081509
3027561829
3078089591
3061246919
3195457223
3203909318
3201614582
3058979558
3058983918
3075760623
3025429743
3033918717
3033986269
3033961684
3050680796
2773787484
2803147292
2803802633
2803809801
3883850523
3883714858
3816572970
3816556650
3778872458
3779003530
3783131578
3774755242
4038472622
4038464190
4036432526
1905537991
1368679173
1406460180
1408626740
1375162396
1374110780
1365603628
1365667624
1362525720
1362512393
1364609739
1364511451
1372901306
1371832746
1908707802
1909436762
4056850714
4090405163
4082016555
4149126441
4145001752
4144792408
4144809800
4077735624
4044229368
4048427624
4057873385
4057803755
4057738698
4059898314
4060020942
4059955454
4057952494
4057850094
4057784567
1405942917
1389136004
1380812932
1380964500
1917779125
4073648566
4089897910
4057392062
4040680174
4034196014
4101301790
4112838158
4146392843
4133612859
4133747759
4143174703
4159947839
4126396447
4109611279
4107507215
4099048975
4099067407
4099341909
4099403509
4115986421
4149527973
4132750501
4132750501
4132951205
4132875509
4074155349
4076322069
4076115221
1919217925
4129808389
4146487319
4112920615
4097183847
4099280359
4099361767
3838134919
3833985671
4102553221
4119328389
4119127685
4156876469
4131710373
4127515815
4127554727
4128709799
4080403639
4092990359
4053934807
4121113159
4125106695
4125106717
4125108015
4125113391
4125576239
3521530887
3504755719
1415959815
1416942855
1417008389
1414985013
1414980901
1415574901
3588158917
3621700999
3554592134
3554660230
3546140598
3546144678
3545562534
3528779174
4074037686
4143374790
4143370503
4074881317
4066431268
4066436388
4083180844
4045745436
4114034012
4101385725
4099284399
4057337279
1909788062
1909724558
1372858318
1372874718
1372907390
1372975935
3589665591
3564615479
3564483863
3562321175
3562323223
3571420435
3570830611
3570835201
3581327105
3715553025
2639774545
2639577955
2673140578
2673140578
2673763154
2656981954
2665366466
2533163510
2533102055
2549884397
2516331005
2648517016
2639559064
2639550904
2639649208
3176461464
3218133192
3050361304
2505307128
2505220733
3172131389
3172196927
3172065838
4233163310
4237357870
4103142702
4103133226
4124166267
4128491723
4128426123
4061317257
4130522249
4134715545
4134719627
4151472587
3576914762
3564331578
3572720170
3568591402
3568575022
3585352254
3585954622
3585983789
2499597676
2487000436
2484968708
3021913092
4095650052
4095650560
4095716864
4112301584
