1356598303
1372392455
1406076183
1380926965
1376769013
1376227989
1376227989
1912705973
1916834725
1925231015
1925227927
1656923295
1648536799
3791829119
3791886383
3808598061
3808602157
3775310125
3763777324
3763783484
3763814941
3760014141
3760005991
3760006119
3780969447
3813475054
3813491294
3787805194
3787773450
3771006475
3771001371
3762350619
3762313819
3779091147
3808435850
3859029658
3863218106
3863220394
3871682730
3867619498
3867619514
4018614426
3985010890
3985042446
3985025039
3986073885
3973495572
3973495572
3965164304
3965181712
2081641232
2081624368
2081632561
1947349793
873607969
893583649
897581361
931143939
394342403
394473475
394452995
931308739
932350083
663980419
670402967
653630359
1718663839
1714469535
1714467579
1713410667
1713410603
3877806891
4012041002
4012056874
3848339754
3831562746
3831693754
3831698874
3840281018
3836091322
3836156858
3836033434
3852798346
4121246859
4122223755
3585368523
3589648873
3613761897
4150632733
2003285277
2004333885
1735638309
1735506981
1735506997
1729213493
1729344533
1729278071
1662185683
1628623011
1628571043
1630735779
1634733987
1643121569
1637878449
1621179024
1621306000
1621174928
1637887617
564145857
601892547
593503955
593501683
559955187
568343667
568343763
564164803
564181059
597932099
597866563
597866754
601995778
589347346
589339186
589339186
572759330
572691490
572698658
589475875
1629736993
1612902432
1612870688
1617315872
1617316129
1693387379
1710099074
1743653506
1744702082
1861686914
1851069058
1850741394
1859138275
1858089313
1804607584
1771053168
1754276944
680602820
679553220
683747777
679500225
948033619
964795395
964932611
1019457539
1006809347
1006809345
2080552161
2101525729
2109905073
2143455361
4139944129
4132604353
3860106593
2788470561
2788468259
2792859175
2792859174
2952062502
2918514214
2910125606
2910117398
2905921334
2905916199
2905981735
2939539765
2904912181
2909040693
2892234805
2892303477
2892372055
3975559383
3975293143
3987877078
4021499078
4004655238
4002549958
1859522758
2128033015
2127898087
2144677367
2111061981
2111643389
2092906237
2092906189
1035827149
1069348173
989633625
981245033
981249129
979149931
979149867
2053013531
2048819227
2050933051
2034164030
2017386846
2021577086
4177446255
4173121006
3902598654
3902582238
3901729631
3901659519
3905850751
3898461659
2820469979
2887545019
2904379819
3978236331
3982427819
3990816427
3990701723
3973867145
3982255817
3982288715
3883724058
3883727930
3883825182
4160125214
4160118030
4160114462
4160571166
4126949694
4126695726
4260913455
4261015597
4258918460
3185173532
3176719372
3038297164
4112095452
3843725804
3846871404
3855260013
3788164573
3821651405
3813167581
3877188015
4128970159
4128966575
4133162926
4274723502
4274592414
4291631814
4292622918
2044014086
1490494982
1488397830
1488250631
1486136597
1503437876
1541186612
3679302677
4212102213
4211776581
4211784823
4182420519
4182424615
3108673583
3108685951
3109800175
3118029231
3185253806
2648311478
2631533238
2631602867
2631471795
2623017649
3698881264
3563644624
3580471120
2540354816
2523577600
2519375104
2519633152
3056438548
3073154852
3043864103
3035540014
2767162926
2766966310
2766968374
2758578998
2754400566
2754335222
2754245073
2771276208
2804875696
2804879792
2771325392
2775519729
3857528177
3857530163
4122818834
4122814722
4160514306
4150062338
4133352770
4133409091
1985909187
2130084305
2129036369
1852214336
1864866816
1731181568
1731046449
1731044385
1731047713
1731055907
1735381347
1735382354
1735316930
1701823954
1701692914
1684856034
1684855010
1684855270
3840768486
3840770038
1710053238
1701655382
1701392726
1684545878
1684547047
1625898979
1621695393
1621691312
1621826448
1739274624
1743662976
1726883712
1994786432
1990591120
1051935376
2125525716
2140201508
2110826276
2085666092
2083580204
2083711781
2014505509
1750264423
1749208791
1757660871
1807831747
1791218387
3938579427
3938513377
3938514273
3938516321
3930095457
3930095475
3946868583
1799438183
1766006630
1766006134
1766014038
1774419030
1774451830
1774296086
1807782918
1807791110
1791079430
1782821911
1782823999
3926105151
3942882367
3976378423
3959593015
3959594022
3960655142
3826437414
3828698470
3765257698
3782038962
3782170002
3823984051
1676496049
1659886737
1660352704
1660352768
1660418320
1667624240
1634201360
1697115904
1831331600
1814324001
1763984165
1768161581
1802306041
3933012475
3941413370
3941154234
3937090458
3937024730
3937082074
3953729162
4172818058
4172883593
2562338504
2562330568
2562395100
2552761324
2552770540
3677890252
3673752268
3669557917
3667735214
3667665838
3671859622
3392947366
3409725670
3407792326
2300504134
2303584270
3385699598
3653939997
3650785804
2577043980
2576978492
2644022892
2681769700
2658699684
2654505125
2654505133
2654653597
3745136773
3711570373
4236120909
4244525885
4238279485
1956388221
1960585389
1968973997
1964468653
2002180495
2002175887
2010497679
852787854
851751854
1926471726
1920114734
1914744886
1915011078
1931796487
1898374439
1948708391
4108773927
3837184759
3835154055
3834416791
3851200183
4018975477
4023222877
4283228973
4280049965
4280033325
4013891631
4013830187
1732117626
1702758554
1827539355
1018837643
1019087498
1018964618
2096918154
2088018570
1545896778
1575190826
3718480170
3751846186
3735068975
3600851717
3601179421
3589779757
3033956396
3034483948
2967111912
2969225464
3764951448
3760765368
1647024520
1646981257
1648259209
1646002315
1646002347
1646145707
1658741167
1669733871
3817282511
4068748111
1921788687
1401699077
1369337617
3567134481
3569230624
3573293856
3707265825
3699036929
3699032577
3693790913
3425688195
3476015746
3459222146
3731737266
3597426338
3597410978
3605799622
3534554079
3534688745
3534495976
3534497000
3547080904
3492559033
1345063337
1346177963
1346244490
271852426
821313930
292589978
309502154
1383247882
1390583050
1390520618
1386523438
1386523438
1387050767
1995346701
4142825804
4135223788
4135235820
4131037540
4147817732
4148076292
4114386481
4097631779
4097663842
4097782242
3023307234
3026453666
3026652322
4108717266
3567652162
3567656706
3567592963
3567543825
2629068560
2629625648
2382165296
2407517488
2386480976
2390675264
2390646593
3472713553
3472451441
2394437091
2394436770
2398647458
2386066610
2654723202
2654639234
3694834626
3707413059
3703550721
3703406853
3702816805
3698650149
3710183463
3745335399
3745385446
4248701654
4252913350
4256122566
4257043014
3720143686
3720143174
3724337478
3713851767
3697045863
3692836325
2623291365
2623422180
2648596196
3722333892
3722432196
3755853764
3621631813
3613176181
3615012207
4147750255
3057230959
3057235199
3061560543
4131041485
4147835085
4152021468
4152018412
4160376684
4159639341
4134279981
4134288695
4130090294
4134417718
4134408534
4151198662
4159390594
3723155074
3718964098
3702178691
3702096336
3702059360
3714638112
3710444324
4113327908
4113459748
4118702628
4110306165
4105522143
4103344014
3566474638
3503571358
3495182510
3512201390
4049531310
4057911758
4093629774
4093435167
3556568367
3547131199
3542908189
3542971679
3543077151
3546682175
3556115263
3556115775
3623165727
1440038271
1440030205
1356144029
1347762057
1347699593
1347732377
290509752
324072376
303100840
303101432
374463976
393346537
1467083209
1433594826
1416810186
1416791754
1416792026
1425113578
3585114218
3617628218
3617694782
3617825838
3739460910
3731076399
3732129583
3732129085
3739471901
1591862301
1600201756
1597193236
1597179924
1309808676
1309817380
240261668
244387376
244594176
110502401
110502403
116786882
49547186
48549282
57461922
57515186
23966870
23967190
19772694
23440702
23981374
32368958
1106241854
1089460542
1156565310
1153403262
1153408990
3300767646
3300766622
3433870271
3433337772
3429139372
3424753084
3424763372
3425810540
3442845740
3478448172
3474319412
3474417925
3441327381
3441313616
3428730576
3436857024
3435726544
3452706513
2412720083
2409508818
2409502034
2411528546
3451650082
3438813218
3430427682
3447404547
3489347841
1316497680
1316498224
1178155792
104468224
104466176
37356288
37617921
36504883
53218594
57432434
25000310
33414102
33397750
33397750
96320470
1153285078
1153284502
1153285526
1086176694
3233660342
3233398182
3233409441
3237538720
3237505952
1106852512
1132018336
1127820272
1111042928
1111194960
1127937344
1128179012
1092457687
1075611094
1078758902
1087146422
1087150582
1087158774
1087240562
1087339314
1104029987
1138632993
1138632992
1121856816
1123761424
1115364624
41667840
37405952
35556608
35622144
52202576
52202608
52288624
52395504
58621427
134103010
129974246
134036454
234634230
226245622
232782806
216005262
211664526
1284880269
1284876188
1288807868
1280419236
1275180468
1275117476
1275129508
1543564965
1564536423
1581379110
1590886178
1458830626
1458691122
1474548738
1173795842
1282579458
1278381059
1276283907
1477936403
1480033587
1480057121
3648512305
3648516881
3656893267
3654797043
3646246610
3680337650
3661917926
4207177702
4207175014
4207174718
4223954974
4190434331
4173653049
2026237032
2017918456
2017891992
2013763228
2013632140
4161123980
4177897116
4244940716
4282691044
3997679076
4005993556
3867596100
3869163844
4137632580
4137632485
4157879207
3845399470
3761508782
3761504430
3765830138
3774222666
3767953162
3767855882
4040469258
4040469258
4057245962
1909897994
1893129741
1423393348
1414857428
1411191520
1545483232
1549676768
1560162529
1555964145
1605247107
1521120450
1525401026
1256817986
1248433490
1248372018
1249420578
1517856034
3688410402
3633901346
3365567266
3368753970
2294811410
2286492178
2336897538
2329546242
2325350146
2327446274
2394489186
2394484834
2394464483
2394465507
2662894817
2667089888
2658701028
3061353156
3057228484
3056188356
2922100964
2922297572
2788096224
2788097184
2788056228
2792234116
2800631685
2816884359
2917482167
2917415590
2918529718
4243929750
4243925638
4105449366
4105449430
4104398294
3567527255
1420113169
1424233745
1282686208
1278487808
204744960
204811024
70663952
74874369
83283779
78022594
1151698306
1201964434
1189387506
1189391475
1189456947
1189455137
1189454625
1190519329
3606405665
3606393379
3597996579
3526628647
3527232807
3509504383
3505310157
3505293709
3505097357
3504971407
2422847117
2419701437
2956506797
2960700141
2969088812
2964906796
2980639532
3018351164
2993185292
2989175356
2993297193
3077376362
2540440042
3052230874
2515425482
2548496842
2531785930
2531648730
2531631322
3203768474
3195396286
2654855342
2671669438
2621048270
2624196446
2632650542
2632465198
2632460590
2628267326
2628332862
2628271231
2628267229
2359848333
2309545364
2305346980
2302234597
2302220277
2302355255
2300191543
3378131238
3378065702
3378000174
3377995790
3377995786
3378012170
1226421514
1226546442
1264294155
1526315272
1522047240
1520999240
1516870280
1512738440
1579844232
1580896908
1564144260
1546257300
1546256800
1416298656
1420361953
1420493042
346763586
346562818
401088790
384312342
510315526
518686990
514558222
514373902
519612730
519613498
1580766234
1578730586
1579057370
1444843706
1449062830
1473663911
1435894437
1419117232
1423250096
1414541984
1410344608
1410543536
1416771969
1442187649
397740419
380964227
384112001
383849365
308311029
308340333
841016941
858844713
858827304
1936763704
1934667016
1934736408
1397863464
3552703592
3515076968
3515007848
2442281577
2425766511
2157253231
2161377834
2229011242
2222785850
2231319818
2365532490
3439274330
3447679450
3445579146
3440886922
3423966346
3692340442
1544922362
1545057482
2081926222
2102897679
1876339743
3999185981
3994719261
3996816404
3996812148
3995767340
3995842092
3995833901
4012498477
2938691119
2909339439
2909298479
2892701239
3832159863
3832157911
3833140919
3841458871
3841720759
3852271767
3885969606
3885441094
1737761862
1725178950
1658137678
1675044942
1943423198
1939295390
1939295374
1939328143
1939262605
1907772556
1375104148
1362570372
1362568388
1429607476
1428619300
1432621092
1957454628
1974329892
1974448679
1974309414
2007794222
2004659758
2132585006
2132580894
2099227150
2082402126
2081873934
1815531582
1819754526
1828175902
1828111414
1826011446
3986074134
4019698197
4007441988
3999048388
3994854084
3994927804
3993977516
3993572012
4011340521
3981975851
1693979706
1692927002
1692994586
1693137930
1688873162
616446090
901707914
916429962
915899534
913670286
1983217807
2116387039
2116464941
2116985636
4277117476
4293911076
4256162320
4243550720
4243477008
4235067956
3161784932
2624855653
3170118189
3180665389
3182758717
3149138189
2595515727
2595545423
2599719262
2597618538
2589320170
2588271338
2584110026
3662569946
3662628074
3662415082
4182584538
4165806283
4166985931
4166932681
2029963369
2025704553
2024060233
2045026761
2067117003
2064953979
2064970603
2030887278
4161560942
4165885991
4175327279
4238295085
4254811405
2140831501
2140858893
2141116943
2119879438
2117634174
2117635322
2117649610
2134491274
2132467850
2145050810
2140856746
2107237295
2111337389
2102944669
4246234045
4252688045
4286237423
4294871663
4277443087
4009011983
4000623887
4000754957
4017527821
1870038044
4013327404
4013404204
4011118636
4011114540
3877597292
3827175652
3831431653
3839821733
3837724343
3837478550
3837740678
3835461254
3890015878
3873303430
3864975766
3865037303
3866942719
3862226141
3879002317
3879067869
3849838701
3849838701
3849844077
3849831807
3858226559
3856916287
3882061375
3815869983
3799309831
3795119621
3799377413
3799504677
3799368485
3798287141
3815063909
3815732567
3782169719
3782167670
1643072630
1676631063
1676639255
1676637255
1701453895
1684939207
1685009879
1685001902
1693257390
3970767534
3988593342
4020075166
4003228358
4003227350
4007420630
4283785926
4248261326
4231410654
4231472638
4235540718
3975428334
3971234030
3988023423
4256654429
4256690508
4256416524
4176593420
4168143388
4161857084
4161859124
4161924661
4166187301
4176665637
4191603765
3117861892
3151424516
3150308356
3150243108
3150247268
3141915492
3142046052
3142537572
3142407652
3142399460
3150921189
3150650853
3217760247
3201900439
3200794526
3192665758
3192664734
4283183806
4291113662
3720688286
3703912142
3695519246
3695455758
3695459134
3696564526
3719780414
3618490382
3601385679
3601370252
3601432716
3605770380
3609833604
3609825444
3744194980
3744113316
3744114404
4146769444
4117466644
4125928196
4104956164
4239177740
4243499292
4235111740
3095313708
3089028396
3105834284
2870821164
2874999148
2858357116
3134141949
3150919165
3150790623
3150725086
3150720990
3150789598
2605521918
2605522942
2655985630
2664379854
2681106894
2643354575
2643456909
2626548380
2630661804
3159145132
3154942648
3155139293
3156130303
3172903406
3210708094
3193798670
3193802766
3193757722
3189563434
3189761071
2942237743
2950613037
2917058860
2900281628
2900217100
2890788620
2823677724
2823812908
2840557356
2836223852
2869785980
2857203068
2865460589
2865454575
2861161982
2928213982
2932404190
3192451038
3192512478
3192512510
3192641534
3192837630
3192845791
3176134093
3159358925
3159293389
3159293397
3159350773
3168656807
3168558502
3185333686
3210483126
3210556374
3210556374
3210163030
2505519958
2513904406
2513643286
2511419158
2544901470
2259697102
2257660110
3348363470
3318974670
3292629062
3292760087
3570646293
1425253425
2087822384
2132906032
2116517904
2116456448
2049343488
1781973008
1781974048
1796699232
1762930145
1766865889
1771064033
3951053537
3951155957
3934382805
2860576453
3133204165
3124782787
3137550019
2600615666
2567053026
2571308770
2579499746
2575370994
2575506114
2341673666
2340494146
2344622914
2344696130
3418499394
3385010498
3359718226
3355451234
3355516274
3359718738
3368037698
3363843378
3363863842
2290145570
2357250338
2361624850
2228456787
2247462385
2172618128
2171307408
3278604176
3261699472
3261709744
3257441776
1378458928
1379843348
1916709892
1931389980
589212716
555596840
554470440
588024889
572296217
572361819
572431451
572431482
572495098
572495082
572453098
572453034
1730048186
1700671678
1683895742
4108205742
4103486142
4105583287
4103486103
2492874375
2643928709
2677367429
2542035637
2529485477
2529485732
2538923428
2534696373
3575014805
3577115861
3576829125
3576894485
3576763437
3589367100
3568526620
1421043212
1425104392
1433423371
3574663690
3573746490
1430461226
3519098218
3514836282
3514855450
3514847258
1367396378
1371598970
1405415787
1380286825
1380304361
1380240888
1380306392
1376212440
1376155080
1376138632
1376137096
1129197448
1078881928
1087268488
1087361672
1086702233
1355060153
1347728235
1366602027
1399107883
1382329643
1382394171
1919400729
1931917832
1629919752
3827730952
3828452936
3828450872
3826356776
3843142184
3876631080
3859849772
1712578861
3859963942
3862114342
3861119010
3866034214
1659768886
1655329110
1672107463
1621777607
1621785805
1625946317
1617549533
1684634093
1684564717
1718102575
1718115870
1726697022
1722472239
1722475805
3870282756
3853423620
3831927812
3961951300
3962016836
3894924500
3900177637
3904171494
3902074350
3902070766
3918843382
3917270486
3913141702
3895369158
3966675414
1836444134
1697934327
1695902599
1696018311
655763345
641077681
641139120
660865440
631256992
748687265
749013617
749013507
614742530
615262722
883436034
401227266
401225282
401216130
401080979
402129571
360194727
343430071
341507318
351991894
82376726
32032774
65656838
48953670
107670982
107672774
1182433478
1180205286
1176014950
1182310438
396927270
1605017862
1185846532
112104468
116180004
103547936
120325152
70123520
70128448
70128192
78512848
79495893
79442646
96216774
129886926
109022158
108890590
117225978
113030634
381456746
1471971610
1437499417
1437249576
1961467944
1948820520
1949084712
1681688680
1698334952
1698340236
1714324876
1718517900
1726382301
1717997789
1713893869
3877953903
3828671279
3828642411
3828708203
3831791611
3840703466
3853343466
3886762730
3869859578
3869774554
3865588042
4012384331
4012515531
3983160554
3991550378
3991546810
2112830106
2095528590
2091210382
2092225486
2092220678
2090111253
2106892580
2144641636
2134288112
2117514944
2134820544
1866385088
1870237536
1857587232
1857595424
1857595424
1853402116
1849336836
1849336837
775586821
1865056295
741196258
1819046310
1819111846
1819095990
1818563511
1818501029
3965983653
3974118309
3969989300
3988142788
1840720389
3988073985
4239729155
4239860482
4243915058
4231790882
4231803170
4231946530
4252952322
2126433026
2059324230
2058209734
2062338246
2120767654
2116562095
2133470365
2104112552
2104170152
2147029672
2130404024
2130436748
2130223772
2130223644
1986568988
1982374172
1999217724
1881861149
1881803806
1885998142
1953105262
1961428974
1961367270
1420306022
1420308086
1425549830
1423453702
1171810055
1204322565
1183482180
1183494476
1183490508
1602790892
3717769708
4242057708
4233935336
3829172328
3844966409
3811478537
3861880859
3861815343
3861815342
1714352422
1714291686
1731068582
1701643942
1684868774
1826953878
3970247062
3986763142
1705192902
2008163782
2008233798
2005935702
2005952254
1972398063
1972889581
4122406812
4101408644
4046235540
4046239700
1630313732
1630309396
1634503716
1676655652
1676583972
1668194308
1664020484
1664040997
1664029157
1664026279
1647120046
1651313342
1659701982
1656035919
1655974407
1655990791
1723203079
1723250183
1723314949
2138419205
2100797441
3961950225
3961946145
3962012769
3962013793
3975646069
3969362501
3969247861
3835030245
3881100965
2786359189
2788426148
2788950180
2737570980
2708411812
2695776132
2695808581
3769562631
3786269958
3786203190
3790397478
3777814574
3777937422
3828269070
3828276511
1680825131
1684818793
1709984761
1743550905
1743615115
1659842699
1651445898
1647120778
1663513514
1667703466
1642148522
1637954235
1637906059
1638985417
1638967817
1638967833
1639234072
1639223048
1643479053
1663995919
1664016495
1664049382
1714385126
1715363682
1718503970
1659816450
1655627522
1655612675
1676058627
1634177041
1630523472
1630523600
1630519728
1613611940
1634490020
1634490028
1627135737
1622949402
1621899578
1621895274
1626090746
1618750603
1612522635
1881015695
810157757
831133349
328865447
312152786
314323522
45883906
45883650
50229250
57602050
7247107
6786369
6667121
6667120
1147517236
1164229941
1206166821
1475650341
1476244023
1441707522
1961793026
1433306674
1462338914
1445520482
1445470434
1445474530
1445540067
1445605603
1450062305
367923745
347013681
279905793
11476481
11349505
15674881
7327491
15517443
15517491
32294771
32364403
32339251
23950643
24080691
24080883
57504177
40661397
49075605
49257909
49192375
45002151
49135030
309106102
304906734
304910382
841789486
841785386
573349931
590278713
556683273
540950841
538915177
541865961
541852584
550241208
550241177
551359449
817837017
817837897
280768011
278670875
278753051
14645017
98226953
98226953
131781129
265995789
268173103
265874286
1322838382
1323019742
1325043086
1325302158
3337519502
3601761246
3601773278
3602686702
3065816045
3070011372
3057432040
3056370104
3056264072
3039437496
4096664232
4097712808
4101907176
4106041128
4104927532
4104914988
4239140876
4239288332
2096015364
1559149828
2087094021
2087027397
4280386195
4263744179
4267873186
4269011874
4275168163
4265616291
4265616307
4261421985
4009786785
4014069857
4022503473
4023552001
3872434435
3866142979
3878727427
3878859523
3878847235
3878863811
3879093154
3844342690
3777762210
3781956518
3773563822
3769439674
3786152122
3819780186
3803052061
3802982413
3802966284
3798771980
1647229196
1663995164
1630438701
1613676829
1613627855
1613562247
1613562278
1612977062
1617175458
1621361058
1621104050
1620056402
1619065090
1619044355
1635887105
1657186305
1712760833
1714850816
1714848000
3861807985
3996025825
2940199649
2905956960
2888049508
2888045412
2917401572
2795770868
2795992820
2795994869
2795830007
2795830230
2791619014
2804189398
2770794694
3844504774
3827705286
3828757447
1681208301
1815356333
1813263791
1819555246
1823743146
1840520362
766838202
800327118
730916174
730901774
1800644878
1796385086
1799792943
3947277111
3922181637
3896940036
3910042116
2836300292
2836169248
2869469728
2869487200
2853882848
2860141536
2951629268
2901281221
2767064519
2767075318
2762744806
2762744814
2762748654
2762740734
2758555102
2754358494
2754377942
2754468054
3840596166
3769302215
3770348741
1891234181
1885062021
1897542533
2000299413
2000301473
1982544035
1994922151
1990999206
1990669702
916644230
916619718
920748358
2120261670
2117115943
1848681509
1865458724
1815261492
1748169228
1748161036
1747075612
1760969256
3904127529
3902033706
3921963114
3921996026
1833433338
1833359818
1700154826
1662256074
589038474
572339131
572400042
586555626
582373611
580272219
580305995
579644491
583833819
588029161
588168361
588166283
555675787
540852363
540000427
539940011
544138667
552398331
553447371
566093579
565113113
569360667
560787483
556589065
556785689
556197161
1634650665
1672464936
1672325672
1672260136
3819743752
3815551496
3878453768
3878453784
3878588968
2804933417
2808926505
2817315951
2808935646
2808901838
2809098398
2775470254
2783868334
2767093182
2762824126
2762758590
2766993854
2783832542
2775509775
2809063941
3882806788
3882873348
4012728836
4012663604
4012646692
3979083821
3916169454
3907847358
1760435390
1756248222
1756248474
1773042634
1773075018
1806560075
1790748681
1795008520
1786686504
1782295592
1782166568
1849266216
1848230184
1831584040
1818903341
1814959069
1815024345
1747784361
1747719849
1751915179
1760303787
1756117674
682568602
681981898
749024010
754201354
741614346
739517242
739518251
748088619
614395179
616351051
548177291
816612491
825136266
858692750
372178062
372143238
372207782
1580999078
2121818606
2126148590
2126173134
2141886404
2141894468
2108470580
2082778148
1814342708
1815522308
1813166084
1812113444
1811982372
1862446372
1712509440
1714553345
1663500851
1663894114
1634472546
1626083938
1621890530
1621916882
1638856770
1672394818
1656666179
1660852291
572299265
571260021
571273447
571232430
571355306
588132522
592327082
567161258
564074154
562896570
562829979
596408968
579140300
579119628
584428044
586460940
645375245
1651945485
1714851871
1698598942
1681834014
1681801278
1681784934
1702822255
1702625645
1736188905
1736188632
1702702792
1692363512
1688062632
1688046216
1687599752
1689627592
1710522697
639926299
639946795
1713696810
1713774638
1713774630
1717973282
652608003
669401667
632210113
1621554885
1621600837
1625660229
1625656021
1625660069
1614064293
1630842517
1714745997
1714733725
1848984557
4000592239
4009041966
4007993358
3882164254
3831963710
3831903294
3974516510
1822935614
1823853182
1870978782
1854205903
1715790285
1711632637
1711669469
1728446664
537264344
537264504
549855081
612702842
612641370
1686448842
1954818762
814504650
831311562
310936522
311984458
312119609
379228456
383426856
369664296
1443406124
1980411940
1963634804
604675268
604670145
537626817
537888961
537827552
537835616
537912608
622715184
1729978656
1698500961
1630339555
1634534311
1634402966
1642795654
598676127
598545071
599539371
832323291
832317962
836512266
299710750
297543978
331098410
331097359
313000205
308936972
321519884
287969556
289022756
822616612
818423329
545795621
545786727
596134735
600365519
592042455
558488055
554391927
558594423
558561639
558561655
567016951
600423893
600358357
583644565
852082071
852344215
860731543
860747926
827324822
809908614
273038278
273033926
1355165270
1372008022
1166290790
1166815078
1166806374
1166853494
1150058964
1149666196
1418109876
3569460644
3556813220
3573595060
3607210628
1443015300
1984080517
1984102022
1917253302
4060534438
3810444710
3814622374
2740815079
3822883269
3822891780
3814502924
3776811532
3760120348
3762187837
