4158713353
4158713370
4158680634
2682352938
2657292330
2665938986
2666856538
2667450570
2680037578
3718130890
3701352650
3437111755
3437189579
3428669849
3294396313
3294393241
3313267593
3313398681
3344855999
3344921006
2271015278
2279391526
2275262774
2243794199
2242684215
2242749749
2242886973
2248068141
2239351855
2367276159
2233201887
2233200895
2220601853
2497422013
2495194812
2495196860
2499320476
2506656412
2536082108
2519714492
3056072349
3055940095
3055677678
2787275006
3848462558
3840074206
3836846447
3836776751
3840980271
3832605983
3845188623
3878874127
3996316719
3996271663
4017242127
4017554447
1836454923
1844854075
1778269483
1778328875
2080186635
2080190729
2052854025
1516048664
1516187960
1531782456
1481452856
1221541688
1217279576
1217335885
1217139279
1216873055
1283981934
1289306734
3424306174
3340682702
3326004686
1178586574
1182653903
1191050655
1207760317
1174205357
1157428141
1156871165
1155822557
1147565053
1164337645
1164337535
1197891919
1181184271
1181053215
1180987707
1176794937
1176893017
103282265
103143000
103581400
86804472
74224569
82612667
1156420026
1173270970
1206825402
1181660090
1181659578
1181725082
1181610491
1198383483
1164960041
1148150056
1148150072
1148137752
1290736921
1307514138
1332641562
1315856250
1311756026
1311295130
1583907466
518554507
514363833
531206312
498708712
486056040
473473128
1547297836
1547363357
1546318925
1546536271
1550239487
1558705885
1487197900
1537529548
1521276636
3668768380
3668763244
3672957548
3664569069
3664274157
3665323003
3665322411
3680265387
3680316587
3655220414
3722329230
3718217102
3722206622
3713824750
3709170678
3711390582
3694318422
2620560182
2624688930
2633008658
2643503619
2677058067
2660350513
2660482593
2660430373
2664649253
2654208559
2654208366
2654216426
2654212330
3195864298
3193903322
3210635402
4259244170
3722365066
3722353033
3755978136
3747389832
3713327560
3709333960
3692491640
3696648744
3696632360
3562481192
3562487592
3562281256
2488551736
2488649992
2506022152
2550056712
2545795592
2544730632
2545517113
2545521259
2549671658
2534997738
2537086906
2520374426
2520601850
2457683194
2466141402
2465604682
2463507787
2463573849
2203395949
2211780461
2177172333
2172978021
2172912503
2172924215
2207527974
2211730466
2195053618
2195182610
2197132306
2197132370
2281149650
2248054163
2239668147
2239610547
2235350711
2268896951
2269052551
2235492231
2235458949
2222910869
2499671205
2499597477
2499122596
2490741180
2624893900
2620502604
2486411788
2620630812
2620630829
3156340013
3177442351
3177434175
3210986559
3085387007
3085391007
3085325455
3177595023
3160621245
4234232253
4230042045
4231258591
4252099903
4267828543
4267927327
4267931406
2053314062
2049250846
2049250878
2053441067
2071795515
2078094619
2078106891
2077189387
2077159691
2077200734
2043515262
2026680430
2018304111
2014110975
2014309599
2014238941
2031016436
4217293780
4225682132
3957180116
3956855540
2845369068
2849563372
2848514668
2848481912
2848481896
2950193899
2952287210
2809679082
2808629482
2808695002
3882568906
3849278666
4100796490
4100788234
4100853770
1953902874
1962287658
1955996202
1419056698
1434715738
1367607179
1435768201
1439986825
1465144457
1192555960
1326966680
1326904984
1299662489
1298419258
1281642298
3429231914
3437421866
3437469994
3437338650
3483406346
3736305726
3734143022
3733103855
3733170340
3728836772
3590686884
3591736492
3592340636
1461604492
1428054428
1426998141
1465798189
1457195566
1459104302
1589127958
1593322758
1585067270
1333400326
1291452998
1287258822
1287325399
1287341812
1303925476
1320706916
1316544804
1329123636
1277869572
1277880836
1143630336
1143609859
1147734546
1147690978
1156080034
3304595874
3334017154
3334340738
3332784531
3332854193
3333648805
3335549349
3343934893
3289392617
3289392472
1146301720
1146236185
1148331273
1148327181
1281557839
1277363675
1294091726
1197661646
1180884366
1315159454
3463555006
3467682462
3467686622
3467678462
3466637871
3483427373
3487588909
3479450159
3480040249
3480170809
3446353961
3379237929
3379104824
3375962120
1226438728
1259977928
1243186632
1247379913
1517913035
3665527643
1517912875
3680020010
3646465579
3646531129
3629819416
3629830664
3625632280
3625698088
3625701480
3109680360
3118200056
3151754376
4225483149
4225483421
4217029311
3646579450
2568626906
2602181146
2602250042
2608347434
2608347179
2616735787
2344097819
2344160265
2310602825
2310553803
2310586539
2344452267
2327679146
2331545770
2318959018
2319031738
2319096266
2333780426
2300225994
2283465675
2287659723
2296045263
2296366847
2296201973
2380026597
2413589345
2413650209
2399105313
2394308913
2397455617
2414235395
2405944579
2405748003
2405746723
2405812321
2414860401
2398018881
2398084417
2390554561
2390549233
2403197665
2403296227
2239656418
2231189670
2231108774
2231112958
2221741534
2217686347
2217678411
2217686745
2218602200
2354851528
2362718920
3435400153
2361658331
2362841562
2375169354
2331127838
2321682494
2317561918
2318622782
2337362198
2290147607
2290131253
2290132260
2290334820
2294450276
2282915924
2350024901
2368911813
2234695559
2268239750
2251526790
3323056823
3323032247
3323159463
3329389479
2255622631
2255556967
2255779159
2232706375
3289476943
3293740879
3301066703
3296871391
3298030063
3432309231
2360664559
2381682135
2373295989
2369044325
2637475621
2669981493
2653402884
2653328644
2657534276
2657534421
3732361637
3732353447
3195348390
3212129702
3178567078
3161544174
3169908078
3186685246
3186681614
3211830031
3220283919
3220414991
3186807350
3186804518
3169044774
3161507878
2620442662
2618390558
2635229198
3209847814
3218239559
3197551061
3199582692
3199485860
3220461220
3211806388
3174126292
3174200020
3172098772
3172164180
3204507260
3141592892
3149983036
4223712284
3150298140
3150298124
3108492556
3177104653
3177104735
3177117038
3176918126
3176683758
3210303742
2673764574
2665377038
2665361678
2665287950
2667385102
2663198830
2660528238
2664710255
2664448495
2664547807
2673006031
2639451467
2618547531
2617507083
2617338202
2634115418
2638442362
2676187626
2676052458
2642412027
2630894027
2219917771
2215794527
2216091167
2486630927
2624778062
3706957134
3752961375
2662368733
2664465869
2521929181
2517872621
2517740911
2517943599
3056943162
3057004554
3061194762
3086360634
3082170670
3047949679
3031189480
3031191256
3035422408
3023888072
3158111944
3155818200
3154896632
3154863852
3158931180
4232584957
4240975573
4240992213
4240991601
4241186865
4174082099
4165824529
4165824533
3712938247
3729716743
3730722375
3732556487
3727182519
3727219119
3731421357
4277787833
4273661064
4273660296
4277920649
4277920507
4277838570
4269384430
4264088430
4264096014
4264162319
4264158237
4247319677
4234925180
4110074908
4110305101
4106112718
4106125006
4106059502
3052699374
2513712622
2538870222
3596038478
3598131471
3539415357
3551987004
3551989565
3254074685
3245616437
3228855351
3292288051
3294478355
3302801473
3314385345
3348005761
3331232657
3336479377
3328091795
2250215091
2518523810
2533686690
2533682598
2500095415
2484497799
2488692127
2488680351
2497070989
2432124877
2444580815
2444555775
2443502951
2443502693
2447684645
2440418613
2469844741
2469844805
2536957527
2541119303
2541123526
2549503478
2549372390
2549400934
2549400878
3043022143
3044058381
3040126220
3027739916
3036063516
3163993884
3185024572
3176439341
3208437295
3208445550
3191764718
3207481342
3178185118
3178184926
3187036366
3187045582
3178685517
3212110909
3195333676
3193240620
3193263132
3193917708
3193843997
3210613085
3160347519
2625582974
2633383294
2629242222
2629111294
2643726335
2677303263
2659247053
2659296221
2680394716
2646770428
2622653020
2618459717
2620558917
2620497509
2620436327
3157305318
3172001270
3205617102
3188905158
3193109590
3193109559
4266875959
4267013175
4267012117
4269240341
4269232157
4134948895
4151726111
4126556191
4109780287
1962363771
1962232539
1425918939
1425932239
1417536975
1417441503
1413239039
1413288431
1417564911
1425961703
1421763319
1438606919
1442670151
1434287687
1416978263
1417141607
1559748071
3707098615
3707041223
3723796935
3749028247
3732321203
4269183651
4269245107
4269265619
4269142743
4265468663
4284244711
4250691183
4232867439
4241256303
4232937295
4250893647
4250883407
4250878031
4284301375
4284432447
4292760605
4292797757
4271890733
4141736237
1994158365
1984720973
1980510281
1980642395
1980640379
856571003
861867498
865945082
849203658
848089547
852279753
323797497
269336888
269406476
269416204
336225820
1415259772
1423648509
1419319039
1419248319
1570509759
1576808862
1602041294
1602115414
1300125494
1290757686
1290561398
1290560982
225187222
258802838
242156694
242160823
251536567
251539637
112529845
380903845
519070117
518021285
518021359
509665391
509670699
526506283
392428331
392419899
392403483
388216331
493073161
493064457
484671755
1558356027
1558357034
1559411754
1551087914
3580926250
3614476570
3610361611
3614545673
4117857032
4107699000
3036074792
3036082472
3036012844
3036016957
2515976511
3581821726
3615425054
3611046462
3593216574
3593287486
3593346350
3606727743
3602630664
3736766472
3736770824
3741040136
3732514312
3732451896
3174601256
3107697256
3107648233
3107574763
3110651375
3110657519
3093888239
3102473463
3102375109
3102375365
3095033157
3095082325
3109626211
3126338915
4200080738
4200082786
3671727410
3673819410
3669625106
3690864386
3657383747
3655198017
3646272832
3645224948
3645155044
3687098100
3687100116
3687104244
2613361636
2571955684
2572156388
2555299797
2556052359
2564440982
2564379558
2631430566
2631431606
2633751686
2625362054
2620971190
2621044918
2621369542
2625563846
2642336838
2650657846
2650600486
2684150838
2684149814
2650664998
2650788134
2650719074
2650194547
2650265299
2641745603
2641745603
2641878739
2641755879
2675240679
2673110871
2668985671
2668975447
3210040437
3075994741
3084383477
3084383709
3084252636
3084187100
3084187004
3075855725
3071788413
3057042783
3057076063
3055023935
3059218223
3218465662
3183862111
3183863135
3167089981
3167221053
3100114716
3101031964
3092643356
3088940572
3091156532
3091023396
3090699812
3094901300
3092849492
3101173589
3101175123
3101175122
4191762546
4217247858
4200467570
3126740050
3126219074
3125207491
3125141969
3133466084
3133449700
3133451764
3133455828
3133650900
3150378868
3108427364
3091650149
3092172647
3101510951
3101449574
3101457782
3118431702
3143523798
3143521750
3110032854
3109967318
3109966294
3110041046
3108890070
3108302294
3108302326
2604985814
2596793799
2596732359
2663830981
2663896309
2663732453
2663732453
2664914149
2656455909
2656456183
2683719159
2649998807
2650002646
2633094230
2624672854
2620485718
2620469334
2618499186
2622693862
2631082982
2558605286
2558541534
2579525326
2604690126
2672024286
2672217807
2673336015
2656892621
2665265112
2665260520
2658969064
2659161596
2675872220
3208556893
3178689309
3174486847
3178611495
3178362663
3178489143
3044169047
3044492487
3042264279
3042211047
3050661359
3084350975
3084343263
3067467727
2530539487
2532704095
3606576927
3606576927
3598177599
3598046511
3598045503
4130721823
4281856031
4248236063
4231427135
4231420023
4231403974
4235594694
4243983062
4240379606
3724280535
3757585079
3740820391
3740819877
3755565493
3755959445
3755799733
3755799796
2684220644
2684347765
2683737909
2548272693
2506219031
2506216983
2485245502
2485212734
2486269310
2486385918
2490572022
3564312790
3572701398
3572972886
3585550195
3602199057
1454723600
1450492432
1446298384
1429508400
1413393664
1413393664
1413384448
1413386192
1413449617
1430033297
1467794343
1987888039
1987428775
4143370663
4143380381
4160153565
4260687741
4260687661
4260685609
4243908395
4243972891
4235588362
4231320330
4231320922
4229428714
4233557227
4241933547
4258612447
4258615501
4250235341
4283916639
4285952319
4294341423
4294341439
4294931231
4261245726
4261245790
4261410266
4261410283
4294835627
4292672939
4267505049
4267238857
4280119753
4246557513
4248376185
4252645163
4259987242
4289339178
4272491834
3736608026
3669505290
3673694474
3690537226
3631952699
3631088169
3626369592
3631683116
3631490860
1506812268
1535140189
1518362829
1539371231
1228980735
1208041982
1208120830
1208117239
1208156151
1480777687
1489158095
1535294927
1518573007
1585550799
1589679582
1581298174
3728777726
3729240559
3745945071
3745940975
4249259503
4250770925
4284347901
4150121823
4129281887
4129281407
4262983039
4262977919
4267635551
4284412767
4259238493
4244492925
4244435567
3170689903
3179078958
3177043006
3206366270
3206501402
3210683402
4250869851
4261359963
4244509561
4244570745
4240246393
3703314041
3707516761
3705435995
3713889611
3713888587
3713888603
3715985787
3699373913
3707754329
3707750233
3715487737
3715495897
3749050329
3732256217
3732272635
3732730363
3726438907
3726504314
3726045546
3730239786
3738628155
3738693691
3755339803
3755865371
3722444123
3705569243
3705560827
2631880442
2631686074
2631685082
2631692794
2631758330
2631823867
2631922015
2497573215
2497504637
2505958781
2489183709
2489302493
2506072029
2505559933
2538987389
2541016889
2524215065
2520217407
2520201087
2524393854
2530685438
2526507502
2509656302
2492973303
2492842455
2496958807
2622796661
2618597989
2618663533
2635511516
3205939164
3210140636
3193305596
3193236972
3189042680
3191175129
3195491785
3212263771
3212267898
3212276014
3186979118
3187503391
3170889999
3170824463
3170883359
3103643423
3111972671
3109875518
3143427902
3126842750
3134931454
3134800382
3151577599
3143324125
3109770717
3109778940
3109681148
3118065660
3118065628
3143235452
3143497597
3109876605
3109909373
3093262719
2556318047
2556318046
2564772222
2564583806
2564583806
3637343582
3704583518
3704509566
3705558134
3697233367
3714014663
3714045383
2640304087
2673727487
2656950270
2657088478
2657088350
3739055966
3741136190
3757845806
3757845807
1610430764
1600067612
1595870236
2132608284
924782908
392048956
937357660
637309396
620540901
619479461
544062389
544062389
543537461
1613084981
1696970807
1713813511
3861296131
3861291282
3861283106
3861304294
3873822694
3874356134
3891133366
3857570774
3857635783
3849247175
3849320919
3845975271
3845975271
3849714935
3848789495
3848723925
3848789493
3857045877
3857045877
3848665461
3848665461
3882350935
3882350935
3882350935
3881957751
3881950067
3848395635
3983006583
3983006551
3982883671
3982588279
3982522743
4016142455
4024522870
2816679030
2816687446
2816687446
2783133654
2783133662
2779193086
2779060990
2980387582
2980388606
2443460318
2444504014
2176072526
2176588110
2174490974
2174499086
2245802767
2231140167
2231162183
2230113619
2229572979
2221202531
2221398131
2221332563
2238118163
2271669011
2280057395
2280041074
2279979635
2279902163
2271513075
2272037361
2272042401
2674769824
2674310800
2674308736
3145115520
3140986324
3140793572
2839346404
3896474732
3896391724
3894290476
1746807100
1746807564
677325340
684535324
680339021
696529485
696525517
730079949
730079695
730100957
1002470493
1002527837
994270237
994211100
994242877
960738105
960729659
675385887
683710046
683710846
683718750
675395790
675788942
688306319
705082501
1778815111
1778569367
1778516390
1778516642
1766917794
1754271394
2022714098
2021665474
2022714051
1485844289
1486036288
194122816
173147584
168889792
168836480
185625504
188804001
222362529
222362545
222428081
88275329
122878337
122870145
125033873
57720224
66104736
65056240
48414528
40023808
39948848
39883296
39891489
325169697
291746595
274832674
1885378850
1881184290
1881180450
4146235682
4129729282
4129730370
2116961154
2117010306
2116419987
1852178851
1872760993
1839210657
1839216035
1839211863
1869672199
1865461510
1865461254
1865460486
1829812542
1813027118
1812175918
1812106286
1812106286
1677976639
1678123055
1677865007
1611796525
1633026349
1622541612
1639320092
1620449869
1619344079
830745231
294398606
327945871
59638670
59126671
25310103
29370277
54534049
121637281
117595523
118646210
101868994
1177773394
1190225250
1186168178
1200781570
1200773378
3350350082
3350285090
3349174562
3349178659
2241919267
2246101345
2238958065
2356316609
2373097921
2372054465
2372054464
3445798144
3445788928
3697382704
3693128992
4229998624
4231051296
3912280096
3945834784
3945982241
3929160547
3929149315
3932554882
3950118786
1806768019
1773150112
1773156768
1771055520
1838164372
1833971588
756051908
756084164
739483764
752005155
749916194
749981750
754053134
607383562
605220890
605183242
537008394
553782027
557976379
549587515
549530123
550514187
550504139
810549899
818087595
847451051
310514606
310514574
109196166
113258934
113254822
1182802342
1182817698
1199827410
1333897554
3447761202
3448809763
3450977056
3450051120
3449981456
3449981456
3445787248
3441527520
3442592416
3442698912
1293101729
1292970914
1293105586
219297922
219297922
225589378
267532482
267524290
266475586
249681922
518060082
518039586
534816802
459324706
962637090
946911010
940701490
939751223
402915126
419610406
423803174
2076350774
2038864134
4186355974
4169579270
4170037765
3096230452
3096230436
3116940836
3137975844
3122315872
3206169248
3074032289
3053061025
3047687587
3031177379
3035371697
3035551889
3027171459
3039209603
4129728963
3861029954
3860901922
3860901922
3860897826
3861946418
3861951538
3859852322
2769463586
2752707366
2758953510
2767392294
3839951394
3840213554
3764728338
3760464658
3765182754
1626079270
1958413366
1958348823
1958352903
347748423
347744327
79210823
485014863
485002750
1038650879
1068143836
1055568092
1043050748
1042919676
1043181692
774889596
774795364
1865293285
1835997926
1840077542
1840216726
1873768066
2125013634
2129203842
1592464002
1610232819
1606099296
1574445088
1557667888
1549344768
1281043472
207239456
215619905
211732930
228559234
495815042
529306754
528789649
1590014129
1581494432
1577234912
1578365296
1578316592
1595089696
1544626721
1416700449
883954465
884016929
346430721
346429697
363203907
128781767
128714119
132930951
124288415
255392191
257555374
525134762
516746154
516220810
450225034
441708954
441708970
448848366
985719279
985719277
985705957
1002549221
994295505
994287297
2034482897
1761851089
1828827888
2097263344
2101588720
2097320656
2097332932
2097284740
2080578207
2081434030
2087794862
1823688878
3986868382
1839383754
2107871242
2141224970
2145423402
2132844586
1864605738
1864541487
3978467117
3916613164
3916547628
3897622076
4235226900
4231034133
4231083287
4231148850
2618701090
2648053026
2677409586
2660632402
2661173058
2526988098
2526922562
2258421586
2264719138
2256330019
2268404007
2268409143
2268343605
2272605477
2247562084
2276922340
2276721652
2276722628
2278870916
2266087300
2231545221
2499981205
2499985301
3041113781
3166809748
3166744196
3166744517
3154165207
2885795047
2885926118
2903694566
2905789670
2943546870
4004697846
4004677335
4002514501
3998264901
3994070532
2920329012
3943955748
3979527468
3983689004
3966959932
3966972381
3966968285
3966973885
3966967725
3908242093
3904047805
3952282253
4002425805
1853892877
1859152908
1859515404
1861726236
1861591085
1878302765
1876209711
1833734207
1829539870
1829564446
3977196670
3825605734
3825600998
3838184162
2760248034
3028749042
3028564546
2508467778
2542020099
2256875011
2257010435
2261192451
2261192531
2412187107
2407863778
2408849634
2408898722
2415169714
2348123283
2306180481
2570427781
2568268164
3088361620
3088427156
4162168980
3910641813
3910315157
3977426103
4010980583
4010988006
4013147630
3983595502
3983605743
3983638519
3966852087
3966851541
3982621013
3991141685
4024616245
4007904533
4007751941
3999359765
3999347509
3999281975
3190829607
3211866663
3184727591
3163688823
3163687895
4103276935
4103301509
3566397573
3700612229
3723591812
3710943412
4280320165
2132844781
2099357037
1830921509
1832103701
1836300053
1801557277
1801495837
1797317910
1797354806
4180885302
4212334118
4283571810
4257353314
3716351570
2642744834
2642753282
2492798226
2224495954
2226539842
2176240963
2175782339
2213842419
2188696801
2186607713
2186667040
2253911392
2264389088
2280974304
2280713632
2247130545
2236632209
3288401073
3422630049
3422757361
3422691920
3422691840
3423759872
3427920384
3426790144
3435182336
3703683328
3716263361
3749820291
3733099394
4269965750
3193143718
3188819110
3188757670
2786438310
2786573414
2803027238
2809382198
2783044886
2774589719
2774556951
2908844311
2943553815
2949780965
2949778917
3889236405
3889170836
3889249172
3855817364
3854633620
3854638724
4114622148
4115669828
4115685653
4149272887
4117815347
4126187827
4126257459
4119957811
4152395057
4152460628
4152610196
4156750004
4282525860
3741460896
3707902384
3707965361
3691198129
1547907747
1569919699
1167274818
1169236738
1152459010
1155627010
1151465490
1084340242
1084471570
1352841538
3550650178
3530785747
4063592915
4063527377
3793002993
3793003617
3793003875
3809973542
3843474726
3843487078
3845285358
3848426990
3856813534
3857927582
3987824030
3991989727
3991990237
3983599437
4017202972
4017338172
4017338172
3982603580
3982619708
3961639980
3961607212
3961745452
3961656108
1814168188
1751253725
1751322263
1759578871
3907001207
3902826807
3920685079
3937642503
3937574919
1790087943
1783857669
1779470885
1778443045
1744888101
3892524141
3892447469
3897690285
3975284893
1823869063
1874205063
2125871811
2125866563
1589060099
1588924979
1605644833
1572626737
1572856832
1555994624
482248769
1438550211
1471121618
1382653170
1378390258
1378636018
3526299762
3525710946
3525787426
3533978146
2477009442
2477013602
2209626738
2173713090
2155907779
2160102017
2160171904
2495658416
2495654304
2495654304
2621483169
2617350322
2617497762
2618432674
3155311778
4231144866
3961661346
3970053811
3986841216
1839254148
1872796292
1864415940
1865460484
1865460020
1798352164
1764992300
1764939052
1748112685
1748111655
1748113191
1751254886
1755450982
682756854
680528582
696265670
713042246
713092102
713276422
713536518
713404438
713334823
717529135
1799663661
1761906749
1762103401
1829163499
1812338154
3959818734
3825601454
3838184166
3833989878
2760317510
3029806662
3181191687
2661098245
2661098240
2664370496
2383216960
2382692832
2395276256
2407867301
2675976103
2642472878
2642454926
2579540366
3640703374
4177639630
4211190990
3942753355
3942883339
3942887451
1761779754
1761796138
1745023338
1745012202
3913437162
3913338778
3946900363
3938511755
3938581385
4005804697
4022582936
4022574840
4023490072
3981480472
3845186072
2754667068
2753585964
2753573165
2753626149
2757886053
3840279791
3836087487
3852863647
3853916559
3853924751
3885378959
4153880463
4157892495
4294244255
4285593535
3983665118
1836115838
1748034879
1748100399
1748103469
1748103469
1768026429
1801549117
1801549119
1802597694
1800486190
4215347006
4198569694
4206892758
3666097878
3666163446
3733389303
3750157779
3716582851
2509671617
2512291009
2516026560
2503247088
2501154017
2501244129
2501342305
3037934691
3037799779
3050317282
3048288230
3081969382
3616607906
3750760083
3721402051
3444577985
3440382656
3423807424
3422776768
3426790848
3426785728
3703606720
3720453568
3716392897
4286818259
4269914086
4005609318
3994065254
3994261606
3994197030
2937230374
2903670818
2905784354
2887962659
2887971122
2892199730
2900516402
2900511250
2918337090
2951880386
2949726082
4023398322
4023402405
4023390116
3889172132
3847229108
3855619988
3889242564
3885179204
1737498628
1989207045
1989190663
4140868631
4139824183
4139946045
4135753053
4135767437
4135734205
4123200429
1950419629
2080574117
2080508567
1544697751
1548951991
1559306743
1571823939
1553997826
1151361026
81847314
74497058
1156627490
1420999986
1420999938
1471323906
1923256066
4066478339
4063267123
3794835505
3809520675
3775179811
3825571107
3825632546
3843475234
3877041954
3883104034
4000544082
4000538067
4000402867
4006632869
4006641061
4023414196
4023512476
4023513052
3989957948
3989945628
3989941516
3981552908
3977375004
3977378861
4011054127
4010955822
4013032558
3933340910
3941795262
3937603006
1806907838
1806773182
1773218749
1773218460
1773214364
3924893316
3922804356
3922798277
3956303366
4216352262
4216352006
4216351766
3132292134
3199381794
3197301542
3197293094
3196113471
3212886985
2495922616
2487731624
4026927544
4027976136
4028042056
1883114296
1883118376
594422040
581509384
582496520
586682633
844632361
843608425
306713577
331882473
29958117
29955537
29962689
13185475
13251011
4862403
4864434
13310898
13253506
13253506
14318466
16337794
65590162
48812978
44626850
44823457
44818848
49897888
22569376
1602976
1920496
5753172
7837956
14723348
14723381
299936061
836806975
593599263
576884239
576882190
572686862
1646690838
1646637606
1646567714
1646567458
3794071586
3865870370
3886976050
3970881859
3975084611
3962501826
3962493634
3962362594
3962362850
3966032354
3966032118
3982817375
3991337087
3991338109
3857087613
3848699229
3848699229
3831978461
3831847421
3831781885
3840178428
3840376028
3836181724
3770119388
1622635996
1622244860
1626438140
1618041333
1617124341
1629707221
1667464149
1650720087
1660151127
1657922903
1656878423
1673582038
1631638998
1631714790
1677982182
1677982182
1683216886
1699994070
1735645655
1735654851
1734606787
1734602387
1734475443
1700875938
1700876258
1684102627
1684110835
1692495059
1692626001
1692659025
1692654865
