1358699551
1356663823
1406075911
1380926837
1376769013
1376228245
1376227989
1912837045
1916834727
1916842919
1925226935
1656988831
1648536735
3791829247
3791886383
3875706925
3875711021
3842418989
3830890285
3830892092
3763847709
3760014141
3760022383
3760006119
3776775143
3813475311
3813474942
3787801102
3787740682
3771006475
3771001355
3762350619
3762354715
3762313738
3842072138
3842252506
4010020602
4014214650
3930397930
3934729450
3934729338
3934728250
3935252510
3935186956
4220411916
4224541908
4211919780
4211923620
4211993252
3943688869
1774561966
1753525934
1753267630
1820433591
1824693495
1682148372
607176756
538978356
555822132
555883556
555883820
560336428
565644861
548734558
546592462
546625166
562859662
596414094
595888782
591698830
570718670
570898767
587606335
555100461
559295788
636883740
615846412
615785020
631517980
631514892
627837700
627964279
627964279
627964279
627964279
627964279
627964279
627964279
627964279
627964279
627964279
627964279
627964279
627964279
627964279
627964279
627964279
627964279
627964279
627964279
627964279
627964279
627964279
627964279
627964279
627964279
627964279
627964279
627964279
762166647
1030599095
1030599095
493728189
493728191
208515515
224772030
207731638
81902006
81902066
81901618
15906818
7517186
5414914
5689346
7794691
53362753
36389072
36245665
36249763
307783074
315124646
868809382
835488494
596413150
579770891
579250952
579248136
584359948
571777068
572297256
571228200
554500140
537788516
541982945
550376417
546255493
814562949
814693005
831404685
311048844
311044749
43592077
1115163786
1109923002
1115451882
1124033066
1136058922
1102570026
1351914042
1351914042
1351393578
1351393323
1355326504
1359578232
1376488664
1376439468
1376414892
302656684
302589116
302645724
302645840
281674240
278540801
12463619
11352578
11360770
11394834
15447346
275492882
304717830
303596807
306744612
843626860
843639148
587753832
554199416
537556424
537580233
558547689
562676463
562598638
562607046
902475970
923446402
1057728658
1040771234
1040734370
973801634
973740162
973747330
441066434
1507459666
1236861474
1220026978
1220027110
1217929910
1285038735
1284039324
1284020156
1149864868
1082886564
1079740900
1077578020
1076529412
36362500
36627717
305061893
305123349
841793573
574128165
575176997
583566631
583568743
591961429
554472916
554546676
554676708
554611620
542028708
1624225444
1892530832
1884076672
1879947904
4043766449
4077288355
4081479074
3536201634
2462458754
2463507394
2482381698
2448892290
2162505106
2158302386
2428329186
2428304615
2428300389
2428284212
2428280580
2431419908
2435423764
2435563028
2469051924
2469068340
2452323876
2452166180
2452099940
2464682229
2461544693
2461540583
2461610086
2478380070
2478394422
2466203670
2524936214
2524936214
2520742934
2520765494
3592351766
3609129030
3575570758
3558732231
3558721485
3565145084
3565149172
3564993268
2449353412
2449091140
2444891716
2176521044
2174226788
2174234724
2173186148
2173202532
2173235556
2177430005
2177470949
2177466855
2152237030
2152570806
2152701846
2152701846
2416951222
2500853654
2500753294
2500747662
2538234254
2546660766
2508805551
2513993149
2513989005
2489118084
3558729172
3493754708
3493738308
1343567813
1347694545
1347890595
1364594083
1383468467
1383468418
309724546
309674115
318042339
318025831
845459751
845455663
828744479
829858591
1886823231
1968678189
1975821613
1967439165
1968487693
4111961357
4044786973
4027762485
4031960629
4031932021
4031917797
4040236791
4040170455
4057017239
4090706343
1926434230
1920140678
1920413830
1928601846
1928647142
1659933030
1676718398
1727051070
1727043358
1718654478
1716758302
1980932399
2115084335
2115031101
4279652397
1947598885
4101374005
4105568533
1958085389
1890860621
1895049933
1895049887
1893149615
1945504687
1928792991
854919054
846463374
846463391
853860847
853860655
853844271
845455663
862233887
862369053
862357309
1936111405
1987555109
1985260343
4128553223
4127705350
3590735894
2534280310
2504918118
2630755702
2627609462
2627613238
2560366102
2560386679
2560388716
2583449452
2570342268
2570407244
2570503628
3642155508
4179010036
4182090197
4190414279
4190416839
4190416839
4182162391
4282825569
4282817825
4261922099
4262904067
4128665859
3591766035
3541434418
3495297074
1349910550
1358372311
1354045877
1351949221
1351891901
1356143501
1406995340
308021132
308036493
309646237
845460397
845521261
845455661
845455405
845456437
841262101
841393173
1915135012
1915135012
1916769316
1916634388
4030646020
4028514820
4028498624
4041086672
4036966048
4038859429
4038867622
4038863542
4058786230
1919686838
1919749254
1919828102
1919795334
1919717590
1919725926
1651286055
1650763047
1718926629
1718917909
1712828165
1981212423
2115395895
2115375143
2132148335
2096497775
2025196751
2023098830
4169411534
3632540542
3632556607
4170706447
3096883983
3096806157
3113517613
3112473132
3146031720
3133449944
3125590712
3121584808
3121597352
3189590504
3191670840
3191735304
3178110984
3031310344
3031310649
2494432047
2494301742
2494303790
2222722614
2234846006
2239118390
2381655078
2410953766
2343834742
2344031430
2343989382
2348675205
2315026820
2372241316
2372394932
2368207836
2369256220
2400647996
2249648924
2248600332
2261052684
2256838924
2257564013
2257551855
2211021295
2169078191
2165278647
2148505271
2416950935
2416933525
2416917141
2416851604
3490593204
3495836085
3512609943
3548261526
1384068242
1383927938
1383862402
326901906
293365218
275574242
275578227
292396307
292461825
326085905
326085905
846179601
845659441
845516085
845253941
841071671
842247223
842185751
907189270
907192342
1041393686
1041377334
1060509734
959843366
947261238
951457302
951453207
949228053
947921461
947921429
952132117
943780477
943756285
960533949
960609727
994290847
453360798
453500318
453432718
458126734
424568714
415987290
411784762
1486618171
1486739993
1486653976
3638344504
3646730024
3675100984
3679421128
4224553676
4220297916
4203520684
3134038701
2584737446
2651669990
2652638310
2653752358
2586709014
2574134278
2561551366
3635293447
3635289877
2562461223
2294037350
2302431014
2333921078
2333081094
2332812806
2345263622
2341069398
2307519205
2290668197
2357773228
2363016108
2222575516
2222967228
2151074232
2436024825
3543324683
3525507082
3525568522
4062227482
1914740794
1932566586
1662025755
1627504763
1627635883
1632059567
558240175
558240175
826741679
809849775
1891988223
1892121215
1892121302
1892018822
1891953030
289728918
302830726
1376665998
1376666510
1381909134
1391387310
1387127662
1387063598
1944889646
1902946570
1885776138
1885780746
1894155531
1894154265
1894039593
1902440557
1916067949
1913970796
1914159212
1930346788
4048470564
3503246868
3503258116
3500108292
3500042756
3500046932
2443108092
2476722076
2464010652
2463945116
2455606205
2455606957
2455549679
2992418543
3009212030
3009216030
2977715774
4051527214
4034864942
4046071150
4079621342
4062921886
4068000950
4065907895
1917379733
1917362308
1917419716
1913291076
1897575172
1887348244
1886318133
4042258999
4042185238
4041890326
4041955638
4041825318
4033367094
4050211846
4083774471
1937335319
1935172903
1935156519
1665885461
1728730961
1699431409
1699267429
1707655781
1737015893
1737143109
1875813317
1850598871
1779235303
1779223014
1795967470
2068715758
2068721150
2068721102
4182648206
4250802078
4259255214
4253819822
4253836206
4287390622
3616335839
2542270204
2475089644
2479226596
2446085860
2446085828
2430406340
2430469717
2153657127
2153718566
2421977382
2430357558
2430391302
2443175943
2174740487
3268270535
3259616151
3255487382
3255490454
3255497094
3523916182
3523850422
1377677559
1902027975
1895737349
1894684679
812615687
808376323
808331379
808398051
1882792103
1886917031
1910059943
1939419813
1938309813
1904792277
1888026117
1888008709
1352186373
1354672645
1358867271
1400826327
1379816855
1379811733
3527295381
1916715941
1927140005
1922888356
1924948669
1945920205
1882088265
1882087691
1882089787
1886386987
1894574891
1911339307
1928108361
1928112200
1919725640
1915518984
1915256872
4062871592
4079919400
4033798953
4042183231
4042212926
4109190702
4100791846
4100726054
2088508710
2088506422
2088711190
2086609170
2027757826
2027693315
416032001
433022209
466547969
449758529
449824081
1523434869
1514989397
1515060997
1515178773
3671038823
3670867431
3670860207
3666649487
4203581839
4270490047
4270490026
4022961579
3976759787
3959986235
1679403035
1679534091
1681632267
1614385163
1630240779
1630175275
1630453803
1634648169
1644119533
1677547445
1677537941
3816632983
3783078590
3766301422
3766302446
3841735278
2780576310
2812029718
2795251910
4136397958
4136394894
4140581007
4111335565
3558736268
3560338340
3563482788
4109695660
4107598572
4115983052
4128287436
4128418380
4132605196
4143088684
4138827821
4142968879
3060834335
3073548302
3039224190
3022444526
3027685102
3161737894
2893315758
2916378287
2949916575
3218417567
3216455646
3182903006
3186966142
3178510110
3157537566
2624860478
2633310510
2628858159
2628780349
2628792653
2626691848
3704627720
3695257096
3695654424
3691384344
3692432920
1410801432
1412773129
1413297419
1413285131
292356362
292356362
24051994
24056122
32321594
32256058
28120154
61676634
44915802
40720506
36534394
103627866
103756890
372191322
372125786
376320602
380514938
917254762
917250666
632029807
627964279
627964279
627964279
627964279
627964279
627964279
627964279
627964279
627964279
627964279
627964279
627964279
627964279
627964279
627964279
627964279
627964279
627964279
627964279
627964279
627964279
627964279
627964279
627964279
627964279
627964279
627964279
627964279
627964279
627964279
627964279
627964279
627964279
627964279
627964279
627964279
627964279
627964279
627964279
627964279
627964279
627964279
627964279
627964279
627964279
627964279
627964279
627964279
627964279
627964279
627964279
627964279
627964279
627964279
627964279
627964279
627964279
627964279
627964279
627964279
627964279
627964279
627964279
627964279
627964279
627964279
627964279
627964279
627964279
627964279
627964279
627964279
627964279
627964279
627964279
627964279
627964279
627964279
627964279
627964279
627964279
627964279
627964279
627964279
627947895
627948919
627949047
762166710
795719094
1047377334
1047378102
2121119926
2116925622
2116401334
2116156598
4284608950
4259508903
4256363173
4239549101
3163571853
3167808141
3159419597
2622532349
2635115389
3172002653
3207650573
3073430813
3077754925
3085094957
3080897581
4087563389
4087364821
4058066071
4029818007
4029813943
4027712935
1628640679
1627400111
1631610559
1674706589
1659932365
1659936335
1650765323
572892682
1646442298
1663234346
1629941802
1613123627
1617843225
3773758473
4039047224
4120832040
4120430616
4091084040
4091077900
4093301517
4089107007
4089057838
4057731886
3508286830
3491499246
1344146686
1344146638
1348353222
1356735942
1355572039
1372341015
1347175206
1078850854
1078848822
3561875766
3561998646
3561916726
2543749894
2526977542
2661192199
2661253636
2662892132
2667090596
2654532260
2654471844
3191487140
3191548324
3201902759
2663131302
2662599846
2632123542
2619475142
3357680654
3357729806
3433081614
3701517069
1571072316
3752638524
3756759100
3744107548
3745153244
3745165500
3728400572
1580753068
1583047085
1603940773
1436186533
1419403221
1415367621
1343654469
1410763329
1410775617
1415032641
1418765381
1473290439
1450307799
1446449335
1445265591
1445069799
1466040935
1956708902
1889543743
1889545743
1353722383
1357965839
1349712399
1362266631
1379323462
1111475910
1111442054
1111245238
1383911846
1386213541
1386209444
1452077436
1452119308
1456388364
1474210092
3590105452
3565005309
3565132171
3560752267
3577528475
3576479915
4112957865
4150710761
4159103789
4154779197
4154779151
4154836510
4141924974
3060846958
3056632174
3054736494
3193091190
2924651575
2941362455
2890981637
3155419917
3155358237
3155297085
3023504169
3023308649
3832813033
3858048489
4122295785
4054846873
4054845835
4054858186
1945131514
1395711082
1395713114
1395679242
286273546
269942794
269877291
269878063
276701743
14560799
10373647
277662215
25987623
59546423
46961925
47034373
35622916
36606020
36589653
120467573
70136165
82713191
78461678
346831598
351042190
1441585806
1189912462
1181528478
1449963935
1449431966
1449628574
1457959871
1474487215
3584189358
3572530662
3572526566
3572509038
3580897583
2540710175
2255563039
2255912735
2264291077
2264322821
2264068357
2276643077
2243068181
2226356263
2159312935
2176103463
2213850215
2182396007
2182449398
3524708551
3524708551
3524713541
3593927749
3591677052
4128548204
4128612860
4145460684
4111898572
4099317453
3829894877
3829763711
3829702254
3829719654
3825492582
3960824678
2891403750
2891384294
3168078323
3166963923
3166972115
3166971987
3166841170
3180476354
2645689026
2645689026
2679198422
2679132902
2679170790
2683370214
2658192238
2652948862
2653014350
2669930510
2675108879
2683499535
2683487295
2549171239
2538607653
2538683413
2270309377
2270309649
2236755744
2245213729
2228231713
2224036384
2224425504
2157251072
2157199109
2156184391
3221521382
3288707494
3306140094
3323965854
3323768970
3325336714
1189382283
1453701305
3756177592
3714234760
3693259720
3694307016
3698631384
3698627192
3696525928
4229210665
4234061357
3160315437
3160389245
3177047893
3210536917
3206410741
3205353972
3209548004
3209655524
3184420085
3185458375
2640195015
2642295254
2642288102
2683178486
2678982086
2679046470
2679902550
2679923047
2650562919
2650595695
2642204013
2642400533
2575301908
2575281940
3105734172
3105852940
3105791500
3139429900
3139299133
3126382895
3126382958
3143156206
3143357406
3143231438
3210276350
4284022126
4292599087
4275751967
4149922831
4116345871
4112147471
4095373407
4099539183
4099473583
4098838975
4107093951
4107030207
4119613103
4152642303
4140169933
3737546437
3729156037
3729203669
3755155925
3755155941
3755151845
3755016679
3721401846
3713017794
3713214402
3696391110
3698480070
3698508230
3572614478
3572555135
3570444669
3578833277
3612387837
3595612157
3604084701
3606238109
3623010813
3212296685
3178742125
3178754349
3186091327
3186618143
3186601742
3178233374
3177764414
3174618686
3178816062
3178881662
3187372783
3183035375
3187147757
2684162525
2673804749
2656503245
2656113757
2656119935
2656136255
2681433119
2580741135
2563955983
2563950413
2555561549
2555630157
2572215037
2604721133
2604982765
3662008557
3657814269
3675124989
4279168221
4249807053
4249807309
4250926559
4234139647
4234003423
4233937887
4236100438
4236145014
4244529462
4261310518
4261236775
4294718511
4286346303
4286543135
4294860127
3221217145
3221020409
3220504281
3220491977
3212101529
3212101545
3195400617
3195527673
3203916249
3203920217
3203789163
3212633387
3174853931
3174858095
3158187999
3162388175
3170775695
2650747535
2650616767
2650550695
2631152871
2631236710
2625002514
3698740482
3694657282
3710904070
3748590342
3731813126
3665744150
3674075510
3671893222
4207715558
4216106470
4216176126
4182097375
3108486495
3108484447
3108427135
3138831679
3122120478
3122026070
4199962230
4199962214
4208285286
4208219495
4225553525
4225614933
4208850124
4267500740
4280083652
4246660548
4229881588
3156102885
3162376935
2633304662
2633247574
3186896214
3182777654
3214000422
3213938982
3180372519
3182469733
3031478900
3027272444
3023081212
3023100908
3039951276
3040016556
3077986477
3086355615
3069583567
4160102607
4118163919
4116918655
4100141871
4101469743
4109756983
4109691701
4105480469
4124358660
4149511172
4128735300
4128686276
4130791885
4269171711
4294342374
3216464614
3182451430
3165707246
3182488046
3220239566
3211915471
3191009743
3189174989
3205915373
3205964517
3176473575
4241831399
4174714230
4177466646
4176942358
4174722846
4174655247
4174655247
2027170061
1507146013
1498881820
1497843484
1493484060
2063921740
2068095709
2068095741
2051318765
2051384231
4224038311
4223972775
4223974823
4198874559
4198940607
4198930367
3125200559
3125233663
3125622654
3122478462
3210558766
3212778542
3187019118
3182822750
3182826958
2645651918
2645619135
2643514813
2639316925
2635128765
2635099797
2668783572
3608307188
3612533236
3620913268
3754967124
3746583556
3715130373
1567777797
1559368727
1558316055
1483866391
1483931925
1479545653
403710781
403972925
408170269
407141133
415557901
432318799
432520143
466066063
465929871
1531216525
1527022268
2047193772
2047320748
1510384612
3670454564
3666317344
3734287392
4271678513
4271680610
4141726946
4149052578
4148920482
4111122578
3557474434
1409963138
1409955650
1413088771
1433077281
1470899745
1454122528
3601605936
3735780352
3740949504
3715811584
3699039108
3707473556
3702099637
3703084711
4256736942
3183255982
3221000366
3208413358
3208417382
2906562870
2888737287
2888819205
2889737772
2893962796
3925756708
3925674277
3950840085
3946519879
3946722759
3946788278
3934060974
3937747375
3935649983
3934580869
3934576837
4207207437
4194624525
4211504415
4162204975
4175306606
4173221742
4171058542
4171025902
4175224798
4183615182
4212974159
3743343181
3743347204
3713913652
3160200228
3160267812
3160262692
3168782436
3047082199
3080117702
4153852614
3621208710
3614704278
3576955566
3560190702
3560187374
4094961902
4107741406
4107692238
4158122190
3604325582
3600134606
3600126942
3600057215
3600122669
3604317741
3593840421
3057102629
3055983925
3190201605
3207003397
3178673925
3161896517
3161888341
3162490453
2894054101
2893870821
2910643685
2944199908
2935811308
2925382908
2942233804
2891900876
2891899468
2900251197
2891924015
2893808238
2754884974
3828624622
3832813806
3832941758
3973450894
4237698182
2090213766
2090017158
2089826246
2026904838
1490028806
1507023110
1525836038
1525869830
1525856006
2060616454
2052162102
2051052079
1782883311
1782883821
1791272109
3939348652
3947802789
4161458341
4161421733
4161414055
4161413030
4166655970
4175042850
4170844438
2042300422
2042566663
1539254533
1537158405
1537160965
1524437621
442266341
436532213
990175733
990159333
956604909
944092143
944157695
944222687
939898335
939899103
1007130807
1007065253
2101787061
2144253324
2127466956
2128511309
2120122637
4130834239
4130858798
4130729518
4151672366
3084207726
3180808062
3180677086
3180685182
3180668734
3176474398
3176931870
2640065326
2681827694
3214528751
3216557229
3199779996
3195587724
3208166796
3208294284
3040521932
3044730588
3026122748
3025983484
3021763949
3021428077
3042329983
3042334013
3086312749
3086251885
3075495516
3075495500
3041976013
3042166477
3041056477
3041130461
3024221663
3024418175
3033920895
3050825535
3046631215
3048597038
3086349878
3077955382
3061112102
3056917542
3191329846
3195458566
3195465735
3195465749
3212235061
3178743093
3178747221
3178624373
3159684197
3159643239
3159692535
3155637447
4229375375
4229314495
4235593455
4239787671
4239746694
4239451798
4237356950
4241538455
4240488599
4232096919
4245791895
4145197255
3876770247
2805121877
2943599141
2950792741
2929761829
2934238741
2925850117
2921653765
2921649717
2922694181
2872329005
2842951981
2840925055
2841064287
2823238623
3896845791
3905238174
3905232030
3901168798
3901168798
4169555086
4236665998
4253541518
4291273934
4274500830
4274435551
3200694095
3193437727
3193429565
3189235245
3195492141
3220656493
3220525565
3182711279
3180614063
3184841151
3210212799
3206020511
3189243351
3189206487
4283920215
4285757269
4252194645
4252063557
4235294149
4235453909
4235394293
3170012389
3165883877
3180367733
3218128405
4268795399
3191055111
3191054646
3195138342
3195138083
3061011491
3077786723
3027373537
3027374001
3027373697
3027383943
3035772551
3031520951
3030435495
3047212535
2778772759
2782965013
2782965557
2774576701
2808129084
2804151869
2938327341
2938175529
2939617403
2939551978
2943747306
2952135914
3182829050
4290065882
4289996234
4256441802
3721717194
3721852235
3719730507
3585523531
3589652089
3623665257
3598694123
2524887035
2524943803
3061683387
3061683375
3074266287
3040253085
3023486157
3022437708
3026630420
2758260276
2766517796
2783228452
2808410660
2791592501
2804233013
2804359527
2770801126
2759263470
2767654126
2767653982
3035899982
3035899918
3033819406
3033951566
3050718662
3050750918
3049702342
3050750951
3218404327
3218400167
3201624005
3201754693
4199992893
4197797421
4214505261
4214500637
4181140797
4185261097
4176942120
4183041048
4183041033
4182189129
2068197881
4224153083
4203017658
4203013530
4202999738
4219779050
4219975675
4190541529
4190607049
3108280024
3104095996
3104292588
3120996332
3120996332
3192380908
3192378876
3200636317
3067438493
3075958205
3042334124
2966834621
2966622141
2966503351
2966433702
2976929702
2976990646
2976126406
2971936070
2435064086
2422566934
2431111222
2426851350
2426926103
2963586071
2963585333
2967845157
3076962581
3055980293
3055978245
3055977223
3190198551
3190288678
3206836526
3206821166
3174499694
3178629118
3187095518
3218548638
3197449694
3197441483
3197375563
3201576011
2681498841
2639621593
2648174041
3168192473
3168110299
3159656187
3159668475
3159402363
3159533337
3176313609
3209949453
3205620029
3205783596
3207868460
3174499372
3179154733
3166572333
3166599773
3183308493
3183242959
2650629775
2641871519
2641871535
2641871535
3187005118
3184848542
3176197878
3176196070
3205551590
3205612007
3209805911
3209810007
3218203735
3218138485
3209817445
3209887589
3205744469
3187753805
3204649805
3209836319
3209835807
4292025662
4258532654
4254342190
3717479550
3717561438
3705099470
3696678086
3696746694
3629637831
3709202631
1561710839
1561841911
1565980103
3721852869
3717636085
3717701607
3721706999
3746608631
3742430679
3725648863
3725779711
3595720447
3604432623
3621066477
2509510381
2515802093
2499019261
2499101148
3564523980
3580293581
3613910365
3613912397
3613916447
3597126974
3596995646
3731160122
4284802074
4284802074
4285849658
4252426282
3187077482
3168195195
3168191071
3168064095
3184849529
2505336425
2539415273
2539480809
2539618281
3086831081
3086863864
3086863560
3086474440
2549611736
2513759352
2513761336
2505560344
2505199896
2486334329
2624807529
3186881131
3216110315
3199262442
3201358778
2656106954
2651969738
2652043338
2536662090
2503106634
3027660811
3030827305
3030827817
3047478637
3047468399
3085215807
3056909335
3057026119
3073822791
3073794375
4113965895
4101386855
4109828709
4109698661
4109829701
4109319749
4109331149
4109134557
4100780029
4251246557
4269197133
4269134607
4269077006
4264841754
4264912682
4281754922
4285955370
4223093802
4206183547
4204028361
4203012553
4207206856
4261769641
4278542763
4278613418
4245060762
4257635514
4253502650
3750059162
3749995662
2677335245
2677470556
2515989788
2515982140
2489697852
2506478140
2515006012
2515006013
2650071663
2649809518
2641389166
2505072494
2490583534
2490583550
2515622110
2549210318
2549347470
2549280910
2540892302
2540957950
2536625262
3039878463
3077700925
3077827864
3068391192
3068261912
3060126264
3061170712
3056910872
3207983929
3178684731
3161908602
3161873530
3170355306
4243048682
4243053818
3161977931
3178553419
3174359369
3205882683
3205948971
3205916202
3205981758
3176485454
3184853582
3180790490
3163902955
3163845609
3163876840
3168262648
3168258392
3186936152
3212114008
3195337801
4264939595
4265037850
4265562154
4265480238
4269690926
4275990830
4275990815
4292831053
3714017228
3697238988
3699327944
3699327912
3704968105
3704907499
3704909419
2626972186
2627000858
2494946938
2494887770
2633295326
2624909790
2624864510
2622898350
2639681022
3730187726
3740677446
3732215111
3731894631
3731890981
3731972397
3679547709
3629216013
3629342733
3629544461
1482152973
1480915241
1480911145
1506078569
1539823561
1540868041
1540866955
1606800315
1606742953
1598333869
1598333357
3741692349
3741815229
3742806205
4145456349
4151753757
4151741725
4150692157
4117089597
4117032223
4117030207
4117098799
4118233455
4160111086
4294377710
4294250750
4292153598
4292178430
4292047726
4258494078
4258496094
3723586127
3696257631
3696257757
3692051149
3696246413
3695253151
3703788223
3699594159
2626798575
2626737135
2626740719
2645599607
2683544917
2675094789
2670888213
2670956597
2637295653
3178360877
3176428605
4258561341
4260837885
4258675647
4283833023
3612741278
3612804766
3612410782
3612357534
3603985406
3604014078
3604013374
3606111551
3622960437
3589462037
3564292097
3560098048
3560426769
3560425249
3558244897
3562967635
3579744899
3623793538
3607003523
3732914563
3749168257
3744816304
3711203552
3710937188
4252067876
4260514101
4289982229
4272154127
4272140815
4277375502
4277375774
4269118766
4264864807
4262766631
4262788151
4262847519
4262879294
4262871086
4267573358
2136932574
2103382430
2096501399
2092369589
2092371620
2092175012
3702794965
3704908485
3696618183
3696738006
3698833110
3698689750
3564405446
3562308567
3587478005
2682119396
2665475300
2667506804
2667470037
2658094583
2657900007
3211551206
3187003774
3182937054
3031806686
3031474807
3027283559
3039869477
3039922708
3073808900
3073830404
3078026756
3044397652
3027522404
3027521893
3027517925
3027584231
3036108023
3052762358
3069533270
3069598790
3069635590
3069633798
3061314822
2790634814
2807346223
2807084079
2782108957
2782059869
2815623165
2807299821
2802874029
2802856637
2802922141
2802987677
2815558572
2813412844
2778744172
2778750220
3030445836
3027560975
3040209486
3040276094
3073789926
3077850598
3077832950
3086373062
3082182854
3048629398
3047521463
3085204885
3076799925
3072597429
3072789943
2536904150
2506495430
2506564870
2514757398
3588499222
3567529814
3567599447
3567721940
3568766356
3572829588
3295939988
3291487636
3290504628
3290654161
3294717395
3303109458
3299074835
3299078963
3437360929
3428900657
1293982515
1562425651
1596045619
1579333907
1583789059
3739648067
3739713747
3730108581
3725910181
3724862692
3741707748
3696688677
3566657061
3568733749
3568604703
2511648383
2481231727
2520024303
2520089855
2520171727
4128695503
4145964511
4116676607
4108254943
4108242687
4110370431
4110206591
4100777759
4117553951
4117619485
4118804285
4252891005
4286446973
3196058749
3204381821
3200179285
3204432965
3221026133
3212632869
3175076405
3175006741
3175011863
3178751799
3220567334
3220493351
3186934823
3159872773
3155621125
3155588869
3155576373
3159707237
3170651749
3166439397
3053258119
3086951558
3061656710
3061648550
3070041255
3070170543
3066000782
3065866126
3086284767
3077961583
3076912959
3076908318
3076842766
3085754686
3085758759
3086930791
3053372375
3053451221
3028281333
3028287477
3040215029
3040214869
3040171605
3040166469
4046541655
4050871159
4059264486
4054926566
4087368950
4087729366
4058414278
4117130438
4112932039
4096150903
3026581287
3034900007
3047220773
3047220773
3080778293
3084964405
3076571749
3211850485
3211813589
3172165333
3172144885
3037794279
3041926375
3052476655
2981169407
3014876383
3014884495
3002262925
3008488333
3004211965
3004215917
3004216109
3004281661
3006576397
2742849309
2742913325
2751433005
2717833517
2717843223
2717839127
3044996886
3028272950
3028075318
2755457334
2688344374
2688344438
2690270678
2707049863
2782550423
2816154007
3076331959
3059555766
3067941270
4143911382
4143788342
4142670118
4142146854
4137970727
4138073125
4143291508
4134841556
4128550020
4145194116
4145190852
4149382660
3086126628
3085209121
3085215523
3060064294
3076845606
3043315750
3026599974
3026585078
3027111570
3027110578
3035433650
3169590194
3187419571
3216321667
3216385155
3220599171
3757568451
3748963187
3748963107
4285572899
3212027137
3220356353
3220413717
3077889381
3077893476
3044409188
3040233333
3040233301
3044493143
3044300662
4118046062
4126434686
4158088542
