821349003
828685771
824484987
862171147
862093322
308707338
308644923
308586543
371517487
375842861
510539805
511577101
492175629
474088325
406991509
415376037
411181717
411047573
411049636
411101860
432061348
465813444
448970500
1522710277
1518449463
1535161126
1501606694
1484895014
1556320550
1556533542
1548110638
1548630815
1411000845
1429875212
1446648332
1446643980
1445593100
1449672909
1459142846
1457029290
1451786666
1468568490
1468645038
2005646254
4153129390
4149192943
4262373455
4262374413
4261848077
4261848348
4278629180
4177973813
4160947765
4160818727
4161215078
4165405542
4192012774
4221371622
4271833287
2124312773
2128240836
2047373556
2047616228
2030841069
2014194669
2019179243
2090733290
2090665626
2090600138
1553741514
479987419
480059323
1489320363
1229204971
1258581451
1258677707
1258549579
1241755979
1245942075
1250132267
1585484073
1602331961
1535360281
1505933609
1497602345
1560775465
1577552696
1577582089
369620489
370479885
303301437
303366441
306119145
317332651
296368267
279586959
11144335
15287439
16371871
14201343
13153135
281575983
277528111
1351264783
1422568207
1430956359
1460383047
3590947287
3590882295
4149969533
4116378223
4101923439
3028166383
2491165422
2625383406
2633238766
2628012166
2629126342
2629103686
2633293826
2624905234
2625019938
2491326754
2499715378
2550056307
2524565489
2523515825
2653802385
2654816145
2658997233
2658939763
2539594514
3588174630
3587969830
3567006511
3567002909
3298639116
3302832396
3307034636
3307063372
3342633164
3609824461
3593180303
1449890190
1458213774
1458213774
1458484119
1476309413
1434345957
1430003941
1413226604
1413226604
1413227560
1551767865
1560152329
1555438413
1555373005
1286888159
1287450303
1220339343
1237095055
1254064783
1252950751
1253757559
3401245478
3405308194
3396920354
3408456738
3358251010
3626683458
3697980866
3707409346
3719992007
3751789268
3754218468
3745834340
3741625444
3708139620
4228303092
4229351876
4246128965
1599262535
1515308550
1517564478
1511334462
1511858982
1511596326
1526210598
1538855143
1538932869
1537819013
1537794949
1533584051
1496031874
1546302338
1546291074
1550435746
1558766754
1558832354
3589203174
3588649223
1474707717
1433420036
1412458276
1412441892
1416851244
1417043741
1425526605
1425399631
4109737295
4126444878
4126442846
4126520670
4160201526
3864507174
3864507175
3864367911
2786365733
2786391333
2786452837
2786452964
2803320292
2803255260
2776614909
2784876541
2780684285
2915032413
2917000461
2908546055
2904317973
2770083895
2769752167
2775974119
3858104742
3786802607
3787329423
4089330318
4089391758
4089195182
4087103407
3550225838
3520880846
3513577486
3492577294
3492589854
4041518638
4037454382
4054227743
4154890501
3060239364
3056895004
2788462620
2923270460
2923344684
2940134956
2906543661
2889684605
2889684733
2889094829
2893289389
2901739437
2895381949
2912173453
2911185359
2944886798
2950134030
3998574862
3996445982
3997034270
4001264414
1861948222
1876427647
1834484156
1813516724
2080972964
2080972964
2085228708
2089469092
2089321669
2106373189
2123146503
2057216271
1520087309
1606071049
1576686345
1551500073
3560509225
3694660395
3694664107
3715836330
4261091466
2142783626
1609075850
1592362122
1592438938
1593483450
1593483707
3740901801
4269318637
4265189741
4282048813
4248495925
4231720741
4235848229
4244503077
4244373023
3170618895
3187396366
4294499646
4267236654
3994614830
3994612798
3860521999
3860492311
3881455653
3889807397
3855180917
3846796389
3846704373
3825993157
3830384452
3830318716
4107150892
4102958637
4123802173
3049810703
3083393294
3079195742
3079177310
3045831134
3028984798
3028985502
3028987582
3033316015
3041708973
3003402684
3003452556
4077002892
4077002940
1933713580
1908543660
1908617433
1901269259
1935113995
863365643
325380619
333769483
325449995
287792399
271435087
338609039
1416528575
1961800359
4106135205
4105545380
4120159984
4292126208
4269245952
4265071120
4264845856
4264829472
4210304545
4206308642
4206103778
4222880998
4174654678
4166466758
3628209350
3628192838
3628116998
2025891846
2017503238
2042869782
2072034327
2072024085
4219965444
4190548036
4161171701
4161668325
4161670565
4228516517
4228516519
2093615751
2106273415
2122917509
2122871189
1590218925
1448661199
1444663631
1450890015
1475994155
1438504491
1421204027
3568687673
3589651433
3579161065
2534783193
2534773961
2517991755
2517877019
2522018603
2530370351
2528535343
2528539439
2528596967
2527450597
2514802087
2497994167
2489666949
2487109061
3695134485
3694469911
3694404354
3694469906
3429184806
1214586150
3371637030
1241389078
1235106822
1234844678
1234830598
1234814226
1217984291
1217962529
1222156832
1222160928
1215926880
1211794128
1211795392
1210752960
1210751424
1228573120
1243318481
1516083441
2047126769
2046854385
2114027761
1845735665
1845670561
1828889249
1811997345
3959448227
3959431842
3959432866
4227870114
4257287394
4118939667
4122085379
4121057281
3584158720
2544102656
2544014592
2545059073
2545337603
2683815522
2658484834
2670998050
2670993970
2536972822
2516460342
2511156263
2494302308
2494318820
2499594372
2486737028
2503655300
2537203332
2520380037
3531129255
3539583143
2461724903
2529091685
2528108645
2548950021
2498620695
2490301239
2490292791
2486651511
3560210131
3560189571
4098893441
4098950577
3562079649
3612422305
3595776147
3591512195
3597824067
1458819378
1453379874
1453385506
1470148375
1403043605
3521551637
3622210820
3615393036
3579741644
4116551132
4116493820
4112297836
4095524396
4095706685
3021899327
3044447806
3044407166
2809521534
3044398190
3051341038
3051345390
3034538327
3026133831
3021808454
3021805334
3028094246
3028044838
3052161062
3064978454
3064900614
3065422853
3063383300
3067904884
4132213348
4111262304
4094632544
4094567136
4095615729
4095480482
4034661538
4043049122
1890453634
1890453634
1940793538
1388195010
1388111297
1929163728
1929151472
1929163236
1918149028
1918149036
1917093292
1925481901
1916847551
1934882238
1964174782
4111658414
4115851758
4123183910
4158114566
4156022535
4138033413
3605881092
3614314788
3698200868
3698201380
3706335765
3703447159
3703376615
3703327719
3722234343
3730090447
3726026959
1310107087
1312194885
1312276823
1316143599
1582719470
3730203118
3746893286
3713477078
3696650694
3637926358
3633830742
3634355734
3636318726
3636253206
3636257319
3656950053
3661144096
3661135904
2589622304
4267352256
4263157956
3726291852
3692744332
3694840476
3560589967
3558820486
3497282470
4042525158
4037288994
4037300226
3550961665
1390862336
1382473984
1378280192
1378272768
3527314992
4062022176
4133268256
4120684832
3030231296
3170540865
3162163137
3156997843
3161154226
3169395362
3165136802
3165132198
3165129894
3181911286
3219680454
2675664070
2675631559
2642077127
2642077013
2642068821
2625357253
2621171141
2621042132
2642149364
2642345972
2650724052
2650756820
2650624732
2675733100
2642162477
2642163519
2675785534
2684107566
2684102958
2683119934
2684246046
2684011550
2650783758
2644345038
2644279453
2677846196
3751583908
3747389620
3741638836
4278543532
4144396716
4145171108
4147268324
4126296628
4120922628
4120964612
4125156101
4050031381
4051075629
2985722495
2986246878
2984216542
2983497198
2975128814
3071605998
3071638766
4145439774
4147519774
4285935903
4251399965
4259784477
4259720765
4242935333
4260826645
4260710215
4258555718
1607786950
1606803926
1606869462
3754947026
3712284002
3712281954
3708677474
3708738898
3713977426
3751726290
4156458179
4155999681
3616834513
2547307232
2673140453
2534433381
2534504293
3037982565
3176327527
3184769383
2911996215
2910886933
3212882948
3217137668
3204624388
3037908996
3023454580
3023439588
3022392996
3026652837
3031703207
3048488639
3081774990
3081774478
2544917646
2544950526
2540747895
2536549407
2536614927
2519966733
2524095517
3069359221
3069351157
3058865397
3054993637
3057107429
4114011095
4029870927
3760379422
3760445998
3772832303
3772836669
2784028988
2800838684
3061021708
3056795661
3073573151
3040215614
3027640878
3031573038
3031499310
3031450222
3165670894
2677037535
2656364997
2652236229
2652302276
2652305364
2652270980
3743310213
3714015367
3697173638
3697171590
3571337410
3573500402
3568655858
3568578034
2515805590
2513708982
2245277414
2245015271
2228225767
2228291127
2245090871
2236698391
2280709399
2414929175
2398135351
2398204967
2396095791
2671805823
2671886303
2638393245
2638396861
2621869500
2638726588
2504390076
2500089757
2483291901
2483365615
2488739438
2497130030
2499231606
2494840070
2494852098
2230645778
2247414803
2371339265
2371278144
2402713024
2406883264
3463846528
3463846528
2398560144
2398361505
2413044133
2404655335
2369540206
3443314718
3443320078
3489443086
3753684238
3753164151
3753295077
3715536036
3711337636
3577119876
3574764740
3608323268
3612451908
1448211469
1450427405
1446134845
1450325293
3614582127
3581034335
3707117406
3707177598
3707062910
3707066910
3571809806
3571971598
2242363918
2242233118
2409914662
2410946854
2410946854
2245269286
2245332967
2235895463
2244296613
2277851029
2278504325
2279491461
2279523717
2270549909
2234817895
2234816814
2233768238
2535958798
2531699983
2527503631
2661716285
2667413804
2658959404
3206316140
2668594412
3171903716
3171887333
3171297767
3155569638
3172338422
2639662790
2643859014
2680042055
2680033860
2680100404
2411480612
2411494948
2415685156
2405199404
2405248621
2405244783
2412584302
2412608638
2408410174
2275376158
2279595486
2180894622
2172505758
2172509839
2172470925
2172470684
2155729076
2155737268
2151542928
2150478992
2150612049
2418981891
2418977027
2422647042
2481371394
2481371395
2531712259
2254916867
2271489315
2268343586
2234847010
2239106594
2281053730
2276865618
2260154178
2259948994
2257851874
2257867943
2262103461
2396843413
2405228444
2407370684
2407505404
2406133244
2406213980
2372528413
2238307135
2238446398
2238409278
2238409262
2221485934
2365142382
2365142526
2365134046
2365262926
2381925455
2381892637
2355662108
2355662108
2355729692
3714819404
3647712716
3676944892
3660159164
3661215900
3661211788
3659460044
3726517724
3709215741
3692180207
3704751854
3566409710
3566219759
3566219775
3566227791
3583004943
3293762313
1144177209
1077055000
1345489416
1345760012
1899342108
2002040876
1981581340
3860628492
4265508940
4265246924
4264472772
3140383636
3106812577
3157209761
3169588899
2896445094
2896182950
2896183206
3181393078
3182440590
4251988110
3708842191
3692159053
1544741129
2083709192
2099437832
1969468712
1977650216
2011203640
4276258824
4276520968
4269185288
4265000760
4279558745
4246004299
2622964298
2631811818
2629714666
3183433194
3216534762
3199789290
3203983566
3202262159
4276002957
4133413004
4111777964
4094804140
4094845116
4094832861
4094833887
4098895854
4103088878
1954626286
1954749150
4103150286
4107554510
4115973838
4158116223
3621171503
3623133213
3748717597
3744523581
3711034685
2637362959
2675113230
2683456822
2677099558
2677038118
2677046390
2643682374
2379379015
2362851679
2362819437
2631189101
2496984677
2496966389
2497035221
2497026485
2497026485
2505411765
2517992597
2517811589
2517791109
2517787095
2522031079
2666604391
2679127911
2649759599
2649820687
2633178703
2633197391
2633066463
2649814519
2649805159
2683408759
2675017077
2670761237
2670783765
2670980885
2670914325
2641559317
2641551125
2641511701
2490450261
2488353237
2488357877
2504226725
2504095399
2680186551
2680186567
2680252358
2680387022
2680386910
2681330798
2683422830
3748755502
3732101135
3727907855
3725808903
3725841157
1582560037
1581375781
3729907748
3730043952
3725775888
3708992769
3692216001
3694562945
3564553859
3562522242
3562357394
4107563686
3033817510
3046400231
3046433893
3029662740
3035950348
3035950876
3027754556
3036137260
3052782380
3052720447
3075829774
3071627358
3038065902
4246153454
4245043630
4282784158
4291234702
4274331534
4265878414
4265960335
4266127775
4275565037
4271239469
4206163245
4205111596
4205635596
3664570380
4213635092
4163291140
4163276036
3962996549
1828098469
3969220768
3972305073
4013990019
4009795970
4009947778
3976614562
3960866530
3965980258
3835955810
3835698034
3835705415
3852614725
3215080517
4276231237
4268965141
4277282581
3740476183
3731890950
3731890966
3748667686
3748729126
3721532478
1569946719
1568766207
1551956223
1572993165
1564671119
1594023311
1594017167
1593919422
3745531886
3746575726
3754960238
3721422142
3757073215
3755205439
3683840535
3683828247
2341524023
2341533222
2345725734
2303753510
2299727158
2299661334
2303857686
2345821527
2341692757
2345696709
3486569924
3477194180
3477259652
3485652372
3452036517
3453087141
3444727287
2350075894
2349944822
2349952790
2350081798
2379440902
2341557022
2341492543
2327080751
2394222381
2394213677
2398405997
2406846973
2406584509
2406715580
3461513388
3724772860
3724586189
3724586189
3724668125
3741510863
3692225743
3562165710
3570533838
3570534279
3704692631
3704635383
3704631287
3717409751
3455139799
3488628599
3480295223
3480421142
3480302366
3421528894
3417334574
3417368366
3398496110
3398475758
2323684847
2327942629
2337522917
2333328629
2299642949
2285108484
2282942260
2287103796
2312269333
3415424789
3415424821
3398647137
3415285235
3419409843
3406892451
3474148771
1293143474
1326634882
1310122882
1310105990
1314173394
1297391842
1142218854
1144317030
1148677414
1152793374
1152809502
3300317742
3317090878
3329395215
3325265671
3325068038
3337654567
1169203493
1150791716
1150718048
3294597348
3558637796
3743252660
3726554572
4262374220
4266568205
3998059023
3997469194
3994393098
4010917386
3912274459
3895509625
3895575529
3895620584
3910345704
2840666604
2849056228
3952289173
3951244679
3955307926
3149933974
3149933718
3133291702
2592218358
2592214358
2609972502
2609919238
2614109974
2341496631
2310104357
2310141221
2310067236
2312160372
2286994628
2287125636
2282935445
2282939861
2282942421
2299944661
3373681351
3743374279
3743181303
3726405094
3730586814
1457267854
1457267854
1473521055
1440167343
3293976495
3292725935
3225567935
3222393359
3228619279
3244602142
3282351406
3282343983
3265771583
2191964221
2275584061
2272455741
2232598813
2231517773
2361541197
2357359199
2357207791
2361405166
2353007279
2349091247
2349291679
2366040207
2387011983
2392241549
2392228237
2394194397
2398401007
2389762415
2389762414
2339529838
2335324262
2301696294
2282756406
2282952966
2295480078
3365021454
3381736207
3449041725
3449090540
3453256108
3424421292
3424488876
3422915004
3422857613
3473255373
3456548637
3457595143
3461779717
2257752333
2257817917
2259910701
2547092525
2488437049
2622655241
2631043659
3096615547
3096492650
3102778923
2872087065
2855305531
2855317547
2922569771
2922566701
4000451821
3864149151
3872533663
3880921501
3846310556
3829598908
3830520508
3830798972
3841415724
3887979068
1727855116
1719462413
1715268111
1713949230
1714014254
778618926
783009902
749357126
753563655
741239815
759063623
775906534
775808742
787797670
1857408678
1823919750
1823923847
2091376261
4242931333
4235718372
4233490148
4241518308
2899372644
2910899812
3179347508
3217286660
3208832516
3204634116
3204470292
3205529445
3209723110
3083934950
3048410274
3031565458
3034972290
3036049538
3036045698
4109791634
4109853074
3581174674
3612632018
3591660530
3591714290
3596029334
3596028294
1467423126
1442716150
1442781671
1437433175
1437394765
1441637133
4125991692
4151092004
4151092004
4135363364
4064260916
4061971236
4078715428
4044752436
4044753412
1886792277
1895237927
1890847014
1639189550
1908150334
1945923598
1935536206
1930203598
1930208238
856458159
856458171
1930335147
1917777386
1917730106
1926113546
1389242634
1386097946
1386161466
1471676746
1421361610
1421591945
1425706392
1413136296
3560746920
3560746968
3711741896
3744855882
3749016410
3715576698
3455464314
3455463802
3348500778
3331797290
3332120686
3332120685
3332120700
1188843772
1178109180
1161336204
1144694156
1075488204
1075494220
1088063820
1356630316
1348253996
1461500204
1461710172
3609125197
3575014351
3587572718
3583312878
3516138350
3514832686
3514855230
3549619799
3549618933
3532759981
1381020076
1912635564
1912636828
1912651149
1912650189
1912653839
1913014302
1393965118
1366698030
1375085598
1354113294
1354113806
1083249167
1098908207
1132462637
1132729901
1183132204
1178872364
1191500596
1157995332
1075222977
1480064
1999232
6259120
1079873696
1092595872
1394516144
3527320785
3527380081
3525810659
3546802915
3551865442
2511678050
2511674994
2511341090
2681218850
2683581474
2650026022
2650615830
2377789446
2646270214
2629546758
2646115327
2650317484
2674439852
2674437816
2670365368
2670369720
2670385576
2536144044
2502573244
2502571196
3559535805
3563992503
3573426103
3569166230
3583780758
3314824662
3482596614
3489012742
3471719430
3467454486
3467143206
3467143206
2410282022
2414474558
2313732414
2296955710
2296955775
2296959999
2296964863
2355724009
2355645161
2355628649
2372491897
2381019513
2280388985
2280257625
2280180811
2280164443
2255068539
2256256362
2256254314
2256254315
2524558811
2520363483
2537206169
2503652796
2507849148
2507865020
2507787196
2507791020
2502651564
2502567660
2507027196
2508075604
2507612956
2278892820
2278829365
2277779767
2277980183
2277906438
2277906438
2279492611
3269313539
3269317633
3269448721
3260978449
3261060369
3256600337
3256584017
3273364803
3273373010
3541802850
3512442722
4036729699
4036598323
4036540945
4032347648
4028169744
4028186192
1880833616
1882791904
1613248672
1684539552
1705973939
1974343810
1906718850
1351760002
1149253762
1149254114
1149245794
1149270306
1149331794
1283647938
1283647875
1300425600
1301470080
1313983376
1309855104
1309852032
236118400
235970912
235970852
254845230
493923626
481401658
481409338
1555281946
1551022090
1546827786
1546095626
3698163722
3706372126
3702128766
3370791022
2288657895
2301176549
2406095584
2259294928
2192187008
3282583168
3282581120
3349692064
3320323744
3312073120
1160456608
1194256545
1193711746
1462929538
1999800770
1998620930
1730194211
1734388515
1705028129
1835051552
1865529904
1848728288
4013046439
4011998886
4011986598
4024634790
3986693246
3986700350
4188026894
4188022798
3685017614
3685198858
3685659914
4222325048
4226318600
4217930776
4180252792
4180392168
4180388073
3912935659
3910854890
3910819306
2843395819
3116024552
3182364648
3047951688
2976660808
2469144908
2470324844
3535679076
3535679204
3534294660
3534241413
1365782196
1076436144
1075452033
1074157699
1073797250
1073780866
1073780834
1078049842
1078176786
1153625106
1167256626
1184001218
1318222209
1318210432
1317078944
1313866400
1309672096
1328632668
221405960
473080584
477144872
1018211113
1018214696
1022409529
1009957642
2100476170
2100463626
2099545162
2100068522
1831633066
1865257390
4021203694
4003902189
4003902052
4003768100
3932465408
3928274960
3928287264
3928386852
3995215333
3995481518
1865222062
1835604926
3970644894
3970644670
3970513599
3970448317
4255917965
3584303885
3617858063
1206134287
1201745471
1201744749
1201740205
1168316588
1164118188
1160906893
1158808719
1160929742
1160868110
1159749934
1172366638
1302392110
1302456638
3483629854
3416783134
3416783134
3416915230
2347287871
2322171195
2322301275
2322310617
2322310584
2389419448
2406200744
2406192568
2380963720
2238421896
2506660760
2502462376
2536344492
3609631164
3592871356
3592823997
3592496318
3592430846
1461921262
1415718382
1419915246
1419849462
1419783750
1151348294
1285570246
1285566278
1302363990
1298397462
1306761494
1302628663
3450120487
3722755367
3714432319
4281175357
4016672060
4025068604
4021136424
3991910440
3979319336
3912206376
3913189608
3910572520
4009938408
3993126248
3994157433
3998290267
4008783995
4008915066
4008849914
4025694202
3987939002
3836943098
3836955354
3853994699
3851803339
3885296265
3872681352
4128519320
4128575640
4128706748
4113699244
4096922029
4109501359
4104258294
4104131078
3567264262
3567264258
3567264022
3298898982
3303159846
3223455782
2149713958
2149714182
3277986566
3265674822
1118054023
1119101844
1190922156
1188825004
1179406252
1195696044
1191499708
117544844
104042820
102867200
102801442
106996770
132234274
132381746
1306786082
1298332466
1281801026
1290177154
3433467521
3718745728
3719602096
3752902565
3731925413
3727722660
3727911085
3744607478
3711057110
3694269938
3697411490
3706062818
3701933794
1554789954
1286354626
1336682179
1319380865
1323662787
1315830642
1311559474
1332512547
1306829605
1147445543
1147506999
1147633925
1424985348
1420273940
1957013812
1894103076
1663993908
1648265220
1646166020
1645105156
571343204
571212647
571212526
583537390
596185774
562573982
1636332430
1636610446
1636611470
1619836298
1636088719
1640348557
1942403980
1925622156
1984342412
3859197069
3860062349
3860033695
3878842542
3845280102
1827848486
1822672162
4239422738
4243614979
4231032064
4248104224
4279697184
4294875680
4206807552
4205496832
4205464064
3668511491
3664263202
3676842018
3643287586
3626502178
3362392114
3366587138
3366599170
1220160066
1220225602
1220098626
1218972226
3383233362
3383327090
3421075954
3421034978
3387476451
3387546097
3421108720
1273620976
1265170912
1265162720
1260968416
1227536832
1227532736
1227532736
1227532736
1265351120
1261148624
1328258512
1328258256
1328264336
1311486096
1311486096
1311477936
1311412640
3463159200
3471571872
3472489393
3489266643
3489225042
2415687970
2414618914
2372674866
2372874514
2365395250
2364814114
2358585122
2358650642
2358648579
2359102211
2231127827
2222510067
2239481267
2272978323
2256266625
2256141713
3329776049
3327728032
3327998368
3323280288
3323010977
3323011059
3341893426
3344969010
3479186738
3479185718
3487852854
3488447798
3450756374
3384433926
3384534278
3384530182
2314847543
2313719141
2305330685
2305408509
2305539549
2339085789
2339094013
2338958829
2338958845
2338962876
2339094460
2339094460
2339094428
2334850708
2402025140
2402942692
2675702752
2673535841
2682191153
2682162435
2548012291
2531169537
2531177729
2522518784
3071907072
3071843376
3038282785
3021575265
2887439587
2893697267
2902066626
2893684674
3162184402
3161987814
3187161702
3153599022
3149414202
3115853578
3113755914
2576883978
3650642186
3654865242
3654858202
3654919627
3755718089
3747321240
3713697208
3709568440
3709571000
3577323448
3577478072
3745250232
3743121305
3743117210
3743033290
2672439646
2676887870
2676949294
2677867822
2677613886
2409327886
2415488270
2407030031
2373502267
2373506539
2373580201
2373580217
2373515160
3445159836
3445159868
3445356452
3445290916
3445348276
3441051540
3443414853
3308663559
3307610370
1147543810
1155998003
1286435108
1286369588
1291607324
1278757132
1295763916
1329257412
1312479877
1315621510
1324139142
1324139190
1336726178
3450770083
3433997217
3438191008
3437732256
3294999952
3290955152
3307568528
3307548561
3308269555
3312463330
2247108902
2280667430
2259687734
2258704390
2258729990
2258760710
2258743607
2191831845
2208596517
2179236388
2221703908
2234287776
2234484385
2473565857
2473574369
3011353569
3011492819
3011488407
2973739671
2973613751
2704605095
2704629159
2771854775
2771788967
2771528871
2784103586
2778859762
3030587458
2963351554
2963368962
2963516418
3047400499
2778772531
2778772753
3080758548
3072367908
4129327396
4129507617
4129425697
4129691683
1982216226
1986403378
1470567698
346436866
78518019
213782017
212733440
212667904
212666880
208476672
204299025
221084433
225311507
225303346
258853234
115972466
116120018
115997170
115997171
116251635
107994099
107969521
120404465
124332401
124467571
90913139
90782067
74013010
74013010
82442610
82573650
99326418
99326418
132749778
132758002
132759538
132759539
266977137
266975088
233420656
225032048
1277802352
1277802096
1210824272
1211086416
1496292944
1495775856
1530247792
2064956000
2051320163
2059446306
2059463714
2051101730
2047017010
1510342674
1494626306
1477849106
1482555698
1218253346
1217144354
1217144354
1233856082
1268454978
1270353475
1270353477
1273564740
1265355076
1231804885
1227487735
1227480566
1261016534
1265218006
1248371174
1256759782
1269342631
1269342628
1235788196
1239985572
1265342900
1328188292
1311411092
1580764836
1581221588
1430160068
1947640565
1951900004
4106720292
4106585124
4098138164
4244939028
4278706700
4144415308
4110829132
4099802860
3036417708
3032231599
3031707562
3031711114
3031840138
2683516042
2658349214
2658357454
2658291918
3740495998
3740394542
3755074598
3757239302
3757233158
3732325382
3732394038
3730169974
3726107127
3742823159
3692479189
3692449477
3562359505
1423731681
1418488289
1959538081
1967990165
1998459268
1381892996
1381909428
1925534372
1925501668
4072993381
4064601631
4081363742
4082416446
4057373230
4040604222
2966854158
3033697806
3032649230
3024262686
3040920174
3082863206
3066098534
3066095590
3066095462
3057964918
3059042134
3061302647
3069531621
3086771684
3086824852
3077510020
3044999556
3044737172
3036221612
3036246252
3036281940
3833178116
3833178132
3850020884
2774444036
2803869700
2921311492
2921243140
2805891588
2805383700
2774975076
2779529956
2762756836
2762756839
2762766334
2783739326
2708236734
2741778622
2741442718
2724599966
2725648526
2731948174
2747673742
2747671943
3787792790
4047774710
4047844198
4056240422
4089758758
4089773110
4089768966
4081514502
4081506310
3506883590
4043791702
2974111222
2982629862
2978403310
2978407405
2978456492
3045439388
3049570252
3036979148
3036975068
3036717052
3036915708
3036865023
3020055038
3154260190
3155308670
3159822446
3159700590
4241827182
3700893566
3700831823
3702994509
3702855245
3434353485
3438547292
3425964380
3442824525
3476444621
1328963549
1299639807
1172694495
1172370895
1165017487
1164034463
1197724127
1197658615
1198707175
1207169511
1206968423
3488670838
3455313270
3455233398
1340259670
1331791702
1310754806
1579267062
1584636919
1584653279
1584656861
1580455261
1580326189
1578171693
2115300397
2052580413
2052575245
978698252
978702396
979366188
978252076
986641773
1053679101
2127363519
2135749823
2135749823
2102390975
2085539999
2085540255
2093926047
2093926079
1956630207
4103397119
4107599615
4107599599
4099268607
4099366877
4099309389
4118247197
4118116157
4118049581
4118049063
1968468279
1968440599
1968637207
1968573783
2002132471
3611770359
3619956150
3603178934
3737130486
3749709270
3749905862
3447874886
2374135062
2375282454
2375085846
2362486295
2647965239
2641663527
2650113573
3185022773
3181356820
3181229412
2908001764
2768537060
2768602556
2769454524
2769454572
2803037676
2803101677
3880877547
4023475579
4025580891
4025576795
3983762779
3983750489
3983742297
3991999837
3989919071
3989927295
3990058327
4023611157
2949721861
2949869335
2949873495
3218214871
3042053767
3044152967
3027370630
3031630486
4105175974
4105187751
4105187759
4103083151
3494919503
3492899087
1345448719
1898031903
1902226239
1663408415
1664391181
1647615004
1646042156
1645065532
3792605708
3809378820
3809378820
3775824484
3788292836
2710099684
2710107876
2714558460
2714566620
2706176380
2701982588
