1358699583
1356598287
1372523527
1380926837
1376769013
1376228277
1376227989
1913099189
1916834725
1916834727
1925226935
1656988823
1648536719
3791829215
3791886383
3808598061
3875711021
3842156845
3826691885
3830892348
3763847709
3760014109
3760026477
3760006119
3776779239
3780969455
3813474942
3787801102
3787740682
3771006475
3771001355
3762350619
3762354715
3762313739
3774959115
3775143451
3775143547
3779332987
3779336554
3813096555
3804707963
3801035899
2995728474
2458857546
2458853450
2190221386
2206991454
2207009406
2173492078
2173483878
2173548902
2177743206
2177743222
2170533974
2170534087
2172631237
2440018141
2473441436
3010443452
3010443452
2737748140
2737551548
3812210940
3812292844
1631205484
1631201388
1631201324
557460253
561715741
570100253
563681853
630799933
632893055
632827599
1974214351
1605159623
1332591543
3345332919
3349527223
3349543541
2275768885
2242198071
2242263335
2225485863
2226464807
2230585399
2163492983
2155170007
2171984341
2169952709
2169960901
2244929989
2244995573
2229074401
2229066215
2220661223
2373818871
2373950934
2373893586
2373894098
2373894098
2373959634
2356522962
2356521682
2352327251
2300029523
2333539923
2315681363
2315659793
2319854133
2597137205
2597071157
3666622757
3687331877
3679000613
1527449653
1527323671
454638615
454568967
524037135
1060898893
627964279
627964279
627964279
627964279
627964279
627964279
627964279
627964279
627964279
627964279
627964279
627964279
627964279
627964279
627964279
627964279
627964279
627964279
627964279
627964279
627964279
627964279
627964279
627964279
627964279
627964279
627964279
627964279
627964279
627964279
627964279
627964279
627964279
627964279
627964279
627964279
627964279
627964279
627964279
762165623
762164599
1030599159
1030599159
1064153533
1047376317
1047376313
1047376057
908965049
908441787
841332923
841349306
858159242
824588682
812002186
821305018
821367450
817173146
817304250
816149162
833414058
837592046
871146798
845715494
854169638
845912102
841726006
841594902
841742423
841627863
841623781
829045156
820644772
820644532
820517588
820525780
820525588
816380420
833141252
833141268
866695988
870889788
845781300
845912372
845912340
845842485
845843506
842697762
842762274
859547682
859498546
841672770
845871554
845826434
846941331
846814387
1937274035
1886942631
1887139510
1894405846
1890207446
1890407966
1890346558
3568070190
3568070191
3618400553
3606042665
3605448761
3597060105
3597130185
3597528521
1986897033
1988075705
2004783275
1967047851
1966003387
1965817050
892071134
623635566
627834158
627826478
636182302
636050703
896023821
1030235413
1063989557
1063981351
1030427431
1030297143
1021916695
481914375
482044483
482048577
482040513
352014017
1423691729
1415174003
1432213363
1432221491
1465382226
1381496130
1381485762
1381483714
1381483666
1398134178
1398138790
1363535526
1363531446
1372049110
1406652102
1385561670
1387572566
1392356455
3538926629
4067394597
4150886452
4150898708
4113145940
4096516436
4096512892
4096447084
4100642404
3026976484
3036506852
3036446308
3036446292
3036444237
3036639759
3036639758
3053277726
3043754814
3077309738
3194762538
3194823722
3203347483
3203354891
3203166473
3204215641
3195820025
4152119227
4150021562
4150216890
4152285370
4160679066
4160742554
4143833226
3539857546
3539923098
3531530494
1396629758
1396596822
1396593750
1395541078
1400829302
3556766246
3556626982
3552363063
3518871061
3569200644
3573267972
3564740100
3559441940
3559511652
4096456292
4234868452
4243216100
4243150580
4243093236
4235749117
4235749375
4252526078
4252531838
4286078078
4267539514
4267664410
2128573466
2130669594
2130538506
2130669594
2145349659
2094667129
1952059384
1952123576
1951992504
1951931033
3570937499
3571000986
3570999962
3570955194
3520623082
3520655466
3520643195
3518549497
3518602172
1370204844
1407838908
1382678156
1378567564
1378500861
1378484334
1378824238
1915561022
1932475406
820657418
883570187
883585560
1957286424
1957462552
2104275464
2117910040
2118101560
2115480120
2115283512
2118429209
2114449930
2047214346
2047213594
2050949162
2033057898
2095983722
2091788506
2091522442
883640970
883460746
884520858
2012786859
1996009640
1981522088
1981325480
1981325548
2000334396
1999301172
1932155444
1919814163
1928071730
1391213858
1382817826
1399787762
1366163586
1366167682
284037506
11469698
11338641
11346832
11298768
11331396
15707652
15702540
334273052
1382857512
1382852904
1919723560
4066950184
4062744616
4062872344
4096426504
4096430664
4234863309
4235117238
4234953378
4234940578
4100726950
3026981030
3043892358
4159584398
4159580558
4155390606
3618384574
3618384810
3584831402
4126954938
4126982634
4110213242
4055412763
4055405625
4054422632
4092325112
4079674776
4062865308
1915360924
1915359916
1919563693
1919497647
1927808174
1936200862
1886205134
1886266446
1886258446
1894729274
1961655866
1961684538
1961684538
2091707962
4239240762
4239173163
4188579368
4222133784
3132732936
3126431256
3122171640
2853801704
2855902952
2872688360
2888564456
2888498905
2892652186
2892631722
2909278122
4000058538
3995868330
3995538590
3998618766
4267122830
4274987214
2141070350
4237958414
4240100878
4239035918
4238974478
4238911086
4239958638
4254638830
4271415993
4275614376
3061356520
3056109032
2787740776
2787887208
2687162472
2691365208
2695547592
2695514824
2968272520
2955683464
3039568808
3039572396
3035496623
3165520110
4239262078
4104659998
4104662070
4121455670
4150905871
1982569551
1982377165
1982377101
1982459069
1982459071
1982586302
1986713070
1995076974
1944744238
1911116062
3500921606
3500857094
3505229590
3505162814
2968033822
2968164895
2980743701
2980743892
2980814540
3018380956
3056129724
3056091820
3056284589
3056279726
3056083182
3068657774
4088004734
4054458394
4037944331
4042222857
1949063432
1412258632
1429170633
1462708683
1467954650
1467810138
1429995834
1417413434
1424699962
1420436026
1420518938
1420414473
1420353048
3588812568
3613953992
3598356360
3594164104
3610810297
3614999977
3615016361
3355084201
3338318317
3598360895
3594051895
3594117911
3594187527
2524615173
2549776916
2512028176
2495250960
2499318292
2490933780
2489885228
2489908844
2489904111
2515134958
2439600302
3513272486
4079503542
4079568022
4067160214
1919606934
1920655494
1916461191
842981571
842986689
842505312
846515232
846514212
578144556
657979676
657452316
657321276
661515325
661646397
629067039
629034446
888884670
1960382382
1960652462
1960650430
1962882694
4106163862
4039050934
4038858406
4038864615
4038864629
3506204308
3556626052
3535718020
4072326796
4093245068
3011045036
3006850729
3005804011
4079540330
3005794346
2993182730
2993253385
3001803784
3018518552
4092260392
4092317736
4075352360
4075419416
4076525080
4072592187
4076818474
4067700778
4129554474
4096000058
1949171786
1882079114
1961241226
1957104266
883165834
1420065418
1470421642
1457823114
376352906
376414266
107798570
107499562
103424043
103424061
237643021
237643525
241829681
178849585
229131539
212387011
82429058
74026130
69835923
2866355
2866611
6995633
15380145
1353362065
1353423489
1374260161
3513293168
4029196576
4029196576
4029197856
2959785568
2691354336
2691682016
2691485280
2741821217
3874291490
3874254630
3865865510
3861674038
3995883542
1848465430
1848568854
1785654278
1810824198
1845425159
1843393991
743273879
743011767
609949111
609949119
1683690414
1683559086
1685664427
1694176923
1891307211
1891109449
1891129929
1890085451
1906895563
1407774411
1382602138
1382858938
3539910826
4076773546
4074415274
4091258042
4059669978
4043028171
4033512025
4033511960
4033581624
4029276728
3760743208
3844613160
1697134632
1730689065
1718224939
1860831259
1857703179
1858031883
1857875977
1853657289
1847361753
1763627193
1817634233
1816587963
1825042107
4240801467
4232347579
4232331195
4233391787
3168759531
3166625513
2898118265
2898040395
2914820619
3221004810
3070144815
3061743663
3057632295
3057603831
3057591478
3055494582
3055429030
3059622310
3068002726
4156114166
4105946182
4104838150
4104825095
4108888332
3613976892
3592973372
3592956988
3593085988
4129951781
4151968033
1962541687
1958363719
2092680772
2092681796
1555663364
1601808900
1580836868
1580771381
2117637223
2117652590
1981530366
1985892570
2011066810
1977496490
1956459439
1893282735
1886926783
1886987963
1618704027
1618726539
1626983131
1624832601
1641605753
1658383097
1652087483
1920475035
1916277914
1916338362
1920598186
1903829178
1891246234
4037702046
4037792735
1890103901
1890099740
4037583416
4058554936
4050166584
4045987880
4113101864
4096448553
4096444458
2104150042
2137705226
2130435850
2054747914
2050547722
2050539529
2050605064
2048573560
2032034281
4166936314
4175310554
4170136282
4169998026
4169932506
3633069802
2560391146
2560284139
3684286840
3667444040
3665359112
3661144072
3661275177
3659194411
3659195498
3659197566
3642424398
3625634254
3629828431
3657092941
3753629309
3736662908
3738755580
3730333948
3726336236
3709563052
3692787116
4229627836
4233808524
4242459276
4238334668
4238147293
4242321135
4099712494
4115178734
3070878894
3070944670
3070949278
3175761582
4250601134
4250482358
4233635526
4233638470
4233834774
4244582446
4240187438
4239134763
4256025673
4289706184
4269582472
4267485320
4263291272
4263488408
4128933592
3057287688
2804646424
2703880744
2758533673
3031068203
3031051823
3030978093
3035104879
2955412175
3005743502
2993160382
2997354666
2997358762
2997440682
4142658698
4129990795
4129990984
3593120264
3593120264
4062882568
2989202744
2972435512
2955658296
2968175672
3031099176
3031084584
3031150120
3082325544
2734196281
2721612554
2720563418
3794313386
3794596010
3794649258
3777938586
3761162378
3761174922
3765369483
3769490168
3786209816
3786173964
2750178828
2972197644
2955481132
3035305260
3031056164
3031051828
2494180917
2494041637
2431124022
2447901382
2481459414
2477273254
2477282470
2477313190
2481491094
2469103750
2452273607
3527060229
3594169860
3594235392
3594102288
3527051045
3594159383
3594165254
3594177554
3611023602
3581602002
3699038658
3707686226
4244457330
4244394338
4126957667
4150091888
3613286608
1449021648
1465848960
1465851008
1364670848
1356290739
1351965350
1888779942
1888806566
1909778134
1366681286
1396627014
1395545670
1399805558
1399600742
1399599982
1409093998
1408840058
1371083066
1354437946
1353391417
1353214264
1357408728
1349315032
1345125768
1361892744
1395967384
1379254713
1379328443
1383522810
1383522810
1400357242
1399636286
1399620907
1399633195
1399700795
3547307803
3547242266
3547241994
3513703962
3513710106
3505321498
2431349306
2431136298
2431136298
2431136107
2431144169
2447918248
2481505448
2473188488
2473256072
3510282124
3510302412
3493582428
3493545535
3492508462
3513721646
3513332026
3521720602
3521712394
3521844506
3500875067
3501922617
3501726200
1358723480
1367141768
1400153224
1379176585
1379172507
1377271994
1377214634
1377231082
1379328510
1383449470
1399703342
1374674479
1357839935
1374617119
1374543391
1399608959
1399609215
1361908575
1361981791
1349399935
1357872495
1894612285
1890581773
1354169613
1358295301
1349840949
1347481636
1343275116
1343242605
1346581999
1346781166
1356218350
1909882798
1943985631
1944049103
1406960079
3520897869
3579618109
3581716269
3577083693
3610771263
3610671902
3597818638
3606203262
2528267630
2527151614
2527125983
2531320191
2522907455
2535621183
2506523166
2632426006
2644746535
2644762663
2644566053
2631980069
2623620116
2619493828
2620541828
2620553877
2620553879
2622716567
2639297174
2680221590
2663443926
2663441750
3737380151
3604209973
2532438321
2523975985
3596833073
3508687137
3492955491
3492941122
3497135426
3513977170
3522181410
3517983010
3281000754
3280997715
3285196113
1137913601
1094860544
1103239936
1086393136
4274464
4335888
68304128
68293888
68621616
70526241
355740963
929827111
627964279
627964279
627964279
627964279
627964279
627964279
627964279
627964279
627964279
627964279
627964279
627964279
627964279
627964279
627964279
627964279
627964279
627964279
627964279
627964279
627964279
627964279
627964279
627964279
627964279
627964279
627964279
627964279
627964279
627964279
627964279
627964279
627964279
627964279
627964279
627964279
627964279
627964279
627964279
627964279
627964279
627964279
627964279
627964279
627964279
627964279
627964279
627964279
627964279
627964279
627964279
627964279
627964279
627964279
627964279
627964279
627964279
627964279
627964279
627964279
627964279
627964279
627964279
627964279
627964279
627964279
627964279
627964279
627964279
627964279
627964279
627964279
627964279
627964279
627964279
627964279
627964279
627964279
627964279
627964279
627964279
627964279
627964279
627964279
627964279
627947895
829275511
292402679
292401653
275624439
275624439
7190519
7191223
11385525
279820981
346929841
1421720497
1171699120
1178775936
3326256004
3590361812
3594551844
3594551844
3602948644
3598754085
3749749863
3716398310
3695368422
3691141302
3556920470
3557182614
3557180870
3562424134
3572893191
3585959428
2545772052
2533221940
2533160484
2524762660
2533159541
2545742327
2543616166
2543633574
2547834022
2518023334
2518056070
3591797894
3591775682
3591512387
3343982899
1165041971
1148395827
1156788531
1157042963
1150767635
1150800401
1150785281
1155501313
1165986241
1195216065
1177394321
1177339313
1445253553
1446470071
1446405031
1458992046
1469567726
1972426734
1435565950
3616861514
3621039179
3612650715
3591693529
3591751129
3608625624
3577103336
4118213609
4126663407
4122342271
4124418911
4124418847
4116029727
4149580095
3084222767
4115976509
4099176252
3021438588
3021356781
3021348581
3027633895
3035956663
3048489422
4159984078
4143280398
3614925062
3614843158
3581354263
3564450111
3562288429
3562288173
3697089645
3705552333
3705568717
3571383757
3588065229
3623651213
3606876829
3606024895
3605435061
3606500341
3614929909
3547673063
3509858535
3509854437
3514114277
3547735205
3539363229
3539367311
3539359631
1115146191
1207225950
1207195182
1206154798
1189373486
3336905262
3337495359
3329126671
3463069701
3447373893
3430598085
3430569925
1291550341
1291415287
3438835703
3438834150
3439087974
3430764646
3447545975
3447579703
1165405189
1173788929
1173785857
1164283185
1432651041
1429516641
1463067121
1446490547
1446424723
1445384323
1445445779
1379352739
3526833319
4093062567
4055248807
4122427039
4122236575
4158973598
4158972559
4159017679
3085403741
3085403693
3052185133
3043812909
3043811901
2502717967
3039785742
4096726310
4100797542
4109180006
3568176246
3586002118
3590194374
3615306950
1467952322
1195257171
1199447923
1474235937
1469849120
1471943200
1207775744
1332671232
1294897921
3441852929
3693188707
3697327715
3705712354
3700461286
3717379767
2676143749
2680334021
2672019188
2667912869
2669092773
2534751653
3075743143
4157871295
3621064862
3620081806
3603312862
3603329150
3604346142
3621059854
3621038350
3352603407
2245442335
2245451277
2245447437
2241217852
2241200428
2278887460
2278826020
2278842412
2278875180
2274881900
2273809901
2277805035
2269940650
2265745850
2265823626
2500766094
2501832142
2485016014
2220495710
2230981438
2229154094
2229085486
2241602854
2277254182
2277254183
2411533607
2411463975
2410956151
2381630871
2381618583
2373228951
2356513173
2490863029
2490602916
2503193524
2534646484
3075711684
3006505676
3006506716
4046679797
4046658021
4046850279
4029025511
4050521166
4054717454
4054787342
4054590982
3517736471
3585041959
3586119205
3585951245
2645313028
2649618188
2641356076
2675302700
2675204140
2683596892
2681520349
2681586921
3722431979
3722444270
3712876542
3741908430
3741869390
1577595998
1577590894
1577721974
1309283702
1246366978
1272581442
1239027522
1222195010
1220223490
1220149762
1220215298
1220113010
1220043363
3384337125
3438850021
3426261933
3425221036
3425221036
2368440716
2389347724
2393551052
2260644044
2260660301
2264817709
2273076527
2235427631
2354498095
2631326253
2626137661
2642719244
2646901452
2680464012
2672075404
2668404397
2651638447
2652686758
2654980326
3124680950
3124390918
4198163462
4202356743
4269465621
4286242836
4235980864
4231598276
1949892740
1949963428
1954422436
1958615724
1956056748
4103343773
4119881357
3612402319
3610280223
3609498942
3613697342
3622086426
3588613642
3580289546
3580260875
2498118971
2633385001
2627194089
2643975353
2677857433
2681007243
2656888203
2652227242
2669003498
3742753514
3713360602
3713360730
3713394046
3754419582
3737642079
3737641039
3729256519
3729248343
3745890423
2639775095
2631335799
2630282838
2630277846
2630146806
2638540791
2672098775
2537936277
2504495541
3049755040
3034034592
3034034672
3025520112
3021457360
3040278096
3073795665
3073783377
3043432179
3051632610
3034854882
3034586214
3034582118
3035776006
3589465094
3606242310
3740640518
3740771591
3740636423
3732180263
3732720997
3749694957
4252921343
4252925407
4126557663
3589751253
4126175733
4101005797
4098908645
4098908645
4098059749
4098096613
4106354679
3577870295
3612570311
3595715143
3612819975
3623339575
3623222567
3614763301
2541021237
2537012229
2536936453
2541125957
2549515205
3046605541
3046487717
3033851557
3033851877
3025467365
3021268965
3038214135
3038148567
3038144467
3075829745
3086483441
3069626325
3065431493
4143314245
4143244565
4151600167
4151600167
4118094886
1971205246
1971197150
1950286046
1952383166
1952069023
1960519391
1956380365
1956232781
1975037452
2008591884
1996011021
1459388685
3598483565
3598700653
4114014447
4097197535
4101394399
4101397222
4109729510
4109643502
4126418894
4151652814
1467351503
1474692559
1475282415
1442065903
1442065903
1576287743
2146719055
2146812174
2146808095
2129961279
2129961277
2130157853
2138542397
4280063277
4280071469
4245466925
4245597995
4249550443
3184185071
3185299199
3185073805
3176691613
3176683453
3176731053
3185250799
2644120055
2512261494
2516538678
2507439398
2535782694
2671114518
2671163714
2675359042
2673247554
4292313922
4283798387
3209999203
3209994593
3210080609
3189232996
3189208144
3205983440
4283919604
4252458212
4109831589
4110355863
4110364630
4118638582
4152197110
4135411542
4143306502
4143305991
4134925589
4269126709
4264604725
4281447477
4252144917
2893186833
2891089475
2891351746
2824328946
2824197858
2824132326
2824107750
2819893239
2836669941
2840864228
2840868068
2849066084
2912371829
2945799173
3213124613
3200606213
4274397191
4274401303
3620078646
2504461622
2421569854
2429946686
2430536318
2428439294
2428443342
2176648847
2191262351
2195473295
2185548223
2193936623
2193944687
2210721903
2173166959
2160258911
2160258815
2235690685
2231424703
2231687103
2269507999
2546393503
2546393275
2505041071
2483930239
2484833567
2486929679
3577325839
3577457951
3598361871
4143624461
4143624460
3067785548
3076428156
3038676972
3021965292
3021264620
3020220013
3024479869
3024475679
3184870207
3218362671
3218354223
3203670078
3203870730
3075871754
2539000874
2547463466
2513909114
2513901530
2543671243
2543605641
3621576073
3755793560
3746946296
3742880857
3709260873
3558765773
1411260829
1415456191
1423848895
1415524799
1426862527
1460412863
1460413367
1456415415
1402943231
331111999
1403317823
1403301661
1407489309
1399230479
3508961295
3497427230
3226764590
3225734438
3292798246
3293330750
3353290558
3332257406
3331995327
3331989165
3333950124
3338148796
1193806236
1194902920
1195237768
1178575240
1195286925
86417791
354787630
274764070
274760998
274767158
283481375
350655759
1441191181
1433322765
1467938061
1468001549
1329511693
1161660735
1165805871
1149037854
1149232398
1149161806
3305029974
3317613559
3317613559
3351167813
3351238481
3354259249
3329026849
3324309281
3459609969
3459731827
3726070243
3730264546
3746943410
3747083714
3713990082
3724463939
3707735635
3707545139
3724060193
3757631009
3738756705
3738724193
3738723809
2656916705
2656978151
2652783814
2638106054
2490813894
2490822598
2499272518
2494944631
2494878053
2494869868
2511643500
2515842924
3044318764
3044379452
2503383356
2503473453
2536824109
2536780061
2503291663
2484483022
2488668830
3029735342
3180416422
3180382374
3197159590
3201341574
3188763854
3188892687
3188892685
3174491653
3173410357
3157145125
2620327461
2624327204
2645298980
2646088740
2644261972
2375953620
2357603540
2224491732
2224295381
2230585815
2231110134
2222791030
2222930230
2239707446
2237660438
2279585030
2279318790
2279186694
2262343959
2262598951
2264694885
3330048225
3258810480
3325923344
3577589780
3560878148
4096698444
4096698956
4096690893
4105095887
4121643726
2548570830
2519217742
2520265322
2549621290
2545639466
3048824938
3082350702
3065557071
3065553093
3070005460
3057419508
3057423572
3057619136
3191787712
3174982640
3158189792
3158191765
3162128007
3169525383
2628325015
2628257271
2645038199
2544448519
2276013327
2275945791
2281188655
2281187631
2281270587
2258294025
2258485577
2258420713
2258404329
2262602729
2262619129
2187121129
2183000555
2250208491
2250177770
2254371066
2271148490
3344887242
3227316171
3223107471
3223159759
3223241157
3223245252
3223220565
3491591141
1344153509
1398679191
1381901955
1381762694
1384908470
3532391334
3532406958
3532443823
3554467947
3543457803
3543449609
3546801417
1407642905
1453779001
1471608889
1467381865
1463228633
1429474697
1429275017
1412580313
1429361513
1433592361
1467212345
1466999305
1473290783
1469162030
3582169662
3297085230
3297037614
3297036334
2227992622
2219649070
2216573958
2350779654
2228626690
2224432947
2224297763
2224297250
2228487474
2239170306
2239108866
2281062146
2281053955
2260553491
2263664481
2196539377
2192413169
2192553456
2192422304
2196544928
2263653792
2255263904
2255009952
2250815648
2251946212
2384095444
2400857428
2370449204
2362060348
2357866045
2358853183
2295864871
2295865126
2287484726
2304257854
2304323102
2312662558
2314759774
2314796926
2314796926
2348343294
2347357694
2347488734
2347496911
2313911775
2381011321
2372618617
2372618585
2373667099
2373679389
2380000637
2379867517
2379800957
2379796989
2381957117
2373699581
2372657133
2372525039
2372525031
2238306679
2238414198
2238446934
2239491423
2247880159
2247749629
2239289341
2271774173
2271839645
2271974813
2272967823
2273032334
2251929822
2250086638
2250152174
2384116990
2384110671
2384109645
2383142988
2399851900
2299164524
2286583404
2294950508
2295015964
2295933468
2287479325
2287476541
2306412343
2306545462
2348361014
2344116534
2344120678
2348340454
2306381046
2306389206
2314845318
3388587399
3388734917
3380338133
2302332916
2302332924
2302336764
2340153293
2348345293
2314794973
2340018157
2340151276
2340151164
2407267164
2407136028
2407104348
2415605341
2415532029
2375680959
2375680431
2375751086
2379838910
2354597054
2350697662
3423388927
3423977807
3424039689
1293328905
1565843976
1607787065
1603563033
3754261304
3343341608
3339536424
3339536424
3339667528
3310243272
3349038024
3348808392
3348812504
2275144425
2241356783
2244502382
2370322806
2370389318
3444184406
3427413310
3356175678
3372968222
3373000974
1225517390
1258925390
1243194702
1243129294
1513664974
1530499270
3682178295
3682188535
3657088247
3654981878
3654990198
3755645783
2681899543
2681835009
2650392336
2566508816
2558095392
2558074976
2553815137
2618819811
2618953154
2639928258
2677701314
2660850386
2660817874
2660822466
2664998082
2530975938
2530971859
2547552679
2505868199
2489157349
2489241340
2484927220
3038563044
3072122868
3072257476
4150191172
4146029636
4078793813
4111824247
4111872871
4116062822
4107666006
4107601735
4107560389
4099239364
4099243204
4099267972
4115979956
4157658788
4135634605
4135637695
4135641758
4140885422
4132496558
3044275374
3023232222
3022151119
3026644317
3034967837
3030705693
3047548437
3085301269
3085817397
3077424951
3077358903
3077411879
3045045287
3044979735
3044979991
2757735702
2774384438
2774392614
2774519078
2707414310
2736545078
2736528662
2735545622
2769171830
2806920566
2815362535
2794259957
2794276308
3062158724
3066361292
3066357196
3066344908
4156741068
4114806748
4093797116
4093731581
4228068077
4227995373
4232187647
4240640863
4237572447
2111056223
2127834191
1582772303
1578500175
1582694479
1582694763
1591038315
1607499114
1607526906
1539369422
1505880526
1573051854
1557284750
1557283726
1549140927
1565856687
1565795245
1565811621
1606738853
1606738869
1606722037
1607771493
1599452455
1584766015
3731134494
3731146766
3731347470
1600538638
3744341022
3716044158
3724170094
3720008439
3720082133
3703108309
3707298815
3631801838
3627871598
3627886654
3625920542
3625920830
3646830894
3686668078
3736732190
3736797709
3735573004
3735610364
3739789228
3743976876
3745025452
3711606188
3709515180
3608846733
1460576719
2001581342
1992592694
1988398390
1992669462
1473699095
3613318423
3575543063
3575275863
3562672455
3579446727
3621408085
3600374140
3600345964
3734563628
3738758940
3730355485
3726348639
3743072350
3693003982
3692971214
2625520854
2633975270
2629784486
2629591718
2626970278
2643780262
2647975671
2639591157
2635388637
2620782413
2620908877
2625037661
2633426236
2499212604
2491241756
2487011100
2487209564
2487156301
2503928397
3044932447
3086285295
3084254463
3063403741
3067461837
3067363549
3058778621
3059102189
3075941357
3075744623
3077848879
3044281134
3042396446
2514311438
2514282766
2510088463
2509083917
2542764861
2546844477
2538369581
2522637101
2472358701
2472490287
2447261039
2514356735
2497661373
2505427385
2504296585
2537856136
3058013320
3058017672
3070604792
4144478076
4111906397
3021382173
3021922861
3038668333
3042928421
3076480295
3084864565
3067956277
3084700725
3084778757
3047089927
3030312454
3029784086
3033842214
3025453670
3021227874
3021239394
3038061686
3176610935
2681609463
2677423298
2660646342
2664898006
2681478614
2405186902
2379033942
2379164950
2358721846
2224364839
2224299303
2241076501
2243171589
2280916245
2213807461
2213824485
2213830567
2180276143
2171887551
2171985886
2172116478
2205677934
2205542718
2172447007
2172517647
2172640527
2172583181
2180970269
2181019436
2180822828
2155388796
2222493404
2222497500
2239340284
2239405820
2237579004
2273224701
2273163247
2256377838
2255855614
2251808766
2255945182
2272718302
2270620926
2237132030
2237660366
2506030286
2506091726
2539519486
2539517422
2539513342
2539509214
2539638238
2505985950
2505465534
2488692375
2497078999
2631219159
2633250301
2373199213
2373203244
2373195053
2272728377
2281074489
2280025913
2247487289
2515832089
2513734859
2488573151
2487528639
2483399911
2483526886
2500232439
2500248915
2500785923
2534303233
2517530113
2522756625
2530637681
2528593267
2545766771
2545209843
2511664595
2499083731
2507529207
2503465975
2503264759
2520009191
2520149463
2524341319
3606470663
3606409591
3595886822
3591693798
3608539062
3558268550
3558002310
4099067526
4099131014
4109747895
3035952613
3035948260
3035948132
3044074516
3044205572
