2621083072
2620032192
2670362688
2653597712
2653589552
3195774256
3195776801
3195775521
3195583011
2809694754
2809712162
2776157990
2776192790
3044618518
3040555346
3078296050
3077243106
3085435042
3081245874
2511157650
2495494530
2495495106
2229222338
2229091138
2229266690
2244930819
2278532353
2262672641
2262619409
2187314513
2189313361
2205830241
2180717665
2180525153
2180525409
2161650017
2161654625
2161646321
2160795331
2161057474
2161055426
2160932594
2160882658
2160874850
2160909410
2160912467
2219632721
2216486977
2216511555
2218674243
2168326210
2184068418
2184062210
2197690115
2193610289
2193487392
2193401440
2193403488
2193399392
2214365792
2180815457
2170403431
2187197158
2182993638
2183091174
2254074038
2254074006
2264625303
2281700529
2248063121
2222372992
2218170816
2218170816
2218177984
2232852928
2232852929
2266408387
2273230290
2524875218
2523892722
2548927330
2544737059
3082596129
3048514085
3046416948
3042222628
3038044708
3205784100
2652246309
2654864483
2666464483
2662075618
2678660338
2632596674
2632596931
2624224195
2624256963
2624190786
2373577042
2403051842
2389356354
2666174018
2666234434
2666103394
2666050275
3202918369
3186142688
3169368480
3169507712
3161119617
3022740097
2485657267
2485925798
2503745958
2524721382
2528915694
2529108223
2544837839
2242849861
2225932293
2231291141
2222898433
2222826769
2218566933
2218765573
2218695941
2235468613
2269023043
2251983426
2252065346
2251898402
2256020006
2256020262
2264408358
2264412198
2264469558
2258174998
2258308103
2258241541
3334150213
3338164548
3329784164
3325622628
3326007668
1178523972
1177475396
1194318149
1194318165
1160755575
1164949879
1173338453
1475328341
1441634645
1949079917
4096637677
4096703213
4096694989
4096629325
4096653903
4096621182
3022600814
3005754222
3001559406
2997360742
2997360742
4071430230
3534698567
3266197573
3266198597
3282976068
1139629508
1098702325
1094498789
1094695397
1090435525
1354668485
1352513728
3495737584
4028414176
4028481504
4028546800
4028546768
4028603985
4028620401
4027397731
4044109667
4073465186
4069268578
4070317154
4070388850
3550425170
3520999491
1352540481
1084109632
1084183104
1088280128
1077779152
1077787345
1346354067
1346345874
4034697618
4051475590
4051480774
4085223895
4152275813
4114543140
4097647136
4097581665
4097581665
4097061729
4101244263
1957956710
1958091846
1974877255
1471554564
1454843140
45966876
50118172
1409060428
1408012125
1407749615
1407956222
1400808606
1400746142
3531378870
3529408694
3529429175
3546165669
3546165669
3512672932
3512677028
3521058532
3518971485
3518839327
3250338334
3288082958
2214341390
2197630730
2197685514
3334406426
3332194606
2241389358
2358829350
2358821219
2358821217
2230879712
2218560736
2218498288
2268772800
2251996608
2254087616
3336217536
3335037920
2252908196
2231938788
2215156452
2215168724
2152450628
2152373060
2177547589
2194321477
2194313287
2191233239
2195239398
2195239846
2185803430
2181618342
2198358758
2198342254
2198346094
2186951806
2195334238
2210014286
2210018503
2174555349
3252438484
3239890324
3238854096
3238897105
3238962625
3273581891
1126093122
1400865026
1404802419
1471853941
1404747124
1404746084
1400420708
1377343780
1379457300
1379428612
1916351492
858460421
824836405
812265767
812262183
821700147
819535379
818417170
818417266
281560950
298374134
1372164606
1372172670
1367978366
1351192954
1351192922
1351193947
1351333976
1351268440
1347070072
1342957688
1360787656
1377466568
1376413129
1913266891
843653866
847778410
847774315
847970937
847929960
1401545576
1372123496
1342747128
1342747129
1342813593
1879807387
1879805370
1883868570
1883804810
1967895691
1976231049
3586843849
3586813435
3586797418
3620350586
3620354586
3595254298
3327729178
3336123930
3334025786
2193175066
2193175066
2209878827
2209878825
2204647721
2168227195
2166198619
2169475402
2156769611
3230642395
3230643433
3503142120
3495804136
3493829848
3491675336
1344191560
1880030296
1879997560
1879981176
1880047097
1901017083
1909331642
1942893210
1942827658
1405883018
1401164442
1367675547
1350709979
1350726233
1354983208
1346692392
1359277368
1392880904
1913040136
843488520
843549976
839683192
571264249
588041433
588104921
588148985
856568297
1934504617
1926132393
1921970857
1989063337
4136149661
4136149645
4136142517
3079245476
2508888740
2437601956
2433362580
2433428100
2466785972
2480416933
2459450534
2461535398
3535537342
3539808414
3275559166
3225305310
1077854286
1082125583
1089333517
1085074204
1080949564
1093630812
52829132
37100428
37099405
39260559
47518126
64749998
64811438
58499566
23896414
23901454
300787991
1370335543
1404020790
1387247666
1122940946
1110349830
1110332486
3257807046
3543019974
3509482454
3501119078
3501180454
3500971558
3500979751
3500977428
3505175572
3508901940
4096247844
4096133156
1948654372
1948658212
1969630772
1844844036
760546821
621029127
621030695
621554983
621558055
634259759
562891599
596380493
600316493
600316621
600378077
600378101
596200053
596167541
596179285
566815061
566884693
558472055
558602871
558627447
592018007
591993414
591994566
592068070
558507246
558509295
566831327
566769871
558368975
558368847
558582111
558528863
600730959
600729549
600688605
567068653
835489775
860723694
860731838
323852702
860719518
1917815198
1926151566
1921953182
1922019262
4068842159
4068969133
4068903597
4064787116
4060540620
4060540492
4061588781
1918364717
1918131245
1916013597
1916550159
1916673037
826147853
809370829
813564300
819921544
278463160
277370536
277413548
277396125
814262917
818457239
282630806
282902454
291366326
306077830
305541255
305537159
305541271
304558247
333717991
816112487
816095775
547661327
1621933581
1890359837
1886165561
1882037769
1664065033
1664015945
1647185625
1646923433
1646857641
3807124648
4071363752
4071436408
4071497740
3551420428
3551355148
3551327764
3265842724
3265845796
3267086627
3264927778
3264928802
2195446818
2185862194
3255475202
3511327042
3494546114
3502934726
3494697686
3490511463
3490511397
3490708004
4027494180
4027559284
4031560948
4056718581
4052257974
4052257942
4056456342
4027317398
4027201686
4027201958
4027198118
4039781038
3768199855
3784915613
1673014156
1928883660
1916298445
1916522573
1916432511
1933209966
863831526
836504470
819726983
815598213
547293844
547281556
568261252
559851204
591241988
574398772
573349933
573349933
1647095855
1647152167
1664518183
3778447663
3763772207
3763771949
2690039341
2757162509
2752996879
2891276861
2891191853
2899576681
2899577961
2765360377
2765364345
3049733241
3049663577
3079023945
3079087561
2525308809
2525308829
2525788063
2525812623
2190269839
2194460063
2181843375
2181892543
2183006670
2183015686
2189305094
2197758006
2192908342
2192928822
2193412150
2208089206
2178731454
3227306431
3222195103
3222166415
3222674061
1075194509
1075128989
1075064508
269756396
269755692
271869244
808771612
809284637
540840989
540836895
540640287
538676287
537631807
537496622
537627695
1678411903
1728756221
1728752364
1711976172
3863604964
3880464100
3855236708
3771350564
1619663153
1620707603
1624968194
1893669906
1884101650
822940722
860689682
575407362
583795970
579601746
848037858
864821222
864573430
831051734
294246366
294228958
294368158
294369182
294238106
294370203
298564505
290188184
323709336
51063192
50996616
55189896
4858252
5906844
8001020
8256820
275556660
270838053
287616309
308786439
845582598
845578502
845579270
846496807
575966247
571782189
588686381
555147321
555114553
538390841
538247465
538706281
542900715
541852667
551355387
547233387
547240507
547105291
815540745
278670857
278681097
335315529
50168521
41845449
50238361
48079785
48014251
48011179
31360906
1089920907
1089924043
1089924475
1089842477
1348773165
1400152364
1383375132
1381798684
1927119405
4073685547
4065231659
4061039850
4044290218
4094650554
4095686810
4101455002
3572963258
3568636586
3568636586
3501527742
3500544734
3500614918
3231982614
3231982646
3231982647
3237240837
3279376389
3258433796
1108787476
1108853620
1128585060
1094778724
1095040892
1078295516
1091010508
1090942924
1192650637
1196880773
1180095381
1196921303
1195684326
3343168614
3351551014
3351751734
3347227654
3331499014
3734155287
3736502327
3606414375
3597960231
3593831462
3594507566
3611227422
3577738511
4148163423
4148023663
4147925353
4151865833
4126700009
1962627545
1960465353
1952085960
1952153480
1952014232
1950899128
1967938472
2009956264
1993179032
2009913224
1976354184
1951258077
4098810351
4099318639
4099318382
4099256886
3847598646
3880821302
3859867190
1712383542
1711302198
1711759159
1715932463
1716325421
1733035053
1699484733
1682519069
617231389
617494301
617354973
613171853
616845965
616886927
885384078
885122446
281242774
1354988726
1354980534
1354910918
1358093574
1352852743
1369679127
1386459445
1386647861
1390838037
1382973701
1378600197
1379650685
1916623085
1931286701
1897208236
1947565480
1950442409
1975546617
1971385055
2009129533
2009129773
2000742189
3611426084
3611450164
3586546436
3582352900
3582916100
3582906964
3582509805
3582493423
4119369710
4157388270
4132220394
4128091242
4128152666
4128152650
4128177162
4128177166
1980652558
1997411358
1997411454
2001613166
4157485943
4287505141
4287574741
3615949508
3582411396
3565503372
3569382300
3569379244
3569385384
3569441768
2495831016
2495638504
2495638392
2429615385
2437993737
3547447567
3547513118
3547779902
3531002414
3530994230
3528757814
2449773110
2449769086
2449852158
2449924063
2466675167
2437359711
2428778591
2424577151
2424771949
2424779625
2424640489
2424570809
2157254333
2174189213
2211936911
2203410063
2182117022
2251354798
2251354542
2452934894
2468720686
2469244958
2473370638
2448206861
2448338700
2515447356
2490023452
2506788380
3044771340
3078272541
3059654191
3059584558
2722925934
3859057918
3859061950
3859258558
3993425054
3976646798
1813405838
1748377790
1748107758
1752236838
3906994727
3903853093
3903857188
3901760020
4170196484
4169149959
4169218646
3632274390
2562735078
2554534882
2286290770
2346582530
3468296706
3468370435
3484955136
3433574944
3296208736
3292016032
3292215444
3225057412
3246315653
3271527557
3269821845
3269821844
3261432212
3257176500
3257185060
3273957924
3223626276
3492061732
3496469044
3504763427
3505259302
3505127462
3253469222
3245278214
3245214726
3228449794
1090399490
1090465570
1083975206
1088169942
1079792518
1092469126
1111392646
41849223
50303381
50172309
41800180
41771364
54355245
20915501
7284029
7288095
7144718
7079198
7623998
1148511614
1171646430
1205311438
1184335758
1186367390
1186431903
1186304447
1185985007
1190174957
1196466413
1158735085
1140978927
1141007599
1140990206
1145184454
1078145478
1086788054
1103578870
1099286246
3263991527
3268251223
3269443141
3537878533
3529348612
1377604156
1377628716
1377575468
1377575468
1376530732
1393365100
1347354732
273613020
282001609
13438029
12900367
4495383
362519
502023
435461
1479425
4096513
4112897
24003137
65938163
49230755
49021346
49025458
49025206
50163902
333231342
281847918
281847854
810321950
810327054
806199306
572174346
572162058
574260234
574262297
573216876
573225132
573303976
590897336
540549256
540553368
557514921
539886505
552407723
548214377
548353565
548238861
548200973
548200975
544007950
539806734
539904014
556664846
573442254
846077086
854340543
850141869
850145965
916243117
915190445
919381677
910989951
907840287
914266894
922659598
1055827215
510058511
506818583
524038167
473903319
473825471
473301167
485362607
346491567
346495670
347470470
347384518
364163014
385122502
370442326
370446439
1444323431
1447469095
1380380965
1380306277
1396972900
1364536788
1364671956
1356216012
1356203740
282396409
281288297
281292331
298069563
298067515
298066747
281309659
274481547
274514315
4998571
986543
425895
4650887
4625793
14070081
1088857344
1088726320
1088728864
1139059232
1390853633
1390843395
1386643970
1386660434
1390756194
1382293542
1383342118
1395925038
1394024462
320282639
320148761
323421497
298716937
282005001
13568521
14604873
14597003
16554907
301764539
326927275
847025067
847098795
307536299
306487467
306487407
319074351
286553127
271919110
2500614
2501382
15096326
10897922
11521730
11323010
28087170
1140634018
1123852706
1119789490
1119789970
1386648502
1386583719
1927589541
1919200236
1903471148
1882499612
1898224140
1931795980
1914974732
1914974996
1915105573
1915621734
1924006054
1940783254
1890452614
1353604486
1353546118
1358756230
1350365166
1350365038
1358718766
1373905727
1365717343
1365651807
1357320703
1370968569
1368740345
1402238329
1389655353
1381262617
1383407929
1399923001
1398875481
291977161
292949961
288754633
18156473
5517289
13906281
15995145
14958857
14991423
6660143
6595623
6794293
291932163
326010947
309234819
846103683
841912467
1915723955
1915723938
1915674786
1915629730
1915625378
1647131298
1659120290
581184167
597960373
564404876
564405132
564470216
837038536
811608136
807463000
539007097
555780473
560175481
593671947
602054923
601980939
593526843
589340714
1646306350
1646505007
1646438703
1663236399
1663191919
1633816557
3773173653
3773242759
3773244807
1625630103
1625308663
1625305063
1671507703
1654865623
1654798023
1923293893
1939874437
295707285
283128829
284164457
284167465
284166457
283130123
14706955
31567115
23502091
19307787
321225993
321160505
309625193
318079211
318148859
318165195
307626187
324408827
289810858
285682602
269822634
274725562
274528906
838641290
838632330
871137690
1936625898
1928245483
1391370475
1391239407
1399710183
1399731173
1349399269
1348870885
1348870885
283587349
283578677
283447613
274993437
274998541
6581513
6789897
57051915
40733450
49121546
49252810
309300362
309101722
304918698
304390315
304591019
305565929
305570025
309780845
293003636
276263220
276255028
275710260
276631845
301732141
333197613
333213997
316503323
325020939
325024011
320752075
289294730
293555594
293421450
275530138
275599770
275641275
284161707
284147435
330083115
317499691
309109803
304918555
304984074
305049866
292467578
1357833194
1357828846
1357841374
1357710287
1349269455
1348810367
1357194861
280307309
280307245
280240669
282337805
272896797
289685817
289721609
307005451
308123659
316581899
316582155
853457227
845055307
572293627
1661768171
1628222315
1628287531
1632543275
1640477227
1631960623
1627699831
1627691647
1627687663
1627752943
3775371503
3775315183
3779583231
3779583199
3779509455
3813064159
3808865023
3808885503
3808942831
3808811758
2739272430
2739264494
2739240830
2739240318
2739355006
2748659070
2749183486
2711564798
2711500222
2711303359
2711182525
2711124157
3789088924
3780765836
3776899212
3776899276
3781098636
1633669564
1632956828
3759436172
3759502780
3759546284
3763739308
3774220973
3786869407
3785702111
3819187918
3823379150
3814990478
3823395310
3819884654
2746123302
2712505398
2712439046
3790383878
3781996039
3811483141
3811499572
3794681188
3794607332
3794602148
3807250596
3802532004
1655113860
1923427525
1923427396
853965828
853965828
845671444
845474869
841346101
841415701
841407493
841370887
326060311
334317847
334322487
334314295
326052631
326048535
326060823
334322551
334326399
334360157
334354381
300799965
284014039
275617239
275618263
275618263
812628343
812624183
812644663
829421623
829422615
829383702
812589142
544159094
544015910
552406567
552422951
549221925
546595381
545550869
549745213
541340665
541340601
537140153
537725883
541989547
550378155
546192043
562507659
595895115
599036171
581206299
577544490
594322218
556573482
539333162
539461179
541019675
807276059
807280425
1884175657
1888363563
1888363595
1351550027
1352533195
1369314511
62846351
113115039
113033119
1190968765
1115461053
1111339453
1108979900
1377558716
1376514492
1397486060
1397449709
3519636333
3516426095
3248057710
3281710462
3269123550
3268398538
3263546826
3263250842
3247526330
3234952123
3226543017
3226543016
3222479784
3222348796
3224576860
3228709644
1088557833
1105400587
1139024154
1139025194
1126503466
19203130
19334410
19346698
2569546
6619979
7078745
7082841
7131899
7312123
7255770
24094426
40744858
40732058
1114477978
1122866362
1123005626
1122415034
1122415098
3265769962
3265766250
3282543402
2276434731
2544673579
2523697963
2519241533
2519315213
2520425229
2520490781
2537283885
3581568301
3497659692
3497658653
4030269757
4030212397
4030229805
4049264957
4074688781
4070539725
4068770253
4072968623
4081354158
4043622830
4093921774
3020323178
3024496938
3167627562
3185520394
3216597774
3199853325
2662900556
2662904548
2667112100
2658717348
2654490260
2654621604
2654893988
3040767397
3023490183
3027421317
3025320133
3025184836
3033835828
3050614324
3084168709
3086411286
3077989926
2541106726
2506952290
2506886498
2431388770
2444168194
2444110850
2209229827
2209164288
2263627824
2255231024
2267822080
2234394624
2239113536
2226532032
2226261633
3230666385
3230684832
3251692448
3243286944
3574640805
3608187053
3608382703
3593504782
3591415822
4128286734
4130580494
4147297310
4117943582
4126327614
4122363439
3031830125
3182759660
3184794324
3172215428
3172232068
3172331412
3176333205
3218322933
3197142501
3197142375
3197150567
3192955213
3188761037
3188975053
3172097951
3155298991
3159759534
3163949990
3031698406
2493779286
2510568454
2510562310
2275486774
2275621942
2414034182
2372033795
2373111555
2373111297
2381365008
2341515040
2341514533
2326830373
2322893089
2318714913
2318748707
2318806274
2383818050
2400595282
2371226082
2362838002
2358656962
2224433090
2224231362
2224047011
2159329701
2163524012
2153824680
2149709240
3223510456
3223505368
3224553560
3224524808
3241240841
3241175305
3278909211
3283420699
3283550745
3283550745
3281912377
3247309353
2173567533
2177632111
2169242991
2152469615
3242996827
3243046089
3243095497
3243095513
3243087256
3243089304
3243089304
3251486104
3226320793
3226451865
3225926585
3221666747
3221420975
3221384127
3506581407
3507627935
3545376607
3539084063
3534889238
3534824726
3270524214
3262135590
3255834918
3273067326
3239971086
3293199630
3297451278
3297314110
3431466278
3431485734
2374545790
2307437023
2345185695
2329458077
2321071516
2321136028
2316933532
2319031260
2319104988
2319100508
2585438780
2606427692
2606382636
2606243372
2304327197
2295997966
2291808062
2291860782
2293761070
2293763182
2295864414
2304257230
2337860814
2303256717
2286459012
2286532992
3360402304
3427515008
3427506832
3423190672
3423138448
3290092176
3290362256
3308708035
3341992130
3352532178
3352335474
3581981810
3581977714
4153453682
4153519154
4156796210
4131491127
3859909941
3860038917
3860243717
2805114165
2755125031
2755088166
3832893030
3841265334
3837073030
3837073283
3892253569
3865448833
3865449856
1717769648
1726037408
1721841056
1856050608
1855988160
1872765249
769679633
753984819
745602355
745659251
743496546
745601906
745650642
796046786
653439427
653431107
653493507
1718721843
1718660129
1713416225
1713420323
1663285282
1612880914
1613946114
1613939970
1614169362
1614038306
1635538210
1643996450
1677622578
1660816642
1659504962
1659591105
1923832816
1923702752
1927878032
1919497664
1982408128
1999320528
1462450145
401151713
296555105
296563281
279781953
279782081
283976385
284102341
284101333
279911141
279804773
279734653
297561101
301757453
293355533
287064365
270492271
273637990
281834086
281821814
298582598
315503430
307114758
307115286
315571507
315373861
315365732
852237796
843857340
856434060
856454540
822924732
826595245
826316719
566335407
599955351
599962055
591569167
592552223
592487743
556903734
605203510
605198646
1677969766
1677937126
1677863843
1677863841
1825718177
1821509553
1823544193
1840276353
1857086401
1857139667
1854976851
1859168018
1861266963
3996237363
3996235299
4011894307
3877746471
3845379879
3845314343
2752662822
2765311462
2765311462
2763214295
2763247047
2767443397
3889296837
3864125893
3860062541
3859997005
3864195133
3866575919
3891612719
3841267774
3832883550
3833015262
3833019071
3841265343
3841263293
3887399836
2796749188
2796704132
2930954564
2930832148
2930828852
2951802404
2893081124
2886789668
2886949412
2886815332
2823835380
2848998769
2865841521
2861782099
2861792594
2865852178
2865770098
2857385698
3926924002
3943701410
3943700642
3947960498
1808996502
1809004678
1803807878
1803791558
1803660358
1804641286
1804643334
1804647686
1804712199
1783871799
1796388901
3943872549
3910309925
3893528613
3893544997
3893546295
3960653111
3964749671
3966846887
3966846391
3983627703
3992018355
4025571763
4023646611
4023643025
4006800321
1859382017
1876158721
1743908097
1702096133
1696855301
1696855349
1696879911
1701053735
1701052902
1684865202
1693258930
1693269394
1693400978
1693399698
1705450130
3886373555
4020665987
4003659395
4020430401
3986925057
3974147617
3974147616
3965774368
3965774373
3898736421
3916680999
3933392183
3929162758
3929166854
3929101366
3926938726
3931206887
3956503733
1774416285
1774318493
1774318237
3913376415
3913377439
3980623551
3988994799
4019264493
4021295597
4004526237
4009180301
4009112973
4025880975
4025877499
3988083434
3971342874
3969181214
3973365534
3967085326
3895765255
3896289559
3896420645
1753128229
1811842356
1784594757
1780412741
1780404293
1779941415
1779752999
1779754095
1782637675
1807840507
1774408153
1766003611
1766003611
1766003355
1766003387
1774262203
1824595883
1820408249
1820801929
1837529995
1703340683
1736965771
1724167818
1724158602
1724154266
3821310330
3780423722
3778326570
1614069034
1680337195
1680272169
1701239592
1743179048
1861436680
1853050888
1848860684
1848729644
1867632685
1832992877
1833005565
1757503901
1757504413
1816225727
1816231615
1841528511
1841396447
1841381086
1874948062
1837197182
3984815446
3972232454
3972257542
3972386582
3972390694
3968188262
3917987671
3934705605
3938907076
3926385604
3926258660
3927241708
3943987052
3910426412
2840944441
2832693535
2832693534
2832562206
3906223134
3897830478
3922142286
3955635710
3934651383
3935437509
3939697349
3941599205
3939501541
3938481573
3955254669
1765860749
1765860749
1761721741
1761852823
1749269431
1749270247
3896753895
3972183654
3972182550
3973231366
3964768518
3959538951
3892443511
1745054565
1767078693
1800604452
1783695644
1783831820
1783833612
1783836700
709955620
718303468
713056701
734060941
1807807375
1841427358
1841419198
1824653246
1816263582
3963747294
3837918206
3855870958
3885169518
3887255135
3887220301
2817868493
2943640573
2943640431
2905887023
3965108527
3965112590
3965185798
3900041991
3900042037
3908414244
1760934180
1775601684
1784136708
1779617796
1779613700
1779613748
1778503776
1778442469
1791029413
1774241205
1774245263
1765861263
1799481230
1795391422
1799512046
4022471150
4023589358
4019534334
3988204430
3988680335
3988676237
3856518813
3856463517
3847529181
3830821759
3830878487
3832774919
3828411655
3828410631
3828574503
3962722597
1834092836
1859324196
1792216324
1794314500
1785934085
1785798949
1785733415
718299495
734061510
734061446
734049167
1774302111
1765914559
1816248255
1816246751
3963746783
3963878271
3988978543
4018338431
4019379807
4023537375
4014065375
4013999871
4013999599
3989024879
3989037143
3896631367
1744855238
1745035462
1746018791
1746016231
1817317095
3973122807
3985717831
4019268167
4019317702
4002475974
4002457030
4002456007
4001407319
3951211383
3921838881
3910321457
3960620305
3960624177
3895688225
3895491617
3899677793
3922951379
3955420610
3938713474
3938566018
3938566098
2856368914
2856433938
2864888114
2933046050
2930941730
2947648803
2918485284
2910096660
2905902100
2904919092
3978725412
3978754340
3961977124
3827751204
1680329012
1684392244
1684920628
1684920629
1701697909
1701697909
1701697911
1701665143
1701648887
636303607
636434911
619657619
611269523
611269267
610613939
614546099
614546099
614480563
614563475
613613187
629319297
650225281
641902241
641963697
637654721
637783745
1711491761
1711373217
1729128864
1741711776
1739672736
1737736324
1720762500
1858097292
771768456
