276594986
274498859
350143803
366928905
526281993
511134987
510986555
443889962
439630122
439622970
437257018
978321962
985858602
981611050
444801563
461382185
163603240
138469672
138452344
1212275544
1212414300
1216575820
3363977548
3363977548
3363970444
3414562188
3397830028
3465970103
3467411878
3466888102
3471086510
3462697902
3391403694
3408180966
3357849206
3357582918
3357598209
3626066436
3626156324
3647127588
3673325612
3667058956
3666928905
3665881866
1518459434
1514166826
1511000874
1528236346
3644205322
1496654858
1500782602
1540632634
1503096874
1233350698
3384860970
3384860966
3384851298
3380845154
3380796146
3380763346
2311216834
2311210946
2311213506
2307014850
2374123763
2375074017
2245316832
2230616288
2221769968
2154797184
2154805376
2150480048
2150611120
2150537344
2200878208
2188292224
2196689040
2196623525
2196107687
2196005798
2187616942
2439276206
2422533870
2418863706
2486037002
2490363402
2490232330
2515332619
2666393371
2666526523
2658137887
2657571614
2590331182
2586145070
2590388526
3682472222
3648992542
3638043990
3638125782
3634029783
3634025605
3638068405
2555937956
2568535540
3642408900
3675962948
3665473028
3665407493
3673809457
3674137123
4210971431
4286398758
4282138670
4248043566
4229245967
2081827085
2084972809
474365209
341185576
357892152
357826569
357826569
341114889
282397995
283110379
283093739
366390155
368491915
393315723
526483595
527663259
523407615
487825646
2080415982
2080416358
2080612966
2084758118
2105721374
2139476494
2055480095
2059674905
2048212249
2048203065
2067073321
2038368553
2041253225
967311817
967627211
967606731
1006416377
995991912
994880808
994879528
973449256
973535256
2047243272
2065055752
2069250585
2044084777
2042516203
2025386731
2029535883
2028488330
2020105866
1550334618
1567308202
1600793770
1542071450
1543124106
1543111818
460923082
460874971
461011976
461032712
1534774792
1543145016
1543090732
1543025208
3684217400
3684213480
3684213419
3667437226
3670600362
2651798186
2383288746
2382760186
2403470350
2379350031
2358644749
2360745997
2360746253
3435098925
3434893871
3439118118
3424423398
3423373746
1275967890
1275964802
1275964802
135245187
185511041
172407937
504792193
238994563
1581105283
1580761235
1580958114
1593488098
1606067943
1572400855
3720146551
3686590055
3667715687
3688887151
3654734719
3713450815
2625028415
2633418047
2633366847
2641685789
2639588621
2635529485
2639715661
2639712221
2631393005
2630901484
2630895336
2647918328
2681557752
2681561704
3203724072
3203711784
3221012793
2683172123
2661869322
2667079210
3732415018
3659006506
3659203338
1511723018
1513829402
1495955498
1491785754
1487570958
1487833102
1491371078
1478529246
2015400174
2020774398
2022879844
2021828196
4169247328
3896814304
3959732944
3977546384
3862728608
3861742736
3861545107
3865759906
3865800866
4009373858
2927243410
4009371046
4008194022
3890743846
3886553646
3853003294
3853117964
3853232652
3853033228
3849891084
1698212876
1698210860
1662690348
1661641836
1644879084
1644875181
1644842927
1649041318
3821682342
3855300278
3830003350
3838654102
3838260918
3834066623
3834068671
3850710733
4253298381
4254345805
4258278671
4258364478
4258352174
3186705502
3186881742
4258461134
2647836639
2681439229
2680206333
2672878556
2652103628
3205690972
3205684845
3209813613
3218210607
3218210111
3220305183
3211874319
3174158367
3174285597
3161642269
3035823645
3052502556
4159721020
3614445164
3591374700
3608359261
3562217797
3561103431
3569496183
3565303030
3569429718
3703597298
3695237346
3342977234
3322072258
3323123138
3327316802
3335762803
3736314720
2660540772
2660540772
2660546532
2664806356
2656483020
2652284605
2669017007
2668939182
2635451822
2484489694
2488696286
4101466526
4243646878
4109430271
4101105117
4101108172
4113682892
4113822156
3077748028
3059981348
3068169252
3068173349
3068247351
3068368663
3068298775
3085079095
3076716071
3177371175
3173078903
3157335543
3157269989
3161527781
3170054644
3165860212
3165991260
2633249052
2633764889
2633776379
2499557562
3569100986
3573098938
3321576890
3346923914
1182663050
1182204234
1176551691
1176539433
1461759273
1461758249
3609241865
3609303817
3610483465
3614678793
3620963081
3616768841
2543043451
2446471530
2437030250
2437030186
2428637482
2428633402
3498251530
3233887498
3233824026
3225689418
3221507530
3221540234
3238366602
3276250506
3267855754
3598817177
3598817208
3603019688
3594630828
2516821676
2521211564
2664932077
3730170733
4147405103
4146339887
4112908335
4096131117
4234550329
4242954521
4242766601
2087778829
2081487373
2013583887
2013581006
2013774222
2034679967
2073481389
2056450212
2056429748
2059444368
2051056048
2046866400
2051057444
2051123493
1782818863
1783670830
3926980654
3993491486
3993422862
3997615918
4015441774
3982411390
3967438342
3966393862
3974876742
3975806566
3971509863
3975702117
3967300293
3828884161
4095222469
4095222247
4098360551
4123789538
1737312482
1720637635
1989081153
1989063745
1984868352
907014148
906948612
1042214916
1058462740
792119589
758499941
762415717
770808437
1823520373
1823515351
1827906503
1748148679
1748206023
1748222439
1748325351
1748251375
3895730927
3899929323
3908900603
3971823354
3971823450
3969660170
3969393930
4237829130
4236782603
3565692939
3565692937
3314116680
2274187336
2194492504
2194474072
2194604056
2194014584
2189832937
2207134379
2156737198
2156671662
2157713062
2161953446
2155645878
2151520662
2150611398
2200877319
2184100615
2255398407
2527961607
2527896103
2532094503
3057431079
3055125091
3055265249
2802564257
2753203360
2753203376
2759510160
2755381376
2755193280
2888362784
2892684580
2812986663
2800304406
2800222982
2791838326
2793080550
2818181862
2767788786
2892507842
3966249410
3832117330
3832241235
3857698899
3875455043
1714835523
1981178627
1914065411
1914062386
1918125602
1993635110
1989962798
1721522234
1741576266
1959680202
2089745547
2089206169
2089272216
2089046169
2084597929
2080399529
2080595369
2080566201
2084825755
1820387979
1820387978
1838198410
2144383690
2138276378
2137178666
2145571642
2145509678
2137022511
4284490798
4280301614
4281546778
4115798858
4107405898
4103211530
4038265354
4038084106
4105200137
4119912984
3855651368
3847270952
3774906920
3775172204
3775699612
3775433356
3758655117
3762913956
3763049132
3763008172
3809141404
3793447868
3795331244
3794340005
3798665382
3807254710
3823512774
3789955142
4037419014
4037410822
3500478482
3500418850
3500420642
3517217314
3550825010
2209861122
2209861122
2207708691
2211956275
2271053553
2271000561
2271082449
2231889856
3238455616
3512138064
3545684465
3545651377
3528948912
1377132721
1376018609
1376116913
1376252053
1913106821
855934341
855935831
860723510
861911078
939436078
938387470
1986960399
1714323471
1714389007
1848623165
1865401069
3983885037
4241818287
4240783007
4106563214
3032820366
3032754862
2491427499
2491689961
2509520248
2526286856
2259943432
2259947528
2264166408
2255806504
2271011176
2220790760
2363397112
2362885851
2362886138
2289321450
3363050794
3358863658
3375505690
3409060106
3375768394
3375857626
3642612634
3675032458
3675044234
4195133833
4199067272
4208558792
4202398216
4201284120
3106574888
3156927016
3157190185
3161446699
3169634347
3165177962
3220752618
3078343883
3078287563
4152025291
4118470859
4118504698
4231540202
4229508074
4229569262
4229570254
4258150110
4237234934
4237034229
4236510196
3716432340
3734290644
3469075600
3460752835
3460752834
3469143810
3469138722
3469736230
3470580006
3334048543
3602558732
3601575436
3598229000
3526920728
3509178172
3492466012
1344980444
1345209503
1346306230
1359745206
1376531878
860628391
835527591
814092935
277222278
344347534
345305582
345287726
345286702
345286703
349481253
343386133
356432901
907968517
907968580
1042202821
1042169989
1041106083
1046088099
1054481315
1071319682
1018771074
346563219
346563235
346563233
346826403
346848899
347397827
131391042
1179692306
1179753490
1391645714
1404227858
1370640691
1353925413
1354220077
1347932717
1410191929
1410125433
1410091945
1410124731
1414319003
1422809994
1422811019
1435457419
1434801547
1472684457
1455841705
1455939753
1456726153
1456664713
1590854795
507622571
507553003
1040233775
1057198623
1058181647
1043437071
1042339119
505703471
1579426861
1580085335
1593704646
1570390406
1552597639
1552474791
1418260007
1418242606
3566766655
3573254685
3564026381
3543065101
3526222351
4131176971
4128817321
4127773867
3871931563
1720245417
1720245385
1854600329
1858773193
1867161675
1830464635
1830467883
1830456107
1830455851
1830399497
1868079881
1863901448
1862823992
1862873128
1829572972
1699614573
1703283303
3850766950
3850709574
4119080518
4119604822
3586930290
3586983746
3586932290
3582750274
3314310722
3247263603
3246837603
3313945971
2244402643
2236536259
2236593603
2232202643
3305938355
3339255219
3611949457
3595237761
3603585409
3595195856
1464480096
1430855968
1410884388
1947755324
1947853340
1947001369
1947000633
873236795
608995691
1951324378
2110712010
2144266698
1606941130
1581762890
2118639450
2114447354
1992794618
1988534441
1988530344
4136075432
4139839656
4094746796
4094838156
3490843268
4029819639
4042730086
4037290598
2963549798
2965120871
2981909447
3015558021
3017466524
2455434924
2455751148
2457635053
2452391997
2451875855
3005544463
2955861006
2955851534
2968429070
2964234862
3769402086
3770208935
3822637789
3793240655
3795387919
3794417967
1646929967
1667901487
1672022074
1638599690
553259018
813309962
874144074
873000958
877194222
633915886
663538095
646236295
650638469
643232133
777974660
773223316
789848996
739517092
738206373
739390117
754127597
748712687
748725819
748723723
748731147
752924938
752990474
1818475530
1818399754
1814205450
1815254042
3960638506
3960666158
3979508014
4013037870
4000451902
4008051998
4003857247
4003857247
4272358271
4273210239
4126409535
4099167775
3562401311
3569674781
3565480461
3570694861
3612610445
3596027277
3594912187
3603308715
3603374251
3595370667
3612083595
1426593227
1411060555
1417282057
1424826888
1424777752
1420616248
1424809768
1424792360
3564411177
3497040187
3495004426
3226568970
3234955594
3235103178
3285349274
3260166574
3259376046
3259396518
3536766370
3532633521
3599609264
4137463792
4143753988
4134311940
4130121780
1982638116
1982113828
1847962660
1848048932
1848003108
1782450709
1780354583
1811185190
1772383526
1755636742
3903243270
3907437574
4176923719
4169649908
4169427684
3632540260
2562991648
2554602016
2623284000
2627534884
2361262117
2361262150
2359235782
3298634886
3294366102
3223259798
1092508294
1128168078
1111256718
1111248799
3258894239
3258900879
3258966350
1114432318
1101837098
1085055786
1084530990
1084523823
1084393773
3236075821
3307374892
3324153292
3592591244
1446155148
4128420557
4127240827
4060134954
3791691562
3808538410
3774983466
3775976762
3780133178
3788521770
3784442159
3784704301
4036375845
4040437200
4030994624
4031580288
1951340672
1951340672
1967601792
2001091968
910308737
1044575187
1027716659
1010873906
2084609586
2084611602
2093000450
2084681554
2080486322
2097345186
1577481875
1443250049
1449004928
1391398304
1390753952
1390684384
316942449
316942339
308553734
309783558
305592130
41333442
48137030
311984406
1385727014
1408805926
1408935990
1408935943
1407908100
1403637284
1407717988
292037348
271327908
271520436
271975040
271712656
277939376
814754983
276834551
276834327
311524357
43156749
49448207
39878975
40149807
40937258
30449194
8425066
8684526
1083019742
1150214606
1150181582
1154375743
1145987119
1142842671
1146772287
1155226139
1151195663
1155385871
1146587919
1144499471
1277670671
1278050631
1546485974
1550811558
1609208226
1592696978
1995341954
1982169234
1981907122
1982058658
4129452194
1995661473
1995448740
1708142516
1699753668
1678786260
1951604324
1975649828
1708312068
1687266829
1708173071
1733340447
1666230575
574720509
574790028
570617228
570631564
570626460
570556844
570818988
579208108
1671300012
1621898061
1890345743
1890378511
1357688334
1349302814
1345305150
1349433902
3522075166
3538848014
3605977102
3607098382
3741241374
3741237311
3737043005
4273913964
4271751405
4258808749
4232594093
3691598511
3691664062
3691647646
3691516622
3691522766
3705154350
3701024807
3703183399
3434682374
2381920262
2263494662
2259288326
2259288598
2260337190
2260214307
2191008291
2191009329
2191062833
2191050021
2195227941
2195492197
2186124789
2186264053
2253307381
2253307381
2270084053
2270149589
2165291735
2148515543
2148187798
2148188054
2148200327
3226103175
3226021277
3494391228
3490201004
3490434476
4044000684
4044064684
1635291084
1634249996
1626123525
1613539637
1613080629
1629989941
1629660177
1696769313
1731371297
1712488737
3864248627
3864260915
3997422903
3997293879
4014201151
4015250239
3981695807
3981695851
3964717931
3975204345
3975169497
3981471897
3981533595
4015220217
3998380015
3998424046
4008905582
4004711742
4004580638
4008784910
4000325646
4000391430
1878401382
3954574822
3920561637
3920369108
3987480780
4234420428
4231340492
3692438220
1490420473
1486294746
1553739402
1553738442
1570564842
1574485803
1551404809
4230579980
2083169548
1818926860
1818992428
1814609444
1831380516
1831527172
1832538885
1865023815
1697513698
1630273698
1626094754
1621899682
1621899938
1890465410
1353527939
1370235523
1101267843
3244687746
3286381442
3286377030
3349357078
3315655206
3315639855
3298862891
3567300377
3567499529
3026290969
3207891321
3191183801
4264996233
3996557707
3996561803
3996307883
3995267497
3999457705
4025733545
3987850728
3971018076
3973097741
3964710157
3960581389
3977487631
3977442575
4013085727
4013087791
3862060077
3866250541
3874704685
3870379325
2796648221
2795595551
2801231391
2784388639
2767603223
2894005879
2891781879
3964416759
3963892471
3963892719
3963884015
3963949559
3964608727
4241432791
4237239495
2089559183
2089610383
2106566799
2123282575
2127464590
2114357390
1981254078
1712557310
1714651146
1713471499
1713414201
1713430568
639983656
640032812
640028716
656801852
628568093
617553945
617559115
617421257
613358216
881724040
814615192
814615177
1351356041
1351377547
1367655050
1099203242
3229909674
3230126830
3231081454
3237437934
3236242790
3253021927
1139031277
1122309356
1113997660
1109803272
1110327561
1110393097
19685689
2908987
275605275
284163611
821926457
819825193
551389977
1615694601
1667074569
1646102089
1646101067
1646232283
1645187819
1645064939
3792478955
3792499439
3809425135
3809361895
3813555687
1666131191
1673995511
3817284735
3884397630
3850845214
3850844174
4119078926
3582208014
3582257166
3582241102
3582825926
3314516422
3280634359
3549135333
2194190756
2181612708
2182839428
3258591620
3258591620
3275369364
3273263797
3276278439
3251374750
3251376030
3230403950
3284038702
3266241550
3266290695
3266093061
3266098212
3266090020
3257435172
2250870244
2536148868
3559557764
3693787780
4100893316
4106205860
4106075557
4239699054
4260670510
4264881198
3190090814
3190225958
2921782310
3995520310
3983461894
3840831174
3837689477
3835314821
4103668356
4106756797
3024626349
3025675183
2489071022
2491170158
2491235646
2494311710
2158243086
2158241038
2158170382
2158100751
2225210127
2226143773
2238751341
2266014585
2249369417
3260202313
3260258569
3262486841
3526662441
3526671145
3526338393
3526271945
3527381897
4062036377
4060987817
4060967337
4132253869
4140700847
4136515999
3616418255
3582946254
3700845518
3700878926
3702773342
3702637414
3723531111
3748705255
3725648373
3725649397
3725684213
3725733335
3725733078
3725737174
3748795590
3723625670
3706848710
1555118038
1555130102
1555165943
3702575829
3704678141
3696273260
3713056108
3746668012
3748904940
4285773820
4283610712
4279424601
4245800473
4245739323
4233159979
4241585451
4243682607
4109376799
3564125455
3698408783
3704817135
3721594031
3737268407
1589784709
1455571333
1447215493
1447085031
1463854831
1464905583
1464905567
1464905051
1599188249
1595059481
3746758013
3748845405
3757069916
3622847004
3622912812
3757262636
3623036773
3623036757
3589418951
3589433286
3589461974
3578889718
3578826982
3611341926
3611341862
4148210743
4089554967
4081248279
4047666455
4047916343
4026926887
4047898158
4056286822
4056233575
4056161879
3519285831
3510901703
3494341079
3502729559
4056403015
1908851783
1942394071
1942463991
1925490175
1917105661
1929676253
1895941629
1896009197
1896021997
1900211181
1891756893
1908726029
1908721676
1908918284
4047957004
4082525197
4082524221
4082975013
4090255151
4090257006
4056157950
4056157950
3510898430
3510767342
3510779630
3519164135
2445291079
2172665607
2239772933
2239850805
2239949927
2240015479
2239993303
2277606903
2269218279
2269482471
2269617623
2269486021
2403704645
2370281013
2349246005
2354488853
2631312917
2627120917
3163597093
3167782949
2907736101
2937161749
2919406599
2919408647
2919407894
2919424358
2936197474
2887075298
2887010274
2893303779
2901756659
3970386675
3970030193
3987864081
4019448579
4006734083
3993037827
3993037875
3993234467
3994209315
4000730211
4000795891
4000796087
3882843575
3882712725
3882703509
3891092149
3887028917
3886938869
2813196917
2780162869
2780080407
2784291862
2771705878
2905993238
2906058814
3979759982
3979740142
3983476631
3983478423
3974961847
3974446007
2896509591
2762291863
2763422343
2778098567
2811702663
2790598023
2788434055
3862237363
3874947491
3887403429
2813592293
2780066325
2758075909
2753882631
2770659847
2971691527
3005311799
3084990503
3063946279
3064988735
3079798863
2542936413
2547065709
2538611311
2547319791
2543195629
2543811005
2545736124
2533149084
2252118412
2520629132
2518661005
2468258703
3491685326
3497977854
3498012142
3493674494
3493805302
3510574326
3510449270
3548319798
3623751687
3556594949
3518817541
3518805301
3567097141
3567097621
3566700341
2513864485
2505541413
2539120597
3612700549
3612617141
3607378341
3607431591
3574991271
1410731415
1414660487
1423053701
1425093573
1440756593
1172333345
98607393
94414129
1436663089
1436794163
1442027810
1433647410
3614611730
3591543042
3591538946
2517797122
2518141202
2520567075
2520273952
3077267748
3048890660
3032138340
3032203988
3032060628
3032258261
3028066038
3040656102
3074218598
3208530790
3208513990
3174967366
3177065542
3164410102
3164541399
3164484037
2627609420
2627674696
2626949992
2647924072
2639538280
2668914792
2669017208
2669067464
2539042248
3621094856
3583477705
4103519979
4107710186
4099321578
3021251578
4229206478
4246061262
4279714046
4279701742
4262928494
4280165486
4284361598
4258929246
2107312862
1704487631
1706617551
3887644621
3891827149
3866665037
3862671628
3862606397
3877286445
3810259501
3776806503
3776715511
3775662759
3788245415
3784051877
4052681877
4053677189
4053673156
4053675204
3512560724
3512550704
3491514160
3495715632
2438980372
2447303477
2476135221
2474954551
2474952982
2474948662
2474948654
2479216942
2437238638
2466710110
2199269902
2203464222
2278957607
2275157349
2258377957
2258373813
2262584469
2262713733
2258555781
2262754949
2253939367
2268595111
2233992103
2351571382
3425575110
3429770310
3429771270
1282218038
1279002678
1278748678
1279010822
1299086598
1332642566
1315865350
1316913974
1318880035
3482100577
3482101200
3448741073
3448551651
3305937123
3305932963
3305801873
3305819521
3305830273
3613025153
3623502464
3605742272
3605555057
3606603555
3606605090
3606608166
3606640934
3606636838
2532961558
2457457927
2469974351
3541684701
3540701876
3544830628
3519563428
4056420004
4039715748
4039715236
3494456485
2497341349
2514412181
2505491077
2504311493
2499838661
4144086780
4148275948
4152404716
3079727839
2528243342
2549245886
2536722926
2486173806
2485190702
3558998046
3563204622
3567330311
3567462404
3567417413
3621968333
3606481293
3598094239
3597961103
3593766350
3592716558
3592933694
3576029486
3559138094
3697550126
3697619754
3707180331
3719759213
2677368316
2677528012
2677506508
2679407484
2675213180
2635366749
2635379807
2635377791
2635458814
2635495678
2635479406
2669026094
2669022782
2404845070
2410947102
2410947390
2408849726
2408915295
2409435359
3482063023
3448520877
3445145769
3424241913
1276835864
1209706764
1211804420
1211804164
138062336
138063360
142390017
149717778
183157106
174731586
1248473410
1248469362
1249518050
1257906594
1251700146
1268316567
1234742204
1236839336
1572387496
3756691080
3727328904
3727327944
3727066072
3593568619
3591413866
4128285738
4127237162
4261657630
3209870350
3161912646
3036071543
2498576951
2499768854
2491363862
2490709526
2507413030
2540971302
2532578342
2528379942
2662666359
2677346381
3751022924
3453748556
3424403324
3424398205
3424414191
3424546238
3440272782
3452879758
1166918542
1166860991
1200415405
1200402348
1448914344
3592206504
3592326296
3592324236
4062097612
4061896716
4061696284
4051273533
4033513005
4033783341
4033783341
3023036973
2754572845
2755609149
2759672639
2765378927
2767473774
2767550718
2767613150
2759224478
4116706447
4116563343
4150117773
4157556637
3084873725
3084871036
3052889453
3052888357
3169259797
3165065477
2633969943
3707576615
3707512167
3724289383
3749524983
3732280775
3732276679
1584792774
1450646614
1450511390
1431571742
341060894
72625950
72693534
73347862
1147064598
1417646374
1415086450
1415086471
1422427063
361467575
378182277
1389017729
1984871045
1981787045
1715252645
1714201957
1714201389
1718399533
1730978351
1697440303
1681711679
1681674863
1696335343
3848015023
3885238447
3885373679
4153808975
4273880079
4273890575
3741114943
3740853023
3740852495
3589857567
3570946111
3571139645
3571060031
3571063103
3296336679
3292011301
3292084997
3292146949
3292135748
3321823572
3334279668
3334427076
3334099909
3334128567
3333019302
3489458854
3443305134
3424430766
3306552270
1161228238
1194782542
1194411343
1176507757
1182216557
1190551669
1190551637
1186353347
1201062083
1199948243
1204060578
1204086690
3334794210
3469171410
3468839618
3460447042
3456513810
3474330422
3447587078
3439284486
3434668349
3432571180
3432555372
3436748780
3424160760
3373829016
3742280136
3725502665
3724979403
3729177931
3729163598
2655487327
3200759167
3217536815
3217930029
3175937581
3159941677
3206177301
3189387845
2656633445
2656571748
2656576612
2655524980
2655590452
2623151108
2631537676
2358907148
2358985481
2358829674
2358830826
2224598954
2269677994
2248706474
2248902842
2233137290
2237328526
2228920718
2231013885
2231010300
2498400836
2506990148
2540549892
2536475956
2536413220
3190728740
3190664229
3191709701
3191795727
4263428399
4132913967
4149487343
4115934959
4095027895
4099357367
3562478231
1423380355
1435972995
1368797571
1368850562
1375142082
1172656242
1172365362
1172562946
1172475138
1172674866
1197783330
1193585443
1463594787
1467848497
3579479553
3562701505
3696927440
3696928384
3697014464
3713779408
3757701088
2683958752
2533160289
2524763237
2524562551
2541471063
2684089718
3187193710
3170418286
3162021422
3162087231
3162095423
3162221887
3162502429
3175052565
3208590407
3191815238
2654944310
2659138854
2667515174
2663320870
2663319302
2411475718
2360877830
2360898518
2360906146
2360903073
2364048816
2372437376
2401804416
3458965632
3727336512
3660227844
3677023748
4247431700
4247689764
4230519340
3962083884
3978865180
4013469640
3933766028
4008345740
4008366238
4293550262
4180156582
4163379366
4163509478
4163504615
4176087509
2041199556
2074749892
1521101636
1521167686
447217926
182992934
443084838
438886438
439918630
439984134
423206914
404398274
1478131842
1477083267
1477150131
1481162401
3637292705
4169968289
4186827425
4220385969
3147684853
2682117463
2650266902
2650195222
2641610038
2641384742
2641394982
2675141415
2666691380
2662796260
2666793904
2656849296
2652657536
2652828304
3713725056
3722113600
3719974402
1541953826
1516791842
1512581154
1512585250
1512798226
2049633282
2050681858
2061159682
1000066754
428474050
416938706
408517330
404298451
406395505
959978017
963139616
1000929376
1807276192
698067072
681225344
676244608
739148928
739148689
738689697
604304033
1678008997
1677995685
1685338853
1625565541
1621891109
1638664213
1638795269
1907240197
1940795143
1923417655
1453590066
1457788210
375667762
510403634
506225714
506163218
510312451
443203651
468370883
435802003
435748529
427354785
458812067
437807843
437791523
444411186
444476466
183372818
183436290
200213506
199965954
163274259
163303153
146378385
146376336
150574720
410617728
1482261904
2014942640
2080941472
2085398180
2081400484
4228813460
3826697868
3826601660
3826526892
3828624300
3790616749
3803188397
3803201709
3803300041
3803365387
3824324874
3782717210
3761547839
3761547839
2688003615
2771830303
2805383711
2808037919
2942055295
2932618606
3217818990
3218476350
3218488654
3184927838
3184862334
2643803198
2643803230
2642750671
2643209725
2374772653
2409394841
2404926089
2270938009
2269771179
2269698218
2252912874
2521345098
2518392842
2522521610
2539303195
3050996248
3047067144
2766047768
2753403416
2755430936
2755500600
2755508792
2904335928
2937954875
2938098218
2938065514
2904495018
3848077742
3831235758
3833333950
3832355006
1692809406
1688615103
1706440861
1737894093
1737878541
1737794573
1721017613
1649712957
1649706543
1645511214
1645511230
1610973758
1611121182
3825611311
3826656109
3830852013
3971418284
3970762932
3971831988
4004968581
4004948103
4008943750
4000415942
3995303974
3995312167
2921455909
2938233376
2888984096
2826059296
2834434595
2832206370
2828282406
3113495334
3117680694
3151435798
2610314246
2592486406
2592464902
3129778198
3129779285
3129261252
3126102212
2855569620
2872544468
2889257028
3826692292
3826704780
3759547308
1611929260
1611938472
1614023337
1635060395
1638206138
1671696282
1671762314
1671770315
1671438539
1906335755
832610313
292588857
360025401
351702329
347508489
364306187
1442737947
360591227
389689215
389688671
389627214
393811422
939095535
939110767
1744347455
1742254367
1741980959
1733330495
3813707311
3858796079
3858861615
2802036284
2801987108
2768397932
2768381932
2769489324
2715159724
2710964396
2713061565
2713131258
2712983610
3790903322
3816069130
3811879178
3811879434
3809982986
3809906190
3808857630
3875966510
2802737006
2936942062
2937994734
2877164006
2876127734
2867542518
2863208950
2863208694
3198885110
3198762199
2661823685
2662884548
2390289612
2251983052
2218691020
2222885836
2432600772
3551431572
2456590500
2453452972
2988227756
2703144860
2686363276
2690563724
2694745806
2696252982
2690947622
2686757414
2686757670
2754406710
2771314982
2804834086
2809007670
2817396438
3892264598
3824955286
3816570294
3783068862
1634146463
1643591839
1639393439
1704406159
1704422543
1704242318
1703980238
1703974926
1710262558
1701940287
3845299231
3844256797
3844268052
3844235556
3844485924
2770736740
2784366244
2780236460
2811513516
2811546303
2811534286
2815732494
2803149582
2803346958
2769796614
2769788470
2803336742
2936456743
2936952373
2903385893
2836344101
2875133281
2875066867
2851477971
2880907507
2861840627
2861878482
2860907590
2861018118
2861018119
2856693027
2919533859
2937422131
2755560277
2754532293
2687370117
3761111693
3760985773
3765189289
3765181353
1625562043
1638218171
1671903371
1654991947
1654923275
1654972427
1654960139
1672781835
1676973627
1666485803
1662291519
1661308479
1661437663
1661359791
1627793071
3775016623
3776068015
3782281407
3790669981
1670469789
1652680845
1652665420
1653646348
579904524
573613069
572899341
572937263
1629885487
1613118511
1685458669
1689668293
1688718020
1956960964
1956964932
1973742340
1994714132
1986974721
1919824897
1919819810
1919811618
1919746342
1919750638
1919750586
1882136459
1345198729
1349192328
1357466264
1353259704
1353202328
1353201307
1353196218
1353261738
1387143850
1387159982
3538735214
3547103278
3559174157
3559172364
4096043788
1948756748
4096174365
4096174111
4112948238
4146495502
4129734662
4129701942
1986920494
1929322799
1660756345
1652499337
1648297353
1664945033
1881868969
1886001833
1890454155
1621936779
1890383499
1894572618
1902961210
4083983146
4092502314
4071268650
4138377514
4143563022
3621314822
3583571254
3566880049
1423574320
1415191584
1345854496
1344803872
1344930288
1344930176
300553089
329913217
313120643
48864131
309172627
306026931
303872417
860143009
1900324321
1893118229
1895149879
4033126695
4028932391
4028948775
4045828403
4083560739
4092461859
4138598951
4139582197
4139524829
4143720413
4152110521
1966868907
1967065531
1949698442
1412765066
1416644042
351322442
347185178
1420927035
1420927023
1425319215
1576447295
3757489926
3757477702
3739190870
3741307446
2667508534
2667242286
2679808814
2679747374
2679682349
3739793708
4268276012
3727198300
3727345868
1579867340
1579816012
1596592196
1597640788
1463431285
1466573297
1475220433
1454047937
1470829201
1403867793
1371361925
1354524295
1354549951
1352440751
4032604331
4028410027
4028410043
3760172427
3760108427
3760095945
3760161321
3776754217
3776766509
2705089069
2705073453
2709466157
2695759917
2763917375
3049131023
3049139211
3082708234
3204208410
2667345786
2658930042
2654735450
2671510586
2642220074
2650681402
2562662426
2294227226
2294096410
3384557177
3401322076
3404466764
3395816012
3392700100
1312552836
1312481412
1178263684
1195040900
20636800
2854016
2853008
271289492
271293620
808166820
539599588
543794724
552119844
1634250540
1663609132
1663876157
1664062495
1664005151
1663497262
1730544686
1734675686
1742735526
1742801318
1727084950
1727213446
1743990662
1741895318
630396550
630400647
615589511
883959438
899686030
899686030
362839950
400584158
1474358762
1470230378
1470365242
1436745242
1168367370
3319881482
3311492378
3294723130
3294837818
3303161146
2225214778
2225149242
2225107754
2225207082
2241984298
2242170682
2246348571
2406255899
2406321161
2406464521
2406329368
2406321208
2406450492
2389620588
2323555180
2323620732
2340204892
2602403164
2568934492
3625909500
3625872892
3624824188
3624626044
3624425340
3624424152
3624493659
1493787226
1531569754
2059986810
2055792506
2055841114
2055976266
2060162123
4207645785
4216034537
4215964905
4267412729
4267429241
2119946233
2122045177
2122045177
2117727193
2121851384
2119819512
2119889144
2002408633
1969116345
1952339131
1952341435
1952349626
1960261566
1976907422
1473533694
1473594095
1456853743
1473636349
1431692629
1431432517
1410595845
1410586645
1414715669
1414715671
1414724867
1431567635
1431827763
1431787299
1415009059
1415017073
1415000785
1348408019
1365185171
1373575059
1407124915
1402805683
1404902802
3552394642
3556588978
3556514726
3288079334
3254008694
3228842558
3228315166
3236703774
3236521534
3249271407
3517559789
3551048108
3535315364
3531121076
3609757172
3542851028
3509230916
3509516548
3508955908
3513137972
3521518372
3518892837
3552382758
1404845366
1409039670
1367092534
1396516150
1396520214
1377572102
1381778694
308038918
316525854
316407070
308009247
324716829
273340700
281705756
281767708
1355378460
1355411260
1355415340
1346948461
1078513133
1078512109
1078512121
1104010745
1372577273
1368380921
1401812473
1401812347
1406006763
1405986283
1397734762
1393531386
1393531354
1359985098
1343208330
1343209358
1880078222
1883747214
4031222430
3502764734
3519440622
3519508463
3510972271
3510971775
3578080639
3578228029
3620195357
3599158285
3599146253
3599215901
3603737885
3595345181
3590884381
3591079005
3591012589
3591041189
4262127015
4250594711
4233813382
4244294022
3036400518
3036384135
3036516277
3025460964
3025462884
3025199652
3025158688
3027240480
3027250720
2489396785
2489334563
2489595939
2498496546
2494172162
2242512066
2277139587
2260378755
2258146481
2264448177
2533080449
2524692369
2524757665
3194273505
3190070885
3206659639
2905730647
3962793286
3960614102
3960614054
3977708710
4011656358
3998946470
1859794350
1857688254
1789462222
2074611214
2041063950
1487432202
1487583802
2024455979
2024452392
4188770344
3690758152
3663496264
3659315416
3658279160
3725404328
1594239144
1543908776
1557533608
4103471806
4103209630
4103164606
3568348910
3559959342
1412478998
1361160198
1377937414
1379067910
1383486470
3528851719
3537765157
3537830437
2471432741
2219774517
2219717125
2223796741
2223829716
2223818477
2223820463
2223692718
2362043310
2354608558
2352597422
2352658654
2369432782
2673517646
2681906503
3214650820
3197746900
3202127604
3189540532
3206316724
3206468244
4145951364
4145423268
4147193255
4251983078
4238346342
4256372758
4256331782
2106780930
2144382210
2127604786
2123611170
2060893217
2119601185
2117504016
2118042688
2118042752
2132754592
1863132069
1829511845
1816928935
1825383087
1821324031
1822230123
1822251625
1822194281
1956412025
2002545481
1981569865
1444810313
1461599949
337524655
350102951
1955358114
1955390626
1955438770
1619964050
1908834434
1980137858
1981194562
1983021314
908378402
908338466
1730424098
1831282979
1826765091
1822559010
1756498690
2039623426
2072080194
1535173954
1539335634
1514415250
1510286738
1510356899
1598437281
1606813616
1603078020
1469850500
400041860
1196961677
1165553551
1433975742
1441312746
1441310570
1437119291
1437172505
1437176600
3500708408
3505160744
3496343080
3492141608
3559246632
4097231144
4235652105
3970343946
3987570698
4021060042
3995960731
3995504521
3995504520
2921631704
2921635688
4012152360
2909184552
2896601640
2896601641
2897650474
2897588522
2910622766
2939995174
2939995174
2922302566
2922306790
2922273270
2943241174
4021242583
4020755157
3852860023
3852860277
2917461301
2905924693
2905924692
2906022004
2906027108
2909162964
2851015380
3924761181
3920575007
3920312863
3957930558
3941100046
3941101326
3941364814
3940842718
4007943422
4000337150
3994164479
3858900165
3858899140
3871482820
3867280100
3818341092
3767878308
3768439428
3772555911
3758917510
3758919086
3758922222
3758991854
3759057166
3759061258
1612626190
1612033082
1679073322
1697964074
3878993962
3879092714
4016964010
4017030079
1868895159
1835348919
1826698173
1688286205
1688417113
1689468696
1823554328
2089822984
2089822793
1414736585
1427245709
85200527
91488910
368169662
299086766
869508006
868327846
860070898
591569730
587441923
587249187
1660993313
1627430689
1627560225
3775060259
3775072547
3774941474
3007778146
2995130355
2995131843
2995139971
2458203537
2457877921
2457890272
2457918836
2186333972
2182143749
2199056325
2169661841
2178034083
3511761314
3490711970
3289450898
3306294658
1158821250
1158817155
1160852931
57677171
23078193
31518001
77638929
77708563
77838642
83073314
74692898
68327730
68327682
336764674
336758530
353600771
389055859
389059699
389278833
387181683
387165299
352500851
339916083
348297011
345080354
345015074
282165251
340959235
336748545
355598337
355599681
305532661
317131493
312552101
330312381
296754831
284167823
5271039
5307647
5414109
326286541
309507527
308457799
308511063
316768562
317820962
307277858
289447970
268476450
285256738
859879714
1925220706
1925482962
1926138243
4065245571
4061052291
4061049473
4032746128
4036940464
4038996624
4038932192
4037289824
4041483297
4033096743
4083551270
4084599830
1937136902
1901592322
1885121794
1885121602
1885124675
1880919235
1879743633
1879768193
1359931265
1398695553
1389777537
1389839009
1389643425
1389653921
1389686241
1381353505
3530942481
3529992193
3546687489
3253083139
3236306194
2158366498
2158429730
2159019554
2159027746
2156930614
2207278646
2207309350
2206256742
2210713335
2168753877
2164563925
2164753876
2164700612
2168890756
2164764052
2433064372
2466614676
2466692485
2466705285
2538008517
2546397175
2542139367
3615774439
3579055734
2501136246
2635554806
3155623398
3160390759
3181231223
3180702789
4292322375
4267156551
4262765575
4262781985
4246041635
4229381155
4233501986
4243982114
4243981858
4242998802
3697612482
3731764866
1592669826
1589511809
1589626256
3736663456
3734549920
3755517412
3694702356
2352656132
2352655876
2625285652
2566630964
2562719285
2579421046
2646525926
2646524390
2650554854
2642154470
2671719382
2671670998
2520676294
3594483014
3596383614
3596414014
4158647327
4141792269
4066352141
4061961229
4062020685
4077883660
4077818124
4044259676
4048455532
3763111468
3771248172
3771305517
3771378239
3788156670
3822823102
3864650654
2788713374
2788754366
2788824510
2786796974
3059231918
3084389550
3046779006
3032100102
3567922438
3567906562
3584878082
3752633891
3740055075
2658960929
2652673553
2652829505
3743313729
3709734209
3699247185
3707582561
3701291105
1553738849
1557669152
4242023793
4228441552
4228490432
4228490480
4232623328
2093516240
2110367168
2118825921
2119086401
2119099843
2118587555
2118458535
4262205606
4263266470
4011674022
4015980422
4020150983
4020220423
3988754957
4260270605
4247777807
4247545390
4247530030
4247530286
4151064622
4143450218
3868788938
4154143818
4154134537
4120510472
3518648588
3497550636
3491291948
3491358524
1879703421
1883822575
1640532463
1670093231
1670036925
1720362396
1716495500
1711580300
3859067068
3858809004
1711423660
1711415789
1725047663
1838293550
2090017338
2089820986
2094016298
2092120346
3706853642
3707128586
1558633275
1575259083
1575259786
1609859722
1593287611
1610064891
1599513065
3713966189
3743342700
1461641260
1998536757
1998127197
1998135389
2002335103
1976245758
1960517114
1956256762
3566881754
3587787738
3579629514
3612931018
3621306954
3600462441
3619336808
3753833192
2646467308
2650597100
2642208444
3713955484
3575539117
3575391662
3575477486
4145956058
4148055114
4148086859
4152289551
4160532253
4143755069
4141660008
4141646568
4140810985
4140745455
4133376686
3613270958
3579716486
3562930646
3562878454
4101797094
4101827702
4127058967
4126648343
4126522119
4126444038
4118252046
3038178830
3040269854
3023508014
3044873070
3048997358
3032219819
3032219817
3032220856
3035380188
4100212780
4029081644
4029081628
4096190476
1965450253
1983782927
1446924367
1461637494
1439556071
1959588327
4039656807
3498592534
3498834182
3549100310
3533331222
3533580806
2264670726
2263679494
2259309166
2527809901
2527621356
2527650028
2531844508
2675499404
2367215244
2349418168
2483700393
3557443482
3561909418
3570166954
3571207354
3697076362
3697141898
3708745867
3742284171
3725508555
3725497882
3592401438
4135559694
4142899998
4155355430
4155346983
4125593639
4151673957
4145411269
4127681989
4128665541
4128665335
4132839143
4153872103
4055107550
4043053006
3506249038
3497924910
1348144427
1356334395
1368920859
1402495755
1385751307
1392091417
1392031209
1450739881
1446545592
1446545544
1379502476
1379578764
1400812168
1904141000
1886806744
1886806744
1886809721
1886775402
1886710890
1884349486
1884352558
1901383690
1897381898
1901511227
1903621679
1911971391
1977486863
1969097231
1432227615
1465658671
1601971550
1593770315
1589576155
1589383673
1522292201
1536971883
1541162027
1498833963
1477599529
1477599515
402874655
943720223
943722269
943729453
943729453
943864629
943865109
943863047
952177927
968946967
725661047
725663079
725728615
725720439
725720919
725720663
721534551
721469055
721463919
721530477
721665645
1795339885
1761777005
1766032749
1774420332
1753461212
1757525964
3896555468
3909154508
3909222300
3909245868
3909229037
3921807855
1770129902
1770129758
1807951182
1807950286
1807946190
1807814814
1774203070
696263855
696264895
696264863
729888975
730036239
729971983
734164751
725776143
692148031
692115247
692122991
700511727
729912831
729986511
734199247
725737311
721443629
687881005
688078637
688013101
700589884
696464700
2038437180
2038439260
1501568332
1535130956
1266761036
3414368092
3414392700
2306965356
2306898797
2340444527
2340444527
2340510062
2340642158
2323860846
2328055166
2344836479
2344836463
2345749871
2312392191
2306099679
2306169310
2306169310
2306341374
2306341246
2306342270
2305285470
2305285470
2338839886
2338847054
2339764574
2339764574
2337663327
2337794397
2337766236
2337766236
2404867932
2404732748
2412085084
2412081020
2412014380
2413066605
2413119853
2406828391
2414201207
2280507767
2272123223
2272123223
2272131415
2272262647
2272262631
2238691815
2238691837
2238693341
2238693325
2238554013
2238552989
2238553023
2238561199
2238167470
2238167486
2272704958
2255923614
2522327518
2522328086
2522328086
4128744455
4128744453
4128750605
1981188124
1647740988
574539836
640600333
661637391
669907230
661515294
661512222
594538591
594538751
560812461
560809389
544017853
544152477
544160671
544029630
551894702
551894702
547710654
547742430
547743258
547677706
551874059
1633986845
1647609900
1648265260
3793668396
3797928748
3796486684
2747987484
2698704396
2765813260
2765808140
2767839796
2759390756
2758336036
2691223141
2691484647
2708265463
2716727798
2716727766
2708340214
2708340214
2708340214
2709386710
2709355734
2709355743
2690349151
2690283581
2690283805
2715445533
2715445069
2715362271
2748855262
2748912570
2742747546
2742882490
2977701034
2975602858
2984057082
2446211147
2442012680
2442012680
2207132680
2207195400
2191483160
2191389161
2208092331
2208071854
2214363310
2272038310
2234374582
2217695670
2217623474
2217097171
2221286657
2229413120
2229480704
2229284096
2220895504
2271438096
2389860613
2396156165
2395370303
2391233386
2258487274
2279395306
2273102762
2201799082
2200738234
2200930762
2200870346
2201919819
2214502665
2176754457
2174657336
2157830952
2157724460
2155613989
2151418661
2151287589
2168334711
2214227399
2193256839
2192298374
2192281734
2192347318
2196541606
2204931239
2167199847
2150389797
2150504757
2167286284
2171480588
2213423628
2213419524
2280459781
2263631397
2280440303
2280427950
2280427950
2280436142
2280436134
2272047286
2272115894
2256517334
2453583958
2453649478
2453579847
2453579845
2990451780
4085163076
4085104724
4080582756
1933103460
1933227556
1650129445
1649277478
575458086
571267110
571267094
571407366
571405318
589225990
624873542
608030951
611177701
611110375
611113447
619568102
636353526
636484470
636451190
661611799
627925303
627929407
627912989
628044057
628044121
611136505
544019129
552410795
552405691
548215449
548224649
548159113
548157065
548157064
549222024
553412232
551315128
568288953
634811065
936792731
936575578
1064305178
2100302618
1562394426
1549872426
1558326314
1554457658
1555890186
1287438538
1287159947
1287164344
1303949736
1331274152
1310369208
1309582728
3457066440
3461279560
3343842072
3310766888
2237074216
2215845688
2219902232
2245001497
2273313579
2256601898
2256675630
2256741166
2256593190
2257621350
2196800999
2196016573
2204928397
2238552460
2217589148
2217589685
2485828325
2486876919
4097486551
3826951878
3845824902
3883507846
3865620614
1713959046
1713987766
1730748582
3828228270
4096663534
4100328063
4105513485
4105448012
4105464524
4122274508
2459217612
2459341772
2459337180
2461368748
2461311469
2457121645
2451873573
3005517349
2972618293
2972626453
3018778167
2997666614
2998714678
3002613798
2987917414
4061724902
4045017254
4095358134
4095358350
4107937231
1956259661
1889238605
1889336909
1893514077
1910279149
1901365695
1633454490
1628814746
571913630
571913694
571912287
571904063
573894703
1714741285
1714806821
1714872341
641130515
623309091
610682595
619531955
615107219
615111411
632027763
631896339
636020743
662300677
624944133
624947221
608161844
608157732
606978156
627951084
627953637
627953397
569204407
569343927
569343927
569376183
1643113876
1617947540
1617951636
3773684436
3773684276
3773692436
3773824516
2700043780
2690998788
2690998820
2699826724
2699824676
2699823717
2699823863
2699836375
2699835861
2700884437
2715564501
2984065109
2983016533
2978823383
2978837718
2978837654
3079533750
3079533758
3063913662
2526526622
2666904734
2658532510
2654297246
2654370958
2654365902
2654349438
2671126590
2633373711
2629183756
2629709580
2361337612
2361135660
2361131820
2361131820
2360095017
2360303915
2360137066
2381106666
2372700666
2368506298
2368571611
2352920905
2350818632
2355028424
2371773384
2371822489
2405376937
2405303723
2413710763
2279524507
2508044443
2503784955
2503777625
2537326345
3072303627
3059720715
4133466666
4128211498
4128081454
3054470190
3054421038
3860780074
3860808826
3994633338
3980024906
1819966542
1828342598
750340679
750316309
754510132
746121264
790215728
773493760
773750784
773750784
773230593
775418913
657841185
627362083
611109223
611178855
611187047
627964407
627965430
661519862
661485046
627921399
627921407
627904989
611267032
611267032
611136504
544023288
552411896
548222680
548216537
548212426
548150858
549203530
549201482
813442634
813445706
808190283
829161801
820839257
817771113
817767019
815735339
819737099
905712138
897319434
393024266
523186458
527249691
527249691
1064112475
1072648571
1038905723
1038905721
1038939001
1039004153
1039114745
938320347
929927675
929923579
929927611
930059707
930002347
913225115
913158539
913158539
913150427
913289723
846181883
846116347
913221115
913220059
913285339
913277145
913211545
929992953
1999548921
1967043451
1953948539
1952900714
1961354858
4104451706
4105474042
4106194362
4106137002
3036458170
3028063386
3023864986
3040776698
3040784682
3162415658
2902368814
2901320254
2901402166
2893869862
2889643302
3157544226
3157663090
3161857395
3161855827
3036086849
3036090945
3036099392
3035960592
2496935216
2496933232
2497002832
2429975872
2438356800
2472005568
2455227856
3531462128
3531461872
3531437520
3531551168
3548263232
1348342353
1348343411
1348278114
1356610914
1356610786
1351367922
1401781378
1389315202
1120781442
1120703890
1120728482
1120203170
1111876002
1380442531
1396957682
1364455698
1080152370
1080091954
1088480530
1088546066
1357053187
1357307141
1348914436
1399229892
1383436180
1383436180
1383438228
1379250564
1379193236
1379258613
1377169511
1360883750
3495896102
3506332982
3506335510
3501913655
3550070309
2459485716
2458449732
2462643972
2186280244
2186181924
2186231076
2186229028
2194092389
2172985703
2157187950
2157187950
2159282030
2159282542
2162952494
2179733823
2204965133
2196646669
2196713229
2196517661
2196505405
2214331247
2214401902
2180847086
2179797414
2179740070
2162979254
2163012030
2162987422
2154598799
2154665353
2150481289
2150480345
2167388473
2452011275
2452532491
2452006155
3526337291
4063199755
4084105753
2976826920
3043413736
3044405225
3040145257
3077854523
3061138714
3061256458
3061260554
3203866906
2683773226
2650214698
2627076442
2627141835
2629107865
2628781224
2297436328
2297436377
2284935499
2299623690
2333108490
2319459338
2327977994
2324828426
2408710974
2410807854
2377384486
2376335910
2364280439
2381074005
2372722677
2406465477
2406399940
2406463444
2406268916
2406268388
2406349285
2406480373
2406447479
2272139639
2273188150
2273196342
2239638806
2239636742
2248025350
2247955734
2247888166
2238483815
2171378039
2171378005
2171443540
2439879124
2448267764
4058880500
3782056180
3777861748
3778001012
3778001012
1631500404
1629403236
1628350572
1628346476
1628358767
1632557439
1632566263
1632566007
1632598775
1633516279
1633516279
1633500151
1633500151
1643985911
570244087
568277847
562903383
567032143
567031887
567031885
567097437
562968932
562969204
562829892
562829892
831265344
294402624
1368144448
1099774544
1099708992
1099774528
1099783107
1099946466
1099815394
1104017890
1095629282
1091566066
1125054914
1125121346
51245378
51179890
17625954
848743
848759
832327
273520462
818781022
810400622
537770862
537836366
571390286
571390286
572437582
574402654
574402686
574468207
572453231
572453231
575492455
550247911
550246615
550254791
550254787
550386163
567163251
567228739
600652611
583875155
579811955
579672659
579607105
579615297
579615301
579607109
848042565
328022611
26163827
25967187
9189955
9198401
9263953
9272145
9337681
9337665
1099856321
1099889089
1133435329
1133369841
1133304288
1124923872
1124923872
17365233
17332417
55277890
63584578
38419250
34224930
34220594
34105858
34118418
843877154
592223078
592223078
588093798
554547550
554547550
554539100
554547292
1628289116
1628420220
1628355948
1661907820
1666101868
1670296172
1670378107
1636660826
1632451434
1628191210
1628190954
1629386986
1634662618
1639906506
1637806474
562869130
600634315
587477483
537145455
537276527
537276719
541469999
545663791
545724959
545528399
546052687
864815695
42868559
42873167
42864975
47149421
38564205
55341421
5009773
810343
5003639
5036407
5110131
5241299
5175747
5176771
38728131
39768515
40808915
49197555
50246003
316650849
843890017
575454561
575449441
575454309
571257957
588025957
554537069
537759868
1611575404
1611578472
1611594604
1615731308
1615731308
1624062588
1615673933
1632385613
1674065740
3800576236
3800568044
3800772852
4069077188
4069028036
3548968903
3548961478
3582663414
3448453734
2379168358
2374973798
2341353574
2341878870
2343976006
2339650630
2333350982
2332306758
2336549126
2340727046
2340792630
2340927846
2340854118
2408024422
2279442790
2204928998
2204941046
2200746711
2167233221
2167356101
2435726309
3509467620
3522050276
3522051308
1912356044
1897667788
286006476
286102988
823113676
588101592
592297304
575453256
571324488
571324440
571455512
588232760
1661909305
1628356395
1611568699
1611633210
1628361322
1628320366
1628320622
1667053422
1669144574
1643059199
548344287
548344271
548286671
549335247
546258127
546093255
546093287
546085351
550418823
609139079
773236103
775332231
707162519
707137975
706875810
706875874
1793143586
1788876578
1788878630
1789930254
2056301318
2055252230
2055247878
1787009063
3934500897
3934763104
3997546720
4010707104
3961424292
3963226756
1814694528
1814968961
740571809
744503968
748690336
748689840
748763584
765476289
1068510531
514862339
250638082
261184274
261348658
95648050
95643938
95643938
26442034
8550675
149779
149779
18738
280850
805122
5130562
30334338
59694466
42917267
46987681
46987680
46463392
104921504
104921504
100710880
369212720
386973488
389064485
892380967
878814502
879861054
877893918
876869918
876996895
826784125
860264957
315001308
1388742989
1388807950
1116059166
3263473198
3263473198
2189721134
2206534182
2206534182
2173507622
2173691942
2173675559
2174725191
2176680133
2179825797
2179830181
2170925997
2422584236
2418130860
2419178376
4029938632
4044553160
3776113512
1661135144
1661136136
1665160457
1673839627
600097850
558718058
554449002
553999710
554097950
567188783
596546863
1670295837
1670160653
1674355973
1661767989
588022565
554484583
537854695
537793263
537801455
541997039
546257391
546060763
546060747
596392399
579213774
847672782
847622606
310686174
310681838
314876142
306491630
306630910
323902534
17700950
997410
1078343970
1087257394
1083062786
1083127298
1099702786
1099723522
1099747602
1083146530
1083015523
1087150051
1078761443
1095734209
1129231297
1112455040
1380892608
1376762832
1914550768
1914550624
1645066336
1661773920
1661774944
1661773044
588026100
588043501
553934063
553941487
554068463
558267245
1670306604
1670307644
1670248196
3821856005
3821856007
3821849894
3884830502
3888910198
3888907862
3863941862
3889046246
4152763118
3179755439
2626948509
2625898893
2353281485
2349083461
2353392389
2374478599
2273750791
2256974087
2458878277
2458812661
2458813669
2471333349
2433518307
2416433891
2416319090
2416319026
2434154018
2434082594
2475959330
2476486691
3549167809
3549184128
3536638080
3528429696
1376161920
1913106576
1912837268
1644411028
1728231620
1728227340
654485532
654485532
788704541
788787481
622018845
605225773
605225261
609288495
616576295
616578342
616574742
612443670
813834758
813830662
276955654
277086726
277646934
277650018
277646306
277780866
277782403
1397667715
1444917889
1447031445
1445336757
1445076901
1981947297
1919106531
1923167271
1924145207
1922064646
1921032454
1921032503
1921036583
1669631271
1636079717
1640478944
1615759456
1611565344
1628358928
1628311360
1661872064
588195488
588005029
600051621
595855269
1635784069
1635783047
1904226702
1363162510
3510779710
3250727726
3246533438
3247647502
2173921550
2207512638
2190597162
2190525498
2190770234
2194965562
2187101226
2182990959
2183055487
2202958207
2202958463
2211379839
2262761087
2262630359
2398928279
2405219477
2371198101
2354486677
2354493332
2354229940
2354164404
2488316596
2484122364
2484186748
3021187644
3021187628
3825314617
3875645705
3858868491
3791895818
3791881546
3791749466
3792011754
3796337130
3821253038
3821249711
3787699391
3838023069
3837965708
3846350220
3842155964
3842092520
3875662184
4011063592
4011063592
4017225016
4017181976
3999339289
3999478617
4016255865
3915581421
1759708653
1755516405
1755389013
1756706823
1756834823
699804679
731786503
715007238
987571975
1003235079
1003235191
965488375
948715191
948715159
952909463
952919703
961378183
407843735
415699895
415576995
214201186
213971234
215003426
479247666
479304466
479435523
1553176835
2089126739
2010090434
1984856706
2114892419
4263424643
3994989283
3994919655
4011631205
3977045541
3827100460
3826579500
3780495404
3824502844
3803662348
1660308493
1651905549
1648234527
1646137646
1667109166
1640960878
1636577902
1673798254
1673802462
1665401543
1665401559
1665472231
1665412839
1640246263
1636051414
1669605494
1669662774
1921910806
1921649670
1921654791
1917476871
1929961781
856224549
856212325
822658036
805880788
269075444
269210036
269414832
273610128
1355726208
1351530881
1351530898
1351003010
3569789826
3343297410
3323920322
3460190146
3464431474
2398032674
2393842466
2393645410
2393645411
2411471313
2363229136
3428582320
3423417268
3422958516
3422959092
1209412948
1209412676
1213611020
1215634444
1232354572
154430813
192015821
191008207
174228943
450986975
450921471
442807295
443916655
437625199
991207783
2030346599
2013636071
2013773286
2030565858
2064054754
4198914546
4266003906
4265738690
4266803666
4270997986
4273193954
4273000931
4287668705
4287668468
4291863620
4261448716
4262710332
3994213416
3996579112
1853273384
1861124408
1856603416
1852347656
1815653640
1815849416
1813699209
1813695145
1681787563
1681657515
1681131178
1612985246
1616912814
1621176686
1621229606
548540690
565323010
579938051
848307009
851501505
910201249
906003873
906003873
889243045
872467957
872668471
1011023669
1020702481
752267009
752331265
685025857
675588805
671398533
704814727
704814535
704807954
771981362
772841510
772857894
773021734
640824366
642910255
575801663
584190733
580000269
563558941
545734157
545600013
545534477
546062941
546095725
546080495
562859767
583834503
583899527
575510679
570792119
570734759
638041511
1728229287
1677897639
1677897703
3829574950
3963678006
3960532278
3960500022
3960613606
3981581030
3989965474
3985967778
3985705873
3971030416
3970973072
3970968976
3975167424
1819291584
1819307713
1829792387
1863347074
1863450098
1867767010
802407666
802410706
804380883
804380881
795996533
796119421
796120377
795998521
795998523
795965466
728840202
694369290
703803402
703729691
699531561
703725881
737546504
1003889416
996108041
962359065
944303899
944307995
944295834
952819611
952885147
952749961
1019987853
474629020
474886813
524690069
373699287
374739766
401805606
400580902
362868006
347121958
881891687
932219367
914721693
920029069
1985393293
1714926223
1712698111
1712366127
1694540327
1678814759
1679288869
1611856421
1634880293
1651657525
1649560837
1648821445
1648623765
1648627887
1648637102
1665348774
1673688230
1736599014
1736566582
1736501014
1736500999
1740695319
3888181046
3888503334
3880176166
2739325542
2723007094
2995575574
2995579190
3012488246
3012490262
2978894854
2447327238
2438725686
2417754151
2417820775
2421032355
2496530081
3566145200
3565697664
3569892224
3557570688
1275869312
1292254336
1291989888
1293034176
231875136
229646865
212919827
1286646275
1291033091
1559468567
1508948535
1525721941
2056300485
2056622533
1791459765
1778483429
1778417895
1778417767
1795404839
1795337254
1796384822
1796319262
1796323422
1862383998
1862458878
1845678078
1849907070
1849898798
1716729134
1725242670
1742019886
3856473406
3839694614
3835385367
3835420183
3767115269
3767044612
3767044612
3813198148
2718660628
3054118964
3188335668
3189383205
3201970215
3149529959
4190044775
4189849335
2576883399
2307406543
2299017807
2299026255
2332719438
2332715342
2328521550
2324393806
2324297598
2324230510
2324206062
2324201966
2328397294
2337836535
2306576277
2285542276
2285566596
3359308420
3359371140
3373919636
1293675956
1562078612
1566173588
1549531540
1545272240
1544216208
470470272
470795904
1006957204
1006953205
1006953253
943841575
952283171
953585703
949387303
953647383
2027269902
2017831694
2013637390
2030475550
2064029726
2114373662
2114391134
2118386910
1993676030
1989554413
848703972
848691684
848757716
851772352
290415424
269476608
269283632
806139168
806155553
806158115
822987555
860867123
844089905
844061553
919436145
918903795
382032851
398942083
365328259
365356930
491186066
524593058
524593058
2118430690
2126888306
2009578802
1975957763
1975957505
1950791680
1611040768
1611057168
537283696
537795808
538908064
559879585
568132003
562839955
566509954
541114754
541299346
549631670
1619175154
1620225539
1691414019
1680893441
1680877077
1681011253
1881281333
1885471013
820053045
816842805
817043477
817240069
297142279
313985031
314313991
45875463
43778391
38556023
34369895
34402663
34402663
302833511
290298739
290298867
5093875
5093875
5093875
5093843
5159811
5159811
965251
17734275
286169747
319798195
910604723
910338435
650295299
650221619
642816035
638625827
638625827
638625827
637773863
788695079
771934375
637688997
637932711
642647463
583991735
563021703
546115203
545593987
618084995
609364611
619850371
884157073
883959473
882910129
899707267
933273795
631284035
631283987
627094322
606191154
606191158
1679932982
1680064023
1696775711
1696765503
3844245039
3877865259
3881881385
3881880873
3881946393
3882994969
3866350873
4000534809
4000387417
4000395609
1869820777
1836265961
1836134889
1819283949
1689261309
547428605
547821693
547756109
816199693
816195597
296155149
312785935
313300031
845971519
573407295
574460287
571257191
571257191
571249135
571252207
588101871
554678511
554629359
558823919
558791151
558791167
554531167
554465631
558889343
567196015
563002159
563067231
562870607
567056462
554489934
554440782
554637422
554580070
558775142
1905146466
1905146466
1351367234
3230415426
3230415426
3230415426
2148284994
2148408130
2177768258
2207152962
2207152962
2207087458
2190244195
2189982051
2212002145
2205997393
2181028161
2180970833
2180888929
2155657697
2168240608
3225008592
3223042496
3221928384
1074706624
1343142080
1880078448
806205536
571455568
571390016
571390016
571390064
571258976
571250785
571250787
571258979
588101735
588249447
554629991
554629735
558791271
568293991
568097143
567048535
567048263
567113799
558774359
558774389
558840181
558709076
558709588
558840432
550386272
546257520
546126448
814496320
277625409
277625411
1082997314
1099905602
1099790914
1133378370
1133377874
1133427010
1137375554
1124792386
1124857970
1124644962
1124645346
1107884514
1107884514
1112340962
1137228194
1405729698
1401535142
1401535222
3549018838
4052335479
4048272229
4048202021
4048267572
3775506708
3775768852
1628289332
1628342564
1628342564
1661897516
1661963052
1661569884
1627953732
1627953989
1628027767
1628093414
1632287718
1640692710
3851156470
3855219398
3846765254
3842534086
3976817638
3976866790
3981060582
3985258854
3986389110
3986192711
3985172805
3989367108
3981028164
4014647924
4014652004
4014709604
4014512468
4010318165
3876116565
3842758757
3842693221
3842693477
3846888292
3855276900
3855342452
3846765396
3880319300
3876125012
3842767204
