2804597482
2791949930
2800242478
2796121102
2800233486
2792107022
3056348174
3073190975
3022924847
3169716013
3166570205
2629763741
2627482300
2627479453
2359092623
2229044358
2229241222
2218690530
2218165094
2218168854
2234705422
2266165006
2249419598
2249357647
3323091405
3461499341
3327349901
3318772157
3570463208
2488324584
2487346536
2483154220
3573640508
3343068956
3351385605
2273706503
2207646262
2207724070
2210411494
2168456615
2168456615
2176848005
2155963781
2155931013
2240064903
3318061494
3343354342
3323889702
3325999158
3329140742
3337530375
1190043652
1181659140
1177325604
1311555620
1311689988
1329252868
1329220176
1308252787
1308309330
3455660358
3430424902
3438813646
3434813354
3434815146
2358868650
2358835882
2358819483
2358819720
2365102472
2222496760
2218303016
2218434088
2218455576
2218418696
2218729996
2231120173
2516075563
2510834794
2544421038
3085469838
3086662046
3086662542
2816130958
2815984782
2790823051
2786635947
2786701550
3861831726
3861799742
3878560294
1697523238
1680281138
1692733170
1688542098
1822898566
1688615047
614598791
900077767
933633351
922552071
318267941
314106404
850960940
867742252
1903736367
1899540078
1897441662
1896458350
1934204014
1942733854
3553247246
3554295886
3518916047
3517902572
3517841132
3521924780
3548122828
3541845708
3277746444
3277742125
3243664429
3495390247
3494728723
3503150099
3503063089
3498868769
3519840368
2433660096
3004083648
3005123200
3074329232
3078527648
3086875299
3078366886
3078365870
3074163438
3056865770
3190042734
3202626606
3198493742
3199562814
3197431823
3197412361
3214191624
3109914904
3089025832
4164603436
4164552228
4164555300
4164559396
2016944708
2088247620
2095579228
2091404396
2074757196
2058016780
2058021197
1521396303
1521270490
1609102074
1562923754
1546126314
1546125482
1550323882
1609200811
1588262060
1588257932
1592452236
1450894732
377155980
372949388
372785327
370671786
387715498
341062058
351677098
1421224634
1421224634
1421101818
1421662810
1424795402
380403978
380535049
380272684
1454088236
1449697316
1445573664
1445630992
1445911552
1429134339
1345211666
1345720114
1358388850
1957121554
1957678615
1958727173
1958528548
1979491876
1966909228
1998558524
1998165116
2115556589
2114471165
2114471101
4266267828
4283048420
4241105636
4241105524
4237980228
4237973189
4238002821
3566848663
3587726006
3608685238
3594198914
3594387842
1446973586
1463091366
1978990823
1973633111
1973510407
1470162695
1453452815
1457716767
1459084862
1458884462
3597979003
3612659067
3547647081
3514160249
3514201417
3514192201
1365640665
1399133689
1407526841
1407530671
1407653550
1374032814
283587582
274993462
6565910
2416663
6611989
6596661
6592788
6720256
3070720
4082176
8275457
8274435
15549410
32338402
66056690
49255890
49124561
1114619376
1114547664
1114482112
1110213584
1111274144
1111356064
3514757872
3506074353
3500815011
3501732514
3501728678
3499893158
3503031478
3511618710
3490674902
3490674909
3221747804
3289901084
3579162380
3623335436
3602350668
3600261724
3600671343
3734299374
2664723438
2658403822
2654211434
2520123658
2520123850
2520197514
3597937850
3618660538
3585134730
3618685066
3616833706
3600064682
3593512171
3593837803
3526809689
3525765192
3542542600
3542514952
3514191644
3505902108
3501650717
3501642559
3518284606
3518275882
3551830314
3546072430
3508389358
3508522462
4028550543
1879995789
1879991756
1880057164
1885173068
1952403213
1951813135
1415048734
1414651454
1431424606
2144454494
2127806798
4270047310
4270055550
4270055662
4271362541
4275434477
4145870829
4246536172
4246568376
4229836280
2103324029
2113615160
2113601816
2113803032
2137784888
2003043896
929111640
913513144
921901736
919616425
918559162
918561930
918573194
323080346
289517722
275951706
274899258
274961210
6607418
14966330
14965307
15014683
15088394
1155938570
1155665162
3438284042
3436207386
3448794426
3464588602
2390912282
2390893834
2390884634
2391081259
2256802091
2256797995
2258370923
2281439595
2231136747
2222772649
2221787065
2154814361
2150488984
2166741912
3258046937
3258177993
3256023049
3254968331
1107419146
1115742266
1099030826
1082303339
1078108911
1074235071
1078758319
1087151021
1099741629
1133492413
1380890845
1376692301
1376693261
1376642076
1394352173
1359749165
1343165229
3494789679
3503211055
3499087463
3498635971
3230175874
3230171522
3230372259
3230314913
3234509217
3221929381
2198518213
2181740807
2181740807
2455414806
3529092150
3529023494
3529023494
3512254662
3495608495
3495575991
3495839125
3495714725
3495721637
3495754661
3545758661
4067945733
4067927303
4065697853
4065636413
4065636413
4078350653
4043764605
4026946268
4027385580
4031579821
4031581869
2966167215
2978750447
2476548094
2476619102
2476614990
3585893646
3623642134
3615355958
3613246518
3613148278
3596375398
3596509270
3613270086
3306893639
1159336311
1142555479
1146749527
1155094133
1419276005
3566758644
3570985884
3301755804
3310145436
3343828876
3611746957
3612336781
3612209839
3620598447
3619988143
3611599854
3612653038
3528832094
3528829966
3528832031
3595932735
3596006703
3596018975
3610703119
3608562975
3575074110
2488761382
2488695926
2496122070
2491924678
2509226438
2510148487
2514285221
2514281125
3051332260
3042746084
3038551028
3038555124
3071781844
2786503620
2790702916
2790688597
2790638037
2786357653
2802852277
2752714149
3025276839
3033668263
3031509670
3031444134
3031449174
3052672518
3051635462
2544132358
2511298583
2511168565
2515295269
2506901605
2502772837
2507037029
2507071269
2549006855
2549076483
2548949763
3614236949
3576455461
3577499941
3560916261
3560856853
3564534084
3564559108
3564620549
3564407557
3562322813
4115967871
4116047702
4283687366
4283662806
4283924710
4283924710
3210211558
3178618966
3185040727
4258717479
4292336487
4266946151
3188991687
3189057231
4128641999
4143317439
4139189423
3602121901
3616804021
3616816325
3621088709
3621086661
3621249365
3621183861
3587621685
3562455831
1414840887
1410657831
1544874535
2080680759
2080803591
2135329543
1858506005
4005867789
3930370316
3926176028
3943080508
3909546540
3892770412
3892604524
3896782573
2831429358
2844005806
2877555902
2877621438
3146126494
3150328990
4224070878
4224087518
4224017887
4215596495
4182042061
4182042061
4165330397
4165468141
4232576365
4257674541
4253470781
4287090749
3754278973
2655342653
2656399421
2656451644
2655402796
2529561132
2529495596
2521042456
2521039624
2547323656
2241803017
2224964203
2224768746
2226671594
2230868970
2218293726
2235066830
2266654158
3322814798
3327008846
3469160766
3485532462
3485679918
3443769662
3443581722
3473188698
3477907290
3477638602
3486026187
3486239113
3410689433
3406522297
3407504313
3407508105
3378172809
3385770971
3385654763
3486312491
3477923883
3473729563
3477990410
2405363978
2380186378
2375991818
2627633706
2644411946
2644282218
2648213999
2673379807
2658698633
2654507912
2654646920
2654659244
3191530156
3057282540
3057141996
3061401828
3069865173
3067765957
3076415693
3026182605
4098802509
4098803277
4107197053
4107131501
4123318637
4148460589
4127470623
4061270031
1930571791
1930571787
1900156203
1891838507
1887447659
1887513211
1887514315
1355092683
1346634459
1347158763
1355547242
1351353962
1083145066
3297700842
3565857198
3565922718
3582504334
3717830030
3753611678
3741036975
2654516655
2654512575
3191383493
3191596245
4265239653
4265485669
4268627437
3185970669
3169258463
3170180047
3170118351
3161746958
3162497566
3170808351
3170472461
3036197644
3036194572
3036195612
3027937836
3210386028
3189426924
3189427853
3189654414
3189719230
3193700526
3218866414
4242276462
4242416910
4242419470
4242417183
4243924543
4250170189
4266979656
4265972168
4274494792
4274305400
4266441320
3192699496
2925304440
2933765833
2935862219
2935853547
2927481066
2922823914
2922823786
2939311119
2909954061
2901565501
2899329340
2895188748
3163760140
3167956509
3167829743
3159625454
3160149742
3161984494
3187164414
3187201226
3183193163
3216746505
3204098312
3202263308
3059727629
3054821407
3054825838
3054764522
3071673322
3003515566
3016103598
3011850134
3011783046
2978228359
4051970181
3510909061
3507969413
3507903877
3541456261
3524678023
3528872149
3528749269
3528746101
3545513269
3495235349
3505789445
3501599261
3501599343
3501664878
3501473774
3251899886
3271849198
3256153118
3255931918
3276837903
3277100303
3285554487
3252131623
3235813159
3234780727
3230581271
3230646999
3297366951
3301564839
3309953455
3305698751
3305962637
3306027405
3574507981
1460578639
1460578767
1465297351
1448463814
3604268422
3604070550
3620950455
3520209319
3520209847
3503428257
3503489765
3520070181
3522193189
3555749149
3547392269
3547572253
3509753869
2433910799
2169866511
2160381214
2424620382
2425144814
2425352687
2446254503
2472473511
2539045781
2522334165
2530735063
2530338263
2521886071
2517691751
3742690150
3742886630
3709263566
3709263567
3713431247
3713427151
3709170645
2635338069
3692368245
3696701789
3570869117
3700761453
3700713453
3700782589
3717520861
3717516653
3746860399
3742666091
3742801738
3742809930
3742824270
3709268318
4279693694
4283887966
4291158398
4274315626
4270121258
4270128425
4270127401
4274317352
3730274328
3742783496
3574990088
3558211912
3562410845
3570815597
3565601325
3565191981
4118854965
3045107732
3074467860
3070408724
2533787652
2517026565
2667971078
2635989510
2568880662
2558395106
2561147554
2561147298
3098023078
2561152151
2561162373
3379099780
3375999108
3407718532
3407325636
1510386132
1510124884
1510123332
3657602901
3661727573
3753940439
3753948407
3753948406
3720385766
3720582630
2625812454
2625814118
3049430639
3049360927
3042221581
3071647565
3070664013
3070661964
3070739805
3070576109
3205842413
3176300525
3184684909
3182591869
3182647117
3182458191
3218105679
2681233519
2664559663
2664682607
2664944734
2656566470
3212312006
2638142967
2642333143
2507595205
3050829253
3050829780
3042301796
3021230629
3021287973
2488608311
2496996918
2496999222
2497001766
2496923750
2488535286
2505378262
2546359750
2542204871
2542129861
2542056437
2546246629
2537857380
2538074492
2538070333
2500141357
2483365167
2483436862
3557952894
3562409438
3570798030
3570691534
3570724238
3573020559
3589703629
3589703629
3614803804
3609515308
3525698861
3525698861
3592806719
3598151999
3598074206
3604365694
3604333422
3615814511
2508515183
2513201469
2504816991
2505005391
2504415695
2504416735
2547415039
3755471615
3734368983
3733238487
4274299877
3192173925
3187973156
3189028900
3204491316
2902632452
2885859844
2886913540
2886880788
2886932004
2890933796
2899326500
2760902188
3046114796
3048473775
3030647998
2426674334
2430933150
2162628758
2154109078
2162505974
2179414070
2209753094
2209754118
2209752070
2209817606
2208574759
2213285679
2213302047
2272119631
2272263501
2272132989
2272132973
2272122733
2272132989
2238709581
2238544717
2238544765
2238528367
3446487407
3379394927
3408788862
3408900574
3408900298
3392123018
3459035530
3458766218
3458764170
3735665595
3735665336
3601447608
2527771288
2531966616
2540349096
2502611624
2486858472
2491028072
2491023931
2490958634
2499293482
2490907690
2490898474
2490914874
2490947594
2491021321
2499388680
3707343368
3698950728
3693777624
2620043976
2624238264
2649462187
2515045546
3085470890
3077281210
3060438666
2989142667
2989073032
3056133816
3056168616
3056152232
2720546728
3798537624
3798536329
3806867611
3823636715
4092330219
4059918569
4060078312
2959057016
2958008584
2957877768
4040140296
4035964440
4041080361
2969525803
3011463722
2993573178
3069068298
3069169690
3060592683
3060580393
3060649992
2523783176
2523718664
2523200552
2523285609
2541111722
2482428826
2449399690
2478818954
2461845146
2461586330
2465789114
2465789162
2457363498
2453154874
2453349386
2469016586
2489988378
2498392874
2494222891
2495119928
2494075592
2498273992
2489890440
2955447944
2955595432
2956614312
2956667560
2956470954
2692221354
3777498298
3811115162
3815321738
1667833994
1667833994
1676226762
1642669258
561867850
545099017
813534488
1626185016
1626318600
1626318600
1626187272
1626183224
1895793192
1902035496
1918763547
1918767626
1918767626
1918701610
1920734250
846992426
602670202
569185482
829240522
812454026
812503194
829280698
393065914
393196954
393131418
393131418
376288666
384606650
397205946
397259130
380612922
313438522
313173291
318418153
310093992
309898392
304665736
304627848
321585288
271192472
275395160
283832873
283834923
283683434
1349036651
325889611
325891017
15565256
284132120
284054312
284042024
284041769
15609387
7220587
3022314
19727498
52691082
35979402
36028426
24441128
7660840
6597928
23374120
57061064
57050760
57574024
65831609
65831610
330273194
397390314
400859434
1457824810
1449501962
1986178315
1986178888
2121514712
2121330408
2115006120
2114989755
2131834586
2136085498
2012348906
1441857770
1437606074
1437606042
1437671610
361902250
362160296
349565048
270307352
271355928
271359240
288209160
858503192
1915402248
1915389960
1915455496
1932297672
1898414728
4033266360
4041626280
4037423784
4038533800
4040434344
4056950441
4082118059
4149225706
4116002938
4118104074
4117022730
4125412362
4125401098
4125405450
3081077513
3081142824
3215368744
3220628008
2681594728
2673144680
2638725992
2621882744
2621858140
2488493884
2488401708
2488356653
2505264719
2538827470
2538678158
2521899454
3595702462
3612475530
3614572682
3614650522
3580898474
1433413802
1431316634
1465069002
1465070026
1473515850
401871114
401866762
334757914
334431275
325986347
292497641
293087369
360213640
360202632
343523720
342541192
275677785
292459067
292527914
292334378
325364522
308587274
308650763
1458012489
1474723928
1442218024
1417568552
1417552168
1416504873
1424895547
351157850
351145962
359400346
392429962
103022794
120897563
74753067
74755114
1148496938
1148496922
1148626186
1149141514
1303020042
1337639451
1337590392
1304040184
1303982824
1299719592
1295543464
1580783784
1579866248
1580107912
505842824
505646473
505460411
505475754
1579217578
1584640746
4260537130
4243824938
4239433770
4239434042
4254180218
4254511851
4288537336
4257755896
3575124696
4111991528
4097311976
4029220968
4033484904
4041930952
4033521864
4033456264
4050161288
4050420424
4083450584
4066738728
4066812456
4083327528
4117946920
4101136936
4101448249
4099356202
4099292970
3025541482
3170306218
4294183066
4276357258
4276472970
4277523594
4277511579
4275347897
4275348473
3209995256
3210064872
3176579944
3184976680
3168265016
3168133688
3176264232
3176646184
3176515129
3210047179
3192153818
3192157610
3193311402
3210084538
3210100938
3212267610
3178259482
3176163354
3209816346
2589190410
2589456650
2597607690
2598124826
2598121482
2610434074
2291859754
2293891882
2292843114
2292909691
2292719615
2347244015
2330515567
2330515559
2322200647
2322200647
2305550661
2288712261
2288712285
2297051743
2296986239
2296912494
2288519790
2305296494
2305366254
2313754863
2313763020
2313763020
3387521228
3379132876
1231649484
1227438716
1210661740
138099052
136259692
135080044
402991356
402991245
956644494
994538894
986083727
986149257
986051000
985985512
1002765608
994441513
990247289
990247385
725744073
692190091
692182923
1002537867
1002541467
985764267
1044623787
1044492459
910274730
910268586
838965434
839104666
826456474
809679819
819116747
814921291
814776907
817136171
1891402282
1643950635
1618850091
3762131241
3766325801
3764233736
3764365832
3760171528
3760171528
2686425640
2719648296
2721745448
2720711544
2724971464
2724774361
2724778347
2724753451
2724802603
2724929579
2737447995
3765054489
3840555017
3836361736
3970571528
3970635592
1822955337
1822954315
1822953962
1839730922
1860710634
1877553402
1877569754
1843982538
1751692490
1751694538
1752022217
1752022984
1764736712
1798223560
1798218440
1781510857
3928802042
3928867562
3933199850
2868766826
2868766826
3135073354
3134809098
3129688090
2592800810
2575966506
2559189818
2560238138
2560234026
2562197290
2611481962
2326284398
2330482798
2322102494
2317973711
2318100687
2284464335
2288662991
2297044943
2292850383
2296913658
2296921642
2288533290
2288532526
2288642159
2313808093
2313730252
2313722056
3379136904
3379272328
3408657096
1260993064
1496005164
1497247276
1495149868
956769324
956571695
960815130
700756042
713404618
713535625
713535640
717601976
705018040
705018008
705149064
705083528
705084616
705076297
772195355
643220523
578766315
594490538
560932027
544154779
544085387
544080779
552534683
548344505
548213419
547624619
547628719
547630766
547630814
551872974
560248910
560249935
560839948
1642970892
1642964508
1676650044
3815226904
3810893336
3777337912
2703596072
2703605288
2703749672
2686972456
2686845481
2691040027
2691109659
2690920826
3764651130
3790342394
3823962362
1655576778
1655585866
1655583754
581907466
581775370
602677258
602677258
560754714
560758906
569213179
569218265
552449433
552449433
544061081
544061081
539865785
540013241
556741369
593900155
602288427
933634091
938876971
938745915
1970545691
2104810507
1551142155
1551142219
1433771339
1442693067
1404933835
1386975899
1386992282
1386967738
1386885802
1391076010
1382753706
1378428074
1377513658
1394290698
1360592907
286851082
20672522
53190666
304652602
845710634
921210666
917081402
2141953034
2108341257
2087369736
4230659080
4163615768
4163466280
3089774376
2565486120
2561291816
2561291816
2561156712
2561155688
2561159784
2565391195
2556985674
2573767642
2573844154
3144268458
3190401722
3190405786
2921970314
2923015818
3996754570
3994657418
3994804874
3996803434
4000981034
3865707562
1701448746
1684674586
1684682762
1684679690
1709915210
1877544394
1856589705
2141965960
2108358280
2092875400
4239759064
4239692392
4237337128
3167805992
3166757416
3166757416
3166760488
3162536746
3162507562
3162573306
2512459146
2513768842
2514289034
2516123834
2649292970
2649310378
2649324730
2649320584
3177833672
3039420680
4113162760
4079710728
4046140936
1898655480
1630218664
1630087337
1634298027
1635337355
1635369097
1676378248
1676378328
3823862632
3824001576
3824004648
3824004648
3824008744
2741868073
2741867049
2720891435
2725102379
2725234491
2733630779
2733631291
2725208890
2725188378
2725184266
2808545626
2774991226
2758155306
3160815658
3160815642
2624006154
2565089290
3635162122
3383242762
3383234570
3383300106
2309558330
2343116842
2343116842
2330677291
2322284859
2322322781
2322265437
2322268109
2347424717
2313837449
2296994747
2288540075
2305351083
2305357243
2338959803
2338960827
2338960891
2338962489
2338961465
2322311192
2322311176
2586557448
2586424328
3123425816
3127555624
2838150696
2821365352
2821364344
2822494840
2820173416
3893896808
3892847336
3897038312
3922199720
3934804152
1787418808
1787426968
1787406472
1787406472
709469321
772448394
772468874
772468986
638480634
656278650
559811066
553585562
549391002
549264026
547175050
547106440
815539848
819734168
811349688
811337384
821825192
820785080
816590296
820805081
820813145
552443224
544055128
569095960
1676391960
1676391992
1651226152
1646896680
3794380344
3794380344
3794386472
2737420840
2737551912
2737424937
2708031273
2708144443
2699755803
2699759898
3765117210
3765379386
3773632570
3773629498
1621953578
1622088762
1638808586
1638808586
569316426
569312458
569201802
569234618
569226394
837662090
812619658
1953470106
1953478299
1952822968
3831867368
3857032040
3890717496
4003893784
4008092216
4009140776
3195494955
3195282218
3123985450
3121875178
3138717866
3109423258
3101042826
2559976586
3633578122
3365142666
3365150970
2308186346
2308186218
2308726826
2308759578
3382571291
3388985627
2314977593
2306458937
2306596729
2306534361
2306538457
2306595803
2334718810
2334718730
2334774538
2339029258
2313863450
2309669163
2309611817
3384338216
3388534328
3422117624
3422227192
3414100920
3409382828
1261903020
1259748524
1225157804
1493263501
419491215
423686031
432062431
432127997
423755625
457703289
994508121
994507035
994507131
994565115
969210811
969178009
969179033
960780185
960714681
960632233
1027749291
1027685551
1027620030
893483198
927193246
919836814
919836814
919706783
919706847
913552509
912440639
908180799
639930141
1731038749
1680837147
1680521787
3832195627
3974802987
3974872617
2901976616
2891494920
2908262984
2904143432
2774117992
2774137448
2776357480
2776238824
2776240121
2805600763
2775388282
2775318586
3991470138
3974823962
3975750666
1761093642
1758996538
2027628602
2027563018
2035951626
2036035786
958185866
994869642
969769386
2043650474
2043584939
2026283435
2085074587
2084935321
2097649368
2097665624
1963423240
1997878792
2012611896
1923482664
1923484712
1990661210
1990472906
1449401482
1446251706
1446383034
1329467322
3481151130
3451462346
3451396954
3450351962
3483902186
3483918570
3416842474
3383288299
3387462009
3454636921
3446248312
3442180408
3442181432
3442126104
3429542664
3437931336
3439045208
3430476409
3443055130
2369373706
2402992650
2407187226
2415849514
2411585579
2409160809
3482968504
3449452424
3453946504
3445361336
3443264424
3476359592
1328942248
1597382904
1597464776
1597038665
1060151305
1064345912
894477608
928364328
911712088
907450696
773232712
773232856
773298425
638958713
639082523
639545371
643727417
643727403
641581115
641201275
607545595
607529115
611727771
609618842
619776698
1693464234
1689330346
1689457338
1689273051
1705304651
1738843661
1986307868
1730985528
1697627704
1680780840
3832462888
3840843304
3836513832
3853303352
2783755785
2776415755
2772221467
2771170857
2771113513
2771042857
2770993689
2776302105
2776113769
3849855465
3858247915
3841917050
3837657146
1690244122
1706900506
1706830858
1641294858
871828490
863439946
930432202
938787210
905281930
905286074
905425403
888643961
888578361
880260393
897037864
892723768
892690953
892604937
891552267
895942954
635830314
900080682
901194810
905196555
358896841
358925769
358974857
1466808248
1475130296
1470731192
3601437432
3601568377
2527834680
2544546344
2512102952
2633541160
2625152552
2625167928
2624143896
2557149753
2557084459
2557084010
2557088890
2557156586
2582191338
2582191354
2611614922
2594845066
3400233867
3404231321
3731383208
3727238312
3727255720
3728238760
1580787896
1444474248
1985521544
2012779400
1945665944
4059922856
4051669416
4032799464
4032668248
4032668168
4032684552
4032788008
4034862635
4060023594
4092528938
4075752458
4075697162
4075643930
4050427946
4096557113
3828190216
3828193544
3832318536
4109208280
3069156264
3001980312
2993615032
2993561769
2993562027
3003003307
2998539179
2461676521
2461544921
2460497227
2196257802
2187869194
2183886874
2183813178
2188040218
2192226330
2478422106
2444795353
2432210632
2422847176
2418713224
2418713240
2418733736
2419708584
2956510889
2960705259
2960706939
2976438555
2976512795
2976508699
2976742202
2976717370
2976717594
2976856858
2439981946
2976455146
2984840378
3018392730
3014250650
3014258842
3014242459
2980684168
2984878728
2972299912
2972291832
2703856168
2703883816
2704009768
2770987320
2770991401
2775566649
2775042313
2942820105
2942535433
2942403128
2943463977
2842796585
2907824697
2907824665
2907825721
2907820009
2907820009
2907819433
2907915705
2941473161
2943578507
2943439258
2951827962
2950758762
2908820778
2908847146
2917231642
2917231627
2918278153
2918282505
2916184329
3922813707
3914412826
3914404138
3981513002
3983610922
3983606842
3991997466
1844516874
1844525066
1844525066
771037210
771038234
771035146
800526346
800534554
799936570
665784362
669790314
669779050
627964279
627964279
627964279
627964279
627964279
627964279
627964279
627964279
627964279
627964279
627964279
627964279
627964279
627964279
627964279
627964279
627964279
627964279
627964279
627964279
627964279
627964279
627964279
627964279
627964279
627964279
627964279
627964279
627964279
627964279
627964279
627964279
627964279
627964279
627964279
627964279
627964279
627964279
762165623
1030601079
493730295
225294839
225294775
1231927735
1231927991
3379411639
3383605941
2309864117
2376972980
2242756276
2242838180
2242838252
2179934189
2172456957
2171289023
3245028542
3274387694
3274256638
1127870714
1360769098
1359917130
1359981642
1930266954
1934465882
1942854650
1942854650
1917753802
1934534026
1934602698
4049322218
4040876269
4041105508
4043186208
4034666784
4030468384
4030482208
4030680612
4051524100
4068366853
4068366927
4068395726
4067285743
4071423599
4139577963
3065573979
4137218633
4137214841
4137197929
4133020907
4133010666
4128872622
4061830335
4063952015
4063947919
1916321935
1662772159
1612374717
3759825549
3763991199
3768313582
3770453742
3770453610
3770466155
3824976907
3811869705
3812004873
3812029496
3879134248
3861277737
3865467967
3890613262
3891659790
3849651318
1702101222
1951732214
1951797638
1960195982
1976972942
1979072198
1974943430
1958041206
1957983854
4105986687
4110213725
4099729112
4116502504
4116219368
4157181160
4157584636
4158629324
4125009244
4124484477
2782363951
2773845295
2769593647
3876957503
3860245823
3862355775
2788574749
3862300445
4130672925
4134875165
4152176743
4127002727
4106162279
1958621654
2092832326
1556029014
1572617814
1593588694
1581022406
507143375
238744783
507069581
507004060
528031208
486227944
486222696
479734584
479735576
478684697
344535594
344506922
349798954
341541422
360227430
372016070
376210818
371834034
371833010
371849394
1445592498
1579876226
1592457090
1571481527
3703105429
3703107460
3703106436
3702110876
3706576556
2623864492
2619631276
2620404460
2618299132
2622563324
2629920237
2642437485
2643522861
2643522847
2683434767
2673014606
2668809998
2668875054
2534526254
3608179758
3608354894
3612483790
3520209103
3519217816
3502703784
3494337960
3490172344
3489976216
3507795916
3511990093
3522462479
3588587802
3588662574
3588662574
3613830446
4268137758
4269182222
4269186318
4267086910
4267037950
4267499774
4266418350
4262207658
4262404270
4280168622
2103333550
1826539199
1824444127
1690148383
1690086927
1710531855
1697947661
1698140172
1698005004
1681178684
1681265900
1681276329
1685457577
1823869611
1823672986
1839283850
1873815242
2142250698
2146444155
2144346393
2144362760
4291948808
4216714008
4216841784
4183288376
3646814776
1532885560
1524488827
1524226906
3671635210
3671638026
3665412154
3661283375
3661291631
3659194583
3642418567
3629800838
3638431622
2564624006
2627474086
2627482606
2627478382
2629046570
2360611083
2360616715
2360683273
3434556217
3438615337
3429124395
3424930827
3290809419
3291857033
3308618121
3344277945
3327633341
3327579804
3328099981
3328087741
3327959981
2262606316
2545721708
2512167212
2512166972
2512368956
2508096820
2536949540
2536949303
2536961590
2535907894
2540106286
3747987774
3723871262
3755314206
4292130846
4275349533
4266960908
4129270796
3592353100
3592344396
4145693396
4116316900
4109906661
3036160999
3031966191
3031987694
3030109662
2962856398
2984032718
2982975998
2974583791
3008334591
3009322719
3005146847
3007275767
3007128295
3040158439
3044487527
3036091431
3035956263
2494831655
2514758663
2514824199
2548393223
2549995295
2545932095
2543818557
3047002076
2514063320
2505681816
3575425976
3575438056
3591688041
4128753435
4127670539
1984290846
1984290862
1992811566
1993341998
1984875590
2119093447
2102322311
1544479879
1544541574
1544410550
1548575143
1548559267
1422861235
1423913971
1419588085
352138741
352141269
351214407
342825539
342301267
350571219
351590387
368374227
401903809
1458606273
1180873153
1176695744
1193473616
3311586848
3319847456
3585108512
2511367716
2544924468
2528146180
2528371471
2528301886
2528495406
2532625774
2472856686
2468662382
2469893210
2469832014
2471929807
2472013773
2470768380
2466340524
2466467836
2466383308
2437035340
2446467388
2446467389
3522246431
3522176798
3518260526
3556005166
3587489838
3562324086
3561870534
3557799110
3557801158
3557727638
3557727622
3607543686
3594960774
3603345287
3603291527
3594841511
3590597797
3524535469
3524670637
3512074429
3505783293
3501523967
3501470719
3501470687
1358193503
1358258971
1347907866
1347769627
1350393147
1350401339
1350527769
1350560521
1350560585
1350565323
1358939531
1358939531
1090437514
1107215246
1098896286
3278762990
3278759790
3530351918
3538789678
3538926870
2464855814
2532029958
2531889686
2531832358
2531844647
2524504615
2535060007
2538259445
2538586596
3083633892
3079440620
3066362077
2521098333
2517035101
2517006413
2518031823
2534807502
