1356663823
1406075911
1380926837
1376769013
1376228245
1376227989
1912837045
1916834725
1916842919
1925226935
1656988831
1648536735
3791829119
3791886383
3808598061
3875711021
3842418989
3830890285
3763783484
3763847709
3760014141
3760022383
3760006119
3776775143
3813475310
3813474942
3787801102
3787740682
3771006475
3771001355
3762350619
3762354715
3762314763
3774946827
3775143451
3775139451
3779332971
3779401834
3813096555
3800513659
3801034875
2995728474
2458857546
2458722378
2190221386
2206991454
2173454974
2173492078
2173483366
2173548902
2177743206
2169485686
2170534102
2172631239
2172631245
2473572573
2473441436
3010443452
3010443452
2737748140
2737813692
3812342012
3812276460
3778738412
3812255917
1664756141
1664756127
595270623
593169375
567876351
567884349
563685949
549141053
549273117
565984781
564932109
564931077
569117197
627964279
627964279
627964279
627964279
627964279
627964279
627964279
627964279
627964279
627964279
627964279
627964279
627964279
627964279
627964279
627964279
627964279
627964279
627964279
627964279
627964279
627964279
627964279
627964279
627964279
627964279
627964279
627964279
627964279
627964279
627964279
627964279
627964279
627964279
627964279
627964279
627964279
627964279
627964279
627964279
627964279
627964279
627964279
627964279
627964279
627964279
627964279
627964279
627964279
627964279
627964279
627964279
627964279
627964279
627964279
627964279
627964279
627964279
627964279
627964279
627964279
627964279
627964279
627964279
627964279
627964279
627964279
627964279
627964279
627964279
627964279
627964279
627964279
627964279
627964279
627964279
627964279
627964279
627964279
627964279
627964279
627964279
627964279
627964279
627964279
627964279
627964279
627964279
627964279
627964279
627964279
627964279
627964279
627964279
627964279
627964279
292419959
23968246
23968182
57522614
1131265470
1131265470
1131265470
1135457726
1135456702
1135456446
1101902010
1084682411
1085698216
1081237928
1077106568
1075010264
1074944728
1309384
1108936
1304521
5424075
24560585
24527177
8257821
7275821
7152941
7152941
15279389
15418631
15417607
15683911
66048455
49205719
49189279
48665021
49649597
39100332
39108268
303341228
303343292
303342236
1920307848
1920369288
1920369336
1920308968
4067206888
4079808236
4046317293
4046418527
4029547102
4033806910
4042003246
4042010926
4037816362
3568247866
3567660058
3567724558
3303483406
3296147466
1307855882
1337249866
1320665162
1318486347
1318486360
1319076328
1255976424
1246538216
1264363880
1528807292
1511703500
1579074508
505279452
505209849
504127979
521101674
1565519210
1548155182
1556543806
1574344730
1339398154
1184144394
3331686410
3331751946
3331768346
3331768363
3335864361
3344196905
2220714792
2222873112
2222870024
3294581320
3294393304
3293324281
3293323705
3301716921
3301856169
3301328553
3293011625
3288685225
3288652441
3288657545
3293898377
1129829321
1115079627
3262530523
3258405882
3275175402
3275046382
3245682030
3320851582
3316655134
3316654094
3350278158
3349348366
3349299246
3349311789
3319948076
3294846492
3290483292
3307260668
3308576508
1194715084
1175904716
1314304460
1314292172
1314357741
1314239853
1582671917
1578477613
1578413117
1582601245
1582596111
1578467343
1578561595
1594253418
1543922026
1543913450
1548094202
3704044282
3565517566
3565451962
3565475466
3583296138
3616834186
3604054747
3620910063
2505220975
2488444207
2486345023
2486275359
2486238495
3023103262
3020972830
4115870302
4159836911
4159833065
4155705256
4158721452
4158654940
3614447820
3610279116
3610305996
1446110092
1444148172
1444139980
1448268252
1985144300
1993598061
2128084013
2119685151
2119562254
2119561246
2115104830
2048094250
2031296826
2014459706
2017596986
2026059306
2021733947
2021668665
2088771033
2109750457
1992321197
910194877
910252173
910390669
927101837
893547199
809947887
273056303
1885110831
1887212087
1885649431
1881447173
1881585940
3765606756
3822225908
3804400516
2722275972
2722275972
2718151236
2719322660
2721362468
2738156069
2737108519
2724517670
2725004518
2724987126
2724659358
2732982494
2749763806
2716217370
2699437322
3773180682
3764873738
3773295114
1625811210
1675921482
1659145418
1651294346
1651294426
1647169658
1647235114
1647239210
1731092526
1701766206
1693440790
1694353942
1694288406
1620892166
1637340678
2010534670
1993814366
2010394735
1968447597
1951670380
1951867180
1951798812
1423248908
1423706636
1425869340
1421745693
1421680205
1153232591
3349982926
3333265358
3332736398
3332735383
3332735415
3467948461
3472155629
2406818797
2354520429
2350067055
2354261359
2354265470
2379425046
3482530054
3482407175
3448783175
3436200199
3426775333
3422610725
3423055207
3289815527
3306589639
3258355079
3262481799
3270869383
3270869397
3270893989
3270996389
3530760613
3513984933
3497095077
3497060773
2960505269
2968893892
2985594820
3807680068
2721354244
2721493508
2721493524
2720436772
2720507428
2720329253
2741303845
2724514599
2724482423
2725006543
2724674703
2732997822
2749766830
2716212414
2699443606
2700574614
2717220486
3822350278
3805572470
3797179446
1651776566
1646531646
1646601278
1646668862
1650863134
1944476742
1894173894
1891098054
1955962822
1955962638
1960091454
1960090926
1976892718
2004282670
4134988847
4267070527
4283896855
3713343509
3695649045
2621911925
2630287957
2358183445
2358189621
2358057509
2359044661
2359044611
2224900867
2276773699
2259978179
2264171478
2255799254
2253710326
2270491110
2237133799
2356605927
2354573293
2350185469
2215705597
3289905612
3306612164
3306611140
3293934020
1142165828
1142239524
3289802085
3289836901
3294031351
3254176198
3270872454
3270806918
3270804870
3270898102
3266830759
3266769319
3266568677
3555778916
3513836836
2419363172
2419441012
2436344260
3004672708
2987757252
2986837701
2987296327
2987053590
2987029038
3009111598
3015206446
3014159662
3014196270
3014194430
2997408991
2482619551
2474558685
2440480253
2423717493
2418437685
2418354711
2418489879
2422680115
2514823459
2258902051
2263092243
3329491969
3325428737
3325449216
3323388992
3323374656
1195814337
1170718145
1145408385
1142787985
1142792113
1159696369
1197395425
1451216227
3606439203
3598508835
1467806259
1434444291
1417667075
1142886914
1142755650
1142695154
1141648610
3562875106
3567126754
3569223810
3300841862
3283656327
3333985925
3333993364
3329795044
3325613028
3278553956
3312116581
3320473381
3622399271
3597162535
3324594214
3324921862
3324910598
3325899846
3460116750
1316893214
1304326702
3435123311
3434918501
3701252837
3700204516
3696010660
3691822484
3691941252
1543953860
1493581252
1493575125
1494615413
1498613047
1506870583
1506809639
1502621487
1535126815
1518349583
1522558223
1522594063
1518399789
1518514473
1535553835
1501991215
1501861231
1480889839
1476705535
1476704463
1493694927
1527150031
1510355935
1514550239
1514537950
1514472414
1514410362
3670289770
3452184938
3431213322
3431213834
3431299850
3431257866
2223289098
2240119083
2274853161
2207613289
2206500328
2210696680
2202307036
2198313933
2198268895
2198237054
2231772030
2269520702
2277978422
2273579302
2241138797
2224369788
3302232132
3292269636
3424389188
3424520964
1277041156
1277045316
1277062724
1283253829
1291616967
1308394435
1316848515
1316860371
1323278835
1323299319
1323233639
1339549031
1339385127
1331000599
1326826583
1326826711
1192613015
1192522895
1309955471
1310154655
1180106431
1180098239
1190512318
1186255551
1119154879
1118855935
1123050107
1137714155
1087383531
1087453679
1087580591
1347578047
1360189583
1377209487
1377272207
1377075597
1929216445
1929163756
1928111084
3798770212
3810829860
3777338916
3777399332
3777423908
3777423973
2703650405
2741403367
2749711719
2749645943
2745451543
2716648479
2716855327
2708401439
2691690015
3782073887
3849313807
3882806815
3867012910
3865635886
3865627686
3865592886
1714111510
1714054214
1715086406
1719286982
1736051846
670698630
637422999
633294551
615468613
900711941
904713757
2012016431
1986850095
1986847806
1983706142
1983864862
2000560414
1952322262
1960706774
1352598263
1352599271
1352470117
3499371061
3499387669
3504138501
3495819525
3546266885
1382020423
1380766151
1380729303
1389187559
1372528999
1347364327
1347231719
1343037335
1359822726
1124822918
1112237958
1120490374
1133040519
1099486103
3247170039
3235553639
3237717287
3245971239
3287123767
3539960095
3539308829
3539267612
3528749116
3541328120
3507971240
3491125672
3495316408
3503737496
3520453256
3553926792
3537155720
4067726024
3002372824
2993988200
2994053740
3010830956
3010978413
3008886383
3010979430
3010815718
2993976678
2992915574
2724480054
3018310710
2985221143
2968448277
2961107460
2961046020
2971459077
3072185877
3059607333
2799494183
2795303974
2929509414
2925349926
3997060158
4013841438
3980278798
3978181702
1818111046
1825402199
1825337079
1824812759
1824906967
1841680031
1858463647
2126898591
1992582335
1992586431
1992635583
1900426415
1879442863
1880491703
1350502038
1358892694
1354579670
3500945014
3500420630
3500436998
3504668422
3286600966
3265758471
3534062853
1386512724
1122271716
3279213028
3224793188
3224769573
3224767543
3291355158
3291359254
3295554822
3316328198
3332977158
3332981255
3332948501
3333214757
3334271845
3353141228
3319573932
3309612972
3305619388
3506866076
3540500876
1392869772
1359450572
1342678396
1342549292
1884597036
1893051180
2012654348
1995871501
1987559439
1450524686
1983725790
1981681902
2002657774
1952329710
1960786670
1958705886
1958604495
1977411023
2002575823
923033695
923017327
923083247
890124269
894306285
885393149
2089027293
2105804509
1568962271
1602610782
1606739486
1321527070
1330962718
1163387230
1154900438
1150711286
1150705126
3297758631
3297758629
3302870452
3277114820
3258303557
3258368005
3257843973
3257856309
3261980965
3555501860
3518805796
3502096180
3499994932
3498880628
2966204132
2970392228
3004072596
3004072581
3004072599
2970538662
2970416814
2702994158
2740746990
2723961327
2734446687
2734512335
2733470923
2725081289
2743034043
2986291627
2984195006
4057936830
4057932718
4090835366
4090762406
4059305174
4059315398
3504745558
3504761878
3504796679
1357374471
1365549061
1365549061
1428529172
1412932629
1412936725
1410766101
1410764597
3558264373
3579235861
3757563396
3740659212
3736430396
1519727980
1523847524
1515466852
1528050797
1477842303
1482037086
1492522526
1492583950
418846214
412971526
411886166
416080743
424437095
420242927
420410783
1494144407
1498324407
1506803126
1535966598
1569505158
3721240502
3738015654
3461199846
3327062342
3338555654
3338613014
3266126126
3283038511
3517912361
3502065977
3506194712
3514616088
3544029240
3527384072
3525218632
3524235720
3524101064
1389134568
3503063784
3503208041
3503206251
3494817258
3495748826
3494695118
3511472270
3511603358
3544633487
3544638925
3545690068
3545755636
3545628532
3545552757
3528512853
3528520007
3545354582
3545416038
3511874918
2438129526
2421423958
2421284694
2438068023
2470572823
2453721943
2462110583
2463232871
2530440175
2530306030
2538618350
2538687966
2501266766
2503376142
2490791694
2516055894
2515924822
2513827270
2513819079
2539115765
2522348724
2522348948
2524306932
2524313316
2524440164
3598148180
3598021444
3614789940
3614920997
3589754919
3587531815
3570756967
3570887031
3579238679
3579301127
3613246743
3596472583
3596480775
3596603655
3613380966
3579836262
3563060982
3705658070
3707756246
3569344222
3573405406
3573335039
2549928877
2531058157
2547835373
2541544941
2508056045
3577730301
3577659597
3581333837
4118278413
4118110493
4101333277
4101461261
4101426521
4125543403
4125613035
4159037434
4151629790
4151612366
4151611870
4118073726
4101824878
4101890351
4118733103
4118700335
4152259903
4152315167
4143795519
4160584831
4160615935
4160583135
4124931469
4099765133
4099888781
4110309101
3590289133
3052756607
3086245759
2524206911
2523264831
2464670495
3538277151
3539325815
3614830967
3612733815
3579180407
3562534135
3562468599
3562468567
3562534103
3562501621
3579147765
3579270085
3512162245
3614918613
3623182181
3623185765
3622137687
3605526343
3605525015
3605390143
3597988671
3597979965
3610558511
3581399103
3564565631
3564563550
3562531934
3562274270
3562259934
3562522462
3562391422
3562403670
4101371719
4101496662
4109893110
4126664182
4151702998
4134912470
4132946422
4132958710
4141740375
4141642103
4141637927
3621545255
3587992871
3588061495
2514450711
2505998101
2488686405
2488747845
2513781205
2513768917
2547331541
3612807639
3612742647
3547739110
3522634742
3501527895
1353978685
1353979709
1089744700
1081356060
1077698312
1077759752
20825352
37602568
35602760
39797081
308199897
316592633
312332777
312275307
333209963
299390267
291077402
293288218
322640154
322574650
322584378
309994250
309932810
855183898
855573274
855376682
921449258
669778795
627964279
627964279
627964279
627964279
627964279
627947895
627946871
762163701
762163701
795718141
795718073
795718585
795719353
791526073
1831713467
1814936255
1814952639
2082896535
2082878887
4242940327
4239728775
4238741703
4238749911
4260765911
4294340037
3740756421
3740789205
3736435125
3736370613
3606344127
3606344158
3622125918
3580182846
3563344174
3564396846
3564397870
3572919614
3572911381
3573436165
3580841924
3580450764
1467504516
1467566005
1467697063
1467635622
1450927606
1449746774
1449719062
1449718070
1450041654
1451221271
1476382983
1442693143
1440596023
1432351863
1432286583
1432283127
1432254167
1432208086
1464648294
1464648302
3553399663
3549214591
3620533597
3588085069
3562968525
3565090271
3565090271
3581825998
3581150158
3614708734
3606319594
3606394347
3606390249
3606324729
3623118296
3581243852
3564466636
3562534348
3562469324
3562469276
3570917292
3587559084
3620980413
3623081693
3606180567
3605132022
2531324534
2539709286
2539709926
2539676902
2540139766
2540073158
2540097735
3581399509
3581932373
3590255365
3572430341
3505249813
3496795941
3492608805
3492608821
3576626437
4112962820
4117201172
4151673125
4151816533
4149715205
4145520903
4149589286
3863461158
3871771942
3865021782
3864917334
3860652510
3862782206
3862893998
3883795882
3858697643
3841801642
3976017310
1828529551
2092774351
2109568991
2109502805
2144920837
2119756804
2115544068
2115675156
2117767172
2117783556
4293575428
4255826452
4239114789
4239999591
4233647854
4229443310
3155701230
3155758574
3168404990
4237969102
4237980366
4237878991
4258852575
3205032686
3054287278
3059596463
3068048575
3068051597
3059663245
3073819597
3040342637
3027559213
3036473125
3036478757
3166566709
3166694405
3187663877
3212693573
4265427405
4282253775
4282254287
4282259182
4252966638
4256964590
3988553070
3988579658
4288471114
4288454730
4292649035
4250714491
4228661611
4228186479
4228260719
2080778095
1556492143
1556488047
1552359247
1553415495
1486847303
1490928967
1214088263
1214027079
1264362835
3730679666
3732842306
3732833090
3732832594
3731849715
3732775395
3203768803
3216482785
3168253409
3159655905
3155467744
3155490672
3155683136
4246103552
4145943057
4152295969
4126937891
1979453731
1979454498
1962875986
1425939650
1425677506
1425933763
347939267
482108355
480047813
530350661
1587381813
1586335269
1586342695
1590471975
1599906839
1595711495
1562230871
3693068517
3696673189
3570853796
3587600036
3621218964
3595852420
3598016132
3598145157
3606532743
3605353110
3605316454
3596931366
3609518118
3575964710
4112952590
4117151494
4116880902
4116876807
4114058823
4113862639
4147434990
3077891566
3086348654
3086369598
3052814854
3052888582
3052888630
3052757863
3048494573
3048496365
3082049701
3086440597
2541145477
2537014661
2503340485
2503340501
3027693941
3027674389
3043419925
3077046037
4142265623
4142396695
4142788663
4268544103
4269560038
4263338215
4280181975
4246631895
4252913143
4244590071
4244491719
4244504003
4244500291
4244629075
4244632179
4244460385
4252767073
4283703649
4279578739
4279701719
3746970967
3721804151
3721796471
3751676535
3753724485
3753702989
3720143437
3720139341
3703345791
3700990822
2631443814
2631509030
2623261734
2642134114
2675687538
2657866194
2523550167
2519405013
2250838485
2268804420
2235186436
2230982965
2226854693
2226666021
2226925087
2158765583
2158756367
2209137183
2196539247
2196735471
2196671933
2196675732
2196618420
3261379748
3257184420
3257176252
3257839772
1128182156
1128178055
1398728118
324861094
319610022
319347878
320494750
286948558
272264654
276525006
284785278
301788014
295496559
870104877
870096669
870291213
870233613
870228765
1977590141
1969025133
1964826863
1948082415
1947628778
1947655658
1960233706
1956629226
4103981770
4103913163
4110200395
4101809739
4101808955
4101874473
4100976941
4100976941
4100706605
4100674861
4126870829
4126869805
4160297245
2004428813
2136549389
2136684829
2136678201
903546425
886768187
884544059
888680987
887628299
879240735
879234879
627964279
627964279
627964279
627964279
627964279
627964279
627964279
627964279
627964279
627964279
627964279
627964279
627964279
627964279
627964279
627964279
627964279
627964279
627964279
627964279
627964279
627947895
896384375
896382391
896381366
896381366
929935798
929935806
929935806
896381882
891663290
891682747
874904569
813071305
838236600
870197672
1943800216
844904584
308020617
308150665
324404105
332792473
297149355
299901871
283124719
274752875
274787611
283163930
300137754
316849418
316849418
375884046
375883807
375756847
107325479
103721991
103715847
1445900291
1445900291
1462665555
1567261651
1550549746
1424720626
1424594675
3572340307
3572364883
3563976531
3563875687
3563333991
3715377509
3715381607
3589750259
3589742019
3721754051
1567977923
1568666067
1467929043
1476317635
1476297027
1475314705
1466815537
1429007395
1429007395
3559681058
3576593698
3576582002
3623749314
3619571394
3619635907
3619504881
3619443297
3623641697
3623642933
3615323413
3581760887
3577568630
3560725990
3564920294
3564953079
3573403125
3586117076
1438642132
1476390852
1451124420
1446930048
1446917760
1462638480
1462048161
1365594593
1370739173
1907478901
1938858805
1943053109
1397794357
1397798453
1393671733
1360199185
1342627585
1342590291
3494774258
3494839522
3503244514
3521073394
3588120786
3590217794
1472099330
1472087298
1203586354
1174156579
1165765923
1161571619
1161772337
1295925041
1295921936
1300108032
1308574464
1201488388
1205654036
1205689972
1205295860
1188960917
1189026743
1188837799
1188834471
1180446910
1180647566
1182711886
1182629942
1189916710
1202692130
1156490258
1148101906
1148093698
1278117186
1277861314
3429603282
3715741683
3707611107
3707609959
3707560295
3707560293
3697111381
3692369237
3692303717
3691330917
1548173092
1556496132
1419185924
1419595524
1425856340
1467807188
1446891989
1446958469
1446958471
1446954902
1450624934
1391851430
3539231654
3556041654
3520385943
3520259061
4039354213
2965481268
2965476660
2983691572
2513932596
2516054324
2516447508
2507953429
2505839655
2501647398
2539588646
2673741154
3755869650
3755881922
3755959234
3747570626
3474875331
3474641859
1327220163
1199168999
1467611621
1467865575
1467866583
1467875207
1467803527
1467798421
1467794325
1434309093
1434378465
1417044065
1417113617
1417146641
1417142577
1417142561
1433789809
1442299217
1433902531
1433897155
1467451603
1467337847
3614766455
3623149863
3623117095
3623117605
3614909223
3614839351
3579709014
3579778646
3579655926
3590158070
3573503686
3565111110
1434310471
1434248471
1465705783
1474160437
1474261557
1474187799
1467434775
1465730935
3579596135
3579079911
3578133735
3578131697
3578127745
3620201345
3620131457
3603350145
3335963281
3336028849
3327452131
3327420387
3612633059
3612833267
3612833107
3612824851
3344257395
3581174003
1434280083
1434383489
1425982593
1426050197
1425923495
1425927591
1442704822
3581803862
3613773590
3613712182
3613713702
3613779238
3622301750
3622191122
3345350675
3345350915
3307606355
3296662387
3304928867
3300664929
3300665201
3300728657
3300744513
3303923011
3295272259
3307986371
3307994563
3341548995
3329871315
3338257633
3338532321
3338527136
3330269617
3489657745
3456024961
3433021847
3700744423
3707036783
3694422127
3694418287
1562844109
1547053773
1417030285
1416789647
1414612622
1414545854
1416647078
1416684022
1416815062
1425204802
3589461522
3622884914
3600873010
3332626194
3332560146
3336783155
3337635107
3337639201
3335542048
3352520020
3335742836
3335615844
3329246564
3339715952
3306234176
3289522497
1142038785
1154613505
1150420293
1150504309
1150314983
1154542055
1158801623
1175685319
1175555271
1175490759
1175560207
1443995965
1450287917
1450287917
1456580397
1473290031
1472236335
1472252783
1463938046
1430482894
1431447438
1431438270
1414661038
1414665151
1414739415
1431385559
1305488757
1305488485
1334848821
1334850817
1335039235
1301418755
1217598242
1217405730
1220567330
1220567330
1212413238
1208145942
1208145927
1208326483
1208269251
1225238979
3410410947
3478553027
3468984787
3468984803
3464737251
3464671713
3468856784
2655160384
2652100976
2668656992
2635099488
2635097952
3704836960
3716248432
3716178371
3749732546
3728744690
3724620002
3725721958
3742499366
3741463062
3720488462
1553033743
1553164813
1557330893
1549256909
1546963117
1563740349
1599364253
1515544989
1514496957
1514234621
3730043629
3746816612
3746800420
3755061536
3749740849
3749745681
3749748755
3733168162
3746738210
3742548070
3708961910
3692174662
3692178246
3696368215
3705014871
3704773319
3721657925
3754997317
3738206788
3738206837
2659291749
2659230311
2663441251
3745638371
3741456354
4244767730
4229300722
4107739622
4102369511
4102291693
3569615965
1413755917
1409803533
1410772492
1414639132
1951440397
1892715277
1892714765
1926400781
1918290765
1913022031
1444291159
1444360950
1981092782
2000974254
1975804078
1959023790
1421921430
1417727111
1422052743
1422063047
1438836167
1573053911
1565779447
1565781495
3746758103
3746733511
3746729927
3729885015
3738220151
3738215975
3203507751
3086001703
3086005863
3077624679
3075724071
3218260327
3176286069
2639339333
2635083541
2618305313
2618376035
2641565154
2649948402
2645770434
2645708994
3719491779
3719488833
3455315265
3430017312
3425728801
3694139681
3694140449
1546859603
1550987459
1576157378
1607647426
1590808722
1582408851
3730029779
3730020723
3738409763
3738221091
3740315174
4268811830
4269142582
3195458086
3195458086
3193291622
3201614183
3200576741
3200559332
3200624884
2923936196
2923870660
2937495492
2887157708
2887157069
2889257311
2889339702
2889143078
2889151014
2893345318
2893334063
2893336095
2893871885
2910644493
2910841116
2810174780
2808988972
2809119004
2809021261
2805949405
2772198381
2776373231
2784825326
2818444286
2817931726
2817862094
2818320590
2948349022
2948273246
2948206606
3183095823
3183157597
3182977533
3187173357
3178770109
3208330933
3206154165
3076474293
3084731573
3050828949
3050761349
4116114885
4111990213
4111592901
4149339637
4149407861
4149362805
4283498549
4249878823
4233180967
4243793702
3707125286
3702992390
3719245319
3756990215
3756606941
3749299612
3747141020
3747128476
3712787869
4249855389
4249793935
4250310654
4250242862
4252016174
3177227822
3185616439
3051467541
2774766357
2770764085
2804401461
2939673909
2944335159
2952715046
2952482662
2943909606
2943886998
2943955855
2910716303
2919170495
2914861231
2914800805
2918479029
2775870663
3040210063
3071797647
3881232823
2807496119
2815877015
2807220167
2809255879
2775643991
2775627558
2774836774
2783290918
2783290935
2774906391
2909050423
2909069095
2909068581
2909030436
2910128180
2905999644
2906012444
2939563804
2944282428
2948160828
2948123708
2948125756
2948109405
2948116687
2948112798
2939716015
2906359727
2906312685
2889796589
2889800556
2901338652
2897205788
2913925660
2930629213
2800539598
2921911454
2922180782
2922172590
2922267822
2888195494
2889230978
3900058306
3907463682
3907267362
3903596578
3903592482
1806583859
1789810688
1789839360
1785649152
1781524544
1781442624
1782491616
1748871649
1750973411
1751096898
1820317250
1820185331
1820160737
3984401057
4012316307
3995410067
3999533986
3999533474
4003728546
4003861750
2124820502
2125930503
1589059589
1605771269
1553361925
1154935060
1289660788
1553906628
1553959556
1558023813
1467515541
1446544053
1445958581
4264468977
4264468593
4264484961
4265402465
4113851489
4101401957
4107685749
4107685621
4103429845
4107562631
4107562631
4115984262
4149733286
4132882342
4141271030
3069608899
3069677825
3069554945
3061100832
3055870244
3039094564
2754475556
2754500132
2758690364
2776498717
2784756317
2818316139
2801540202
2801535082
3875346666
3825088730
4043192522
4034798730
4034797706
4032761994
4039967130
4039906219
4056709039
3552864173
3552864157
3552929421
3548731029
3515171509
3515306741
3520553719
3587519318
3587453214
3562283326
3558285374
1144394782
1279132682
1283333386
1283423498
1291803914
1308417290
1241054538
1272491483
1272489403
1272685977
1272681864
1541113224
1526367672
1526380008
1518052649
1517134891
1517269055
1514049566
3678326814
3678072862
3676037166
3680170350
3680228206
3671639918
3667457910
3667453430
3688490486
3638195654
3638170055
3638166421
3638494117
3638301348
3629917884
3629924060
1484602060
1484470860
1484470796
1497061900
1496964620
1530455821
1511564062
1511563582
1515757934
1531949422
1540207598
1506588654
1506590654
1540095423
1540019645
3687503293
3679077612
3679143420
3675872604
3644554524
3644489500
3647631116
3656021260
3657122052
3656958228
3655135533
3637305647
3637043567
3637109614
3637049070
3637048046
3637105390
3628683998
3645576910
3645587167
3645446637
3680061549
4219029612
4202416205
4202360013
4196115535
1511563598
1511563614
1531556222
1531884334
3679384366
3671061287
3666826021
3683537253
3687776629
3645640791
3624416727
3625659862
3629792198
3638168262
3367635654
3367784150
3451713526
3739005399
3730674117
2657059269
2652870644
3126702052
3126636516
3135024996
3126699612
3139433084
3206497020
3172864749
3174961903
4236187374
4244377070
4259843246
4256697502
4256771214
4256769166
3721928846
1574789262
1574822302
1574810111
1574809983
1557508925
1549252381
1566021404
3581255228
3614817084
3732388668
3728193821
3728121117
2657010959
2673787215
3713974622
3722335071
2631824239
2631758697
2627483625
2644262889
2648447403
2673629611
2637978026
2637651098
3709269194
3696677326
3705127182
3707752750
3707625775
3707625765
3724534549
3758085909
3730560789
3730536277
3730536177
3730388961
3730388963
3712695795
3695906258
3705359826
3436858706
3436901634
3439059202
3430474050
3447251282
3480940883
3749364179
3758015985
3757952417
3749572000
3749572016
3747477424
3747411940
3747406820
3747407860
3747608565
3714016885
3722405591
3705631430
3573498566
3573367798
3573301742
3573302382
3699203199
3699370015
3716016159
3711756367
3745316175
2117981647
4269708255
4278092799
4278158317
4277965293
4267500013
4267565949
4280279837
4246692413
4250886701
4259213871
4255003439
3718186287
3717991471
3717991471
3696760887
3694668055
3694816579
3694815171
3694818243
3698905489
3698909601
3749355953
3740963201
3606742913
4143548096
4143488608
4135104036
4134317860
3060573485
3220148281
2918109211
3983496219
3983367210
3979172906
3917350954
3917351994
3917290826
1767650762
2031625178
2035950314
2077889194
2055930555
2055742095
2055759759
2059953293
1514697885
1531917501
1481522365
1489903581
1490946765
1490946781
1484540671
1484582655
1499260895
1516020191
1514976094
1540272990
3688805182
3684545326
3722229550
3722227503
3722428223
3713965853
3713961757
4284452349
4284325372
4267695292
4267689116
4265591965
4265526429
4282315965
4248719837
4248719711
4236210975
4234945087
4234945071
4243334702
4243338798
4239333183
3720295711
3720156431
3755803725
3755742281
3755816393
3739170297
3739178987
3735017451
3755857403
3747386715
3743200586
3743266058
3709773067
3697190155
3697256255
4234008431
4229814255
4229846959
3177058222
3177058222
3084720046
3080468398
3080466911
2547790303
2547807067
3749475163
3749504859
3749572475
3749570937
4286438777
4286172537
3749430537
3749433609
3715855113
3711525657
3694879529
3699074857
3707465001
4244502841
3701332281
3701332281
3705456921
3712277773
3729044749
3724915981
3724972317
4262891837
4262899765
2114359397
2114425061
1695977671
1679201415
1681884359
1681901037
1681872300
3829211564
3829146604
3831309036
3856474728
3850900089
3850911243
3834129162
3834181914
3834181674
4120885290
4158560330
4135507146
4269572234
4269638555
4267635371
3999195823
3995034287
4011160198
3977728647
3847713527
3832902502
3841259318
3840208151
3840208191
3841239087
3841235245
3833043229
3848191757
3877560845
3877360205
3877225181
3877192431
3877115306
3847756970
3856207082
3854503034
3854507038
3854513166
3858572558
3858507023
4126963005
4260748581
4258725157
4258725636
4257673024
4249282369
2135413185
2135408881
1984286945
1993830625
2010525937
2002130385
1465327073
1431583713
1430534881
1413816017
1423384195
1423308419
1423291027
1419612818
3569324930
4122907074
4122907714
4125987859
4251759649
4281117729
4281134368
2938629920
2938527268
2921727525
2925986533
2926904007
2935231118
2933142462
