2271023370
2279420714
2241733162
2241733166
2241749550
2510221878
2442953315
2445051619
2449246945
2439813621
2473367765
2469173461
2452609143
2452502647
2453551158
2468227110
2434673959
2443062821
2426280500
2428242500
2428246596
2427198020
2171394372
2168248676
3240098148
3507420005
3507419765
4044356167
1900927559
1900870215
1632500309
1632500341
1628437349
1628273653
1628274581
1628272527
1628272543
554530238
554663358
1901067710
1892661654
1888074134
1905113238
1367718086
3620191491
3595019523
3327567363
3335964178
3469891122
3468830226
2390896402
2390887458
2390903842
2412071986
2245348354
2220281030
2228667846
2230765190
2230833813
2360664741
2364826276
2364823204
2364802980
2356420580
2356428069
2355505471
2355505470
2405902646
2389141782
2389179654
2397565958
2398482438
2329202806
2396295399
2396311779
2404664803
2367098355
2352875859
2352880467
2357082963
2222861075
2231319299
2231319811
2230131971
2230066483
2246843747
2280398179
2263817555
2263752001
2263620465
2263636833
2263645025
2263644513
2280421729
2280438115
2263726434
2196618722
2188230050
2188352947
2188221840
2188163472
2188163968
2183969408
2183707264
2200550032
2200633008
2200598176
2171234020
2179622246
2179476518
2175278118
2179472438
2179470398
2179494206
2154492442
2162881034
2162877002
2162734665
2162724552
2154334920
2154334792
2171443720
2171468312
2200829496
2200825384
2452579880
2456646952
2481803304
2448179240
2431406136
2163037308
2162758781
2154372221
2150177909
2167028789
2183806229
2187998467
2193237250
2193302834
2192078178
2192103270
2213318262
2162986622
2163056222
2163193470
2154821246
2154788430
2154772046
2154762830
2154762591
2154771567
2230269035
2230203515
2280553547
2263808203
2263857353
2255468744
2255337688
2255272152
2272050376
2272113864
2272129352
2255319400
2255384936
2256417256
2264801771
2264671726
2263637230
2263669998
2263653822
2247071646
2229712774
2230762887
2222439811
2218113459
2218064355
2215930339
2232822723
2249600835
2253793091
2257983235
2259947811
2260488483
2258432355
2262602087
2237437271
2220398931
2220472691
2350557523
2350557459
2350557459
2367330307
2388577283
2388579395
2399027395
2390491363
2322338979
2318144930
2384727714
2372017907
2355265217
2363648577
3438537216
3436247568
3426806304
3435194929
3435294467
3435273986
2378303794
2404649251
2383939939
2382956897
2383105489
2387206080
2391326672
2642980832
2626203616
2626202081
2559097315
2564327650
2587527266
2587527250
2586449986
2586717394
3660135650
3660193122
3660188258
1537870422
2024413766
1487551045
1487415820
1220028940
1215851052
1209559916
1209592172
1226369388
1259989357
1260124527
1262198270
1228640734
1266397647
1241232333
1241232348
1237038044
1287230428
3433674748
3433675768
3439049593
3296377211
3294271822
3290073166
3491399766
3490219094
3490218102
3511194102
3528036854
3536490962
3536490947
3528111297
3528127696
3546021360
3495819680
2422045600
2422038176
2422046432
2422075120
2438854224
2446186065
2983049041
2983044435
4039959923
2957832675
2953626081
2953429409
2970276784
3008029312
3059414656
3059448448
2992138964
2994236149
3002690293
3003080413
3001894621
3018082271
3009693183
2984527087
2431086830
2432065782
2427871686
2427904966
2432168647
2423571187
2436679653
2436754789
2436884817
2972646721
3010381121
3018768707
2985284418
2985063286
2976650086
3010204518
4084151150
4085130622
3539938398
3539744862
3555465246
3521976334
3496942607
3496891407
3228528911
3236786447
3236713239
3237827381
3254702885
3250513713
3317593873
3300874001
3304640849
3296252257
3292033313
3309003059
3342496083
3328922483
3337343987
3333149394
3333408450
3350040466
3317473186
3581721506
3577523106
3609112050
3594429894
4131364934
4131164167
4130177077
4130254881
3878592545
3845054497
3845124389
3833447207
3850127142
3858517806
3850337046
3850267398
2758704646
2767148566
2766951030
2763805302
2763805551
2784973695
2818463711
3061735367
3059687367
3059430855
3059299799
4074246631
4057469421
4040700397
4040894284
4040830732
4091226908
4065929532
1381706004
1377532948
1377358848
1913176064
1934131312
1942716769
1926136291
1926140370
1917760706
1934533827
1896803523
1881144531
1881013475
1887264225
1895653345
4041023457
4091297779
4081856450
4065148866
4073684818
2479781874
2978968530
2961994450
2425123571
2425115297
2425344688
2425250436
2429428356
2422030044
2436631404
3510438252
3509468537
3547295051
3554961227
3538179914
3529787210
1382403930
1382476666
1382476282
1391422810
1391203658
1391198539
1114374235
1110331437
1110335533
1110335549
1114566679
1114624279
1206759701
1173205268
1080931668
3228356476
3295464444
3228371964
3236895612
2163161916
2158968124
2158834988
2158764076
2158764076
2225873196
2242645293
2246855039
2246887791
2171375102
2171572702
2163126662
2163122566
2230170006
2221715878
2217514414
2234292654
3341719966
3324963278
3326011854
3326012742
3330204742
3355234374
3300708695
3506303351
1350563622
1350483494
1346289206
1363062535
1396700935
1915605249
1915601201
1916780577
1935667233
1900929121
1611460705
1611448437
537707623
554618343
592379891
1640951507
1640885971
1640802001
1682748145
1699513329
1699709408
1733210597
1715921397
1715922385
3863471555
3859275223
3876048374
3846556134
3838115303
3838115687
3968331525
4287031045
3200705797
3201824001
3193389105
3059171361
3059044705
3042259299
3032953826
3033404146
3029287666
3033286354
3050069842
3083626834
3083659634
3066947875
3066944819
2999829779
2991440897
2991448065
2987222101
3004134517
3008302311
3008302567
2471300583
2454526903
2454532023
2462658453
2479372181
2475169684
2173503380
2156857284
2156869568
2156801984
2157849456
2164079457
2164022113
2164023139
2154612707
2171458514
2206110658
2197726146
2197726162
2482803686
2473363302
2435616046
2502278459
3039210763
3072765193
4146521865
4114085656
3979400985
3966818075
3975208730
3966827834
4235324778
4235459966
4233295326
3159553478
3184976326
3201753543
3067531735
3069625843
3070117363
2533316083
2533324643
2545767203
2545701667
2445038387
2432444179
2424057139
2419866979
2436712930
2472413666
2464025026
2464037058
2463067330
2462870739
2462872675
2471286049
2437727521
2437926160
2446322960
2446094160
2169274352
2169262000
2169440176
2152597392
2152611712
2152607616
2162047632
2176719569
2176653939
2175565346
2179788322
2213328678
2213327670
2179838230
2449322326
2448207990
2439811190
2418577462
2955510814
3040775183
3040787471
3040800517
3024023061
2755067445
3832927796
2759181844
2759317252
2893282565
2891185493
2937191797
2924737909
2924672853
2933085015
2932953943
2798654310
3069456742
3086300514
3052748130
3032292706
3053196658
3051165010
3084858690
3068077378
2521394498
2539355474
2547730722
2547670818
2476465426
2480528707
2472076611
2451108947
2466796657
2433440993
2437570017
2479511536
2462791568
2462655360
2454201232
2454197168
2185822628
2202736548
2160795572
2160728965
2161785541
2159750095
2158504831
2162700079
2162717999
2213069087
2213511951
2213524237
2179769125
2162995493
2154598695
2150400375
2418966855
2420020487
2420028695
2503386901
3057035031
3057051415
3057047326
3061171998
3061120318
3077631290
3077699898
3044399482
2775965178
2782385626
2782253466
2815742426
2798965242
2799030521
2790682744
2786992216
2789090684
2805808936
2805800552
2776501865
2784972409
2914803403
3216832206
3216570318
3216569295
3216626655
3216954333
2682152957
2673766373
2673704933
2656914935
3193783799
3202209270
3218994390
3218071767
2648176087
2648171989
2639785429
2635947380
2635926836
2535397692
2539595837
2547985453
2543655981
2543782973
2543780879
2275087375
2274956607
2279085359
2253919535
2252873006
2269666622
2269862174
2244671774
2244668702
2244607262
2244517142
2278399062
2194652246
2186124407
2185545831
2181417063
2181519477
2198223221
2164669269
2152082245
2160474949
2160401223
2160335734
2151947110
2177112678
2177260134
2177302198
2210789014
2177151879
2160374149
2227474844
2219284412
2483527356
2483526332
2617678492
3692468941
4231391817
4231069227
2015374891
2015509819
1769085241
1769150504
1800681512
722734136
706559000
712717320
721100808
716710152
716711181
733482255
737679647
735664447
970546047
970554239
970554205
969505117
961247583
961116543
961116543
961116542
961108342
962156918
970545526
970545527
970553719
970717557
970717557
962197877
962189685
962189685
962189653
962197845
962197877
962328917
727447895
727439703
693762423
961145207
961149303
962189686
425449846
425449846
157022582
156891510
165280118
165402998
1234934615
1268489045
1251720020
1251736404
1251735900
1251596668
1251596652
1250516333
1246310767
168431982
168427898
169476938
188351306
138036170
204030922
208259034
208265178
208272346
208273354
216596426
216561611
216823785
216813929
476868969
476868905
472674617
472740121
1026380057
1030705433
1030738203
1030607227
1030607227
1030607227
1030607227
1030615419
426766715
426766715
409989499
141422971
141554043
141538811
141538779
141409787
141401595
141532666
141472986
140947674
140943582
140947606
158773398
192327831
181838003
180790435
180809122
172354466
172289698
180741794
180744946
449172082
1518654242
1254416678
1254416422
1245995054
1258647598
1208425582
1208359418
1212562058
1216748170
1283919498
1317279371
1317278345
1317274328
1188299048
1177817128
1110188072
36577288
36577288
20590600
3801352
14156089
13110585
4929849
4860217
600361
530729
4719929
273154841
273171225
4748073
55108395
38326635
38323563
38656367
38394239
38394239
38533503
38435167
46823759
46824271
46824271
38435661
55245133
55310677
123468117
224131413
226212183
226213205
157916669
157916671
157914615
141137395
141147635
141409521
141147345
149534961
150579440
142338288
142223456
154806624
171588385
171645489
175840786
184227346
184096274
184096530
167262066
150482258
142110034
142125015
150512548
150512548
150512556
417899436
417903528
1491646376
1491647400
1487453096
3652762344
3690642024
3673860668
3665734428
3665806092
3665101581
3682009886
3681956654
1501438758
1484665126
2021328162
2021197090
2019034162
945302550
961031174
961031174
994585678
994629982
961124734
424252926
432779742
466334110
466334110
432780190
432641950
466196926
450468031
446273789
446281980
517650636
1578824908
1444601988
1444855940
1428079540
1417560740
1425949364
1421673172
1421619805
1423712829
1423712811
1423713066
1439442730
399246634
382666026
390989082
391058698
526136586
526136586
526136587
995901723
995672411
997769563
997835131
996753787
426463611
426472315
409695099
418083707
149513082
149549946
149533658
141136858
208384922
208384922
476816283
476746651
401245065
384471944
385791896
377402264
1451073976
1463591400
1463595304
1367269672
1400824632
1392441208
1391392761
4071268011
4075397034
4075329450
4066940347
3598225819
3615019417
3581821368
3694010872
3694011385
3697746747
1558651434
1554454314
1554319146
3718526270
3739493406
3731170318
1580687374
1578430730
1308942810
1338303418
1300525738
1166483370
1199774122
3280156907
3284600873
3284600856
2195077128
2195076104
2188849416
2203390216
2178159400
2173436712
2156659496
2156728108
2156681516
2156689700
2177661220
2169330020
2169330037
2236479861
2236479863
2370697591
2304629110
2304629110
2306727798
2315100150
2315098110
2315105278
2315236318
2306847646
2340393882
2334110106
2601492890
3675104650
3675237770
4178554250
4161777034
4161711562
1745808715
1812363016
1813399064
1683293752
1691694648
1691694616
1683240456
1616121608
1666977081
576589161
587076955
587075915
586940426
582750251
582758443
582758443
580657211
584922123
583802137
575413593
592190809
593237323
593302875
570364283
570372459
570241403
568160587
568160603
568160619
567144811
558749531
558857035
558857051
592313211
592296427
861781466
299741642
301838730
285061530
285061546
1356444586
1086961322
1082900138
3230382782
3230382990
3314204638
2275061246
2526717438
2526716382
2526781919
2528682493
2667094508
2675479020
2671298044
2637811196
2637848556
2621059045
2621056743
2625251062
3696833494
3705213910
3571003862
3587907910
1440424206
1431971087
1432304925
1432189228
358377788
357367576
827121160
822920712
856475144
839698040
571328488
571135977
571109865
576549371
576508154
578601131
603771051
570273961
551396521
551398649
551008761
551017289
811064075
808941322
825631498
859185466
846602538
854990890
850735130
865341498
865337402
830737723
817961240
281160200
297937432
860056328
840220424
840208712
573870536
573866937
578126763
584946091
574918827
570733738
570800298
587724954
822507674
805713322
806757034
1960190682
1958158858
1958023706
1957762603
1955872299
1955883545
1960110856
893767432
826590984
856442376
856426008
840893992
572129832
572138024
572203833
576196889
576192569
584581163
580391019
597169259
563616859
562568267
566828363
558456139
559766859
559896011
570389979
570388843
570257771
568160603
568160603
568193387
558756203
558757243
558727003
558857051
558726011
592279931
593328603
601849291
603550155
603550155
603550187
593064299
592015723
592016747
592147819
592145755
592014715
592047467
625589611
894010879
390706622
391750078
374972862
374976958
1448711614
1448709566
1456052670
1451866558
1468774878
1468705613
1468705284
1435151892
3586828080
3579675936
1428014112
1427948576
1426873392
353191952
924764161
924772611
656316675
662605571
1711246867
1706925619
1706866211
1704767011
1696382499
1694801447
1694801447
3976658543
3959618159
3959581295
3973077871
3967843295
3984620255
3988794063
3980405455
3980409807
4013967855
4022388975
4022454511
4018395359
4018384079
4022576207
3989020750
3980632190
3959665022
3959542086
3959805766
3959880294
3825658470
2757151334
2767506166
2695154390
2728908422
2733044358
2725179782
3794595991
3777777831
3764671653
3764739301
3773200420
3773200692
3790006532
3806784324
3806849860
1650982340
1717911749
1713717445
1713848565
1718055141
1717919847
1726374959
1860598815
786857231
803633935
761747983
761649727
761387839
761388335
761396543
1835132030
1827922166
1825821174
1821496246
1824617110
1816355462
1812145798
1812143862
1682987750
3841219303
3835972198
3768863558
3769032518
3824088838
3865936134
3865887031
3995914295
4000179252
4008668196
3941562404
3941406820
3942587764
3942528836
3933549068
3933540927
3942060590
3939840870
3938722150
1791254742
1791288518
1791272134
1791016158
1807990015
1799526909
1799534941
1799534685
1799469181
1795274989
1795398893
1795331295
1795330206
1761775790
1749189102
1749536486
1749535446
1749547590
3897027190
3965157222
3983884662
3992387798
3982950606
3982954654
3966047662
2900708270
2896513710
2913454783
2947013325
2930241228
4007978572
4000638476
3996444476
3996480812
3996329004
3929216044
3932226605
1793262653
1793201181
1793209375
1790059591
703735111
684865287
680728325
680597021
679489087
679489343
947924799
947939102
952133462
406909910
406975442
407106482
415364002
415298466
482408370
1556215682
1556242050
1170365058
1187138178
3268594306
3530656658
3537996246
4070620534
4070613286
2996871471
2729484589
2729485100
2800788012
2788201004
2804975148
2754776612
2754780708
2754805284
2753679143
2757811518
2758826302
2767288607
2767419677
2782100253
2784459037
2776071548
2809941116
3883682908
3816639612
3824835692
3820682364
3803898972
3807995085
3807999439
3814348751
3814601439
3776852655
3776919215
3779870399
3788258015
1653414367
1653414237
1921857821
1988962317
1989092357
1452220421
1456431109
1448992981
1432265093
1417590149
1551798149
1559071639
2095946423
2097134519
2097002918
4244418022
3984368678
3996954678
3996430391
4012224545
4012356641
3912750880
3895907840
3893782016
3893786112
3892712976
3909557808
3913621027
3947106146
3956278370
3952084194
1804665074
2072129730
2038571202
964894914
968893826
423700886
432159126
465766814
532683166
1606445470
1606479262
1606464906
1568702874
3716187130
4253070186
4119896874
4120158509
4120224044
4153782564
4160074028
3074279213
4148121389
4146990063
4146993583
4146993566
4151183758
4155383183
2009011599
1991512461
1458835724
1458844988
1449409836
107228972
107425324
107359789
241575453
241570319
242615055
251543815
268289095
267748551
233147591
225283295
221090975
221222079
204443839
472879295
472888495
472906926
472901822
472906174
1550834351
2096102055
2091891365
2092804788
2147266180
4292649668
4286358356
4252868660
4236161057
3966731297
2892819489
2888689952
2888293152
2892417568
2900544032
2918402576
2951773712
2876272144
2874174993
2874156835
3947901990
4015000806
3981446310
3981774006
3973450902
3905034630
3905038982
3921685126
3913296534
3913313270
3946970390
4022465798
4019234054
4019299590
4287866166
4287872294
4288003367
4282752099
4278684787
4278634691
4280215875
4011780419
4011776291
3890138403
3885419827
3889644803
4115993347
4111808259
4044817955
4032106083
3771997794
3766758242
3766757750
3767282951
1619933447
1640921349
1640848133
1632373524
554437412
554450212
554511396
554640420
558826548
558695477
566756693
566759383
566824695
562633396
562567828
831003524
814488452
814504900
814610884
814737876
814737876
814737907
830994930
868469218
839044066
839015394
838953938
838888386
570452930
591423954
591489459
557967795
557963697
566484403
834911667
834770835
834766739
809600919
809745815
826517943
834922934
830728630
830675958
864164630
851585558
306325270
307372822
846405918
854597677
865080364
864077868
834717724
822118668
805406988
805542732
537370444
537313101
541568607
541572975
549977967
558890351
592442839
588214495
571461853
571461821
575508909
600675752
600685992
596426232
567057352
567054152
592420360
592358920
588181001
588152347
588200490
588061482
587991338
592252202
592387130
567226378
562896906
562831370
562827274
562840650
566791502
566861150
558472574
558472446
592164087
587968757
587968764
558608876
541831656
541832680
541768184
541784536
550173144
550206457
562641786
600447818
575289162
575288074
571159354
570962794
575173482
591950190
558390622
558389726
566844406
566958839
566827607
600390165
592132885
575285556
575286324
600386597
600324213
562579541
566806599
566860103
558471639
558480247
558611319
554416855
558545623
592100087
592165879
558481383
558415271
558480821
558611893
554417589
554679735
558874103
558808550
600749558
600745814
852404038
844097478
1934489558
1934480830
1901024702
1909341598
1888365981
814628236
830880136
830617992
868297096
859843832
855649512
838874472
855716120
855712009
826286857
826308377
834717225
834719275
868518443
851745562
843357978
583372602
583374654
583382334
583515198
600218687
558795837
537826357
537916532
537784548
537841900
537825709
1624151983
1636540078
1636342462
1942526606
1942805382
1934613966
1934523598
1934503006
1942891583
1942891583
1942366525
1909858069
1909853717
1405355541
1396707869
1396712013
1363158605
1363150460
1363349356
1355156332
1086798636
3234081068
3225697596
3229900092
3229914428
3229987868
3515266364
3515200815
2441919534
2446101614
2437712126
2433588478
2467151070
2517611678
3054433470
3053858990
3189126058
3218485946
3182834331
4172624536
4172558984
4172554888
4168378056
4162088776
4162251064
4181125403
4181190938
4181175066
1765129994
1765054282
1762952138
1762952138
1761981338
1762042811
1762042283
1762587049
1796141545
1796044265
1797076329
1801270585
1800879419
720838459
787815230
787823886
653605902
653605902
575935518
592712718
561393670
821433094
817758726
817824306
815600242
546059874
546055782
546053735
566807399
566876535
566860151
550091127
541702487
541702487
541703031
537639767
554433367
554367831
592116567
592083799
592149367
591935863
591935847
591935847
600390007
600537463
596375895
596244822
600439110
592025926
592035286
558480886
558481382
550108134
550099703
541661909
558578261
558578517
558513525
558513253
818619493
818422901
814224583
277365958
277470662
277454290
277584338
277592530
281722819
298500035
332052163
323663687
319534933
319537013
319404389
306755941
843626597
843683893
843814981
839564357
839562309
839562325
839488615
839488615
839515239
839580791
839580775
843742567
852131191
852131141
868907333
810162501
810162501
810236245
810253173
818772855
818699111
818732007
550296294
550296310
550484694
550484694
550353654
541899494
541899495
537705191
537901815
537901815
537770983
537705445
537721325
537721327
537917935
558823919
1640954863
1640889182
1640824398
1632427598
1628307326
1628273006
1628256639
1632450927
592329005
592320813
592321340
600709660
596590364
596454716
596389180
596392973
596379717
579602503
579606983
583883206
852351446
869267894
869267894
835713430
835713942
827325398
827325399
827324759
827160887
860715317
827156789
827160885
558848309
550492469
567204181
566597975
566532439
591706455
591702487
554019799
554171383
558291687
541477607
542055157
541924085
558709589
558835989
558770229
567158821
567093301
567040021
567069703
567053575
558730583
558734199
558865271
558873591
592427511
592427511
592427509
588249589
588245461
554069461
554074101
558243749
557914853
566254309
566262775
562162687
562080094
599828830
599821662
591760734
591764814
588234590
554670974
554687102
554637950
554572415
558766893
592329005
600714284
596585532
596454492
595864780
567037389
567070093
567054237
558145439
558144959
558218687
591904254
591898110
860333430
860339574
826780758
822586438
823131607
809948663
818332661
818336477
818340557
835117773
835053533
868543977
843380971
843372795
839207067
838995083
855774345
822219145
809632649
818021033
813916843
813754090
276866778
281058650
1354795050
1363445802
1397008682
1381281034
3528910094
3268825870
3269329182
2191393062
2191470886
2191466790
2191401266
2174551346
2157711155
2157711159
2156677685
2156710437
3234630181
3243019108
3255605365
3255613621
3255613620
1108129972
1108121733
1108252805
1376696455
1393473927
1884207749
1893636741
1891482261
816626677
820816180
808233012
825026612
1915496484
1915557925
1915619623
1919826726
3538815526
3534621190
3500816902
2158639622
2158692869
2225687044
2225625636
2225629732
2225629732
2229852708
2229848676
2221460068
2221460324
2221726565
2171394935
2188237687
2188237303
2188376567
2189261271
2256371095
2273138102
2239713726
2365485502
2364436894
2297132506
2364046810
2355682810
2355689722
2372511994
2389420251
2385164489
2385160392
2386274440
2319182984
2316920008
2317033672
2329551064
2375688696
2358907373
2358969645
2360872748
2364017197
2355698205
2355718669
2355653133
2415421965
2396548367
2396726327
2262631463
2262567973
2212301861
2178813237
2161786644
2228825684
2228778741
2230899621
2222756775
2221707702
2154141622
2170918846
2167521206
2167520182
2165545366
2148710790
2147674562
2214750466
2219993346
2228371222
2243041046
2260091654
2259600134
2259256086
2259195174
2397617445
2390264172
2386069964
2386135500
2384048072
2652481096
2669388312
2648351288
2493162024
2495264041
2428161067
2431141931
2418821163
2418821179
2435774491
2470373643
2464083467
2459873819
2459861595
2459734746
2463930366
2518455790
2537344238
2501860591
2501787125
2489198581
2497588980
2493394676
2495422164
2512128596
2516323124
2515011877
2246592549
2247059487
2247044383
2238528799
2238528831
2246917935
2246916911
2381060413
2246838581
2246838613
2246903892
2246916180
2246916180
2246645844
2246654068
2246654325
2271820117
2271762773
2271861111
2389301623
2389309814
2406070774
2414589430
2381296022
2381231006
2364519326
2364388254
2355934138
2356002714
2351807386
2352986619
2350823899
2349770955
2370742475
2379129995
2245955722
2271117450
2266726571
2266739119
2535171502
2534123438
2534248446
2538440510
2539509278
2522867214
2533352974
2533223982
2533195311
2524924461
2524580445
2541359053
2222603725
2222601549
2230976829
2226716989
2226659629
2226660139
2226664235
2242396971
2246625067
2230094139
2490140762
2502789370
2536487130
3056056458
3057106314
2989994378
2989920650
2989945003
2987810985
2989891753
2989891753
2973110444
2960535996
2964726428
2964796120
2428334792
2428272328
2428271193
2432195113
2151156264
2168064569
2167028233
2179608329
2175344953
2175283497
2175283501
2246578237
2229847101
2229830701
2229835111
2498270710
2515043734
2649263750
2640879254
2670238398
2670303934
2670459614
2653567582
2653563710
2653563198
3194629150
3215470622
3114799134
3098103838
3098267659
3165368520
3165174920
3160971656
3156773288
3156773288
3173751736
3173678760
3207210665
3208259306
3208255034
3144167226
2615684394
2611555370
2678787130
2343244810
2343048202
2343048458
2343044362
2347240715
2338868571
2338938235
2305416571
2305531259
2305539435
2305534313
2305530873
2305395704
2338954968
2338897560
2406071964
2406061724
2403047100
2671507116
2671439789
2671406511
2574924207
2582256110
2578127342
2561163086
2565355342
2288530190
2301309706
2301309194
2301177915
2306547753
3388612664
3388548104
3388501000
1215888456
1211665864
1480166856
1480297928
1480179144
1480304072
2017175032
2017109432
2017108408
2021298617
2021298617
2021315001
2021315001
2021323177
2038097321
2038099371
1534782909
1534844319
1534709135
1601822607
2138822558
2121987006
2130408446
1593790974
1593782654
1584865599
1467429181
1433612604
1431380284
1414542648
1414602040
1421936920
1170233608
1199589640
1182988553
1184020811
1200657870
1305772446
1297384382
1149141942
1144951222
1076531638
1093333394
1114271122
1114470786
1382906771
1391279024
1390706080
1919215012
1920262308
1915015388
858030108
824479772
807706653
539459641
539924267
539933227
1617869355
1626311211
1638763035
1642891275
1701622794
3845972171
3845931195
3846045866
3845526187
3858118315
4122361514
4122222318
3082032846
3082035786
2549424394
2505384250
3623170363
3621213449
3619118344
3616889112
3604248872
3595857720
3609003848
3342742472
3577615305
1411257291
1423593946
1419408874
1419277546
1423503531
1415111163
1427956169
1427960265
1461502297
1465696569
1432329529
1971231035
2004793643
4152273195
4143954219
4143758667
3866919627
3997074121
4012810889
3980305145
2889802349
2889835117
2900633135
2896443182
2914256238
2947552478
2949719246
4023461087
4022430893
4018293932
2915223692
2915166348
3175197900
3171063292
3036845645
3041367565
2772939311
2782372398
2778052134
2710869543
2694104679
2698890983
2776616695
2772393879
2755549079
2770288022
2770091190
2774285494
3839302838
4126547190
4155645174
1995643974
1458777095
1458580483
376448051
374354979
382947363
1473499155
1425184002
1425446658
1425968642
1426033218
3573254722
4100628163
4151025219
3068770928
2800335456
2934553184
2926095968
2939727461
2889410151
2889537247
2754529278
2754397678
2758597870
2783771823
2813131949
2813230524
2817424860
2804836300
2804887500
2804878836
2808954084
2817337445
2796488822
2796427350
2796501074
2801761298
2793241618
3074162450
3044734530
3034248770
3030052418
3030380226
3029126882
3033071330
3024674535
3025719143
3044592933
3085747236
3064855612
3064790108
3060620365
3190705375
3208527286
3174968742
3158196150
3162382230
3166576022
3166452982
3166469239
3166497793
3161762816
3174411520
3174475520
3178669584
3184964113
3218571825
3201597987
3193234019
3189064673
3191603621
3190306229
3207150757
3186243765
3165550997
3165546885
3166628743
3187469703
3179066838
3212612694
2927407414
2927403302
2923406134
2923356950
2923348486
2939056662
2939041646
2951548398
2917927358
3186563214
3186571407
3169795213
3035575692
3032441308
3032446812
3032270652
3032277788
3049039628
3049236245
3053228581
3044835879
3040839286
3039481846
3208203750
3191622822
3191807142
3190693014
3194889414
4268631174
4293797831
4260308727
4255594215
4239673063
4239705943
4237354823
4241532245
4248876405
4248876389
4244739445
4244886871
4245878214
4245845462
4250015222
4250080742
3721600494
3587382774
3570865494
3562354438
3570743042
3570741778
3568767794
3566588707
3566514481
3567035648
3755911488
3458108352
3459943296
3727395712
3727417232
3594384309
3598475685
3598475687
3604771247
3621156269
3721848261
3721781189
3579113237
3564430869
3564430901
3580195349
3580326422
3588690742
3588691814
3571914214
3572962790
3564313762
3570490610
3570455746
3566591043
3566507009
3316945920
3622282240
3597042944
3593371904
3593372928
3593389840
3593363232
3614326305
3622776354
4152112678
4152103462
1467486775
1467482431
1433927967
1415061775
1415054645
1414065511
340298086
340494790
1422559682
1418369475
1469754819
1459266497
1584046720
1579848320
1580106384
1580106657
1580127649
1592262113
1593178211
2144630823
2136239143
2132044839
2132238359
1599496455
1433796871
1434321735
1417544645
1417609685
1425999349
1421692388
1421639077
1956440981
1960618911
4107841215
4124878526
4116481726
4149511102
4149511166
4151693694
4151767406
4151468390
4294141030
4294130806
3218230486
3184938454
3050823126
4124177879
4124178375
3052468165
3044067285
3044136693
3040077541
3040044773
3073603319
3077654263
3059032039
3067428327
3063168501
4153691349
4153754709
3589755989
3581408325
3581404485
3581338949
3581338997
3581409141
3589658485
3589789525
3581335365
3581400855
3614832439
3614762279
3749045623
4286051703
4118271191
4118140117
4116182229
4116174325
4116698581
3614922581
3614930775
2549569111
2549421686
2549430054
2549364006
2549364006
2549423415
2482445591
2195143959
2195013399
2194947895
2194947383
2195535158
2195526934
2203911478
2169439542
2152596758
2160985350
2156691206
2156721975
2156697445
2156696485
2160955828
2152567188
2152043924
2147852220
2147851180
3221593004
3507461053
3540491197
3523656031
4064717855
4074152991
3539836959
3531464735
3527159839
3525051454
3508407342
3495824942
3567128110
3565815406
3699902206
2357733070
2357782159
2357767885
2361962205
2370341837
2366146973
2367396268
2367335852
2635771324
2635771788
3713789837
3613128589
3613053885
3613053349
3615150501
3580424679
3559711095
4096123166
4029148430
4029020446
1881532702
1902607134
1910930190
1374031623
1370358535
1357775621
1358823741
3497750829
3495551279
3495474543
3520633199
3533211999
3532425551
3532560719
3536764237
2455675661
2451546909
2450977581
2467697453
2438858045
2430470455
2430540071
2430343462
2421964070
2437747990
2479763790
2458874718
2458678103
2458702839
2458699511
2462893797
2479740652
2437937132
2416900076
2416901549
2416897469
2416930205
3490217373
3490207117
3506983311
3544854927
3553239455
3553239230
3549050110
3251254526
3227413966
3227413966
3227450831
3226849231
3243558859
1138225995
1121379097
1121281849
3268685625
3285461819
3285400106
3254135338
3241622058
3241412410
3239313674
3244032026
3280732266
2207006954
2207011050
2207044842
2207054319
2207111615
2207112087
2211446775
2169337831
2148364775
2215604711
3293508021
3293046149
3292917124
3292908420
3473263492
3456606085
3456546189
3456541133
3457065293
3487474957
3315526936
3300911400
3300686120
3254262056
2205681960
2195261721
2191134987
2191405339
2191397162
2191327530
2195456298
2198603054
2198624526
2186131718
2194520326
2211298566
2207094230
2177865127
3234772389
3226449332
3226451332
3222124932
3222141316
3238886836
1125021092
1108244388
1108240308
1398728516
1409199879
1371450118
1375709446
1409267974
1409128510
1392290862
1381802046
1377693727
3524198431
3540910125
3490579821
3503164140
3498969772
3499039404
3498846908
3503042204
3243044484
3268193925
3532426711
3532492134
3536817190
3528301606
3524115478
3524107270
3524253702
2467174407
2148407359
2152610095
2160998959
2156804719
2156731007
2156665439
2156665438
2156673631
2173450878
2211217022
2181889878
2181953878
2181953862
2186139975
2194528327
2190465111
2190400885
2211380581
2211380597
2212364149
2206062581
2206062589
2172491263
2155721199
2155852287
2153161695
2153165775
2152182751
2152052703
2152054783
2147786751
2147867639
2148989783
2148989767
2148990791
2148990791
2153243973
2178274769
2549585361
2549518800
2532815296
2667558352
2659039153
2657990305
3194861217
3191863011
3191863027
3189602003
3188991891
4262733219
4261684389
4265882789
4265944215
4265946247
4265946246
4274351254
4270161014
2659548214
2660596790
2661760022
2661694470
2410023190
2414217750
2397440567
2397507125
2397337141
2331304765
2323427647
2317127743
3659444303
3625886926
3625893070
4166683079
4175137269
4242258404
4233997796
4229754340
3155979684
3156159908
3155570612
4250288049
4288090019
4271181731
4271183762
4271138754
4275332871
4266977047
4262786839
4262586166
4279362870
4250133810
4233295122
4240635218
4240627667
4240525283
4232058867
3154188241
2483238337
3561108945
3569554785
3565228385
3565232433
3297194753
1082459905
1082393873
1082393889
1079256355
1075131666
1077285122
1077281026
1127088450
40845778
45044178
44914130
44914131
44922197
61633908
32273700
7107940
2914276
2975636
3011460
3133844
3068336
19853713
19894673
19763665
19894611
24098099
24094002
23962994
57517522
66041810
66028434
49120178
49120178
40743859
40874995
40871267
1383048545
1382393125
1382392613
1378198069
1379263045
1396101836
1362544348
1365591789
1407469293
1407977453
1944851961
1407989211
1407984891
1407987818
1407979643
1370435615
1374564367
1357784079
1090397461
1081947428
1081881892
1075647780
1075803408
1079932160
14570752
14664960
14538032
14538545
14546737
4806433
21501731
55056162
38483794
34223442
38434163
38499825
315153904
315153888
1389140960
1405918176
1405917792
1406114384
3536763472
3532302864
3532306976
3532372512
2458425888
2458434080
2479405664
2445843233
2445908257
2429271331
2429266227
2421926227
2421799763
2438699891
2434440051
2438659059
2539318226
2539319250
2665119698
2656780242
2656641010
2656574962
2656574706
2658745458
2667265074
2683991062
2684023878
2648368326
2623054022
3696796037
3704136068
3695764356
3691705220
3558492084
3575303604
3575303652
4045318245
4049516823
4049439503
3780618765
3782654476
3812003340
3795289660
3861152300
3861692972
2720809516
2721002348
2725064933
2733379815
2728920294
3802663142
4088019158
4058654919
4042926279
1895444423
1893418627
1893258919
1892213670
1883820470
1900593558
1934414262
1397552630
1376640502
1376705814
1917779254
1918823734
1927277879
4074497341
4074349852
4091067660
4032543500
4039809612
4039822076
2966019812
2961765988
2962780772
2966975012
2966958624
2960654880
2958558499
2958560626
2421754962
3503955026
4123671634
4140442834
4133101778
4133122258
1985663122
1984532630
1980284038
4127766670
4144543886
4111243659
4111444875
4111379098
4111380218
3071206015
3075887677
3052815149
3048685860
2963764516
2963557665
2965131025
2424065539
2420063762
2417894930
2501518850
2539263746
3621389394
3604548722
3604552914
3596434626
3726408898
3729315058
3737691367
3733488852
4287343812
3213602244
3209275844
2635640436
2637928036
2503668260
2507825700
2499424885
2432500326
2432442214
2432436454
2424047846
2440759542
3514439874
3556392130
3556386243
3556468160
3556295632
3545879008
3546001905
3545928019
3545993331
3540553830
3545015398
3553406311
2479852396
2475596412
2442050132
2496571908
2488134144
2484928016
2484925232
2422075696
2421944608
2421846497
2438600610
2524579730
2524581266
2256209298
2254110898
3327733938
2254188786
2254204978
2264920082
2277424134
2544740612
2511120900
2515315260
2502728220
2502593292
2503639820
2507833692
2440610284
2423784421
2422739943
2422871014
2422866918
3497726438
3497534822
3497540958
3514448142
3514448206
1408924111
1467705743
1199107471
1193840030
3609757630
3615134366
3623527070
3602621182
3602424815
3602424173
4156076141
3086528620
3044586604
3040732540
3024023516
3021928172
3021883116
4049487580
4059498189
4059314127
4059839999
4051443182
4051503598
4051311095
4051312071
3548069317
3548148932
3539760324
3539988692
1392431312
1392431184
1392505201
1392309091
1400759074
1367269922
1350500146
3497626418
3497564435
3497564435
3493574657
3514480640
3514481664
3545931536
2463860257
2463880737
2463890977
2457566995
2457566483
2474116129
2447901793
2427982176
2495222752
2495238896
2495108849
2499313395
2490923730
2486926018
2503702930
2534963618
2654501026
2658761878
3193697414
3218863238
3218662583
3083398325
3049844149
3076251045
2539577317
2535376871
3609150419
3541848914
3541836114
3542032690
3541963058
3546156050
3548006482
3539617986
3538581634
3530184834
3614115970
3580429442
3563586487
3573088998
3567915558
1151873574
1152131618
1152131874
1152147747
1156445491
3565075729
3565075776
3575553728
3541999296
3525217924
3527315076
3544157828
4079324916
4079271652
4046247652
4046243556
4050442212
4092589556
3824154101
3824006247
3807220774
3807294514
3807293458
3798921234
3798396946
3794104342
3794104422
3810927719
3781569517
3791067820
3786758844
3785185948
2981919364
2986094276
2960941764
2960802516
2968142436
2963952224
2963821088
2426959393
2431156003
2431188259
2447952995
2448021618
2473261266
2473257410
2473261522
2469059410
2473254738
2439708498
2439638386
2439576930
2439568738
2473314642
2456476994
2456452930
2456502082
2993241970
4066983202
4066983202
4083758370
4050195506
3496678418
4100682770
4125881366
4125662230
4160265286
3623398598
3741092229
1610582405
3755908484
3713990020
3709789572
3709233056
3157682080
3027720096
3027717776
3034009216
3050688132
3050634932
4157892260
4157891255
4157874838
4151587494
4150531054
4116971630
4100194346
4108661818
1961245706
1961293834
1961814026
1970186251
2003478536
1987816456
1981387976
1981384088
4127818152
4144751532
4081776556
4056602300
4053452476
2979971812
2984035045
2986140263
2986209846
2474496310
2482819110
2457620518
2457620518
2474382390
2474521622
3514711110
3523094854
3506309895
3505982276
3505928964
1350052676
1343762176
1343955472
1343885936
1348158048
1346945760
1355334368
1355581152
1389334208
1389272768
1389280960
1389076209
3536371426
3527997154
3527997154
3524067298
4061130146
4065242258
4065310866
4073425046
4069234838
4069193926
4069124183
4065946932
4080610612
1882924852
1881810468
1881814564
1882854948
1893404449
814222609
814221379
814483523
281925697
282040385
282040640
281787200
810270288
1883946704
1900721856
1917499072
1917499073
1380619970
3523975922
3523803874
3524066018
2986932706
2991093986
2999646434
2995453058
2995429507
2995429504
2996347264
3000558468
3006814164
3005819876
4079495524
4079499308
4067375149
3807254575
1655576607
1929131022
1914449926
839639047
822865921
805880848
805882928
806013040
810195280
818584272
818593488
814399121
847951489
1925949059
1648998018
1644740258
1644739490
3792214434
3792279714
3780032930
3788417699
2715741893
2692541957
2691493428
2771152428
2741795628
2741770532
2750154788
2712341541
2712280343
2712282118
2712415254
2985040934
4051437602
4034725938
4032182546
3495307522
1343630082
1346644739
1346648321
1355038032
1355275584
1355257280
1087342016
1087275712
1103790785
1128960707
1128969922
1376431810
1377483474
1377540594
3524901090
3529029859
4065896673
4066028609
4066022464
4066030848
4068205856
4068074785
4084821281
4034731299
4034857251
1887373618
1883183378
1887312722
1885224466
1356797490
1351358259
277624627
277632257
277662976
281840896
281905408
273258768
273398032
1359657792
1393474497
1393475283
1376687794
1376753586
1376629170
4060935602
4061001138
4082103714
4158584738
4125097650
4127026834
4118572754
4118573011
4152126833
4152192353
4143786020
4076611620
4072421428
4076615764
4074519668
3554491764
1365062992
1348409153
1356727059
1088291634
1088295218
1088360754
1088222514
1079813202
1095548099
1095667137
1129222081
1129220803
1380883139
3529415409
3529353825
4066160227
4061965923
3055398241
3055402080
3072171105
3072318577
3040828785
3040697699
3044814691
2986093411
3015514915
3015514931
2981903123
2981902611
2986089777
4051438641
3493397521
3491369985
3495572481
1347038209
1355287569
1086867761
1086867761
1086933299
1103747923
1103878610
63634834
306884738
302690434
1376694402
1376227714
1460048274
1430427539
1958910929
1951439200
4094736672
4096829728
4113606948
4134706964
4067607045
4076225027
4093051442
4084466210
4051449634
4030479394
4030543922
1887311874
1912478722
1912478786
295320898
295378754
277352050
281562979
281599859
281648467
1355461955
1347006675
1363718643
1397274547
1380619907
1380884099
3528366723
3595475585
4132281249
4133272033
4133284193
4133283873
4135415057
4135544065
4064175875
4085134611
1887311153
1350436113
1350503473
1350372385
1350114593
1350186947
1358563011
1358561922
1368998530
1402525586
1405679538
1405681058
1405647842
1439235058
1439431538
3586915106
3587762978
3621318435
3755529523
3755513137
3755586913
3738871152
3739135296
3730763073
3730598163
3743181090
3743230242
3609083170
1432227122
1373242627
1356465409
1356465408
1079706944
1789376
3890672
3890672
1094404593
1129912561
1129928945
1121548496
3269064784
3336173904
3603561328
3599351520
3599285984
3599275681
3616052643
2542314658
2682037410
2635893922
2621212898
3023997298
3021400594
4095142402
4116146691
4158089729
4141235729
4074639155
3529311283
3529184275
3545896003
1364855875
1348078787
1348082641
1350249169
1350269648
1358520016
1356455632
1373173744
3554193905
3529093585
3529085137
3529217233
3529219315
3537631459
3537500579
2479421875
2479413667
2479651235
2480695715
2447146467
2447199715
3514684723
3514791171
3510592771
3510592771
3544016161
1400857632
1381919776
1381899264
1377700928
1394216128
1360726512
1348148192
1893416689
1889107699
1889040099
1888016098
1908986530
1908971442
1909233074
1909243058
1707915446
1707907318
3846805734
3855268326
4023298406
4015975478
4015382558
4011122702
4011159566
3977409886
3843180143
4123221605
4118896229
4118929140
3045455556
3045381445
3050095941
3041776727
3041778918
3076250854
3076185574
3076150726
3076420038
4150211015
3588039127
3504153445
3495892837
3495762741
3562871605
3565099317
3581876501
3623836997
3607090501
4143952837
4143940293
4139614933
4137456359
4136416231
4140603367
4262243695
3188517230
3205311822
3172871630
3156092406
3168667110
3032416743
3030135287
4103872967
3567018437
3570165185
3561811313
3561880881
3558866801
3560898417
3577667393
3514748737
3548302785
3554528705
3554278897
3554196835
3554256227
3529090355
4084900115
4085166867
4085219891
4083012131
2975659617
2974578273
2974572388
2974682468
2974685540
2983147892
2984196372
2447190276
2442735364
2442753844
2442752564
2442687012
2445820512
2546484067
2546467170
2664963426
3738712434
3730315634
3726182514
3726313586
3726275826
3728400578
1513791618
1534763142
1483251846
1550362006
1550359479
1550556069
1551547365
4235901412
4232030580
4231380244
4113937684
4149735732
4134981941
4143337751
4151722342
4151574630
4118559846
4118743526
4099803606
4124449222
3587660230
3623189702
3606323398
3606323398
3623289294
3585475247
3568771757
3568575212
3568596708
3564428884
3560234756
3560216836
1412802564
1412933636
1362535428
1400283397
1383514373
1379811653
1379811799
1396589045
1365106149
3520915940
3516705252
4052532052
4091457348
4074681924
4066349636
4066349653
4135580647
3061707238
3078185190
3078100198
3042512102
3176865278
2639998238
3755814686
3734777374
3734779422
3734779406
3736892255
3732693229
3745046780
3709531276
3692737668
3692731524
3692727172
3562572448
3562597088
3562859232
3562925792
3571373664
2426291744
2426290737
2432189042
2432193250
2432230370
2440618914
2541474194
2524610946
2524611714
2524888258
2524944434
2670041138
2670000178
3173316614
3174362134
3174490166
3212230950
3221144382
3149841023
3147809533
3147622396
3185373164
3172792812
3206335996
3206469068
4148060492
4148060540
4152296300
4051503085
4034801285
4034801285
4034793093
4033810069
1894581941
1911292599
1944859574
1940660462
1940676654
1940680750
1409086510
1375530046
1367337999
1367276557
1367268612
1350225156
1348095252
3497613092
3497613092
3506140020
3522917236
3552146420
3535344605
3539665807
3539928990
3607058862
3606968746
3604801962
3613190586
3581721994
3581714826
3613753691
3613819193
3613831465
2540085544
2540561196
2507007780
2508125984
2489243168
2497595168
2497594896
2497398593
2514085699
2514218835
2447105394
2480524642
2438516066
2438520178
2438722898
2438657362
2434465106
2434465618
2434457426
2434424642
2434432834
2438688082
2449030514
3522772339
3522764051
3505995025
3237559568
3237551408
3229162800
3229162800
1077624081
1077817345
1094602947
1132417218
1115373714
41664658
1113571474
1113562258
1381865906
1381349811
1926609587
4074089121
4074023665
4074024645
3816071748
3862401548
2721415724
2721370660
2721866276
2720802084
2724797476
2733116516
2728922324
2984908996
2984913088
2969185152
4038736529
4038663857
4055373491
4055389138
4093166018
4051210706
4047086066
4030444018
4030435666
4030305346
4030446594
4030380035
4030380053
4047239221
4047104036
3005999396
2993323828
3001700116
3064678164
3081324308
3085457188
3077072420
3043616288
3043684880
3035271680
2767951361
2767754787
2767757090
2757265698
2774042914
2937707874
2923066866
2923049938
2923045250
2922980770
2926067106
2934442146
2930313398
2930325749
2931320901
3201886212
3193498628
3177096448
3168712192
3030287953
3030287075
3030173667
3030177699
2489081250
2535198130
2518555538
2518563794
2541632498
2541557106
3590074642
3573293330
3573309442
4102021378
4101946626
4118714690
4111894595
4111960131
3876689987
3859854450
3859853414
3859865718
3860058478
3875742702
3879740138
3854571242
3833601775
4103412317
3029801564
3032292116
3032226068
3036420356
2642230532
2675863300
2659087876
2659079680
2667446784
2665300496
2600227360
2593943841
2593673571
2593703138
2593711298
2610472098
2614722722
2606334114
2637923506
2637859971
2621094785
2618993280
2485054080
3021990592
3020778224
2484952800
2422014432
2430402912
2432372769
2432368675
3505980466
3504938002
3506124866
3514562642
3547977970
4068182162
4066024578
4066032770
3797597634
3797458642
3792221793
3792483937
3792483877
2719917605
2719933733
2738775079
2709404711
2716731447
2695772179
2695837747
4038924337
4039063889
4043254081
4041031632
4041017040
1910441601
1365116545
1365120643
1398740610
1397248418
1405636770
1405665442
1372115090
289989010
291021778
293512962
1367255298
1366206723
1365747985
3521427744
4049976084
3546721796
3546723844
3525739012
3526214196
4067181092
2993439268
3001832236
3018642477
2980895791
2695481406
3836385294
4105091082
4126124058
4152145002
4128567406
4261724414
4261835006
4278608118
4245054946
4240893666
4236701362
4237221507
3164520065
3168779904
3044646528
3074022032
2994457248
2994305696
3002609312
3010997921
3010997938
2973250994
2973308066
2977629362
2984971443
2980727825
2980706304
2980882432
2980882948
2980887060
2964298260
2968434212
2955932197
2972570149
2972467951
2972467882
2691449002
2699609274
2699811034
2699802714
2716772442
2750326858
2741938250
2720705546
2720702987
2787803657
2787824168
2741690924
2745754156
2745754916
2749913380
2707966288
2703904720
2703908560
2687125200
2691385009
2699845360
2699845360
2699582064
2699582288
2699590000
2716364145
2733237619
2733372786
2800735318
2800475382
2800352374
2800343158
2791954550
2788087894
2772367558
2755554758
2755555271
2757652469
2763837413
2763837412
2696728164
2713505332
2742865413
2738744837
2738875921
2738875937
2737626657
2741816947
2741817169
2750275025
2750340561
2716786117
2700007877
2700081621
2699852133
2699843877
2699844903
2691523959
2691523582
2709382142
2742874558
2742867134
2742869182
2748614830
2748614846
2740295934
2702620750
2702632975
2702634253
2702632509
2742448685
2742440559
2750284527
2750088951
2716340199
2712148965
2712148404
2695379348
2700622212
2692296580
2704959124
2704963253
2709144231
2717403062
2716616182
2716654838
2751265846
2742934582
2725180422
2724881414
2724880390
2724913182
2750084398
2818240303
2818305629
2816010953
2782456536
2774073080
2776123112
2688156377
2688418507
2956866250
4034343422
4034141422
2985560174
3086239870
3069700110
3065441294
3065951246
3065947150
3065950479
3082720061
3053294381
3053237101
3028071405
3028276204
3024078828
3022473197
3040172012
3040100333
3077842413
3061065069
3069522045
3067416645
3084201988
3042254852
3025630244
3033975844
3033975572
3033987588
3033983492
2497183236
2647981572
2681521767
2656847718
2656834918
2656829542
2667315446
2667458774
2595890390
2600084734
2682850550
2682813830
2674453893
2675500420
2641950092
2641935836
2625219452
2621172276
2486954516
2486890004
2491082260
3027952212
3034174180
3050881767
3084435942
3067658406
3067729078
3059475606
3076191454
3206208718
3172662350
3176851534
3176917022
3210405950
3212467486
3212529422
2674464334
2682988110
2666149502
2667120238
2667055086
2673354238
2673352910
2648318158
2627342590
2495234221
2226733244
2226708700
2221470156
2217510236
2217643284
2486085940
2487134516
2419501876
2417408772
2954270212
2971046476
4057383628
4060070652
4059841199
4059828910
4051449774
4047257006
4047313390
4047444190
1936595022
1944984590
1924080655
1924031501
1928290317
1392496661
1383710773
1398374503
1364825191
1900647779
1900584291
1934147441
1917386609
1917574736
1917509456
1917484880
1917478256
1934255472
1909093872
4039726448
4035461984
3498623841
3498628647
3565745702
3586764342
3050028854
3083452198
3083443558
3210329558
3210324366
3176769934
3178933695
3178929573
3176842741
3210396149
3193552933
3193716775
3193778471
3210682646
3177063702
3162385782
3162115958
3170521047
3170586565
3166429124
3166305988
2629365460
2497244772
2488856164
2488919588
2489013792
2489272161
2489141090
2488620914
2421102450
2437874642
2437878738
2471433170
2479829394
2475634834
3549245618
3554488467
3545590929
3541432528
3541424336
3541534932
4078345668
4044860996
4049053252
4046886476
4046947932
4045719268
4046243556
2976696036
2976667620
2985260404
2985129316
2980869216
2980900961
2981097779
2981032243
2985227123
2985293683
2976767987
2976766963
2972572129
2972572001
2972703088
3011439872
3011437824
3011503872
3019728688
3019732768
3019732768
2986301217
2985889059
2977434915
2440564018
2440576114
2438544498
2447080690
2447006962
2480593106
2480601218
2479544706
2479545218
2479618690
2471099059
2471030435
2472079075
2438590195
2438594417
2438593841
2440625457
2482568241
2482633777
2482762801
2482697235
2482753587
2482753842
2474366482
2474368531
2438593075
2434333299
2975652449
2958842737
3025959921
3034541521
3034017235
3033916915
2958357874
2958415218
2958444370
2419475266
2436256706
3544085442
3543101842
4068429970
4068425874
4067908754
4076329106
4076329106
4074240146
4074241234
4067818950
4084524871
4051035717
4051162732
4051525228
4051459620
4051439204
2976652884
3010008900
3018405236
3018403940
2460553317
2460684386
2478518390
2478534774
2444849270
3504092470
3495713046
3495811126
3495950374
3512646015
3546196301
3531583308
3527246668
3525149508
3525084004
2467070244
2467075872
2437928752
2446251536
2479814192
2480858656
2480924192
2482761232
3019636304
3019427440
2985871328
2985871329
2977485283
2977485282
2977526194
2977527218
3011083442
3011017890
3010992290
3011188882
4084873346
4047120579
3514460225
3497716992
3506042656
3501778720
3501777713
3505971985
3506098993
2449114913
2438647345
2472200785
2472532483
2455751171
2464013074
2464017714
2531028258
2463917090
2455598114
2455721058
2472415602
2438861778
2422084547
3495891601
3495760529
3495777201
3495785363
3512726915
3508534659
3508525507
4045396947
4049379319
4049383157
4032605773
4034909772
4030711388
4047029868
4047033964
4084749164
4084757804
4084954428
3019469876
3019471908
3019627556
3015367733
3015365911
2998597399
3000694291
3017397779
3008906867
3007862627
3007845859
3008894177
3008894176
3008042064
2974448960
2420800832
2420865344
2429090144
2429081952
2429081952
2429280208
2445999809
2471161537
2472279763
2455371682
2455305634
2472049826
2472041698
2474335442
2436529602
2440719682
2440751426
2438588690
2438519090
2438515059
2974538065
3009068353
2455420737
2455486288
2991193809
2991324881
2992365299
3017498595
2983746019
2983730659
2983730531
2977643858
4051315010
4049217858
3512416338
1364793458
1347950690
1372133458
1372198978
1372200386
1372216770
1372192211
1372108273
1372107745
1363710707
1363710707
1363907282
1363849922
1363863490
1397681602
1398733042
1365235938
1365088502
4049379269
4049383108
4032671436
4030699212
4047101564
4051230316
3009992300
3018381100
3001636156
3001644348
3018354988
3014194476
3014260007
2477511974
2464929058
3002716450
2994245746
2994307314
2994458834
2994401494
2994401478
3006987462
3023732166
3023986398
3028115070
3028057726
3035950974
3031756126
3031755902
3033590894
3025270014
3025323214
3036861647
3036869967
3070420349
3075667821
3058917221
3067314036
3067313492
3083949908
3041937008
3025146480
3025212016
3025343056
2488415824
2496886320
2496757552
2496691504
2513501456
2547121168
2530475008
2530735104
2530727184
2530592560
3059074592
3075986976
3075858016
3075792481
3075792483
2807863010
2816251622
2807871142
2740774566
2736053942
2702560926
2704767646
2704567230
2707693046
2716075383
2699497503
2699243550
2700156958
2700156958
2700438590
2698463358
2697316438
2697316423
2714228997
2747718916
2730947332
2730942980
2723078676
2723050021
2723087971
2722958818
