1358437439
1356598287
1372392455
1380910421
1376765941
1376228277
1376227989
1376227989
1916834725
1916834727
1925226935
1656989079
1648536734
1644346591
3791886383
3791816751
3875711021
3842156845
3826690861
3830894396
3763847709
3760014109
3759960941
3760005999
3776779239
3780969447
3813475198
3787801102
3787739658
3771006475
3771001355
3770706459
3762322138
3779091082
3812694666
3795918474
3863222170
3863216570
3888386234
3884265642
3834065134
4102434942
4237718542
4237749255
4254509317
4288060164
4292840196
4284320512
4246046992
4229270800
2081935664
2081906720
2081497121
2081632561
1007825185
1007817505
1036190497
1048654355
511783683
511774979
511832387
931307971
1066576259
1066568067
802261395
787585975
1861335703
1848687263
1848686239
1847628523
1847628395
1847767659
3995263787
4012073771
3865116975
3865117054
3865117046
1726157942
1659049078
1654856950
1621171350
1622355079
1890724999
1955736709
1954696581
1417797253
1417993941
1434768997
3621049895
3612668726
3577078038
3576620342
2637096230
2675891510
2667306291
3667525393
3671649841
3671647793
3665356337
4219126289
4219388721
4218864931
2062668835
2054216739
2047888433
973093889
973089793
973089793
973225009
973217057
1003621923
1018497635
1017972311
1017909959
481039046
481088142
212644526
212644526
497598382
1592375742
1592375743
1609152959
3702111167
3706370703
3706369677
3706364557
3707278077
2499379965
3028063981
3078400804
3075778852
3058993188
3054802964
2786372868
2719408644
2736177668
2685846020
2692629092
2695644900
2695388900
2695396076
2699582968
2716392921
2716458459
2716726747
2708469242
2691689978
2691694586
2691686398
2691653630
2707904414
2775003550
2808558046
3085316314
3081122010
3081123034
3085903898
2540648474
2502899738
2234398730
2246977546
2242782218
2242715659
2377908235
2377908267
2377920555
2376859691
2381057151
2381056351
2372753759
2372786519
2372794711
2372794711
2372794743
2372794743
2372794743
2372794743
2372794743
2372794743
2372794743
2372794743
2372794743
2372778359
2372795255
2372795255
2372795255
2372795255
2372762487
2372237943
2372221815
3445963127
3441768823
1294284919
1294809207
221059191
221083719
86866247
355289415
627964279
627964279
627964279
627964279
627964279
627947895
627948919
896381429
359510516
342733236
342733236
1416475316
1416476340
1412021941
1424603831
1420409534
3618241470
3735715246
3735715054
3739886670
3739886606
3379110974
1215046711
1210852661
1211905300
1211368724
137692180
139854848
148251904
138552576
138552592
134226225
134243185
155214195
155317619
155318130
188997458
188997586
172088274
1245838322
1245838323
3393241073
3401627632
3397497808
3397628912
3397497312
3464536544
3732979685
2525010663
2529200870
2449509102
4060121710
4060319326
3792098830
1644623630
1661424414
1627748118
1611493143
1615691539
541870899
541673747
541673811
550197587
550197459
550230227
550238417
550238673
550107633
550091248
541704176
1615378161
1615369905
1611388563
537589395
554336146
575289778
575355058
583743730
584005650
583997443
583997457
579740725
579739877
596402580
596432772
868535936
822398592
889196176
889396897
1023557537
490874275
427959635
427961602
429010178
160573698
160459026
1238427938
1230022946
1228974374
3418400806
3397696574
3397686366
3397768414
3397899518
3464647790
3464920430
3347533679
3318041188
3227339380
3223177796
1075632708
1141759940
1410318212
336588676
352643456
352635264
486623633
486739377
490878385
423765425
432153043
427958531
427974915
427992835
964799234
952154934
683719463
675330919
692108271
725663135
704689547
1778495883
1778618777
1778618856
1778537320
1778529064
1778529064
1863451432
1844578088
1823674168
1823541528
749738248
766519497
699410569
967837835
434113674
425723018
409075866
140644506
150090234
147988862
143811390
164880950
164734518
164736566
156285750
1262532902
1262528550
1262528550
3401890862
3397685358
3397898494
3397800190
3397784042
3666220011
3683058408
3754164968
3444835912
3440643656
3440712264
1494710856
1494739656
454355592
456456584
455379081
455117962
425836698
425906330
421687450
422731962
424813038
424813358
433201702
433268274
416497170
416356914
416299559
406875111
407169957
423951781
155489719
155423111
457347463
1531089299
1589817715
1585624369
1586609200
1586599984
3600005168
3604134964
3595746581
3591816471
3596010782
2521220398
2521123886
2521041962
3590593642
3611573322
3578145867
3569761739
1350966873
1351032441
1350841961
1355031081
1346642489
1342448185
268710457
268718617
805618248
822919752
822920921
856529627
860797898
860793738
1388816778
1388624266
1388616138
1458603466
1454477402
1452519482
1452449834
1451663402
1451663402
1455861803
1447460969
1448001784
1376670860
1376658572
286141580
806758908
806763260
806755060
819400277
815078935
882124374
881092342
881125090
881114786
876907939
872450483
872450227
604149939
750959009
1820502433
1820502449
1837346129
1875094785
1862446337
1863563537
1712388387
1712335139
1729182498
1729239590
1695682086
1616053798
1620050742
545260374
545272143
545272143
562037067
595854153
646185801
918846984
1053157977
507898841
533064651
465955722
163900298
163892106
160794506
196313498
177385658
177381546
176332971
176333037
172138725
167945332
167951360
437426176
437426192
437491744
441695268
441695268
439858204
456638476
456638492
959955004
943116648
947372520
955761400
955630296
954554104
685864697
686890715
745610874
745551466
617623082
1682976362
1682976474
1634736842
569396122
569690554
568646794
568620170
568606858
811876554
813056379
819384619
819913515
1892542255
1892477751
1892457270
1909229878
1925940550
1925873990
1917514182
1913282886
1980375367
1980375413
1464415076
1422398252
1955083820
1955079724
1959325196
1950920269
1950924623
1967689166
1926008010
1926139018
1917750478
1914614990
1914598495
1914577199
1897799981
1885217065
1889349929
1889284393
1889014569
1892185885
1883814735
1879608135
1896384965
1934133445
1649055941
1644868805
1711972549
1711972549
3876233687
3842683878
3846739942
3855144678
3880280934
4010550118
4010550118
4010746727
3960419191
1817055231
1825442719
1820724109
1821252493
1822309263
2107455885
2140946317
2128349085
1056703148
1056703144
1073619689
1073619561
1071391533
1063018811
1029497147
1029501243
1029567515
1029699611
1028634651
525174843
508348443
1582123083
1582193866
1582194826
1590064011
1602638507
1602679465
3716473576
3716457196
3699679868
3703878268
3695686396
2483470060
2483460844
3020262061
2974583471
2991360702
2991504030
3054429838
3055182542
3061449438
3060404974
2548572654
2447909102
2426941678
2443706606
2443772154
2448363723
2431463625
2432445448
2424072200
2424137752
2221795640
3295541512
3291470088
3341797128
3593372491
3598614858
3595993130
3594825774
3594817582
3594879022
4131824686
4131824654
1984275471
1984225292
1996845180
1946579308
1947091560
1947091560
1884212828
1884080845
1623763663
1615379166
1632144350
1917357278
1917489358
1980428495
1980391503
1981423709
1968841069
1960457068
1955279464
1955337832
2089561704
2089561689
2085415497
1946991179
1963756362
2002553290
1918733514
1918801098
1920897230
1916715214
1916682462
1933455615
1887314277
1895707437
1895567917
1893495341
1624043053
1615637021
1615379023
1632144334
1648921486
1644793230
1644855694
1711976591
3859456159
3859472567
4148880869
4158324068
4154449188
1989956900
1994137893
1985749301
1981554725
1998524455
2099118374
2086538590
2094938958
2094938958
2094992078
2019364558
2019301086
2019308526
2111575019
1837892585
1770783657
1770926825
2039292616
969696201
961307465
944566553
940569881
944692505
2018416696
2026805288
2026739768
2026670408
2068614600
2114422472
2114355848
2114359960
2118574760
2118443756
2126799599
2126803758
2126802990
4291162158
4115135534
4098283638
4098263238
4098787526
4115564679
4149124485
4149126789
3209360069
3084567121
3086729827
3052954338
3036161762
2969052834
2960662178
2959609250
2976449715
2976448657
3043565761
3010011136
4083900416
3555418116
3555582996
3518780468
3501474868
3503557941
3503623477
2496077101
2227576175
2245418494
2262728142
2258562446
2258605454
2258404750
2394456494
2667098542
2675483562
2625234671
2621175551
2554226269
3627951636
3627492884
3627296564
1484003120
1484195120
1482036496
1482040320
1480926208
138425360
138489857
155394049
155333891
155342098
155438866
155246450
1262549986
1245772274
1245837715
3401817489
3397490064
3397628816
3397555088
3397620144
3464606176
3732974820
2525014501
2538637671
3507784494
4080503342
4080455198
3812029966
1664610830
1662833182
1629275694
1633482286
1632173878
1632165703
1632145351
1665703893
1665777557
1665792949
1649147829
1649147301
1665922469
3821719988
3821719988
3821728188
3789481116
3789421788
3789158621
3822811359
3822745822
3821693022
3889849374
4158545950
4124991518
4116664602
4099895578
4099859226
4098748254
4098685566
4098677502
4123577086
4157132766
4140352718
4140548302
4267364559
4279918799
4248445151
4231930365
4236125165
2095003629
2090604525
2093230077
2093246463
2101673951
1967443935
2009566590
2127010910
2126881870
2126885966
2120204302
2115944479
2132721725
4246627132
4234043948
4242350636
2094801448
4232853052
4232871549
4165761789
4232346367
4257537694
4291085726
4286891150
4207407310
4207337678
4266057935
4278640735
4283889023
4283946861
4292204397
4274320749
4274315629
4265931133
4282700157
4278698301
4282827839
4249269343
4258180191
4258249807
4249717975
4284320991
4011695295
4015959469
3999182509
3998652157
4015494876
2937435740
2771755612
2754982460
2754990636
2753877540
2753877541
2753844839
2758024550
2775321702
3882617974
3866037374
3874372702
3870174302
3870174278
3869653062
3820370006
1670842454
1636046870
1623207175
1623205637
1619146244
545391124
545392164
545261092
536899108
536898324
553679620
553863948
553864061
553896943
566427055
595770815
595967390
595893646
595638670
591436174
587307422
570529982
570661038
570603758
1711450222
1716693038
1716758590
1733535807
1729280045
1729288252
1729316924
657595436
657857836
623249708
627510060
610732860
614926909
614930973
614939157
614808119
614738439
748956167
765725191
627964279
627964279
627964279
627964279
627964279
627964279
627964279
627964279
627964279
627964279
627964279
627964279
627964279
627964279
627964279
627964279
627964279
627964279
627964279
627964279
627964279
627964279
627964279
627964279
627964279
627964279
627964279
627964279
627964279
627964279
627964279
627964279
627964279
627964279
627964279
627964279
560839031
560839031
560840183
560838135
627947007
627946943
627948991
627947967
623753663
623770047
623245759
657569213
659731388
651342744
647144328
1719707608
1989188456
1993386792
1987086648
2004068633
1999829274
1899117834
1903302122
1890714026
1890976170
1955988910
1960052622
1947236238
4094748615
4113737477
4130514709
4134707509
1991278901
1991278879
1995481871
1968300573
1947352829
1947351727
4099283887
4032170415
4042524847
4042525887
1945572559
1390817294
1390747918
1390733118
1122299438
1206151982
3353635630
3353861422
3485453614
3753870622
3600729422
3600728911
1455350612
1450762532
1446551652
1446629476
1444495476
1461199956
1947755796
1947887220
807042661
819617319
815547966
815547918
836552478
860792122
1934533898
1665838091
1665710203
600344809
566790648
550084056
541844424
805987272
805970904
805970920
822740777
567086381
595855663
596064526
597059854
865529102
869725966
861180798
861176318
860127743
591761899
1631953385
1627759085
1627759597
1615300604
1615237116
1615306716
1611120220
1611132508
3758550620
4027999965
4048974797
4092990429
4088730095
4088664302
4088664238
4055176414
4042667470
3505794446
3505859998
3522506158
3556060334
3539412158
3539955854
3539849358
3535655391
1388286268
1941943612
1944890668
2003626284
1982654760
1982167352
1982208280
1915094489
1932919706
1897268154
1884689342
818156462
813962150
814495206
815545702
882665734
347924742
398437638
314480391
1391887111
1383498503
1381008357
1393592295
1962979303
1963043831
4093819606
4110596678
3611487814
3612503814
3595706118
3597665638
3606058470
3601866983
3618840807
3616674047
3616751837
3604009213
3591422045
3591413833
1443995657
1460841737
1372764936
1373031224
1909901880
1901579032
1899293960
1932846344
1932812297
1932939769
827720107
810942907
809895867
809836458
809508779
809506735
834868127
831710031
867410719
871408191
870359599
1935712831
1902220063
1899135759
1899135759
1901233967
4078411567
4078365487
4078070559
4084410655
4159913327
4160172143
4139127035
4155900363
4155969995
3618857435
3589369195
3589335338
3564173610
3560032538
3559054602
3560104714
3564233482
4107322174
4107322153
4107325736
4106346792
3032607544
3025533720
3038239513
3071724299
3072252426
3076411978
3084653258
3080454874
3046904746
2979869097
2979800233
2482242796
3543400652
3543535820
3543560264
1393975624
1935008056
1901454697
1884809593
1884814329
1884658105
1901370299
1900330379
1929695627
1912947081
1913012617
1935024297
1943412969
1943299369
1905552681
1907875613
1912065805
1911920399
4051022623
4084699967
4082403167
4077684447
4077684447
4144613117
4148874863
3217718830
3218746926
3216518974
3220713246
2650287422
2639994142
2631795742
2626551902
2626486382
2626420974
3700162766
3368837259
3368871304
3368921496
3436100536
3708722072
3742337928
3592129480
3592062920
1446675272
1446674712
2004476200
2004377896
1970823464
1949920553
1947883821
1884965167
4049455423
4056206687
4090803663
4090991567
4090921870
3545596558
3545544366
3545546670
3017202158
3017202158
3017211006
3000329263
3002360893
3019202617
3010883608
2977386776
2975201080
3025532524
3025657580
3025652445
3050625935
3049576846
4156873902
4148386990
4149376182
4149409158
4149371286
4149436850
4149338547
4149272977
4115784148
4048724260
4050879764
4049709316
4045515012
4045453604
4045465876
2971854620
3051803149
3047604751
3048063518
3048071978
3031229742
3035426094
3027036526
3027230462
3027130078
3044886222
3040625290
3074192078
3078054367
3086378239
3048699007
3048562047
2514812799
2506424319
2540992223
2524308175
2656564166
2664944118
2666909926
2666852454
2658532406
2675440662
2683763735
2683825463
2675041077
2675036759
2635153999
2635154399
2634248191
2621925733
2630183269
2630187285
2648144133
2647999748
2681553156
2681491828
2681598308
2677535076
2643972580
2643784164
2647717357
2639318381
2635451519
2635521230
2637589710
2486578382
2486574542
2490765310
2499172078
2494920430
3568587471
3568620237
3589600205
3598053885
3598120365
3596023205
3596084645
3591725461
3590615445
3590607357
3608629757
3612766589
3620889967
3620793711
3622890623
3623091278
3614622798
1433583694
1568002143
1567940671
3715489855
3698783535
3698777903
3707686695
3724410743
3716017479
3749573959
3749531974
3749532006
3757864806
3757860454
2642243110
2640274962
2639722242
2681663746
2660684034
2660614161
2660552928
2660552928
2681520292
2638005668
2621427124
2621366164
3695111093
3711953911
3615287799
4135382359
4135445767
4135575559
4134461701
4133933317
4151759157
4151825701
4151833893
4151827805
4118269917
4116532989
4116532973
4116649919
4250744223
4233896446
4242289126
4242280934
3703387110
3569230422
3569230407
3572901575
3572965079
3570731733
3570752453
3587694021
3579303365
3579171285
3612668375
3614765406
3597975854
3606364462
3605914734
3606045822
3606029535
3580861663
3565063517
2490797660
2489814620
3026493213
3022300477
3072631101
3190284565
3189952789
3189915957
3194110821
3203482213
3146784485
3113234149
3095424631
3099881015
3092535094
3105177878
3107278854
3141361734
3143524438
4225656263
4225660871
4191035015
4190904213
3645652901
3654034855
4190975231
4224667871
3688841295
3663548431
1515840543
1515971897
1524350265
2061024569
2052652313
2048456025
2031735129
1478414683
1482576139
1490960651
1491026233
1490825513
1507601705
1507600681
1498183979
1498183739
3629087755
3628782923
3628777930
3629826958
3638215614
3655066558
3654869934
3688391599
3688391591
1540961255
1532703525
3682275629
3648590141
3648852253
1501377821
1499278617
1498180377
1506667289
1506663129
3654065819
3654063771
3654136463
3653866127
3746140863
3746140847
3746150063
3746277039
2539304639
2518341535
2520434655
2453652863
2989479295
3010286895
3018609967
2985062447
2985287807
2968450303
2968442335
2969558493
2961039325
2977808125
2976759548
3006136060
3006133980
2737697501
2737599229
2741785327
2976666094
2984514670
2984516718
2976128126
3009748190
3018206430
3001445502
2997247070
2997208134
2997146694
3018171398
3018235927
2976817205
2490339636
2498736660
2490278416
3022968368
3023031857
3022802485
3022813479
3073206374
3221113078
3200142530
3200139458
4278145218
4269072503
4281655655
4246004069
4233620855
4233555287
4240890327
4240887254
4232563926
4250256854
4283822551
4141867479
4141863285
4133343589
3061610277
3074195253
3074309693
3044949631
3179159295
3187480542
3170637790
3166442974
3166504431
2629633519
2629662189
2646472669
2684154829
2658984908
3730629069
3730629117
3747407341
3747472879
3714049390
3692983582
3695072518
3560590598
3564822294
4126866230
4126927638
4160351495
4160476487
4135174471
4128882903
4128887015
4133089511
4133090535
4140430567
4140553429
4140552389
4148942164
4115387764
4098580340
4099611447
3562748726
3562748726
3562748726
2488876854
3587782454
3587782198
3600495158
3600437814
3600533300
3602429204
3606617088
3458763792
3459026000
1514048592
1497291840
1478388800
1478109249
408623426
408820690
417209042
1489975922
1489845874
1489780338
1506291426
1539845858
1518874338
1250438886
1267220390
1267218871
3414702532
3385334084
3376941316
3377006868
2311809844
2307550004
2341137188
2341076772
2308474644
2308539885
2308548014
2310583726
2310835630
3387787422
3379402910
3375085726
3642472654
3642403022
3674909134
1527441742
2030823693
2034858780
2034834236
2035104572
2035236668
960905013
960902949
960959783
960763191
960786759
960819655
944026007
944091567
944091583
944027023
944028047
944093663
944175597
960945533
960648520
453129032
1531053000
1564885912
1506232252
1489370028
1485106093
1485106095
1489419151
1481031623
1493600071
3742794007
3726086455
3732398375
3740655975
3667194343
3667194343
3666141671
3682886119
3653522799
3645330751
3625328415
3625335311
3627432463
3631692319
1498770239
1540683070
2059768079
2051506639
2051375519
2047127981
2047124397
2047124412
1778758044
1795608985
1862685177
1829114235
1812338043
1812356907
1825983787
1704249643
1706346843
1739884619
1861524683
1852085707
1847886282
3996369914
4013093482
4252131946
4250018602
3176277802
3159362874
3159375130
3159633162
4237698378
4237710170
4237738971
4120232345
4122248616
4151608488
4130636968
4128617608
4262913160
2115396744
2131895448
2081568760
1817577192
1821770345
1821844010
2090082874
2090082842
2094276922
2094294075
2085943321
1573185544
1573169480
1606860424
1473683080
1452574345
1455194810
4138238378
4138382506
4142833834
4131299498
4148076874
4282299146
4247237387
2099552827
2082793257
2086987049
2087122223
2087077183
2087076111
3897901342
1767137662
1767170410
1809249594
1805042954
2077674763
2069331211
2115462473
2115446089
2134114392
2138308712
2146763112
2106917736
2106684024
2106648136
2109793816
2143354457
2135989721
2132071881
1997918427
2002108571
1970717115
1970684827
1953911771
4101399289
4101400297
4109692777
4109686633
4121216857
4121220683
4293391946
3748066890
3749115866
3744916986
3210601706
3185369322
3181236474
3180822603
4254433355
4292191097
4267025257
4262847339
4262583787
4261665003
4261673195
4266842363
4266809546
4149632138
4116071819
4101374907
4101452475
4101317291
4109443759
4107346605
4103156396
4103160820
4105196308
4109395221
1433462069
1362158679
1362230359
1393724486
1930595527
4048719045
4031941956
4040343300
4042501684
4041326116
4032861732
4045443588
4062568964
4062630161
4062658595
4129554530
4146332902
4150659286
3857070470
3852893062
4154817206
4138000262
4137996742
4138004678
4143247606
4151599335
4097056999
4097122789
4101451749
4109834981
4105505447
4105439927
3518241671
3555995526
3530905478
3530937222
3539460758
3535266486
3551917743
3556046767
3547653613
3542416637
4062510332
1915020540
1914987740
1915184604
1936119132
1902561148
1885782908
1885852445
1885401375
1885401151
1885401131
1902171179
1899068731
1966303514
1970416410
1970412346
4126281274
4126344730
3585086218
3585086282
3585086298
3566220270
3566282734
3297978303
3297982367
3301984191
3310372845
3346068479
3346260303
3346194767
3353538847
3311637807
3428883759
3693123871
3694237967
3694385421
3715299597
3715300813
3757294044
3731997612
3732001700
3725845428
3726091220
3742737396
4216432420
4224821028
3148916516
3149182773
3149248278
3187012918
3174128942
3157331310
3155562478
3155560414
3159766942
4237636543
4237558201
4237570521
4258537560
4250170376
3709137929
3709135883
1561652235
1564867610
1564904538
1564904523
2110162379
2034673119
4190610943
4224034285
4225217021
4275536349
4267020509
4262764797
4262781181
4279399933
4279394285
4250028783
3992013423
4021291563
3937696283
4206128651
4206126857
4206629645
4202500413
4215087405
3627426087
1479934055
2021000567
2039877111
2072203223
1518366149
1518398917
1514204357
1510374597
436616517
420363077
408816159
416943663
412618287
412626735
955786541
955786269
947397645
410530845
427316516
426300772
426284469
426283447
426357175
409580471
417970103
417972150
413907862
419150742
1509669814
1568324535
1568321415
1568319367
3716069335
3749561829
3748973925
3748961637
3757415733
3739655445
3739653381
3739662087
3739738935
3739607847
2683695910
2683663654
2683786726
2673214678
3746956422
3742848134
3742891158
3579248007
2505227653
3033770893
3033639628
3033635356
3035729468
3034617404
3043009068
3072369196
3038900797
3038921263
3022394222
3026453998
3034843630
3035433210
3052288138
3085314186
3086444750
3069537486
2541569230
2541634766
2541646046
2508153342
2506973694
2515497471
3052401151
3085947391
3085824381
4160550269
4152164221
4131191133
4131252700
4147603964
4130761148
4130757820
4151723164
4160159900
4159901853
1970500037
1902375893
1902310007
4058248743
4058052135
4158711574
1407214854
1399158039
1348866343
1348862759
1349387031
3496874503
3505337877
3505389365
3572350263
3588595023
4133985615
3597108687
3597501262
3530327038
4067225962
4068221226
4068221227
4051449131
1349467435
1357785401
1357785401
1370437896
1403800840
1390986504
1392017737
1113293273
1113502175
1109296094
1393464206
1428066958
1411306186
1417596666
1559206890
2095889387
4240223209
4261194216
4143757768
4134307208
4130111880
4063084984
4063195560
4063113640
4046336424
4033749420
4037935533
4037871028
4037873908
4037825580
4058829868
3509371964
3542918156
3547245580
3517877532
3501114655
3517891646
3514778670
3543928174
3544059390
3546164870
3520999062
3567206070
3571209910
3495745158
3491620486
3490702983
1342566277
1359282165
1397029365
1984264663
1983982935
1983982967
1985094967
2119311671
2144469303
2143306039
1036272951
1011107607
1011140375
1007154966
1011279142
1019716903
751101303
767882693
759496133
621280213
1694956149
1632033399
1640401527
1673907830
1673839198
1674363742
1674429438
1934480367
1900925931
1632490345
1632460665
1884256633
1884252521
1884186729
1892579449
1892578633
1884115785
1884144331
1884148427
1884263406
1909372398
1641003118
1674360934
1648736326
1645123590
1645122574
1646166223
1646252221
1646227629
3793297581
3810075053
3813476271
2739734206
2748126894
2743407342
2746570286
2745464335
2745495053
2997152268
2997152556
2464487468
2452030508
2452029532
2451964108
2465607864
2444632232
2427849960
2159478872
2159290633
2154044185
2221169179
2237983498
2271536906
2263741194
2264908042
2396766510
2329510254
2340009958
2340077558
2339026631
2339021767
2313724359
2347278550
3412631790
3408629998
3677914350
3677932794
1511712970
1510631882
1527408970
2068474186
2034911050
2018181962
945357387
945320521
945382233
407499112
407393768
407399848
944302504
1019800505
2089466521
2089467531
2094630542
2103214734
2100789902
2134278862
2134028894
1865590318
3996167718
3994070566
4010848046
4015052078
3946890542
3946956078
3913475454
3913540991
3909215735
3909219815
3913535974
3921924326
3921760498
3913298258
3896516946
3892388690
3896653799
1757551589
1753353189
1771243988
1804671364
2056464772
2056465605
2060529861
2060472517
2060472405
2059461925
2067850533
2034347813
2034482740
2042861076
2042729984
4215379521
4282487761
4282487539
4282496739
4282496739
4278449894
4278408934
4244848630
4244847990
4115799399
4157738103
4153478231
4121955415
3585084487
3585285319
3585220055
3587321303
3579012423
3507711751
3507642119
1397968151
1399864615
1391471911
1391471719
1383076983
1381040469
1393885525
1364542325
1347801637
1356133925
1892986661
1891938069
1891934037
1883541111
1896189687
1929887430
1913106118
1934091766
1933960423
1908696295
1908892775
1942381687
1934058549
1934029845
1934000391
1934000903
1967632903
1967502871
1951184767
4098662399
3830288349
3830351821
3825637069
3959927516
3959550701
3959547885
3963742189
3963875311
1825831391
1767074191
1796434319
1779653767
1779647639
1853030565
1861353909
1861431765
779101141
777003893
779100711
787554863
783495979
800063803
764425483
747644937
746616841
746633225
746699211
750881227
1010863499
1058112394
1041400714
1041400286
1041404270
1062379558
1028694054
1010869543
1816176949
1817361156
1867692804
1850903300
4000549636
3996159253
3996173070
2922463774
2922517038
3207803438
3172016686
3184534062
3046126382
3048210542
2511601915
2427715737
2159287433
2159286408
2163476617
2167720409
2167929691
2199812875
2199806218
2199806218
3273580810
3238981946
3243086187
3234628075
3230436841
1082952168
1099798760
1129249000
1108273400
1108239561
1108226249
1125069257
1091376091
5059306
13448938
13384302
13376022
4872710
4877062
1078618887
1087010567
1137361671
1116373335
1120633319
1388884131
1388880035
1925751207
1921556901
1653384620
1657645228
1644464300
1660979372
1661062380
1661101288
1627529704
1628578664
538059561
550507065
545268489
545285913
612629784
629262344
629196808
667191624
659012424
658692825
658691771
1728266939
1862423178
1863480223
1867674607
1875075567
2105565541
2105568549
2092984597
1019377989
1019377859
2094160003
2094161026
2102526338
995230082
995246466
978571730
978415986
978347298
1047555362
1063316770
1071834914
2124592694
2124580358
2125764183
2119493591
1996547543
1996714119
1963085959
1950486767
1892812015
1892750831
1892775887
1893162703
1893125711
1888995933
1893517853
1912401437
1912399388
1904145180
4085182748
4085174589
4085174317
4085248047
4082496815
4090819887
4074035071
4073572191
4073707487
4073684959
4132404735
4132322815
3596500351
3596563839
3613332863
3587113311
3570356559
3570364767
3586483711
3586455023
3586457071
