1356598303
1372392455
1406076181
1380926965
1376768949
1376227989
1376227989
1912705973
1916834727
1925231015
1925227927
1656923278
1648536799
3791829119
3791886383
3808598061
3875711021
3842418989
3830890284
3763783484
3763847709
3760014141
3760022375
3760006119
3780969447
3813475310
3813491294
3787805194
3787740682
3771006475
3771001371
3762350619
3762322011
3779091147
3808435851
3859029658
3859023802
3863220394
3871682730
3867619498
4001837242
4018614426
3985010894
3985042511
3985025039
3986073885
3990272788
3973495572
3973552912
3965181712
2081641232
2081620273
2081501489
1947349793
1947349793
893583649
897581361
931143939
394342403
394473475
394452995
931308739
932350083
663980419
670402967
653630359
1718663839
1714469535
1714467579
1713410667
1713410603
3877806891
3877823275
3877855595
3848339951
3831563711
3831694783
1684479423
1684408767
1621514687
1621612605
1638168639
1722042398
1726225422
1713644558
1713774606
1714823214
1731593510
1740050038
3871152886
4137492210
4270669523
4270618304
2659772096
2680743616
2634723264
2617950145
2618989507
2623179714
3168504818
3164125666
3164122594
3185108454
3176719591
3206042837
3206219220
3206157744
4112203168
4112068512
4116266913
4148902643
4157222595
4153110210
4136169410
4136156995
4136144193
4140338517
3880302932
3876174068
3842681076
3842681076
3842686132
3842688420
3876241824
3809178016
3859493861
3876533221
3881767911
3881246711
3889511262
3851905806
3850889486
3850803470
3850869007
3850677261
3855397900
3846995980
3876356156
3876434284
3859735012
3859705829
3859693477
3863808931
3888450483
3855028114
3854966658
3839303554
3834916242
1687171058
1687171026
1687236562
1687236418
1955671810
1955872514
1955880722
2006777106
1989995842
1994239043
1994230851
1984531537
4132146288
4132420704
4132416564
4129226004
4145995028
4145471344
4149640944
4115082995
3578216146
3561299670
3569621878
2495970086
3033004342
3029326102
3045891350
3045895462
3213403431
4291331093
4282958852
4278733892
4178066644
4161416420
4161677796
4165349348
2025987812
2038632180
2072010437
2076240583
2076224454
2076224454
4190157254
4190280054
4190289254
3720527142
3741539638
3741327110
2667589398
2671853350
2642575142
3179732774
3179728231
3045903812
3045887428
2504563844
2500376708
4111051156
4111395236
4111358880
4111355808
4110815153
4115021475
4123082722
4118822898
4118818626
3619695874
3611372802
3611507970
3603070210
3598900498
4136078626
4136410402
4137463009
4141652176
4132997252
3860367492
3876162692
3876494484
3809393844
1627844000
3758521824
3759366115
3763543906
3763436066
3771755058
3771759154
3771857426
3784432130
3784564226
3784826368
3767914240
3763652368
2685683504
2685752880
2752915040
2752917089
2757106275
2782268114
2811694018
3063691714
3063769282
3063545042
3063534803
3063477491
3067671779
3059279089
3055068593
3054347696
2806949808
2772883364
2755839924
2755911348
2755782388
2755782245
2756768293
2756821541
2754691637
2754700821
3828428309
3828689429
3849669493
3849669076
3892136132
4026398916
4022197444
4022260804
4022260740
1879040020
1876221989
1851027493
1846898727
1778803750
1782998054
1783036966
1791482898
1791482947
1791339843
709143875
725986643
688373107
1745272179
1745263955
1745259779
1762035987
1796196643
1779292515
1783486817
1783060832
3930540912
3955559264
3913620336
3896851408
3896981968
2831628688
3099933104
3095731105
3096255138
2577210018
2577140386
2577141394
2310807170
2310811266
2310286978
2310336130
2381643394
2406518659
2383449473
3457400257
3725766085
3725831381
3725700181
1578230853
1595044933
1560433997
1426201949
1430396797
1413685231
1413488367
1421876990
1422213086
1418164174
1418031054
1434742730
1434742747
1204050943
1178951677
1179455485
1464802813
1440622044
1440687612
1423259132
1414858236
1142228477
1141208541
84207071
352366038
356564342
289454454
1371572535
1434553621
1435667716
1439872260
3587351812
3577914388
3611407413
3611661349
3594945831
3594966887
3620131687
3620098919
3586478951
3569628007
3561238815
3561296143
3557185291
3579215627
3579206410
3612859162
3621051162
2547309338
2547310346
2547275594
2547270474
2547450874
2542941162
2273453035
2277581163
2277511535
2277512511
2269131839
2244027415
3301141527
3292781685
3561213013
3561195601
1413585216
1409390656
1946400832
1946332240
1963109456
889302096
654355472
654355568
587379809
591580259
574770403
574623219
574622161
574753781
583142116
851905124
1938037268
1938110981
1367813655
3515297334
3515100758
3246681670
3246710470
3246444182
3279998646
2206321318
2256796582
2256726439
2260990372
2386688468
2382490052
2399381828
2369956676
2353180228
2361585220
2361589364
2361450084
2353056613
2348845414
2634058086
2634135638
3204622598
3192039702
3066211094
2793520662
2797907478
2789518871
2735078965
2684603965
2684505709
2684489453
2684423407
2688813294
2693007614
2693011670
2693101766
3783747782
4089899078
4089866583
4073089335
4073089319
4073090083
4073155603
4131798019
4131814402
4127681794
4128239126
4115660326
3032845927
3028586343
3028584519
3028584517
3033331909
3154929879
3154389222
3154586214
3158716014
3179691631
3045461615
3045330525
3078905165
3078937805
2521619660
2517490892
2534403293
3071209453
3037654765
2974736108
2966343420
2966212316
2957825756
2957305804
2970413005
4044220365
3775751931
3775870699
3775860730
4044295642
4048489722
4056882410
4052712702
4052450510
4056546510
3519675854
3519665550
3620328582
3620459670
2546918646
2546918614
2546887766
2546855222
2546855222
2508713254
2547506471
2682047783
3210513717
3209540629
3209409621
3209401845
3209484277
3209492469
3209560039
3188031470
3187949038
3187940846
3053723118
3083234799
3079598077
3079602060
3079524236
3083653004
3007891852
3003776188
4077841573
4044287463
4027514342
3760115558
3764309622
3763969879
3763907927
1616421957
1629025477
1662579956
1662645476
3809211877
3809107431
3779988839
3789359414
3789298454
4053216006
2962631174
2962636294
2425822738
2442401330
2441353010
2441354546
2542026022
2542025079
2546817349
2546912193
2538507200
2538454740
2504832756
2504304372
3561267952
3557090016
3691374560
3691107808
3691103329
3707886675
3724737730
3729193154
3737573698
3737541442
3733912386
3733944898
3754912322
2630823446
2622035766
2621965606
2631430255
2493046893
2493051116
3570980060
3579366604
3574111708
3557404132
3557469668
4094340580
4094397684
4111174868
4148804756
4140547220
3863649412
3859717316
3859723477
3993871605
3993365607
4010208359
4015422759
4023803191
4023852343
4275387681
4275322657
4275394353
4275525139
4276090387
4276086531
4276092162
4283432194
4279229698
4245674322
4233075059
3167721827
3167718257
3167588117
3168571205
3184369527
3184521059
3109023587
2840424434
2836144098
2836205538
2837385186
2874613222
2878807543
3934723527
4203029957
4223935685
4282410453
4248954229
4232246645
4240625525
3166953301
3166763845
3167005509
3024612181
3025128277
3020770263
3037532151
3037675382
3041865574
3050254182
2508537702
2508459894
2508988230
2508995846
2508985606
2513179910
2513204502
2278352183
2278403967
2538188637
2538183645
2533984725
2533988853
2538192356
2538319348
3075186116
3075444676
3071254228
3037638356
3171348165
3171348053
3171376999
3171159399
3171161190
3175429222
4240905462
4240770294
4236711127
4236715397
4236733845
4257508829
4290832860
4282445276
4265869276
4282644316
4282644060
4249023069
4249081423
4248917599
4232077182
4232141166
4232280110
4232263742
4240648214
2093181959
2089024788
1954796820
1975631924
1967161364
1962971216
1996599376
1996726512
1996665952
1912720480
1912654945
1912655217
1916984929
1925643875
1992742515
1992709830
1992718022
1439067846
1422278342
1422330838
1422199782
1422138726
1439444327
1472996709
1472996721
1196373441
1196047808
1196043712
1196060096
1204714945
1204803057
1204273633
1195754467
1195701170
1157998482
1141358466
1409781650
1413974962
1423411618
1960156578
1955634593
4107318752
4107314528
4249920800
4281378080
4264684848
4264766768
4263654689
4263646499
4267835683
4272030691
2141389779
2108884610
1555250822
1553018502
1557146246
3427871446
3429964758
3429894486
3438288182
3450958902
3450987574
3483431958
3467683159
3467683189
3469785061
3461449444
3461514916
3730020260
3729844132
3725616548
3557840308
3558032784
1410487696
1412574608
1412509104
1345337808
270543296
270674368
325204416
316808512
316802305
316736785
316699447
308326694
308327718
1382065446
1918934326
1927322918
1927321894
1923134246
1923515151
1408676621
1366745885
1346248988
1346256181
1883183404
1883195692
1912195373
1924712733
1924726031
1994174543
1981714630
1443791046
1443877030
1963930022
1947083686
1951278774
1419654903
1419708135
1419513382
1421613862
3304860438
3294374678
3306957334
3311286790
3349075718
3331097366
3331227906
3331227969
2258608848
2258412452
2264695716
2250804652
2519239084
2519238828
2519439532
3056253156
3074336836
3078267972
3044852068
3044860260
3040866661
3158209527
3162379990
3161329382
3169339942
3165407782
3165391398
3165402630
2649498119
2641109511
2625381173
2556166445
3638300717
3629912105
3630107689
1547307049
1547372601
1547402249
473689097
489219337
522749257
388530683
388662714
891979194
892245434
661493162
669824443
783136155
783266779
720351993
707703353
1781441081
1781522971
1782178347
1798955819
1776873771
1772716075
1773830155
1807396875
1809558539
1780001147
1780083691
1780116459
1847269355
1849164795
644350937
644350457
569053289
1621758056
1621767224
1890200840
1890248969
4104756047
4106000971
4126980859
4135362266
4143813338
4277900026
4272591786
3203068334
3194740974
3207094446
3174592750
3090834662
2822399342
2834986319
3904509709
4173013516
4172816908
4177011516
4164423980
4164425004
4163443948
2016087276
2028669117
2141800847
1588193678
1589226894
1589223822
1589215374
1593409726
3594354862
3594432686
4118192559
4109543420
4239625852
4239428140
4235233836
4231315244
4229228316
4229226767
4246085902
4246086438
4250797862
1962807014
1958546082
1958480802
1973168563
1989945473
1988947072
1993253056
1456377920
1444839745
1443725651
1443660130
1460441954
4094533346
4094615250
4242463475
4240367331
4173195107
4173129507
4187809041
2682052865
2656855121
3742854369
3709230241
3711847585
4236119427
3699259267
3707662979
3724505730
3590190726
3623675622
3623667559
4151111031
4151111031
4151158135
4151293271
4151284055
4160721238
4152088022
4152096214
4146757095
4146810343
4146597093
4150793461
4117242309
4100661701
4108980693
4105065317
4121909095
4155366711
4137995527
4138003735
4142181671
4134909287
4130722293
4130460117
4113777109
4096923541
4096927669
4101121697
4109506273
4104323953
3567255829
3567530261
1441013781
1440948493
1440887053
1474496315
1474317099
1440799547
3571771673
3563382792
3564419080
3564407896
3698623832
3707666776
2629735260
2680066588
2663297597
2663293479
2666505767
2657981986
2653736226
2653439075
2653426787
2653499635
3191480563
3212452019
4290388914
4256854674
4240340610
3703535234
3573309062
3564392438
3574881766
3574873446
3692307830
3692307734
3696502038
3704956214
3705091382
2627097878
2643875078
2392315142
2394412806
2394392406
2398984038
2396825446
2656872294
2656941935
2669647231
2669659487
2636108895
2625557583
2625566047
2625336687
2625206127
2625206255
2625458943
2625458911
2623305631
2648467391
2648466862
2682090942
2682123775
2682123487
2681599455
3212285275
3212281145
3212805945
3220157976
3221206584
3212686908
3208163900
3208180284
3174691452
3174822508
3174782445
3162195180
3166391548
3166325981
3166330053
3170888917
3179275477
3179278549
3175051461
3175010519
3162427639
3179173223
3187572535
3220143639
3220012566
3203161654
3203225398
3194843414
3194843222
3220131926
3221115382
3187635702
3187437543
3162271719
3176986615
3177174991
3210401101
3218797901
3218732893
3212375933
3212377965
3212377965
3178788845
3178788863
3161994719
3162453454
4236121542
3705036246
3705035987
3700907218
2631171282
2631201906
2622877778
2505494530
2541146370
2524889874
2533347874
2533348963
2533351025
2533219312
2524773344
2658958240
2654494644
2658752404
2658882453
2666230709
2666230765
3203003373
3085820277
3077367157
3077366821
3043814445
3027041341
3027762207
3027664142
2490785054
2490785086
2507488574
2505389374
2505381142
2513917750
2510242678
2510111734
2442936981
2476528284
2547836556
2524772252
2520565676
2537407916
3074356668
3040798172
3024004444
3023021372
3043857724
3043800349
3077432589
3056598301
3056499997
3060694317
3078561133
3086947821
3053323773
3052799453
3036108239
3035984351
3052794327
3044405591
4118148439
4151698774
4149471094
4149735286
4157996534
4157890038
4149509622
4149605886
4149728703
4116173311
4126659029
4109751253
4107589461
4099209013
4097107237
4097303845
4113986839
4147533063
4151784727
4135010103
4143324791
4141244119
4141309911
3084244949
3084178933
3084186837
3084166357
3084231895
3074798967
3038106998
3038103334
3025590054
3027662695
3036116837
3027530725
3027514324
3042390980
3042341252
3042342356
3084375540
3080050037
3086341469
3086284063
3077891391
4151639354
4147502362
4151825418
3078083610
3044406378
3044373610
3044504698
3044169034
3052554074
3052557951
3086186109
3086050909
3069245021
3069235839
2523976559
2524246399
2539123839
2539058303
2505569399
2513958389
3030381524
3030373060
3030237908
3036467956
3028088556
2503802733
2536832365
2536986935
2520144134
2524330246
2524261654
2524196134
2524263718
2524381558
2549481922
3572634051
3572633987
3304281473
3304150449
3302055345
3310452209
3344006385
3327196272
3327192177
3595693393
3740526403
3757237058
3706950226
3706946290
3706819558
3161495014
3159399910
3155210086
3155208790
3171987015
3172462101
4279694901
4130820661
4135325989
4135321637
4143711269
4143907957
4143856725
3607002309
3623769285
3589686469
3514253765
3514122695
3581264374
3564433894
3564430694
3564465518
3564531038
3572918030
3572978446
3585430303
3585897277
3623637800
3615250216
2541518184
2537356648
3611291128
3615421896
3623735753
3619471819
3618931162
2549453290
3044516202
3044451114
3040269883
3023500827
3044470281
3044404809
3044310729
3044296441
3044279785
3044278443
3052671227
3052744923
3052761307
3052889211
2516018267
2549578843
3623316571
3614925918
3614929246
3614921054
3614949694
3581395774
3581342526
3581342238
3621238303
3621103381
3621105429
3612716292
2538978612
3071773988
3071774004
3071790420
3071788500
3044431812
3044168340
3052540580
3029537445
3033544359
3033540519
2488280487
2496689315
2492626066
2492654786
2425613763
2448469779
2540748577
2536609329
2535650817
2518873601
2535618305
2539873585
2507357539
2490567779
2490567923
2490565843
3572970946
3570868674
3570754498
3570690034
3579180386
3612736886
3598571830
3598702614
3607099398
2533227526
2259547142
2260530198
2264724519
2256401447
2256459047
2256455473
2658060049
2666432256
2666435904
2683286864
2540549456
2503841520
2487064304
3028267680
3170874016
3170755236
3162269351
3174835622
3208391846
3071543470
3077982446
3052821710
3048631758
3166004558
3031753038
3170169118
3161837887
3157645119
3158173503
3175083581
3179272765
3187116861
3186990879
3186997007
3184898319
3176517903
3172254015
3172323630
3205985383
3210177767
3210157287
3210153207
3210085767
3212187011
3178641283
3178108546
3186493058
2645493394
2645373875
2645303783
2645303653
2645304357
2649504813
2632198461
2363828543
2380479262
2380471054
2414941966
2412794142
2408632702
2374029678
2375066086
2362550246
2356516823
2352776641
2351465664
2368438468
2636812484
3710558276
3710558532
3714754116
3714821692
3714628156
4248345196
4114398076
4114528732
3040778700
3040789964
3078013404
3078013437
3086479847
3069698534
3086344678
3086340454
3075752294
4115948838
4118029670
4151328119
4149296599
4283579847
4283595223
4291984851
4292074963
4291933523
4291867907
3889213699
3881021441
4149392384
4147295232
3040017424
3040005168
3039971680
3040022240
2909998821
2918518503
2947876582
2947815158
2946770422
2913215718
3181409518
4251009278
4230140111
4231193037
4180927948
3910315356
1796319308
1782622220
1782622220
1782818845
1850931229
1850924047
2119320590
2119319614
2119372838
2121740390
2121667046
2146828758
1979057798
1962888838
1962761926
1962748614
1962748631
1962766037
1895136981
4041490428
4041480108
4042536364
4042549164
4042545069
4032157359
4032159679
4048875406
4048874958
3545558478
3554080254
3554079974
3587634406
3589793239
3589664199
3589795143
3589733751
3589785443
3589658211
3564495475
3564495443
3560436243
3577139715
3577140737
3614963457
3614831888
3606436880
3623345168
2541214740
2541181989
2507496805
2508150759
2642311127
2650726087
2650787781
2650595189
2650603364
2683633444
2683631156
2683793988
2683728453
2683376375
2674922470
2672825766
2672835758
2639341758
3713149118
3562158230
3562215558
1414539398
1431645575
1431650183
1365577687
1407469493
1390696373
1390800372
1382153700
1394658660
1398853476
291543636
299937300
295824948
1373890149
1365484135
1432596966
1411616998
1411613798
3575942150
3575941126
3580209158
3588663558
3756436246
3756437254
2682447366
2682451462
2683459094
2681423671
2681231143
2680178021
2663404901
2663511540
2663576028
2676224477
2676086269
2646640061
2646711725
2622602733
2618662397
2618789245
2620824884
2620896564
2624972052
2624972036
2618647813
2618783505
2636019315
2654887667
2659078098
2663271890
2528923090
2528926962
2528931046
2524734694
2457085174
2469799302
2417371015
2421563059
2432110259
2163548065
2159287713
2159283377
2164049107
2200933379
2251199491
3329135619
3337397283
3333205027
3601378337
2531896353
2657795361
2653589329
2671412929
2637873793
3694781057
3625673427
3692766067
3694867255
3694737191
3564711781
1441470965
1374357973
1407781252
1408973188
1392146564
1383779461
1379910871
1378730326
1378849558
1382920766
1392288302
1392288302
3600320046
3600336430
3600467502
3604668031
2656825327
2673405167
2641951999
2625273039
2625273038
2356813006
2356874622
2365406574
2361212718
2361212711
2377924391
2411474215
2415672631
2415676727
2382351623
2357124359
2357103879
2357171526
2222962007
2229120359
2157227367
2161436903
2152745197
2148534717
2165377468
2165448636
3511822012
3511820972
3503370924
3494908836
3490727828
1343538564
1360305604
1360312772
1393867588
1393933125
1393998645
1364634407
3520507687
3520505655
2445784919
2445776661
2445645365
2445581877
2441387573
2442632757
2447289893
2514464551
2516565799
2549992750
2540526878
2670538078
2670669150
2670607742
2674793791
2684226621
2650741789
2646420509
2377917469
2377981965
2375905293
2375872861
2409411583
2413605803
2413597611
2405207467
2401225145
2401163417
2367580361
2367563977
2367563849
2237562121
2229191433
2493481531
2512368170
2646450794
2646385386
2650572526
2637989614
2671544062
2671703758
2671666894
2671650558
2675910126
2650604782
3183283438
2629635294
2633985231
2633952463
2625564103
2623532487
2623008199
2622876999
2618649911
2639736103
2270304039
2261911351
2261914391
2257715991
2257913623
2257853735
2259954991
2276726830
2247363614
2246986783
2247093533
2246960445
2246901564
2246889244
2272120332
2272123404
2272025149
2238533421
2239651630
2239655206
2248142182
2248007030
2180898038
2180816086
2214368406
2205980054
2206046087
2171311751
2167119493
2167054037
2168126453
2172316133
2172381300
2237328452
2270878980
2204028164
2204032860
2203844460
2203709420
2539188204
2504572829
2504628109
2504759181
2504759229
2504631791
2504566255
2504584319
2504648735
3038738463
2971552831
2971536495
2971534719
3017431039
3013309151
3012059807
3012092861
3007902141
3003696573
3003893181
3003836317
3003903887
3007971295
2974534623
2982825951
3042590559
3042914078
2506043166
2507876126
2516268350
2516137262
2511942702
2511958142
2509860959
2514022479
2497245535
2228801919
2227827003
2245547323
2237204539
2237270042
2268731450
2273196346
2263751482
2259668554
2277294794
2277278346
2277282715
2281476521
2273087912
2537526700
2537471404
2537466364
2503911876
2503928132
2503896325
2503896343
2508137790
2547857198
2547844910
2547848766
2543138622
2543069054
2509518318
2241093118
2243710430
2247937999
2239549263
2267827999
2267877183
2234466111
2239636799
2248041791
2243847469
2241684989
2245819805
2245840268
2170408348
2172571068
2172321212
2172251548
2172414364
2168221180
3510463852
3544147245
3544085821
3544114445
3544114445
1935467789
1935447325
1900840221
1900578077
1883934557
1883946973
1883941885
1883941805
1883896236
1900603829
1896377749
1930061189
1913549253
1913540663
1918812199
1926746151
1926615063
1926534407
1943309575
1943833861
3545139524
3511601604
3511568852
3511490932
2421108564
2422091604
2157852532
2225025653
2226992119
2377659366
2411229670
2393437670
2389220710
2385153814
2385153542
2603259654
3643449606
3630800917
3630740516
3630746660
3626559524
3644385588
3663391028
3671746868
3671737600
3734651139
3738910994
3724243298
1551516530
1277821906
1277903826
1277915634
1277915618
1277915346
1294685379
1294552257
1332300992
1198218704
1168830176
1168893664
1168762577
1470692995
3618164371
3601370018
3605577122
3597182370
3593053062
4130321287
4130243271
1982251615
1982317357
2133124393
2103733545
2095081769
2095081753
2086763785
2087851791
2087850255
2096255247
4239573023
4239577151
4120106015
2010178575
1983964175
1980093567
1984349039
1984381551
1994211967
1448870491
1448941146
1461270366
1427707262
1431834974
1425621342
1555779935
1555821919
1555821903
1559952719
1549463367
1549510485
1545200501
1564009317
1597534589
1580810717
1580859869
1451115005
1458459885
1454333421
1605171675
1606220187
3720134075
4126982075
4152145818
4152136602
4151808922
4147557306
4134970302
4134986174
4134987246
4132824550
4132759014
4132726246
4267009494
4283921878
4294334454
4294330358
4260841431
4260460359
4252071767
4252067191
4285621622
4291834982
4291847270
4291849446
3218173158
3184688310
3183631750
2630320070
2630315714
2627108435
2650168881
2650086929
2648966705
2682537765
2678354213
2678448421
2678448421
2645874021
2650066293
2637482325
2620885365
2618735381
2618730757
2639703301
3184960261
3214258709
3079967341
3084698349
3044852461
3174843055
3174827694
3158052778
3157002474
3043956954
3052027082
3183094986
3183109322
2679858379
2683946459
2684077947
2675697467
2641995579
2650318651
2650318649
3187258681
3220934937
3220930905
3212563933
3179017725
3178855855
3174649263
3174632878
3208316414
3212783838
3212779598
3187613711
2650480903
2633720093
2633622301
2633627421
2650332989
2650341181
2650341181
2675506495
2675563871
2637907278
2637841758
2637841790
2642105710
2581296622
2577131007
2677663197
2677601229
2681787340
2656621517
2656695773
2652763629
2656953455
2673833071
2669051007
2669050959
2639688911
2639680735
3176617437
3167081951
3167077343
2630206431
2630875103
2648696543
2682122239
2673373165
2656595821
2654558077
2654684637
2658883037
2684057055
2684057046
2640129478
2505846726
2220830534
2229157686
2224951078
2227111206
2243691830
2243700022
2175562003
2209149201
2210190641
2180826469
2178731493
2170309093
2170362343
2170427751
2170431846
2170431798
2212441398
2212306198
2214333719
2214331671
2214393095
2179764503
2179236151
2238480885
2238550517
2238558612
2238690708
2238684340
2269092020
2269100180
2537535636
2536414340
2536432836
2502828228
2503878101
2491295591
2499755558
2229091894
2224892438
2157722134
2159819542
2159820598
2159820599
2176587063
2210136855
2195456791
2187068215
2186023731
2181845858
2181881698
2181880674
2186135922
2186139986
2194528594
2190276946
2190343542
2190343542
2211315046
2211315047
2211306855
2202524023
2168977783
2170026327
2169862519
2170386807
2170386775
2153609559
2153601399
2170386807
2178775927
2178775415
2170411383
2170411509
2203974101
2271082997
2271082997
2273164789
2273295797
2272236981
2272105909
2272114101
2272114109
2255338941
2255207869
2271985085
2267788797
2234168413
2217387100
2217387076
2485822532
2485826884
2485817204
2503905020
2535386844
2535386845
2535423743
2535393006
2535397374
2506040670
2514302302
2514294142
2510034415
2510058991
2547802495
2547872607
2539213391
3612955213
3749278473
3715633433
3715695913
3715831849
3715852329
3728369721
3728402441
3732658185
1584956425
1323860297
1592361817
3731526393
3727340269
3714753261
3697976293
3698950567
3707338919
3699238055
3699305607
3699308995
3699362291
3707619811
2633821539
2633819489
2625429841
3162485057
3162412353
3179188051
3179200082
3179190866
3212811858
3191723570
3191403058
3191370290
3191362403
3195548000
3203932260
3199743076
3201834076
3185260748
3160025293
2633641423
2629443214
2629453502
2629322414
2629325486
2646110894
2642203574
2637746582
2637812167
2621104143
2620058637
2624251919
2632640575
2645227583
2678774847
2666086461
2657632269
2653421901
2671247833
2637829099
2625269487
2625301230
2633755390
2625240782
2641934030
2683864783
2548925005
2549056124
2548995628
2523719212
2523719532
2523166060
2520204396
2524333292
2522223836
2539020484
2513854916
2509431797
2509488869
2511389415
2473907942
2436169718
2436168694
2419489750
2420009414
2419485126
2499157318
2495026519
2511671573
2512130901
2544645493
2533106533
2540974373
2540962151
2648047742
2631278718
2631278654
3428261950
3428259086
3427099919
1287956237
1556391692
1556455180
1549242236
1411354092
1413455037
1430164877
1463453071
3593110926
3593133966
3530137486
4075392958
4071329262
2997458415
2997395839
2997396299
2993214281
2452116217
2468877033
2419000044
2423129836
2959477740
2959415756
2422487500
2422499405
2447763485
2481388557
2464583693
2464579855
2196210191
2258940479
2527372847
2548362791
2548559207
2550056167
2533355735
2533347414
2524835862
2536300566
2536268854
2502911287
2486071095
2491305495
2491291159
3571398151
3581900295
2541573639
2524759399
2522664167
2522664127
2531052687
2547960975
2513862031
2228643727
2362844159
2362713071
2358522735
2358523183
2360360254
2364549422
2364549422
2364741950
2356546334
2381778702
2413572382
2413568318
2396791102
2396528958
2398675230
2414388559
2414380484
2380893652
2271842196
2204731792
2213382576
2213386416
2205006000
3543120032
3543054496
3543050400
3544098944
3526814081
3525765569
1382467921
1382369331
3529792547
3546561827
3513007907
3496357425
3504745985
2230192640
2221738496
2229865008
2225801504
2242578720
2410350864
2393443073
2393381729
2393385825
2397584227
2414365543
2372491607
2372622679
2372630879
2372630911
2372532607
2372524383
2372524375
2238306679
2238560759
2238561783
2221776375
2221776375
2221774323
2221913523
2221915571
2221915571
2221915571
2221915539
2217655699
2150546883
2150022083
2150017985
2167843281
2205674897
2205676945
2188863379
2188894898
2189326006
2189315734
2189363862
2182879910
2182900198
2201805862
2179985431
2242830597
2242896196
2242701124
2238504741
2267859749
2267957541
2402167047
2401642759
2271620359
2280928567
2276725025
2243178529
2243256353
2241122337
2241101857
2278589667
2270201011
2266205587
2266144147
2265104259
2269294467
2269310851
2269245329
2236673957
2236935653
2236898791
2237095383
2220191191
2219961847
2236874231
2236798423
2280839111
2262038471
2262003655
2253877078
2253863734
2270509862
2238986535
2222271799
2230791443
2227123473
2227008817
2226976033
2229044257
2245297201
2237039825
2237042129
2265353201
2265373393
2265381569
2235984579
2235969219
2244292467
2244224355
2245272675
2224309347
2230672595
2228550867
2220135601
2236974481
2237044097
2270606727
2270604679
2253842823
2249649143
2249685879
2249537847
2266245431
2272537911
2247566615
2243306775
2243387683
2226442531
2226438433
2245312785
2236974545
2232913873
2232601297
2231564993
2269276865
2269522497
2269592403
2277784867
2245272611
2245288995
2245292135
2245914711
2245365975
2220130743
2236974487
2237044103
2237054343
2237050247
2270604183
2266495671
2266421975
2266446431
2251631135
2268409631
2272601367
2276925751
2243371317
2243260465
2226405409
2228535329
2220146929
2219951345
2231553937
2231557761
2265116289
2269277827
2277729939
2277533671
2278614501
2278879725
2245313021
2245390665
2239095577
2239583033
2235515673
2239640329
2239640331
2239705883
3313374522
3309255978
3309124890
3309057290
3341554698
1194066955
1198277643
1198282059
1198310747
1164825083
1173214171
1173189595
1152209882
1286427130
1303343594
1307472234
1299080554
1328440698
1328374090
1328378187
1328402761
1332598040
1340986744
1341117784
1332737400
1332717032
3480069624
3488404440
3484206024
3484242905
2377077226
2377069930
2381260138
2381260074
2414817578
2276405530
2276397322
2276397370
2276274474
2276217195
2280410491
2280413531
2272123387
2238577131
2238577131
2238578650
2238576586
2238576586
2238560235
2238560235
2238560251
2238037835
2238037451
2238037435
2271722671
2254939309
2254939325
2271720597
2368062597
2351367301
2351307927
2351053222
2351049254
2351049270
2283940358
3412208134
3403755014
3399493126
3400541486
3398443310
2323644718
2323662123
2344731947
2302920041
2302924153
3376526840
3376526808
3376526808
3359750136
3359750104
3355686872
3355688920
3355687896
3355704312
3355700200
3372411768
3410161496
3401744217
1254315897
1254118185
1262486313
1258297129
1224812377
1229008203
1237400922
1237400698
1237392490
1262705770
1258445914
1258544331
1258421577
1258417496
1262616408
197394248
193068632
193003113
192970347
1270972266
1271078890
1262689770
1262689530
1258371322
3405854814
3405854734
3376494862
3385015566
2307095838
2307095870
2306964783
2306956591
2306955631
2306951535
2311178607
2311178623
2302757215
2336348511
2337397119
2302803311
2302803455
2302787039
2302787037
2303827453
2303823325
2303822221
2303826845
2299640573
3372460781
3372477181
3372477133
3372445645
1224961373
1224993149
1258547533
1258416591
1530980810
1539373514
465698298
1539571178
1531117038
1531182446
1606507854
532709198
528579422
499350318
365058861
356768125
1426180444
1426115020
1459654029
1459719565
1459718557
1463925181
3611535805
3619924924
3351493372
2240010876
2239945260
2239916588
2239965740
2239834924
2239768877
2239830061
2239957037
2239825965
2239825983
2243954719
2245277727
2245343357
2247448693
2247477621
2238040405
2238552533
2238553045
2272107509
2272107509
2272115701
2272246775
2255469494
2255469494
2254945974
2389163702
2388901558
2388901558
2388901558
2255732630
2268244870
2501028742
2484251527
2484251543
2484272023
2954026887
2954030999
2958288311
2958095783
2976962031
2975913342
2975921438
2975917343
2975921439
2976087839
2959228687
2959227405
2959547165
4050062205
4058189289
4059108601
4092670075
4092665979
4091629691
4058042458
1910547658
1902160078
1903208910
1936951774
1913817294
1645382862
1645655246
3795230814
3794182270
3794182254
3815170151
3781612917
3764864485
3760475621
3760488420
3764748269
3773241341
3789887199
3789895375
3789895631
3773118303
3764731775
4041555821
4041555581
4041567773
4104615437
4121252623
4121187087
4125380894
4126433566
4151664942
4281562414
4285748526
4283686202
4292082971
4292345675
4292206411
4283817931
4250755035
4250763259
4250746873
4250740729
3715965433
3724358121
3724087657
3719889273
3720024409
3717935451
3717800315
3717738474
3755502314
3747150586
3709438938
3709438410
3709373898
3711480907
3715670089
3744178265
3744113016
3748323688
3748328296
3756683880
3723121257
3724047977
2650308411
2650364218
2650491194
2675562810
2683959578
2683960586
2415478026
2415411530
2407011194
2371560426
2237277163
2245662061
2241463612
2241746204
2241623900
2241652604
2281498604
2281473772
2272757500
2272757485
2272630766
2272329646
2272328110
2271336878
2271398302
2238871950
2272405903
2272472461
2272470428
2264094204
2264089084
2212516221
2212558141
2179266367
2154291007
2154221087
2154815263
2154626847
2154626367
2171534463
2172583135
2180938975
2212321502
2203929822
2204093534
2170475806
2172647199
2172580639
2248075039
2277500767
2277306357
2281458597
2268335015
2201226167
2165448086
2165452166
2152867206
3234997654
3234870706
3228575154
3228591538
3227577811
3227708883
3227696577
3244465601
3273689041
3256928113
3256997441
3257062915
3261267762
3269585186
2208360742
2208364838
2208423222
2279863574
2280051975
2280030983
2280101653
2246356773
2246356325
2246413797
2246479269
2239137189
2239206805
2503325589
2503473109
2503474641
2436263345
3508940193
3513134496
3513138576
1365380481
1365380481
1362238849
1362574737
858013105
862203297
862201269
862200277
870633941
870617461
837587301
837587237
837587239
837588279
1911395607
1903017239
1366276375
1466890518
1466841366
3614325014
3597015318
1457921814
1604719382
1605571542
1569919894
1300304831
1551934380
1556128684
1543551460
1543543044
1409329156
1427351556
1444063236
1444058116
1446166852
1446167495
1966523030
4109551270
3836979874
3834686434
3834685538
2760943618
2802885893
2786304772
2920456708
2922537492
2922521124
2921472556
2942307944
2761951913
2896169114
3181381786
3214948506
3215079562
2662476938
2662473866
2264031370
2267230649
2267161517
2233606844
2221023892
2230465236
2230325988
2224039652
2226137057
2226155489
2158095843
2162285027
2162280947
2170785235
2204339650
2187568578
2187567442
2187833650
2254811426
2254758182
2254758206
2254955839
2271672381
2238109964
2221328652
2221328716
2221394376
2489628601
2489622955
2507461034
2639577258
2635448558
2618713214
2618715190
2624744726
2632150294
2632054550
2648946487
2648938343
3220277095
3218113879
3209739335
3209735175
3205606423
3207769125
3191012645
3207778084
3211972132
3186871844
3180383860
3163619029
3163614933
3167872759
3159478247
3155185639
3171946485
3205511029
3209832021
3218219607
3214029383
3079669462
3052420582
3052411054
4115663022
4149287102
3612489886
3612489870
1397959822
1397761166
1393563023
288425439
291506175
295706621
329285525
333541333
325156853
320883557
320883556
325081716
299985492
300149620
291744612
287550836
1394720117
1377932661
1377928213
1382321165
3534064653
3534071836
2191894588
2192042028
2208725036
2179340588
2162563372
2226003501
2226062909
2226918959
2226927151
2231127599
2247937919
2246871903
2246875999
2238561239
2238561239
2238561271
2238487029
2238552533
2234498005
2234432477
2536438780
2536397804
2519620580
2523856869
2532245493
2532175263
2532109758
2532089022
2523438238
2519242910
2519447710
3073046678
3040541062
3040536966
3042634183
3051055573
3084462308
3008895076
2438728788
2423655684
2432046852
2426803732
2426672677
2426680869
2426697255
2430914158
2430917238
2431425270
2423032790
2418837974
2436864198
2468277318
2450400455
2450468997
2471367060
2479239844
2442536620
2425691821
2427718317
2427730623
2171874207
2200230303
2200341711
3274614031
3542918415
3547112207
1408016943
1437578030
3584991598
3589202286
3580878910
3576157226
3609543722
3609480218
3609553931
3601230857
3333323785
3484293129
3454995721
3447590153
3430551355
3434771998
3434856990
3298345718
3298349542
3302519270
3289924774
3289924754
3306841474
3323618178
3325747842
3338306178
3602416370
3602424423
3602424621
3600329512
2547555112
2534968072
2534972168
3072060168
3074322184
3074310920
3085845288
3199091499
3216728938
3216532330
2545443710
2507728767
2486748655
2484768189
2421861789
2967120285
2983963037
2751044029
2793245631
2793380543
2788081406
2787612222
2787477278
2787414814
2804211998
2804408638
2804343846
2816920615
2913388581
2913454325
2917660869
2909268421
2905010117
2938564293
2939355079
4017346006
4025537910
4025545830
4017126502
3983637751
2905746839
2908897173
2908884916
2950762484
2950696948
2946514676
2946836052
2948014612
2948407836
2913792573
2913531519
2896733790
2900930270
2888404894
2889844126
2889842910
2889793758
3979788362
3979800586
3979568155
2910026809
2910214185
2918598697
2918599033
3992918729
4025433801
4008649353
4009427593
4277736121
4143723177
4135330221
4285800621
4259656877
4259738845
4259767503
2113201359
2111104207
2111106527
2086076159
2086067951
2083966719
1949683455
1681192703
3832870893
3967067629
3992302956
4024800572
3890590988
3865421580
3860964876
3882071612
3882014253
3881981486
3881979438
3881913966
3882109422
3882633454
3983395070
3975843038
3975846990
3975853070
3975716878
1815650591
1831379245
3978863917
4012556077
4012564271
2939046191
2943306031
2942572855
2942638423
2952215895
2947972949
2948560725
2948562645
2948460245
2914577141
2918767589
2943929189
2939800439
2939912023
2939905862
2939758294
2906334946
2910461666
2951351283
2879916497
2863143120
3131914320
3131975696
3137218576
2617125889
2566792450
2562598658
2562135586
2561937186
2292453222
2292452838
2296399318
2289096134
2284974530
2350048387
2354244737
2354243728
2354292896
2618529968
2634258816
4261591424
4262635392
4262630272
4263936496
4263809312
3190072096
3206865696
3156240160
3156223780
3156356900
3168934692
3181841188
3199666965
3132496709
3130464583
2593930582
2667337078
2667319670
2675769682
2642358482
2369658994
2352964834
2621265122
2621425138
2625566595
2629740161
2512291457
2511963793
2545459105
2549918627
3074206631
3074206375
3074333382
3191773894
2923345750
2923229478
4001128487
4001116213
4018024469
4235866117
4235857969
4244242720
4244180576
3970439780
1822960373
1827171031
1845291655
1878961031
1853279622
2117453198
2116153759
4263600637
4264567276
4268761388
4268762408
4124058920
4119933240
4122095932
3568783645
3568619791
3567042847
3567027498
2484636462
2486942510
2486872862
2502601487
2536417551
2520747277
2520563980
2518434573
2522747711
2530616102
2526421798
2677416294
2645823974
2629042598
2628780454
2632974774
2633056662
2356279175
2622547852
2635130508
2635132556
3742558860
3725765516
4262635916
4266834364
4283678121
3876631979
3843076570
1695646154
1697874266
1697894778
1696653674
1696621866
1700887866
1836218682
4109523258
4109556014
4105362750
4104576270
4104570126
4054269966
4054667341
3622646124
3614187884
3615236972
3615429164
3548250684
1409225244
1409032765
1409033001
1409041691
1409139979
1474202891
1440713033
1427933689
1562155177
1544862969
1546965195
1561837770
1565970634
1557291258
1557276078
1573007278
1535191726
1518430910
1522596830
1522597839
1514190157
2047906124
2047971676
2048037741
2067964781
4190282605
4173379581
4173379581
4232099325
4228036093
4228052477
4229092845
4233353197
3159416685
3176267613
3176398669
3211984141
3077831989
3086079285
3086206229
3048654597
3048658455
3052918375
3044335462
3077889382
3073693030
3073889363
3073832003
2776035395
2782393713
2782393713
2782224337
3042000851
3075551155
3071485602
3077773030
3218540262
3184789110
3180601174
3180621110
3180653862
3082288166
3065435413
3065378116
3069503428
4130371284
4130344612
4044492452
4027718564
1611803124
1615998332
1620524092
546585613
546577423
547097614
815533118
831274110
298611950
332255422
1397739662
1137612174
1137159566
3280255486
3280767342
3280832814
3280899358
2476648206
2476647183
2445189660
2449319548
2440929260
2436730284
2470349228
3007236268
2990471404
4064160972
4064224460
4080869837
4047446511
4034794477
4041085925
4036892533
3499915012
3503879940
3495479044
3245997828
3246063364
3312089860
2247776773
2247772705
2243525155
2277010978
2277045014
2260324678
2259206358
2259206374
2263376098
2154307810
3224899811
3222929521
3222929681
3222144769
3222153729
3222153795
3234736834
3247336130
3265157762
3264825986
3265808018
3265811442
3265884962
3266044194
3265831201
3266879780
2466030380
2453443128
3543958120
3543502504
4147612344
4147485336
4147419800
4114086536
4113968776
4113966216
2507546792
2515931304
2511736936
2510692376
2510692360
2242322696
3299091768
3299097899
3294890282
3290712362
3290941790
3429259726
3429326286
3429188998
3425157558
3425620470
3459146183
3459129669
1315840260
1320030996
1320030500
1321035052
1320972075
1321003818
1312598570
1311018554
1294241354
1545963210
1545700234
1545830794
3706885514
3702697354
3568545194
2515713450
2532483050
2457003994
2465620942
2465555454
2459182063
2476024239
2446730671
2430012837
3497330145
3497792849
3493671184
1346179328
1346138368
1346170113
1344117009
1344178193
1348438035
1355593971
1401732242
1389278338
1380892802
1376649346
1377697938
1381905826
1404380899
3518244449
3518248481
3518242304
3287559936
3258247936
3258427649
3275094789
3272919575
3251948150
3314929398
3314704086
2274588270
2273318510
2411730478
2403411774
2403348286
2403364159
2411751711
2411817231
2340518213
2340453847
2344639911
2378384807
2370000310
2370002358
2369911990
2403466422
2403597495
2403597703
3478387079
3474045333
3440507349
3442538973
3442535759
3446927119
3446828830
3446824750
3480477486
3480346414
3463577374
1316006159
1316075791
1582405645
1582536796
1581488220
1581489244
1577294940
1577317469
1595077839
1544746191
1413641566
1422020350
1417744110
1417677550
1551907503
1556097727
1547709375
1547779007
1296244703
1296269023
1339125263
1322317327
1324414751
1324399903
1324399645
1316011069
1582414909
1582554237
1594023005
1543691471
1543658959
1547853150
1547714558
1547714542
1547714286
1556160254
1556160230
1556166383
1283551999
1283551965
1287664348
1279267676
1279275868
1276195644
206781740
72497468
72497532
68369356
68320204
120774540
103990157
107053453
107053567
108040686
133210478
97558894
26258798
26261998
1104345550
1112730062
1114790351
1114787725
1123174284
1123119836
1123054205
1114665775
3325063978
3324043562
3328238634
3337679914
3333668926
3348283678
3348283710
3314729278
3313891197
3432311804
3436702572
3424119596
3426044700
3443424012
3475926797
3475400463
3458621710
3466609007
3484467311
3432038637
3431133668
3296912356
3296846572
3292583660
3288386236
3288648380
1158072972
1460599181
1377757327
1377691839
305982650
305926282
304349322
304415178
308687338
308421038
316875182
330391975
313577863
311460231
311460295
313622837
316776741
308322607
320972095
287759679
270948639
270932239
275126607
283515341
280370636
301159884
1366413644
1395692316
1395693356
3542134572
3546594860
3554978348
3551309372
3535574557
3533668878
3533603358
3537814382
3528777838
3593760806
3593748518
3591770142
1444294670
1363222542
268570639
268573709
269622236
5376700
15927965
15932045
15740557
32519821
45138573
45191933
1119073060
1119069988
1391832356
3530861860
1379186468
1379181108
1396089348
1363051077
3559834307
3564061410
3563854562
2624338018
2649516130
2666294514
2523799746
2523799750
3605668038
3601482198
3618357670
3584582823
3567782117
3295164612
3290966212
3291096260
1144922560
1144922816
1157497456
76874341
81007205
89400837
85388805
87460613
120031559
119913942
103081110
103085246
103071934
119887038
52835486
23209870
27395742
27461310
60908206
60826281
60826344
65020904
1126195560
1076908328
1144209688
70333704
70261016
74467609
98826507
518174987
513980683
1050842379
1050771723
1051754971
1045463979
1040229035
1023451819
1006658281
1006711545
1006768761
1006769449
1019361321
1015478377
881301707
882358411
901154958
863407503
841384335
841384905
908513817
908468776
841425448
841229096
842277160
848569641
865344553
831786185
831262091
362597771
369008010
360627594
91141578
358921722
358912506
359051674
291676554
301113738
332587194
328265899
1400922281
1405100201
1128477097
1128473017
3242402815
3250812527
3247463982
3249556270
3282159886
3265526799
3265426447
3265425423
3265450205
3269641196
3279061676
3228799661
3224405743
3224409854
3224675934
3224741406
3509954062
1379251722
1392414218
1924041487
1924048940
1923983404
1919723560
1915243580
1915682956
1933451404
859709836
859702188
870121893
831272869
813971108
813842053
814889671
816986630
1356868158
1348495918
1348529710
1357950254
3499146542
3515911470
3549482254
2475740942
2207383326
2211639086
2202151214
2185365798
2193688662
2193623254
2189499622
2189573350
2206364838
2160321671
2160177541
2161611660
2153154204
2153093012
3222585236
3222579604
3222305268
3222419796
3221367045
3288476439
1410477942
1469198326
1452488582
1182807942
1182795655
1317012909
1321223597
1308980653
1309107708
1326933309
1326935357
1295380253
1299509023
1307897627
1303703323
1167195931
1167326619
1199659449
1132546473
1132530093
1132665005
1136795053
1124222383
1124319679
1125368702
1127265054
1126215950
1101046030
1101050142
1084331318
3231956263
3231890215
3227687715
2148715315
2147711814
2147641606
3239193862
3276940550
3266467078
3266494726
3266412853
3266359588
3350242596
2238743844
2215675220
3306397140
3305353204
3305565908
3573968593
1430654658
1418595986
1418608563
1418601889
1419535521
1415340193
1413275776
1160700032
1176937664
1176931392
1113688097
1382082849
1391521571
1391521314
1391486562
1391613634
309743298
307644882
1113016498
307562641
307574864
307510384
372515936
372515168
388375249
73540289
82183873
77680321
77712112
1156627424
1425058784
1422961124
1418766820
1569893573
3749884097
3750137921
3755446305
3711221793
3710697764
3559825940
3563759116
4104845837
3567974927
3572095743
3563637678
3576219822
4146715790
1982484622
1982480522
1915404730
1929040814
850289646
850142055
837559623
812409925
808375301
807846949
1881525285
1886706979
1890773523
1907554819
1940376066
866405890
845952530
841758258
846079778
1919820131
1392378272
1390162336
1390157988
1390157960
1113333896
64751048
10357512
1084185112
1085798940
1084680716
3299060238
3298864686
3294667310
3290464942
3323101830
3334660738
3330466690
3330794914
3330571426
3335800995
3323725921
3325822976
3308140544
1160654080
1165371136
1152475665
76595763
75531042
201425762
201436530
201369858
201369858
205629762
247642562
247641538
239522246
235307463
1310097895
1314161135
1341433197
1560059693
1554812685
1559923213
2096802317
2096802333
4292446780
4267288940
4263226476
4263154940
4263149724
4263461012
4263317652
2115383717
2096505774
2092303022
2092185262
2092182510
2090085374
2094279502
1565878862
527870535
511088389
1584824580
1580564740
1580507173
2134156577
4248088097
4185303585
4227762688
3135934017
3135996611
2858975939
2867368739
2875781411
2892555046
2892718618
2892653130
2893686410
2755205806
2755135918
3816294575
3806857405
4071229597
1944984781
1911432207
1366172687
1349394694
1089349126
16002562
27012882
25956130
25955618
26021138
26093314
1099835139
1099834897
1100752417
1091315235
3238809127
3238317926
3271871326
1099221974
3246754774
3246889975
3246898149
3246898597
3284641188
3259081140
3254890684
1375843516
1375853756
1375815836
1392712124
1359101352
1879191464
1879189176
1880254153
1893759498
836819466
836803082
836807226
1902164538
1642307338
1625461018
1621262634
3836903723
3850478381
3846223372
3875573260
4009856580
3993172597
3993169509
4009897959
4014095854
3955297790
3921743070
3921747158
3921878262
2105752766
2105617566
2105550982
1569007749
1602562180
528952452
260461700
264618128
219467904
203223232
205451457
70705474
70446610
74636854
78825990
95603206
1167322630
1202826758
1186053950
1185975613
1458605356
1450224940
1450228780
1446097960
1444131128
1444131080
1997771528
1947374104
1880281643
1879274026
1891910250
1887716202
1887699307
1954809051
1422269642
1414932938
3562432922
3570822074
3587636106
3717332874
3752903562
3740320138
3739271674
3739447786
3605225835
3621855533
3614450988
3614457124
3746639156
1582529845
1582494997
3730019671
3728773463
4265652599
4274033015
4274029925
4156654948
4290885604
4248937956
4244875252
4244826068
3171088308
3154304933
3158499301
3158760423
3184974647
3187145495
3186486019
4285393155
4285523203
3748581379
3745382403
3745460242
3745456418
3611177250
3615360290
3617195890
3600418754
3600499587
3616096641
3616129920
3586704272
3561546640
3691571104
3691604897
3695930339
3704183590
3704445238
3722274838
3721948182
3749273606
3749396550
3749331911
3757724340
3757646500
3724045988
3715689124
3715685300
4248471940
3178925444
4259100116
4259094900
4238127909
4242506530
4236100130
3698091554
3693899554
3694095650
3156921378
3173697586
3211446274
3219818498
2930411522
2930485522
2930290209
2930353680
2926285312
2921955920
2787672736
2787951520
2720809376
2720806048
2733382817
2746031283
3819838642
3853401218
3857589638
3782092678
3782092679
3781654487
2716096357
3819193645
3802420508
3802407180
3890488072
4126483208
4101449273
4101381675
4101442091
4099214122
4284238190
4275895534
4278034638
4278165711
4269441487
4218077646
4251645822
4234866286
3161025262
3027774118
3052938910
3052934030
4122476990
4122476975
4122484908
4122599868
3841697156
3849952580
3844901140
3844901172
3861162260
3860901124
3861099797
3861041427
3862085939
3859956003
3864409507
3889577378
3837136274
3770026370
3770026882
1895254914
4042620818
4042648978
4042646994
4034225171
4050920497
3513000992
3491773472
3496099104
2426810144
2426805792
2426881744
2444547729
2478109363
2461324178
2456258498
2183628242
2200297250
2166681378
2418339618
2418339586
2439310594
2472930610
2456197411
3001452835
3068563265
3068563136
3069087360
2788001408
2787940064
2804201440
2804202848
2804202528
2804410400
2804410385
3878152241
3878157347
3882304547
3882303859
3848667602
3848679814
3848679830
3848607654
3856670631
3856669607
3886095285
3886225797
3887283597
3887082895
3853544911
3857968463
3841129743
3841105159
3841170711
3832593687
3832849703
3849631527
2784331567
2815595071
2807231047
2803029959
2803091430
2802861542
2773496294
2773557734
2765304158
3839045902
3839046926
3830660366
3830528286
3830479134
3855702398
3989966302
4023780814
4292219278
4284298126
4292686846
4258870254
4237829102
4237848430
4239976719
4240029967
4238973213
3991451916
4025001996
4000032012
2922021132
2787803916
2788852340
2789122788
2789139172
2721870500
2738619044
3777233837
3764651437
3764718759
3773241527
3769055378
3769055378
3770034578
3770035586
1891050946
1891443010
1354565378
1371346178
1387144450
1122641666
1122645762
1122572034
1122580243
1139434817
1135243712
1101939136
1101873360
1173156084
1164763236
1195158572
1463593261
1461496623
1964812846
1969011326
1683525198
1708754894
1700430799
3877540861
3860767229
3994984957
3994984829
3860264045
3860159597
3859815919
3880861679
3824291503
1655834285
1653670557
1657807501
1657808783
1674585247
1641037014
1636893766
1620206598
1622302726
548659462
548730134
549244790
616352503
882756276
895470224
1711729536
1845947841
1846976833
1853001777
1861320739
1857061155
1873848083
1869653521
1865528880
1830026784
1830027104
3977657825
3977649376
4250012896
4241624144
3163761920
4237503760
3717412096
3700633856
3568562433
3568743171
3048642310
2981989366
2981923750
3011283878
2989263527
2990443149
2990470789
2990432900
4064178900
3816624932
3769377056
3769377057
4037813299
4042007602
4033754130
4050277378
4125805634
4155166146
2008649154
1977130466
1964811618
1963779430
2098124039
2098130183
2098654483
4258721059
4288064803
4019621171
4002776323
4005863747
3997475667
3993477971
3993416403
2937489107
2937507575
2937380583
2937383655
2941578221
2945769453
2945832441
2778002777
2782155017
2752999711
2752979231
3826721047
3826722086
3826466662
3841395682
3837200866
3837086130
3971996034
4020174211
2929653121
2933907904
3195920848
3191726176
2923225124
2792648740
2809429028
2784323876
2780293941
2780297783
2780289622
2817951430
2809627334
2805318342
2721170390
3809530214
3775947046
3758121319
3825220983
3829602806
3829537234
3837938098
3834825138
3834825618
3885162370
3874747330
3866227394
3994088019
3994084135
3994051367
3994051879
3998248231
4006697063
4002498815
4001482975
4005821647
4005750222
3980583374
3963806534
3963810566
3963835159
3964695333
3960481573
3960482085
3964885285
3969042724
3969043316
3969289156
4006787717
3994203781
3996353157
3996222373
3994063781
3994083749
3994083749
3998279085
4015058413
4023647727
3992115567
3992111935
3992182559
3983599375
3979404047
3979436831
3962786087
3962700071
3966960935
3975350579
3975223794
3971168658
3971168658
3971119234
4019354755
4006761603
4006756483
4006723763
4006733283
4006667555
4000345891
4000343845
4016072501
3982684981
3992114981
4021471213
4019310557
3938511823
3997232079
3993037151
3994090862
4010933614
4015146350
3981591934
3981661566
3990058478
3990058478
3990050174
2916177166
2916121870
2781965646
2782096734
2815589887
2811387391
2811366877
2811436445
2815516607
2815516607
3042396127
3044476383
3044349263
3044107527
3051449367
3051580711
3051582759
3052619063
4126232839
4258357573
4258357749
4258296037
4115740157
3578992029
3578943421
3619837629
3620951775
3604042703
3606336335
3597951311
3614761019
1429598251
1416008729
1962841096
1962851400
1954519048
1949145352
4096563481
4113866105
4147483753
4147494955
4113842202
4097052702
4100404078
4108722726
4108723746
2493908514
2499020290
2515804674
2532647682
2532724738
2527477762
2528067603
3333282849
3334270308
3338463588
3615357380
3544055236
3541419484
3541403132
3541533948
3612841212
3612849277
3608652927
3608652863
3591808007
3591880965
3525165372
3009364844
2984137452
2428383980
2428449516
2428318396
2428252861
2432444335
2448958894
2440563886
2440629406
3514506382
3497672079
3506054543
3237619087
1086023054
1089267102
3228361134
3225194734
3225190526
3493626142
3493626143
3496843037
3505303101
3522080572
3517886229
3522147605
3580739863
3576545591
3560915239
3560325478
4097210214
4099305331
4109892467
4106222529
4160609217
4134328257
4130128709
4130128725
4135306021
3065705253
3065635685
3065569637
3065541733
3061343333
3191353837
3208328157
3208262223
4261024335
4256839258
4256710507
4260900203
4252530923
4286118107
4269472905
4143945097
4139549065
1996259835
4143743466
4133933162
4280741930
4247187514
4231425307
4231424283
4229180185
4233390873
4240795481
4236722649
4237148571
4102930842
4102869946
3588026026
3574393514
3574377130
4146047627
