3162009335
3027791607
3027785717
3053191668
3085763060
3085906420
3085898236
3085763452
3085763128
3043827259
3077384986
3077318682
3060557882
3060320362
3060385994
3203040394
3219816586
3182084491
2628440793
2632606441
2625118831
2620924463
2620925742
2625316142
2625248318
2650475615
2646177996
2679761036
2683889800
2673383816
2671300488
2403061640
2654922392
2659115768
2528568172
2528465708
2527118125
2543903533
2548097327
2648740142
2648753454
2649804078
2641492286
2406701846
2389924630
2318605110
3392617266
3661051666
3661500690
3661246466
1245323283
1262104577
1211768897
138020033
137037201
142284434
148772530
215831202
210002598
478472102
1602545038
1590016398
1581615502
1447332286
1443151278
1448932778
1457340794
1184760074
3350593802
3350593850
3353623850
3353618731
3321178473
1140197816
1184305048
1184114568
1184158600
1188331944
1180467624
1461027245
1429443055
1411556126
1411555854
1411817998
1416009230
1416076813
1416489516
1412196908
1412196396
1432946924
1365903549
1399458957
1400770701
1400766607
1383989645
133563316
1442190308
1424237348
1424237356
1155539772
81846808
350262840
1470209592
1453505032
1588771593
1589676522
1589684394
4282428586
4278236570
4144075146
3859186570
3793126298
3795223466
3808343723
2730485417
2747066028
2742837965
2738840143
2737730063
2737652270
2704032302
2783716654
2812807206
2796148774
2796541990
2796542006
2792003590
3862598662
3862605895
3860504775
3883827429
3841828068
3841977488
3833550996
2754878629
2752775079
2685862566
3759276774
3765568102
3768848998
3768856294
4037814487
4037818516
4054583428
3538929796
1378786436
1378267268
1379311820
841388236
857836780
824223981
539011309
1612732573
1612930461
1612858268
3764536044
4053942828
4120969772
4120912409
4120912395
2493784586
2493988394
2494511146
2628601898
2628536378
2632808458
2314074378
2306864650
2338288202
2337231482
2370793834
2379157738
2380207275
2371425471
2373538975
2373632133
3453657476
3487212420
3739133828
3596402164
3594295332
4131162148
4129720324
4129729796
4129730308
4129744388
1999525392
1999506993
4146925091
4285282082
4285006114
4276617442
4289269938
4255871106
4239061122
1554699394
1416284546
1412127377
1349204644
1366895524
1408772581
1392256485
310124765
310321229
24973373
7733535
16134925
11946509
11848213
10267173
9218599
9210407
26052355
63619907
56247106
108671314
104477027
108667747
108667763
115999683
116114306
107581842
103329954
86615202
1143838866
1416464518
1424857239
4101879989
4099718141
4095520428
4098664108
4149076653
3863945901
4148429485
4111729327
4099154414
4107280430
4109435950
3568371742
3568515086
3436324878
3444713486
1325542414
1317146894
1317143370
1199964874
1167999629
1151915948
1152181164
1147969960
1143243144
1193775560
1175893256
1175890184
1443014664
1443080233
1442887723
1442875419
1443333131
1581678601
1591644424
1587467049
3736744746
3738710830
3726123822
3741852462
3557425902
3561629326
3565825678
3566943886
1150842767
3298342332
3298337964
3227026596
3222832276
3222963348
1075488212
1343942548
1360980948
310266756
310250372
308682116
304489860
308699540
1382511076
1407578469
301326647
284484399
276095791
271868718
276250894
276185887
274126111
282499353
1423357977
1977592121
2011146525
2013104397
1996002633
1459126345
1983484155
1983508667
1999319210
4046075054
4050532783
4058909359
4088339085
4071440013
4072436367
4074562190
3529302734
3548160814
3514671918
3505235758
2431516478
2443836214
2544499478
2532048662
2523585798
2520433926
2520433670
2541675606
2516505687
2499724631
2512309589
2512244596
2548889588
2524768228
2520573924
2520770036
2520249588
2518602932
3609121972
4116641205
4099929493
4099930053
4099896261
4101600213
4118373351
4118308199
4118639975
4127151991
4127160151
4127160135
4127151821
4118762189
4118631261
4118631805
4117517677
4117552173
4117560365
4084005949
4084065629
1936713039
1936675279
1898791391
1361396223
1362498543
3514176511
3522573183
3517282079
3517216539
3550773051
1407479163
1399094779
1399709179
1366218139
1366217115
1366213067
1970127321
1970057593
1970053417
2003607853
2000659773
1966597405
1966595359
1966595870
1949728542
1970691614
2146846270
4273276478
3736416830
3736351550
3738444078
3730579502
3743232126
3697161438
3705541838
3701097870
3703228319
3703146397
3703088540
3724062108
3749227004
3610815212
3608717868
4145720844
4147823116
4147855933
4047250221
4051443821
4034658541
4032561389
1884044509
1884039373
1883507165
1883724797
1900478415
1942400462
1926665550
1929348174
855422058
844931114
844947498
844967963
845025561
830345529
808984873
1885877801
1626013224
1621793304
1688779465
1688767179
1860733579
1848413834
1848541834
3996095227
3995906923
3995726121
3983171881
3974767464
3970573292
3970639788
3975690661
4235733413
4231538871
4235880630
4242458758
4237739142
4256399814
4256276806
4293960534
4277182838
4266713446
3738183142
3738637798
3739172006
2533035430
2549812710
2682850598
3756539142
3723046150
3718931718
3450529039
3433731343
3706421517
3697901916
3694691820
3692599212
3709384616
3709382568
3709464248
4286197656
2138714008
2121994200
2147168104
2147362089
2146828601
2029064490
1483747642
1483940122
1483990282
1481673994
1481674618
3653283674
3670257422
3665999631
3733372684
2659622700
2525495148
2459236332
2480228284
2480816776
2480818056
2480895913
2468101547
2467040686
3540595854
3541967310
3527307599
3538903819
1387029002
1403347466
1403444522
1403439146
1366198314
3559819322
3559831883
3559829321
3576014601
3613692699
3605299243
3605430314
3606560810
3606372394
3606339594
3589685518
3570844110
3570845119
3566652845
2492778925
3582261676
3620005852
3595887180
3726041629
4246106653
4229366297
4229703225
4229770027
4242094377
2090338600
4236773688
4236775240
3653777097
3645450187
3641368746
3680166058
1599657130
1608040586
1587142794
1587192011
1587196360
1457189224
1444540776
1460257128
1359904584
1359924040
1364118235
1368705770
1351912410
1351910858
1356120138
3495215114
3495346218
3503743018
3499286570
3549586719
3537257805
2455160781
2521269948
3058015916
3200559848
3213142777
3162811081
3032792777
4093948665
3826565881
3826565885
3826770669
3826443372
2759050277
2781922358
3872452614
3859898630
3859964430
3858899470
1711412778
1724320298
3884730858
3867724009
3867723960
3868776584
3866681480
4130922632
1983570056
1998479528
1947082924
1946556333
1959140021
4102433460
4102499044
3566475796
3567524356
3617879556
2527457796
2527588868
2527580703
2527449902
2527907886
2667379946
2656618666
2669168794
2669374666
2635785418
2635784458
3713721097
3751461688
3751400728
3617127704
3604543784
3591960872
3742981929
3709474635
3694794570
3695052234
3693020650
1557923306
1285293294
1285031134
1301811406
1335505358
1318773199
1320854413
1320855436
1316525988
3476598700
3474501036
3741887897
3725176201
3607801291
3612247546
3620635770
3620634682
2543751227
3049037931
3049037929
3052778601
3044508712
2759167272
2889190200
2889330200
2889281048
2906121752
2939511321
2939494923
2805212746
2803109546
2816215210
2812020906
3852208314
4120845450
4154336395
3600162953
3600163737
3596362477
3594256941
3593209389
3593238069
1462562613
1961360647
1889991686
1889713422
1889700110
1951436782
1946191534
1946199726
1962976191
2000855465
4089614505
4085417197
4089744637
4064595017
4064666633
4064764169
3528880393
3528864025
3537265449
4141246249
3036105513
3036007195
3036138315
2493954763
2494012107
2498549387
2623816347
2636382891
2654208747
2658607467
2663145515
3200053295
3198996527
3215762447
3136071695
3123689551
3124664671
4196305103
4195285199
4195247311
4212011087
4161744910
4161671222
2018902310
2094405350
2090277542
2090154646
1552169606
1569467014
1585932934
1451744903
1456243589
1985773989
1983689197
908632108
908894248
908894248
925663272
875544632
1949197321
1949182233
1953389099
1421740586
1419512346
1435241034
1586243278
1317938638
1321861342
1331364071
1276666343
1276765041
1281286721
1289663040
1289716304
1289532112
1300017873
1580630657
1580633731
1579666067
1579534754
1584749730
1593074918
4273234159
4271136895
4287948043
4258590009
4233408297
4166364969
4183140156
4183606028
3093152524
3093218068
3100529444
3100599076
4190905189
4224525285
4274925958
4274917774
3738111390
3729590702
3729266862
3729270958
1598581914
2101993674
2102980682
2086179082
2094567739
1553700137
1419741032
1968604028
2098631516
2097324876
2080547656
2084696056
2084629480
2084760552
2084731324
2098403213
2115052425
2115113866
2117207002
2129789226
2057520426
2074147114
2040572170
2041621258
2075175690
2062594826
2054455561
2052489240
4199973096
4199985384
4194758056
4194691496
4211370425
4211550617
4211486155
4182118475
2563047435
2563179819
2559972137
2560045613
2559844893
2558812687
2358108871
2290922166
2307691942
2338097574
2319222950
2319366294
3661556118
3661032902
3661030726
3677806854
1576452359
1555419959
3702825829
3707021284
3696537572
4249136108
4278561788
4278648268
4282834380
4283844045
3746973023
4286045551
4286045551
4218936623
4225058110
4225069342
2077548831
2060837695
2060931901
2048197433
2048668216
2047615544
2030905192
2017869736
2022050744
1015417736
1015290760
478423433
478209466
478183594
1551925354
1414693146
1412600330
1412604426
1411555898
1432856107
1474604585
1592035945
2129054347
2121189771
2116480187
2120512682
2053395610
2054557834
2054561930
2052202746
2052202730
2060460394
2076205418
2042650922
1501688618
1505883962
3653281594
3644895007
4181964575
4190344473
4190221592
4186027832
4219704872
3150093928
3141656185
3728744187
3724623534
3724615086
3741387950
3745842350
3586523286
1438785671
1606557829
1606574533
1606533381
1582350621
1578149647
1597106959
1563683614
1544747614
1548934142
1556171706
1556090298
1488979387
1488982523
1489051951
1506943277
1506944301
416359733
407904533
424767765
424931607
1497477911
1489089302
1489213302
1489082854
1489017318
1489017175
1497413959
1497807623
1527676677
1511653893
1513816629
1516966437
1525363489
1522082080
431501600
146285632
142093376
137898304
135805248
135994176
135952705
189430083
172644611
172641539
172705027
180962579
182220131
452750691
1055672675
896397687
359526775
91091445
7205365
7205365
7207409
7207409
15596017
15596019
11401715
11402610
49213762
49213762
40821058
37216610
34922850
21820770
5032290
5036518
13556102
30325126
47102342
46970278
46502294
46313862
42120070
41989095
58757921
8427297
12840225
190721
157953
157955
149762
4475362
12847522
8736146
25591170
42427778
42279346
42079122
42079105
42079184
58733920
12594464
4222240
43296
239872
16951552
50511104
302157248
306220449
306482593
1916897713
1644337281
1644345475
1644210403
1644210467
3791694371
3775048227
3775048227
3758275075
3759331843
3759274547
1613814051
1630816291
1635010595
1635010599
1642027127
567162967
567163093
567179509
600733877
583948437
584013957
583998853
585045399
585045911
585053107
551367667
551367634
551364290
618606274
884878018
884882114
1018567298
497433218
514013826
513809026
178260611
179375795
177221537
181413345
173023713
184562021
151011685
201347445
205578549
205578559
205566255
469876031
470006047
1543747855
2084747535
2136128269
4275214860
4140993036
4132668988
2792722988
2786566716
2786562620
2786443816
2786353769
2786337515
2809401834
2784234730
2779515066
2746157210
3819321482
3824560330
3816171722
1635067978
1903430666
821363738
821502011
817176603
815018043
815018043
830808107
834932795
834978879
827100471
290228215
290296469
281916055
273527447
5083838
1078843070
1086848942
1086815662
1082604718
1082598590
1082533022
1082582158
1082567823
1082566797
1356114332
3491006908
3524561308
3526794636
3526800076
3525751300
3525808660
2451853869
2451841583
2468621870
2967874350
2963671086
2963605550
2426668054
3502186502
3248300103
3244036311
3239887027
3238560163
1091146643
1091216259
1091216257
5227393
13551553
4640065
1078393089
1078454561
1086646561
1083566387
1100410115
1121384259
1115145155
1110786499
1175831027
1191498211
1157947874
1145333730
1153788882
1149397890
1166199682
1182976402
1187179907
1187210689
1179730240
105988404
101769508
118547236
335586081
268484593
268483057
268470691
272861619
281184641
331524993
306380416
302143104
839008912
840135153
842064097
854909025
850698275
582255638
817333254
822053894
880184326
876530967
1950227775
1547517229
1551839021
3707645501
3701353021
3449760301
3381406253
2307664447
2307669599
2374792142
2374365694
2357629350
2357625254
2361902499
2353909171
2349713809
2349648273
2349803969
3440256960
3473285953
3469095681
3465945859
1318414115
1314184482
1326746914
1292152162
1275440578
1560718722
1561243010
1473158535
1456441733
1455720612
1455769764
1447431332
1443234964
1460011444
1426199461
1413685987
348140263
343933558
343933638
348152774
71361863
88253765
88255813
205692225
205756753
79739233
80787825
1435614017
1469235139
1456641986
1448248258
1444053826
1444069714
1444106338
1460674658
1427121255
1414539495
340867557
349314036
360844228
360843908
381689797
383001558
370434430
370536734
370446654
375169326
383557934
1436333358
1419614506
1352374570
1352317242
1356511546
1355516217
1355384668
1355383756
1346994884
1342759572
1342726820
1342771876
1343166372
1409695136
1422014640
1417828480
1434602624
1434573952
1203824080
1203822960
1195434800
1195631409
3344061203
3310552883
3306168099
3440388391
3444779303
3453098310
3481407302
3464562439
3464512311
3464807207
3397771559
3398754343
3419725863
3373588589
3355767279
3423065559
3423010247
3427199431
1288104406
1288042982
1296390630
1309068742
1309070790
1309053319
1577488773
1447269284
1455457184
2009105120
4257252964
4240477733
3980630566
3976374806
4009929478
3927095318
4195875878
4195695654
4196209718
4196021282
4294589475
3719955745
3703113248
3701998160
2359898688
2226790976
2226791105
2226787905
2230961731
2268892691
2252180242
2256510722
2264837890
2260444498
2260247906
2264432870
2658698406
2669186223
2635660456
3708480936
4278873784
4279919256
4286210696
4286067336
2138571400
2103968472
2083004280
2083137833
1567238186
1508517930
1538992138
1539259466
1251934282
1255604426
1255621114
1254220266
1266721262
1266721262
1501607271
1484823924
3632307796
3629292100
3625097812
4229074548
4229008932
3960712756
3977424692
4009927988
3993146677
1845727526
1845608486
1728135222
1694707734
1677927478
1677929510
1816270886
1955727655
1972505411
1989290690
1989287874
1452474818
1447035074
1174405362
1107300710
1078343222
3230014998
3297132070
3296996902
3296994918
3297010662
3297563061
2228076948
2228208028
2220674492
2215955372
2215955428
2232859476
2266409732
2388045572
2392236292
2392170780
2392170797
3466440942
3419243758
3440166126
3691250926
3691382014
3692179838
3625067327
1477588541
1490038285
1490037261
415263565
406911821
423746389
423862087
423793479
1531085638
1531085270
1598263778
1564516834
1497407970
1497429474
1497619954
1497594322
1573075442
3720493538
3485611490
3485598162
3468903235
3749823301
3749806676
3716199204
3716196132
3716197692
3720452124
3746662461
3725704239
3725851742
3725722702
3742762462
3608545006
4123399790
4102497902
4102370847
4119077391
3582223109
3615809797
3615810612
3552896292
3544470820
3540272420
3506915172
3506849636
3490076501
3494205253
3502524231
3503081430
3515740646
3553550822
3545161958
3545158854
3511605446
3494762950
3494697446
3494435302
3507217911
1393222087
1393451463
1443783109
1448039317
1456211936
1472989152
1464600544
1565468644
1565403092
1565402948
1506416388
432754436
425217845
425250597
1494804271
1494803775
1498998079
1497953775
1506432479
1506432399
1535737247
1535704495
1535763886
3650074030
3683619247
3683090863
3645211567
3640756214
3640756182
3708004166
3708004098
3691241730
3691139378
3695317282
3703701793
3700561184
3700571408
3583121665
3587377475
3343976786
3322940274
3321904914
3326162694
3334537494
3330355510
3330285606
3330285670
3330568422
3330589095
3347890596
3301818796
2227554228
2219085748
2215676916
3289489276
3423778588
3440550668
3745685772
3716325644
3716391997
3703815279
3691071726
3690989806
3691317422
1543901166
1543902942
1557533382
1569850053
1603351236
1607493620
1599104480
1577123296
503444944
1577313729
1581486531
1581482354
1581482850
1598260086
1598071670
1564518246
1564536678
1547762534
1547795446
1547779574
3712103654
3712094422
3586277574
3619864647
3615588661
3615523124
3615524628
3615598356
3717310236
3721508157
3713106989
3708859439
4278314094
3741517006
3741451742
3590457070
3619821167
3615897149
3582277125
3582206468
3565428996
3498320948
3498454068
3246800148
3246853461
3284944373
3255616949
3255812533
3272593815
1124397463
1090831286
1094764534
1103296374
1099097894
1099162918
1082156342
1153721350
1145529350
1141269782
1141785874
1280002001
1305167808
1305104256
1330278272
1309371776
1309210020
1309443492
1322091429
3733365637
3666321797
3682902437
3649349029
3380913639
3426991334
3422997590
3424013314
3558218770
3558159651
3564582691
3585500705
3585529345
3619608064
3607023168
1449119297
1461554769
1594675171
2131033953
2130996577
2097222961
2097284368
956436752
960635184
960702257
952133425
952132915
952164722
943772146
943837618
2042885522
2076442002
1518565778
1518565779
1518549393
1522743697
1522679185
1522676097
1522676117
1606816149
1573327285
482637287
475328359
475327287
343190279
360168197
360103173
393647367
376865031
370659607
387314483
386257763
356797923
356781473
356847009
357375381
399193237
399115463
533360838
500851014
502817078
486072614
486335270
486339366
1289680646
1289680646
1283874566
1283936086
1283739494
3448000358
3448112454
3452335366
3485889814
3485934966
3347522901
1204104532
1204035444
1195659108
1195722612
1107818260
1107419412
1375772980
1375772964
1375834404
1375764773
1912897575
1376030750
1376555038
1380746366
3527984238
3536391278
3532274030
1384786734
1384786479
1384856077
1133124108
1099569668
1078664708
1074464516
1704708
1708292
71045493
204240229
204260710
225295862
225293758
225292734
258847166
258585022
229224886
1286189494
1286190261
1286190260
3433741492
3429546228
3426658804
3426675540
3426642752
3309203392
3319674817
3315532691
3348890530
2276987298
2281182626
2264466850
2255381906
3463369026
3471753986
3454829107
3438055968
3438076448
3429688100
3693393204
3693518116
3710290220
3744893260
3726035340
1578564492
1590922908
1586529980
1586545647
1586549742
1591009770
1595171242
1595285694
1561727134
1413349534
1417543830
1425670550
351868310
351813014
351807910
351807910
368717238
393098627
384745857
1457947588
1994621460
1923121700
1923133996
1923130924
1973463592
1415817740
3560040972
3558029876
3557956128
3560312097
2494496802
2494103570
2494218322
2527756482
2531950786
2519371714
2653592194
2657720978
2661857442
2661870754
2661835943
2682856613
2674602125
2670604447
3727570415
3731504687
3731492398
1449662990
1449683534
1449716687
1458171013
385547412
375082116
303565972
302544052
320526260
286957184
1350469248
1894024784
1889576496
1889578528
1356967472
3496192529
3525687827
2452060722
2451978802
2536389154
2515405346
2494302497
2494303265
2360097840
2360093696
2360304641
2360271121
2364310371
2381087398
2684129966
2675483294
2654505658
3189279738
3206068698
3208161290
3191449611
3995774025
3999969352
3865755848
3866755528
4151968680
4118415020
3028172460
3036036076
2767542636
2763315484
2765418252
2777982476
2777981453
2811732494
2815926826
2939998762
2939699754
2939684458
2938642155
2905356696
2896959624
3970242699
3969979546
4171444410
2028155066
1479680154
1494364314
454442186
508962890
519514122
247261194
178891082
178959818
241865162
254378442
1328054634
1298702634
1509466414
1505404711
3718950436
3718953504
3588983344
3615001104
3594123856
3594190272
3598382225
3598374067
3606758579
4135306386
3074141331
4112035249
4095518433
4095521317
4095525383
4099752463
4099875358
4101841454
4118553898
4260898858
3756525611
2645100667
3702130761
3635284043
3371052047
3363651855
3363619086
3437024030
3432821550
3449397551
3617300781
3604717420
3596196524
3596196508
1377348236
1933109896
1933064105
1916338347
1915355306
591003834
591265946
589046010
559161450
550781226
546751003
548863499
553118475
611642123
623168267
929405242
1056352554
1051114522
1051951114
988840010
986742987
985845947
448979113
440541353
403050925
1476860669
1476795084
1481509448
1486752329
1488456265
1488465611
1509451467
1526256027
1255784857
3667427497
3666387368
3683361256
4190802408
3109716840
3094905404
2824647228
2849808957
2916917807
2904338990
2904002094
2904001070
2772289582
2771929134
3879210047
3883794445
1702756431
1702768846
1845371070
1845374382
1840069294
1772427950
2074090174
2074090126
2141249230
2108981774
2107028230
2073993222
2040307750
1503436839
3655114789
3675840615
3677945966
3643409774
3643409966
4189724206
4223209007
4189875737
4189908552
3653035720
3647784904
3694053336
3694544616
3694558888
1544957608
1543908029
1560554383
893659294
390343870
365311142
361119878
344375429
277135492
12882340
72655844
1196728869
1115074071
1390852614
1390709254
1391233574
1391442726
3605707038
3605714015
3605709005
3588931788
3563831516
4096291052
4230505452
2087218924
2095835884
2095700709
2087221991
1547185730
1547183618
3694065154
4230399250
4243033122
4238650402
4121210130
4139689730
4137591297
4137583168
4133208672
4112007904
4097320672
4097320928
4097322209
2096958563
2092304482
2140538882
2056660994
1522690050
1522723842
1522706182
1518510598
1518793286
3666203350
3682914982
3749996462
3712247214
3712759214
3695982015
3561841037
3567182732
3567170444
3506340756
3496773092
3492591084
1345104988
1361358092
1378282764
1378766605
1378749981
1429091877
1416573477
1424757557
1420558647
1554780479
1554784574
1290085694
1332096270
1316371214
1316374854
1322633694
1318358446
3465850351
3465848317
3734282748
3465917436
3461788204
3726094884
3746857508
3721699872
2647959075
2639572258
3205806114
3189016610
3188099106
3187837954
3187848963
3192038912
4269978128
4287857184
3113533985
3119826211
3090437154
3090961506
3091100866
3091098818
3896405122
3907914675
3953986209
1790777984
1790786176
2059217600
2061250288
4196151252
4212928500
4166856044
3638428780
3634168940
3701223884
3701219724
1285305228
1303954057
1303937710
1151968170
1152229802
1148035242
1143966958
1144948814
1430169614
1430169610
356428043
926329101
1983286094
1983286734
1983283662
1981121022
1981043118
1981030830
1997808366
1951802090
2092314222
2091256429
2091125612
2091133308
1554263116
1566842956
1597026380
1561436236
1560387948
2080547181
2080546077
2084674367
2093001261
2101393965
2135080477
2130900493
2132161292
2065039660
2065629228
2071921709
1811815469
1807636509
1807652940
1804900684
1804897484
1800700104
1795588552
2064036808
2063983272
2047091369
2047156906
2051416746
4207875050
4221371754
4189783050
4171893770
3635096586
3639290890
3362352138
1214872842
1215287050
1224658938
1237186490
1270666154
1253884330
1253360042
3472289962
3455230137
3444744348
3691159772
3691298024
3691294184
3691294696
3745949384
4291203784
4253467352
4242293483
3697025642
3692847914
4229222698
4095198250
4097229850
1953950730
1693903882
1979633099
1996394395
1987954586
1983661962
1715286922
1849504650
1847865770
1852121322
782250026
799019051
765468681
765468937
1039147273
963780891
957756203
961942315
969823017
433050169
1506596424
1489824456
1489546184
1489738200
1552595096
1419679880
1419691400
1090257801
1089733534
1105593006
1139151790
1122382246
1114050978
1113968722
1378197506
1378131970
1378135075
1915529249
1915652353
1915652611
1915390466
1982778946
1983645410
2000429798
2000430054
1744572910
1707020526
1706964135
1839080581
2107452613
2107435076
1566369796
1564276740
1564469508
1413384708
1442743812
4122907156
4154233381
4288193126
4137198374
4137398574
4149973294
1966821166
1949960718
1949973006
2084186895
2084190479
2113866798
2124153902
1587283022
1586254926
1586013278
1586013678
3733627894
3733627589
3751449220
3751445124
3721953892
3698909732
3693617708
3693687356
3693755433
3697870891
3698067498
3699181658
1549154506
1565927567
491928973
525366156
507560588
507560605
440464301
440459686
440656102
440590434
457355346
419664914
402693158
939829542
944093478
953596210
1033812178
1071552642
1045220482
1041031298
1041199251
1040871553
1041912720
939410080
901727968
1975311905
1961422375
1953017110
4096306182
4117400582
4150953989
4125788164
3052059444
3183061540
3216567852
2662884892
2667328012
2658935348
2671511077
2637955361
2624323617
2628255843
2629439682
2627346566
2358960262
2361951415
2366146982
2366155158
2367204294
3424234182
3428494918
3705316102
3696853302
3581722918
3615416533
1451156612
1451125892
1379801220
1379862676
1379863717
1379800230
1363026358
1358824086
1353646742
1353450214
1353510502
1353494054
1407761957
1386911492
1386906116
3534389764
3534664236
3530400301
3542922799
2435631658
3509332490
3542886938
3261990702
3270377514
3284008970
3351117833
3350856712
1169701948
1282992172
1278928924
1277864964
1278125317
1277984837
1278787789
1295761629
1260057775
3394954727
3399198438
3667633878
2660796158
2660808430
2660804330
2672338603
4115178169
4112097928
4145668744
4145563561
4130882793
4265167917
2117733421
2118007823
2115904518
1024860167
1007026485
1010958893
1015153213
1015427660
1015490252
478423688
482618040
482671272
399305640
382510472
382316680
382369992
383483976
374899753
374901803
374917162
375027738
509226250
1322919178
1322975546
1301807930
1284178586
1217008282
1217013434
1217947311
1220060845
3367544508
3367547788
3384514456
3409616680
3391065640
3661601336
3728584204
3726616072
3730747912
3739153130
2660946346
2665202858
2656635050
2620983466
2621049034
2621048842
2624218122
2628509754
2628297001
3165159736
3165229832
2628366856
2633604696
2618853992
2619132648
2619087544
2618763913
2620796607
2633376686
2494890150
2493776054
2628063410
3701477554
3437241522
3424675970
3475171715
1310895041
1311943489
1580640512
1517667585
1517605155
1517608998
1513414702
3393053742
3392960557
3665590588
3673811772
3667590700
3667563244
2610664124
2375582348
2377679501
2365162414
2368308655
2502723951
2503247919
2503387149
2436295692
3514229772
3522588680
3506307081
3506307082
3497919518
3493596206
3291225386
3291221290
3296661258
1151213070
1150107150
1166548558
1166548598
1166767734
1162605138
1158410962
1158406898
1158341619
1158276003
1158193571
3343492243
3352009859
3330967683
3263925650
2190050994
2189984423
2190246629
2207105661
2177446461
2153263661
2222468141
2222483501
2222581805
2222700604
2235217996
2251982028
2256175564
3271197388
3267007132
3267027645
3271041711
3257411502
3240901038
3492546730
1345194154
1349393546
1357783178
11280778
32252874
23331627
23388971
10528043
10597691
94476075
128030507
1449309979
1579334923
1310886154
3459553562
3459557674
3731728698
3748635930
3572080650
3572088890
4104831339
4037723053
4122636972
4160304804
4130881156
1444429700
1444615556
1444810132
1428033006
1425672494
1420433726
1420302602
1168648458
1202203914
1185436938
1185527114
1319739818
1320788395
1335599532
1337696684
1199407524
3342697696
3341650992
3341397040
3610093584
1462560768
1462757392
1399740736
1403914880
3584952961
3585936051
3569097378
2495360674
2499045030
2490688230
2490671654
2489618982
2506392070
2514788870
2548870421
2683156516
2658113572
2653849636
3728394260
3728394244
3592084484
4141539782
1989821062
1993917094
1981334182
2000483246
2083444110
2082925966
2082916750
2095307102
2095307550
2027973438
2020878910
2016684574
2016815678
2029915694
2025719406
2025390846
2023240639
2023289277
2040045740
2061017260
2047386812
2047392964
2047392836
2047386636
2048651293
2065575965
2015232319
2014970411
2023360043
2023361066
4170721834
3633850938
3633851082
1224223626
1261961610
1245381002
1245331850
1320796298
1301848233
1285073320
1555605928
3560475112
3559434712
3593120712
1445896776
1445888520
1379303944
1383580203
1381249834
1398023214
1366698031
1366702127
1433536527
1467111439
376863821
376750221
374636941
303858077
844010397
860529573
826910373
1892200103
1892335302
1892603598
1885303406
3491504686
3491504942
3491505450
3503627562
2425817386
2424637738
2474985743
2459227405
2191303500
2260509388
2264375944
2250150600
2250032872
2233256685
2218417007
3292428310
3698256950
3706516518
3706515510
3699171350
3694960646
3745423366
3726550086
3726526658
3726444674
3726388646
3737921446
3733922478
3733848746
3734586059
3734520521
2665014136
2656611624
2656807208
2658842920
2656803593
2669250057
2635710987
2618966554
2618966538
2618963470
2633641790
2633513326
3707256046
3724031214
3738902671
3734659213
3600441484
3604693164
3596141740
3591949804
2501438056
2635722296
3708610056
3746325000
3737911818
3734897162
3751675434
3751423594
3753389930
3740798442
3740814538
3732665482
3728449737
3726155992
1594401016
1560912072
1594532808
1460306632
1464500840
1967702760
1967703784
1946844904
3562728297
3564824697
3572165849
3572169931
3589915787
3581689994
1465647502
1599996334
1608385966
1574841775
1560222199
1291791703
1291269379
1290219779
1289838866
1277223282
1278255602
1326490610
1308665507
239115937
516135568
1455594112
1447467904
1455873456
1188939169
3355234659
3320439059
3291181874
3291222822
3291218471
3295151653
1168842532
1336555796
1336568077
3467298831
3400042719
3743987887
3743980715
3710616763
4231958921
4229866120
3976503960
2936308332
2936059437
2936186415
2936202799
2941679150
2909209446
2901148134
2901147814
2901344422
2902266022
3170645142
3034393750
3034459351
4103498823
4107693317
3562958597
3560863237
3577697797
3577595413
2507988781
2545733412
2545927460
2543830276
2543710532
2682052948
2673664357
2669469797
2635953255
2636020838
2573098086
3151940966
3152006950
3137324550
3136938503
2667176527
2667181783
2675496423
2637747367
2635617443
4229460114
4229587074
4229587346
4258980258
2142946707
4160406722
4142580930
3597388994
3593063671
4146724199
4117622309
3035622957
3031287340
4239159820
4239155724
4239135260
4260300324
4184739367
4180610854
3643739638
3643350198
1500058806
1505374342
1503277186
1502339201
1485349008
1489544608
1481158048
1481161185
1494923345
3642669249
3676224963
3665219394
3665714770
2591952402
2590707250
2590578210
2330470178
2326274338
2326274082
2310545443
2293944369
2294006016
2291713280
2287529216
3357067520
3357198352
3357202448
3374246080
3743343745
3726540930
1998487942
1713222294
1648132782
1648133802
1663871626
1647086218
1647164090
1647246522
3794154731
4062650409
4062642217
4091683880
4121048104
4104271160
3701618185
3718395402
3634835978
3366725130
3366463018
3371699498
3359116330
3359114362
3358139722
1210655306
1210672714
1227384410
1240002170
1235811194
1235810634
3383359818
3383318618
3387513946
3387622746
2309690746
2309632874
2309689962
2309603946
2313717371
2313717755
2313783289
2305398269
2305398268
3681129724
3681129660
4184445084
4180521116
4230459580
3961959612
1679998124
1678960812
1677912236
1677879724
1694575036
641939101
650252941
650248844
584532620
584336100
563412516
546626100
546617605
1626454023
1618129926
1613946886
1697832966
1697891430
1683185126
1691429794
1686121123
1702901409
2009084545
1983984257
1984107457
1985102695
1993491255
2006107926
1974598918
884009222
888203279
877750287
