2780122486
2780069190
2784770375
2784959447
2775989975
2809540247
2809603735
2809607831
2817742743
3887093239
3851474163
3834702899
4107332611
4099140610
4096977922
4096947202
4096148530
4050011186
4049994770
4083549506
4159141314
4159170498
4159174611
4154971888
4122460880
4122251888
4107572000
4099191584
4094993168
4097304385
4097207763
4113979814
4045736102
4150528166
4158916774
4154791046
4121239686
4125368711
4108657399
4104614437
4104648229
4104952357
4155288069
4142901505
4134444033
4130242561
4130308103
3861676087
3862794342
3879662054
3846107110
3846167142
2817346150
2813086310
2795785798
2795824071
2795823557
2801263092
2792874916
2807415456
2807420592
2807561952
2818039393
2817903987
2816797746
2808933426
2771250198
2754534406
2754530566
2758692118
2758755634
2766950690
2766958626
2917949491
2952618097
2801759601
2793228752
2793262032
3867073216
3867081408
3883854785
3858758977
3833460035
2759716946
2755489906
2755473634
2754425314
3043825634
3085764322
3081572019
3081576081
3081596801
3081595776
3085822848
3043871696
3040206785
3040341841
4114067313
3849692531
3982861619
3991385203
3965957203
3966997521
3962799121
3962690593
3979410721
4012928867
3866127975
3866191590
3874555874
3874555891
2817791475
2780110323
3971440081
3970309569
3840286144
3831707072
3848484736
4112721793
4117837745
4117765793
3855628963
4107283123
4103170690
4119949186
4119914434
4122010562
4158710210
4150321522
4150391074
4150456610
4125283618
4259497250
4259562802
4259369987
4250985477
4280345605
4280544532
4281793332
4248230436
4246129189
4258450037
3990081095
4019242567
4023513350
4006866967
3998470195
4000694371
4013281377
3977605345
3978260705
3961401745
3965588119
3974039207
3969713895
3986427639
4259065543
4259065415
4261359383
4261354262
4194110726
4194045190
4185666838
4227674214
4227821670
4206842206
4206805455
4204708317
2078078445
2069687532
2064443628
2131552508
2131650780
2097577180
2098611612
1964392893
2002240445
1741812669
1707189143
3850549127
3850540999
3850601074
3854598691
3780149799
3843351095
3843449398
3843432998
3845588782
3849587758
4289989742
4290059358
4290128975
4290128909
4292246797
4292867608
4294829592
4261389836
4257133132
4257186780
4256728063
4260922094
4248348334
4281984750
4282045422
4265267422
4265275470
4286304287
4017964061
3984419932
4248792413
4231458813
4235656957
4258680543
4258743950
4292298190
4292333782
4158116086
4151689318
4118073462
4118601783
1702879523
1702819685
1711199845
1700124277
4283754325
4128630597
4128695621
4128396741
4132658679
4140912103
3889188327
3851439607
3855833038
3839260110
3841442302
3832922606
3841778031
3841844543
3850171711
3850173727
3883723101
4152191341
4148129645
4152309597
4152300101
4127068757
4126609957
4122280485
4122284567
4122440455
3589764359
3587699974
3746952247
3746952247
4292318295
4292326749
4292195677
4283741533
4250252572
4246181181
4246177053
4246193439
4245935423
4279498030
4279366958
3998242158
3998311926
4006766038
4291981718
4258480567
4241572277
4241572240
3975373200
3975344528
4243834256
3975267813
3981497701
4017153317
4012959511
3996380935
3862101519
3866287678
3874573870
3891283758
3855630622
4124274702
4107415566
4099084318
4101046398
4241571311
4241701869
4237777645
4237642484
4258619076
3721671236
3713274628
3709079861
3692376417
1544757603
1548887027
1557296067
1574093699
3751004033
3600014721
3606289793
3606284433
3597700513
4134843809
4134839205
4134855333
4149535471
4149601135
4151701807
4150653231
4112839982
4112805150
4113530126
4117649678
4159592718
4155428174
4155491839
3065836031
3070030333
3086799197
3078410556
3043996460
3043943980
4117683764
4117745428
4118084933
4248071285
4281687271
4281746934
4264706518
4268905302
4294079318
4256428822
4256428806
4243682582
4233164054
4228969854
3960530798
3981502314
3922788202
3951086955
3951085627
4223715353
4215335945
4194364428
4195442764
4195536989
4216505197
4224893543
4287808230
4286825174
4257342402
4248953282
4244889731
4229153971
4233217185
4233227684
3973181156
3973308149
4258516565
4292138821
4285818119
4130628630
4130860086
4130790438
4132949286
4141303094
4157948166
4153499974
4124205383
4124209477
4099031413
4099228004
4099163940
4099276324
4110412396
4110285388
4110203724
4118649292
4129261772
4263509181
3994936749
3999131565
4007097263
4006966190
3998512046
3999031742
3848233406
3833225662
3841643422
3837515679
3836276709
3840470884
3827887380
3827886340
3828013109
3844791333
3857370151
3857632530
3886468354
3890665218
4159099138
4150612242
4150612210
4147998931
4148130963
4152257969
3883818912
3892170400
3887914672
3854345792
3858605824
3850212608
3844965632
3844911380
3844727076
3844798244
3844757028
2775254572
2917666541
2900893423
2900892655
2893556703
2902010831
3992596062
4003159870
4002961182
4137185286
4141359110
4133167298
1931026610
1880694946
1882850466
1895451778
1891289474
1891551874
1908378242
4089232082
4075597606
4066684198
4062503974
4079280174
4045861166
4050014502
3785802535
3886466597
3869544292
3869548532
3873742276
3862740164
3862805700
3862342788
1729539221
1679223997
1679228095
1679279535
1618335151
1618244015
1626698159
1642156459
1675711995
1667250047
1667509823
1667574335
1642413590
1642403603
1625764611
1621565699
1621565699
1889940225
1890473473
1890474689
1911442113
1911540353
2004732545
1999936947
1987351907
4132737059
4143296563
4143423505
2004328464
1969742128
1965977872
1949171988
1948909908
4096329188
4117306285
4125637295
4154997423
4155079359
4138256271
4088185807
4092367823
4050432989
4029588077
2960041581
2961108591
2969562687
2969094014
2985836910
2977698286
2977763582
3011449070
3019837678
3017749742
3013574142
3013570014
3017666014
3009207758
3005007182
3005010254
3075989855
4158054783
4158058861
4158116204
4124431212
4116047860
4095174084
4095147460
4095211764
4099406052
4116151541
4149695685
4132786629
1985294791
2001940983
2104701414
2104702454
2096244678
2096242646
2092124658
2092031474
4243631570
4260406722
4260475330
4294149075
4294152931
4266893939
4266780179
4262589986
3188749858
3190830370
3060806690
3086025766
3081176086
4154856455
4155929921
3619061696
2549473232
2547305956
2539443620
2535249077
2501899397
2501276039
3562435527
3707130599
3702806247
2629068391
2633002533
2631958309
2640334645
2637258581
2641585477
2675073479
3757203655
3755098327
3755032807
3721421285
3721405421
3713086333
3562025532
3562043180
1414561596
1410562317
1410759437
1951849295
1954008031
1971314174
2004211150
2117386702
2117452238
2121777662
2128081774
2128077678
2123621230
2123490167
4275102181
4290815461
4248878333
4232165836
4232292805
4232232789
4250071877
4283618055
4266803991
4264562983
4281348397
4245693741
4229115197
2094151997
2092321661
2092354141
2092224461
2109007309
2146734285
2117382397
2118115565
2115395821
2115391741
2115371373
1993740589
2006397737
1972647705
1960066841
1960078107
1960176155
1960246811
1960281674
1978959818
2004124618
1719107994
1719567802
1719637162
1717351599
1717342383
1851752703
1864299007
4018037247
4017496431
4252443431
4252443431
2113089831
2096169269
2096436565
2096379333
2090100693
2090332117
2107037397
2141165127
2136782663
2134680335
2117973263
2132645183
2132792367
2098658351
2098658351
2102907967
2086131071
2086062039
4241998551
4242395863
4242338551
4250722999
4250855383
4284401607
4267591639
4278142455
2130458087
2122065127
2121540823
2134320342
2138441142
2144470438
2140345270
2140218262
2144363399
2144362903
2102452629
2102650324
2102582612
2110971732
2113003092
2111960628
2145514045
2145440301
2137047855
2137047342
1965249582
1969384574
1970432222
2003990734
2004056462
1987141022
1450203070
1456501679
1456600063
1456722782
3606237958
3596800534
4146180630
4150632982
1977983798
1957073718
1957069589
1961280332
4230071260
3962619880
3962628456
3962628392
3962628392
3975260649
1823713739
1823585674
1836089738
1865449866
1848803754
1848812015
4000506223
4000441637
3866158373
3866191117
3861997389
3845338589
3845264860
3832677884
3841131964
3840935868
3853592316
3887558364
2813722332
2813656924
2813636444
2817830748
2708969244
2688005660
2754979389
2755065405
2707871279
2791786287
2799977774
2799960366
2799964190
2792169502
2775527774
2758677982
2767074782
2767076766
2767158686
2766953614
3857992846
4159986830
4158121150
4158022910
4160119935
4160058463
4159992863
4150355231
4150453567
4151498558
4118267678
4126660430
4126578510
4110399327
4124426093
4149518189
4150048637
3860702556
3860854100
2789077332
2805323252
2771899876
2776031076
2759249508
2784415316
2784347652
2784290309
2784290321
2784294689
2784281891
2816986403
2917588227
2910252291
3178488851
3174126882
3155231074
3155362290
3159570402
3167823522
3163631266
4103085986
3582987666
3589606786
3623230594
3329631362
1182146691
1182081153
1182229697
1207362752
1207416144
1172612465
1172612881
1156032001
1147573761
1147504179
3311441507
3514099427
3514169059
3514128097
3511964641
3512005600
3522687988
3522613716
3522615108
3555186436
3546600988
3546605100
3546605100
3546347055
3546535738
3547350394
4050666602
4118052074
4126669934
4126604382
4059493390
3514749966
1367199750
1362976774
1396596806
1396584919
1383989750
1381959666
1381766626
1390163426
1134310754
1201616210
1167991042
1168011522
1167901458
1167890211
1167894385
1440722752
1440661312
1432260544
3579088880
4111771632
4145390576
4145460208
3877016548
3877016036
4010988772
4011056356
4013120741
3983629549
3983627773
3975181949
3975180845
3975180845
3975180829
3975210573
3985696637
4019314028
4023635181
3998469341
3998475469
3996312799
4000499199
4000499190
3998270838
1850795382
1846600998
1863513399
1819432199
1752319303
1760709959
1759727063
1760655351
1810917351
1792075751
1792075751
1782638583
1782638535
1782644679
1783889887
1850900319
1850892111
1852972303
779291999
779165039
787561583
787692671
783424607
1068637263
1068702799
1072782415
1072823327
1072823359
1056042303
1056171807
1071904343
1038308951
476137047
476124755
471930707
471930227
471930147
476255523
212025123
212020003
212019715
212023873
78700353
95455041
131182960
240231377
248619985
251114353
112689969
1186318131
1186321762
1200973282
1171596770
1146947042
1142756755
1142886787
1142559107
85595585
75171073
82510097
82391857
82584355
82584355
99427094
124600582
107824390
107301910
107830294
258833462
226325815
226260789
209482557
142365245
141513301
141193813
157971029
158037845
158029685
158029173
157897205
157901301
157901815
166290263
166290295
166417271
267075958
267076950
262751574
263050582
263049591
99464567
91076087
1198372343
1198374359
1181588887
1181588887
1190106519
3333394839
3333271990
3333288374
3333419430
2260627878
2260673958
2262314470
2253994482
2254059842
2264546566
2264610566
2259166006
2259165990
2259182375
2275988271
2246624045
2230093165
2355924196
2355924196
2356123892
2356133076
2351869124
2351867333
2406397253
2322511685
2323560279
2592056695
2591925351
2587407463
2587399271
4198085735
4198147191
4196066391
4196066327
2048586775
1784402038
1801015382
1803112534
1769689174
1769668862
1777926638
1761153002
2021211130
2021206683
2029988505
2029988504
2023571100
2023495324
1490825868
1556882068
1556898484
1556898464
1556899745
1548642227
1141789074
1141261186
1142309762
1146487682
1148650434
216336147
216282675
212086307
149171747
149237265
426080769
459622913
438685457
443862321
441754929
978624785
977576241
973386597
977597029
994370149
960783909
675622437
675691061
692525845
725883191
717559847
713505879
713430214
981946566
981782774
981787110
969188327
952414951
407171687
407237237
407369269
407042357
407034237
407017692
1531091148
1514313861
1245875333
1254260869
1250263445
1266979239
1300537762
1283777954
1288103330
1145501090
1141294482
1141260674
1075200386
1077281218
7799107
6623539
15034145
15066657
15066657
1088794129
1155894785
1164283649
1299025233
455974225
439204177
439343473
439311729
439033123
980098867
980104995
988493347
988358179
720905763
718808871
709371687
726154559
701070463
701234303
701232223
969536719
961081567
961065110
944353462
944411058
952800690
415931794
415799698
407436242
424278466
436877635
437926147
442371843
450756881
450167072
981742372
981738276
1002709804
969156588
944011157
944043927
944043447
960806054
960806054
960886934
960886918
994408775
994474247
994475271
994475287
1002864439
1002491686
1002503990
1002504022
1002495447
1002560981
994237941
994213349
960633140
960567604
960576284
960723485
960691837
961019647
969211830
969203126
969186470
969185446
960870550
960870598
994572550
994508055
994508054
994502454
994498422
1002754038
1002766262
969210294
969734583
969832885
969816468
969816404
961493268
962018580
962018580
962016564
962057524
944101173
943765303
952147927
952408982
944028566
944094099
961018323
990337363
977681683
977679619
977679639
986075447
985945383
1002766263
1002766262
1002503063
1069603255
1069644213
927087029
927087029
927079861
927143317
390280597
324202965
300082007
283154227
283414323
283413283
820288307
820361587
828897745
858192337
841416131
841377219
908486083
912708914
937743650
937746210
1038408486
1038416694
1038449430
971406102
971390775
971382069
972504372
970206516
960773428
960830772
960699829
960585109
943742879
968948639
968948639
968948127
960756159
994311101
994311965
994246429
994246429
994311997
995213103
995147567
994097470
1002494334
1002555863
1002690967
994212247
994195927
960634165
960699701
960576821
960724277
960692215
969015223
968933271
968925078
968925078
968923574
960608694
994294135
994311447
990051607
994506006
994501942
994493750
1002757622
969206198
969202102
969734583
969832885
969816468
969808132
961420548
962008340
995489076
995483940
995463460
1002803509
1002484087
1002476755
960534675
956348595
940046515
939932147
939932435
944127491
969283075
969277971
998507042
998531938
1002760118
1002500022
1002502551
1069611445
1061386677
927087029
927086773
859970996
323162516
323121540
284357569
283353937
283415089
283412001
283418401
275028273
275224881
291936273
325491712
371643392
388384000
522585360
488648480
492842788
434121252
463679015
447950390
984626710
445650710
443568422
439378214
439623718
974397718
991240510
960918847
944135485
415587701
415562101
415562101
163903829
197589059
180803651
172481538
172252178
172258338
168227874
172421458
172413250
180782530
198610370
201181634
158190034
141412850
141515123
141506931
140980001
417802016
418719280
415617568
415556193
952148709
943761063
960540326
956349078
960871350
969275814
1002928303
1002921215
1002845391
994473159
977687703
977716647
994377143
994373015
994376087
968949127
969080709
969080789
960649013
960567077
960509237
961623316
962016564
961959221
970448181
432339253
415562005
423950613
164075859
197581123
180804674
172323858
172782642
168652834
168751154
172945730
172938690
181324226
199216066
159239122
141413330
140893139
140869459
142047025
410477344
418603552
416408096
415293984
952149600
943761124
960556772
990182045
990149310
725973934
734476526
1804016878
1770396911
2043024463
2034635855
960982991
956595935
956333790
956333822
994082158
1002667118
998734958
998767742
998734863
1002796045
960885836
956757324
403109212
403087356
403102716
407165948
407173461
155564373
197572931
180804611
180837378
172250130
172258338
168226850
172421442
172413250
180798914
198627266
167627202
158190034
141412850
141384051
141507891
140980001
410461984
418865712
415617568
415539809
952148709
943761063
956346030
956349118
960871086
961018286
969242863
969350383
1002845391
994456783
994464927
994493631
994377151
994373022
994113934
1002503567
1002634639
969080309
969037093
960976165
961884468
961900820
962031900
961991996
945282365
944044349
407173909
407173909
424074071
197581123
180772098
172299282
172240946
172453922
172421170
172413250
172410306
181325250
199215554
159239122
141413362
141417427
140869459
409429809
418899745
418636320
1490154017
2025890401
2025891427
2017502951
2030087910
1761671862
1761639094
1766029799
2076391653
2038634724
2038570228
2042758340
2042787012
2068047300
2076227220
2076226205
2055516862
2055516846
2055532970
2060448938
2060344490
2068712602
2031028362
1007499467
1007626441
1007562569
1012799049
1017005771
1033717451
1066722955
1066706587
985966267
973389545
990174825
956759593
1029107497
1039586601
754959661
754840957
752662495
744273887
755804062
722450422
974032950
978227254
987672598
979350550
979164182
1780239423
1763580719
1818111535
1759387373
1754138299
1754007195
1754015369
969680777
994848665
990654377
957233641
1011760425
1021197608
1018500121
1018446089
1018478857
1022664971
1012179803
1028109307
944152042
944150766
944101486
960780350
994322447
990263307
1041110283
1046364939
1054491247
1056522989
1052304063
1054401197
1054385837
977854125
990436029
688601853
740178749
744373549
752831533
754961471
754836767
1040036110
1062502734
977580510
977641726
994422894
960861230
944240686
944142399
944646207
945690943
945691151
1004420813
987628237
983433933
983302909
983327343
986505775
1003282991
961324591
956610094
957191998
957324798
994557375
1002937535
986183839
986052751
977623455
994449823
994983263
994983199
960894237
970265885
970208564
970208548
953488692
944105269
944035829
952145847
952154039
952156086
952155062
960608694
960625014
956528919
994213127
994196743
994213143
1002593591
1002463031
1002471287
1002463191
1002463135
1002536351
994278847
960642557
960699709
960576797
960576797
960658749
960692221
960626623
968933279
968925078
968924566
968990134
969129398
994164022
457440567
457372951
457368887
457635126
457623030
960822710
969211286
969202071
969898423
432946581
432946645
424547604
424023316
425013524
424948028
424964412
408408381
407220543
406894431
415538062
415538062
415611294
415742359
424081863
453399813
436605189
440795397
440811813
449311013
449110887
448849846
448855990
515963830
507574695
507738535
386021815
386014389
386077845
390148500
324235668
334685141
300131189
283148849
283410995
283416115
283416374
342333238
359052599
388414495
1462152205
1600564236
1608948748
1609550140
1605163324
1538064188
1541963545
1534672698
1532626734
1532695854
1499149614
427700542
436080926
410386718
408162615
408167205
407122804
407122836
415512469
415528863
415301566
415366078
415366078
415365598
432273695
423885079
423804167
454207239
454276887
440448311
440448294
448912886
985914807
977526199
977500583
994261477
994254133
960576788
960707860
960657236
969078773
952170421
952156087
952147862
952146870
968997302
960739830
994310422
994311447
440595735
457635095
457635126
466077174
432338358
432340406
432331158
433060279
432961973
432945621
424033556
424023300
425144580
425144596
408285492
408277284
406885665
415285233
415275923
415275907
415480706
457636226
440826178
436608259
440800515
440795411
449265955
449078051
449111907
449111991
448855958
448855446
507574711
524515751
386013349
352458933
352460181
356726164
290615700
301130708
283226960
283411249
283414321
283417377
283417379
275102051
291961299
321322179
304506050
304489922
375796210
375723302
384048934
384048934
535043894
535043902
501511966
497414942
414053183
413971261
415015740
417113708
407684860
403529340
403584540
403584780
403633421
459207945
450792457
449681433
441227289
449624379
449619051
449622139
437055563
437194763
437194811
453906475
403580201
147733289
143526409
146672137
229493257
246210379
250392698
250384490
241995882
254734426
137244746
137244746
137245019
141440619
149896809
145571433
145503817
145516233
149747417
157587192
191141816
191206840
191337880
266842520
267891128
263566264
261465784
244754088
248947369
1590092459
1581605546
1594110714
487854906
404164906
406197546
410402090
418854970
436157455
167717901
190587981
190599389
189583801
197980587
1267508394
1250733226
1250930091
3398346237
3398088140
3399127500
3399062268
2392371820
2413340204
2378749485
2370455086
2371487278
2405054246
2415408166
2411217959
2411316277
2310706180
2308612100
2291769668
2295890528
2356708064
2352579235
2352730806
2621010614
2619946918
2620079270
3710532790
3664649350
3673037966
1525562574
1525491790
1525426206
1516513582
442838319
444015903
444010767
444007183
441779007
440734509
457466669
423946029
423948133
407173493
138738005
164084053
197589315
180804931
180706323
172250162
168162338
168227186
172413250
172392898
180783042
198676418
159239122
142461394
141384179
141498739
142032161
410332448
418719520
416670256
415552097
952410849
952149735
943761063
956350134
956611222
960887718
1002797223
1002904807
2076579063
2076587143
2076603527
2068206743
2068174262
2042949046
969211286
994377110
466025862
466025927
465984855
457643317
457520421
425014581
425144596
433484084
433476917
432330549
432340789
423952149
155499351
155629907
197582147
172350723
172250131
172322851
168226851
172945491
172937539
172934594
190761922
159370114
142461842
142466034
141917139
150304595
418734385
416637728
1490412320
1489297952
1480893028
2017502948
2034298596
2063919804
2063891101
2068150958
2076670446
2072468718
2072401006
2043035711
2026258447
2017911055
2017846863
2017787487
2013281022
956316398
990329838
977681646
981865582
981931102
981798990
1002713167
423911501
419947868
403093340
403087196
407362524
407165909
138803541
164034901
197590083
180804611
180706323
172258355
168293410
168227122
172413250
172392898
197576642
198692802
159239122
142461394
142432755
142548339
141901089
418719008
416637728
416670256
415543845
952410725
944023271
943763119
939571902
956627614
960887215
1002797231
2076646639
2076579023
2076577999
1539723407
1539723454
1539700134
1506078134
1539632566
457506198
457637783
457637829
457594709
457643316
423957812
425014580
425013556
425096500
425186596
432332085
432340757
423934741
155237205
188914113
180526403
172088403
172086322
172224546
168226850
172421202
172413250
172395970
190221250
156748738
142461651
141941747
141909971
141916017
410345761
1481990432
1481859872
1489105696
2025906788
2025907940
2017521380
2030070428
956578445
960969406
1002911982
981802222
998642798
1002831902
1002831886
457580558
423896094
423918974
457506174
457225726
449295870
197571038
193442263
159756759
142914977
1216658849
1217247665
1221573041
1280227507
1276025011
1276025987
1158579586
1192657282
1175896450
1182253443
1189463027
1189470819
1457807907
1457810978
1474570790
1432632118
1415854902
1148534070
1149187350
3305051398
3317629190
3321824262
3355276374
3478938982
3487327526
3487426342
3483300694
3482309446
3465331574
3335045479
3335050733
3326670060
3611917740
3612024236
1460342684
1427775116
1427783372
1410018012
340273708
340536108
365702460
357317916
928846876
924651580
857474092
857474348
859585852
594299165
627964279
762165623
1030602103
1030599157
1030599157
1047376381
1047376313
1047377081
1047378105
1047378105
1047378105
908966073
1982708921
1983819917
1967059085
1411260813
1415447213
1425932975
1421805239
1421678262
1420568310
3572246102
3572264726
3564432663
3564485655
3614948679
1451136325
1451197893
3598680533
3732902389
3732796399
3732797422
3732731886
3615356654
4152358510
4160676702
4290765135
4290638109
4273778716
3070009380
3061621796
3074290980
3072251668
3038705156
3042865693
4108255871
4108125806
4108060270
3573300726
3573300454
3564375206
4099146934
4116140167
3588153477
3621757317
3755843973
3755848645
3747448407
3709701655
3709730582
3713593126
4294468974
4294648815
4278060015
3731751887
3597468623
3615302111
3623691503
3589631023
3572849695
3572816909
3564432397
3581255949
3577197133
3576857165
3560342221
3562439421
3570697965
4107575279
4120156527
4160076911
4135496735
4268663823
4264468751
4264538143
4269650031
3195592815
3195658349
3189764349
3206510045
3172952029
3160289021
3168673535
3164540671
3166244606
3166181118
3166188286
2633507694
2633789742
2650599487
3187471423
3221089375
3204250719
3204307165
3195963613
3189426333
3189431685
4280022917
4246364813
4095402717
4235883055
4244132398
4239946286
4261159742
4261156126
3697161279
3697156159
3705540665
3705536537
3701343496
3701427465
3705461067
3705453050
3697060010
3697125786
3712857482
3739190154
3730735754
3595993823
3591893743
3591693295
4128563567
3059609711
3059740783
3084833919
3051279821
3036600141
3028211213
3028211212
3024084484
3023961653
3027562029
3027531565
4109652845
3891609967
3874898271
3998634315
3998602315
3994348667
3994347627
4011190634
3981896570
3981876746
3973415434
3973890570
3982279179
3982291819
4016005483
4275986665
4275973357
4141747452
4158590204
4116663517
4099822797
4099864013
4101952973
4059988815
4059796063
4084855389
4065911645
4061942269
3810263533
3809804457
3780514987
3788907931
3791009179
1639261610
1907630522
1905533834
1892964298
1892992714
1884606202
1897180906
1899343722
4085165338
4084110346
4159602715
4155412507
4159611161
4159615773
4151178047
3040666415
3208472430
3212672366
3212791150
3221178878
3220589006
3220668238
3220563550
3220566621
3220566540
3212104204
3212636988
3179082028
3170689068
3170821156
2902391924
2893977957
2887616869
2887621479
2887776855
2904485575
2938005191
3994957446
3997107878
3996911526
4001104038
4005298342
4005302439
4022300887
4020166725
4022248453
4026379533
4001147677
3996953407
3996953390
3994992174
3978217014
3961438742
2887664214
2753434231
2891780453
2900099428
2895908900
2898210836
3181261836
3219004684
3193899276
4267399517
4292475375
4290313646
4290303386
4294493066
4259890058
4252881818
4248757227
4246659567
4246726013
4279758157
4145412445
4149598589
4132888541
4132849615
4132848591
4143792591
4143727087
4160557295
3187613807
3170312319
4243993623
4244075791
3704976655
2631165790
2647943038
2648011134
2682081790
3755807082
3747352938
4292618042
4292619802
2146970139
2130262809
2130385176
2121865272
1058540584
1041760312
1058607112
1062805512
1065091096
796660008
795345257
627964279
627964279
627964279
627964279
627964279
627964279
627964279
627964279
627964279
627964279
627947895
627948919
627948983
627946935
762163639
795718071
795719606
1064154550
1064156342
2133703862
2133702838
2100149430
2101279926
4248206518
4252378599
4258727911
4237584061
4120247997
4120247949
4120354509
4124352205
4115969629
4113606253
4147421757
4147639069
3073823551
3073852207
3075736879
3077848367
3086432558
3052812670
3052829150
3048693198
3048588751
4122263951
4157919647
4149277119
4145082797
4128368621
4128499709
4128433997
4145211149
4151497501
4126274365
4126208831
4101010239
4100994366
4098895150
4098964846
4123139310
4118957310
4118955166
3586348174
3586249934
3586192582
3621119223
3621254247
3623273589
4135044181
4133875829
4129681525
4265078901
4281528405
4245877077
4245944149
4229168767
4233625135
4242012783
4241874559
4241782494
4250166982
4250694614
3177038334
3160397295
3185571183
3181376879
3217028373
3217028357
3221091607
3212629367
3208409447
3174855150
3172430319
3042334191
3050719215
3046526941
4153769933
4157927373
4151633357
4145542621
4145509855
4145378815
4145403391
4116174207
4124562751
4124439831
4124370693
4124436229
4158059029
4158050935
4158116711
4149564287
4145312127
4111741311
4111742335
3562485119
4107681149
4107672957
4107554269
4107558349
4124366237
3587561375
3587626655
3587633823
3612795535
3579306887
3575079365
3577041397
3564912996
3573306724
3573378852
3567742773
3588685573
3580354311
3613771590
3609511254
3593860462
3732337006
3732058430
4294095134
4294218015
4260671807
3990139951
3990137903
3981817901
4011243580
2920716348
2921258012
2921296956
2921267581
2921202349
2921202351
2935358126
4003791534
4020242094
3852476078
3835705790
4105189518
4109576334
1415719108
1348478980
270542860
824190988
824252428
824327436
824372748
624160316
636599839
630230542
668240398
667716430
784960478
