1358699583
1356598287
1372523527
1380926837
1376769013
1376228245
1376227989
1913099157
1916834725
1916834727
1925226935
1656988823
1648536734
3791829215
3791886383
3808593965
3875711021
3842418989
3826691885
3830892348
3763847709
3760014109
3760026477
3760005991
3776779239
3780969455
3813474942
3787801102
3787740682
3771006475
3771001355
3762350619
3762354715
3762347531
3774895627
3775141403
3825473147
1682182011
1682185579
1615149290
1623668986
1640971515
1653552347
1653552331
1653481674
1653481674
1921786895
1384918031
3281781823
3248373022
3247324478
2173447982
2173439534
2173454974
2173491838
2173500270
2173483366
2173548902
2177743206
2169485654
2170534358
2172631239
2172631245
2473441436
2473441436
3010443452
3010377900
2737748140
3811555516
3812342012
3778722028
3778738348
1664772269
1664756157
1664760223
561716191
559483871
567876351
567880253
565914172
565910044
566042124
564932108
564932108
564932109
829214477
896382391
896381367
359510455
359510455
359510462
342734782
351125438
1424865982
1424341694
1424341694
1441184655
3588669327
3622219263
3613713791
3747718495
3748902174
4285765430
4294291510
4294025262
4294029358
4284592174
4284583999
2132922429
2100491308
1764912172
1762855196
1761688136
688011992
692199128
692191816
700645960
734073609
734012217
734012201
1002452520
968886824
968895032
415246872
411450904
411972104
412615176
414712328
145244761
145290218
145289130
149679018
220912554
254462346
120244618
103304586
103334282
103403930
107671962
107655595
241738091
241738027
241739051
241810735
241940543
241875983
225086478
209357838
205163726
205098166
405318823
423144615
456696999
438034605
458944701
407625948
407826713
408862985
408339211
417252891
413128250
1486644778
1486644778
1485579834
1485584186
1221396267
1213138219
1209928987
3357417227
3363702539
3371648779
3384067402
3384050010
3415519578
3398934875
3398869369
3398873465
3398930793
3400848488
3673430120
3660843368
1513359720
1511144297
1511138875
973218331
977740363
1053111114
785658714
787751274
778831214
627964279
627964279
627964279
627964279
627964279
627964279
627964279
627964279
627964279
627964279
627964279
627964279
627964279
627964279
627964279
627964279
627964279
627964279
627964279
627964279
627964279
627964279
627964279
627964279
627964279
627964279
627964279
627964279
627964279
627964279
627964279
627964279
627964279
627964279
627964279
627964279
627964279
627964279
627964279
627964279
627964279
627964279
627964279
627964279
627964279
627964279
627964279
627964279
627964279
627964279
627964279
627964279
627964279
627964279
627964279
627964279
627964279
627964279
627964279
627964279
627964279
627964279
627964279
627964279
627964279
627947895
896383351
359513589
359513590
124632502
1181595062
1181596086
3329080246
3337468598
3266165366
2192423550
2209201022
2192488815
2192489957
2193419748
2189184484
2184793572
2269011620
2487099044
2484999844
2489201284
2488214151
2496471942
2630361510
2630381742
2622013614
2617806062
2617948238
3155863566
3157895439
3161041165
2917837320
2930416136
2934605320
2926215692
2921890364
2787947052
2787963180
2787954733
2787918892
2792164388
2783840308
2762873109
2762873350
3031308806
3032226358
3031972390
2499291958
2650282038
2683903030
2411412566
2377856198
2377851078
2377736326
2377691279
2314769805
2347273612
2339146636
2339146700
2334759752
2301278488
2301290780
2305453373
2305451309
2306483503
2306540399
2306540158
2314801870
2314758094
2314824650
2306599290
2306443626
2339932650
2608369145
2667226568
2667291080
2667094920
2683863720
2671281836
3173615340
3173699308
3173703292
3173674540
3177852460
3186169388
3186099759
3220706846
2683844366
2683839870
2683831534
2683847854
2679751870
2679831694
2679827598
2675633295
2654596239
2654993551
2654923983
2671672655
2671656718
2675848734
2683778846
2683598654
2645844271
2645881133
2629171005
2629142365
2633273052
2490665724
2484374252
2484443884
2501357308
2505565916
2504517340
2639028972
2639004645
2640052711
2640248958
2648383550
2648253502
2648255550
2681945146
2675530810
2673462330
2656689243
2656693449
2665065672
2664016008
2664995224
2656668585
3189477353
3206190827
3210654426
3185484634
2896011758
2899615983
2759103701
2754972869
2755118324
2755052772
2753955045
2770736357
2804299207
2808491975
2816944862
3081059054
3080985327
3064208125
3064216269
2528390732
2528960844
2528960589
2533154845
2524770349
2487009583
2486093374
2486062598
2498657862
2494119526
2498248302
2498510190
2675704846
2388594702
2388598795
2413764619
2375753739
2358977851
2363033899
2362968425
2354596729
2350513113
2233182792
2237640520
2413671176
2409468744
2678035288
2677912168
2673128040
2601828973
2600878703
2600882798
2567385902
2554597422
2555139182
2555247722
2555308250
2555308234
2555357642
2605033930
2588256714
2584206794
2584204794
2588098922
2588098858
2596426042
2659377982
2676138862
2642646511
3180629487
3184823213
3042216636
3038087836
3172440716
3172380364
3155619532
3155650141
3155501359
3174830127
3177971759
3182363695
3182036013
3148485693
3132847372
3132681996
3132665356
3134963468
3126434076
3189540989
3189541101
3206387901
3172908191
3156141198
2903953542
2939633814
2805219558
2790552038
2799003110
2782293894
2765499270
2765503110
3029748358
3031911093
3031719904
3035901792
3027510544
3023836432
2487170336
2489724193
2498110771
2548444483
2532199874
2532199874
2532264898
2533182434
2466019683
2466015523
2463656995
2463720449
2455315477
2451058741
2451058789
2436576743
2486843127
2488929990
2497317574
2496400070
2227722838
2227732086
2227727735
2244503029
2240411628
2273900204
2241389228
2379801276
2363028220
2354631404
2222703149
2222641963
2222646570
2239359274
2273114490
2252163418
2250131914
2250115530
2265844682
2269976394
2236429146
2229220186
2224955754
2241798510
2241650927
2278330599
2269937911
2534180085
2534190325
2500700405
2500766175
2500766671
2504690383
2534116943
2534131327
2518373934
2518230574
2524456239
2545495343
2545486893
2545486917
2545683525
2549941573
2264814661
2264886375
2256301159
2256297078
2273233990
2271149126
2270608838
2505487863
2504375799
2487533013
2488580565
2484509125
2484517828
2484530132
2484600821
2505408485
2522117477
2522101095
2530489639
2522627367
2522816294
2547916342
2514426390
2244753942
2227976727
2224826911
2224896541
3298630428
3298630428
3298564412
3302753596
3289694332
1142194348
1427411116
1430032780
1428992388
1428983685
1978514357
1970125749
2003680183
4151164343
4134450647
4134450519
4134461823
4151275823
4152317311
4152259935
4152251871
4118758911
4118631903
4118558175
4118558159
4101862879
4110383103
3573512189
3573511933
3573381085
3581769565
3581801309
3614298589
3622629887
3623678335
3615356287
3615421823
3615413631
3615479167
3615290719
3580654943
3714856283
1568611643
1568546107
1493114170
1493113118
1492917534
1509702974
435696958
427372846
427438398
425406750
425210654
424158014
419963758
403208190
407860222
416248318
412054014
411529695
415585757
415595916
407239052
138934684
138672524
155384204
172120525
172122063
172115790
172167966
171974958
180363566
197141806
163657022
159407454
192960862
180443646
180443646
180616702
180614495
180589007
180589021
180392429
188780973
155235756
155295660
423861180
457423804
457423804
436468700
436371404
453131724
453131772
423835116
423835116
415437244
415306172
146822136
146830328
1212217320
1212284776
1220673336
1220673304
1217527576
1217656585
1217590043
1217573178
1221760314
1221823802
1213319674
1208024058
1208089274
1258446474
1241646986
1245839754
1254228106
1254166762
1254105194
1255153706
1246781483
1263629323
152075547
156302715
156335067
163789241
159586744
197334456
188952984
184693144
185799160
185627128
152101352
152106345
135314923
139573755
139704795
148093386
164870602
164886986
190012874
190012890
192034170
192034090
200419131
200488763
200300347
200300335
191944495
187758398
154269498
164757370
160555002
159505402
1233377722
1233385902
1237573102
1224973806
1208190430
1209251150
1213312334
1221700894
1234287926
1234418966
1267907863
3419577621
3411189012
3411516724
3411524916
3407199540
3407322420
3406290196
3406223157
3410392631
3410368038
2303145510
2311534374
2311396646
2290424086
2307201286
2307209478
2307725591
2345471287
2324500279
2324633358
2324640014
2341287294
2345407854
2311327214
2287209966
2287225311
2302769615
2302766541
2336325085
2336349661
2319580636
2336353756
3410095612
3410094589
3372284397
3372349933
3405904381
3406031309
3410226637
3410226573
3410230716
3410091428
3410091428
3410098612
3418470869
3418471413
3418618871
3418618854
2344812022
2311257494
2311257494
2311323046
2411780514
2403387811
2403453329
2403588480
2396191104
2415061952
2413985728
2414239728
2380599136
2380532065
2355104099
3428845858
3357620514
3357747506
1210198274
1210263810
1210149122
1227909383
154167574
152103190
152107270
164755734
164755735
160561463
164755765
164878644
156490036
156498228
151124244
151116053
151116149
155310583
155318775
155302358
155302358
163823094
1237564886
1270988246
1270986230
3414269814
3414399542
3418593854
2344860222
2344794655
2344861215
2311257903
2311257391
2294402159
2294303967
2294376911
2294443999
2302836703
2302828383
2302855007
2302920031
2311116095
2311126335
2311122239
2311121759
2336484191
2319638143
2319634431
2336409087
2336474589
2311124221
2294342911
2294345215
2294410719
2302898015
2336390783
2336378751
2302821719
2303935863
2295428215
2294312319
2311089631
2311090141
2403564509
2386713597
2382515069
2248297756
3594734652
3594546236
3594546204
3594841116
3523601436
1376236572
1376158813
3523642573
3523642823
3544682390
3515125678
3565468590
3565530046
2496129982
2487675838
2621897662
2630287102
2626088686
2626027503
2558582767
2562781053
2554392029
2571202013
2600697821
2600619895
2604813671
2571259239
2579709223
2579512607
2575314703
2613063503
2344693325
2319653469
2319584125
2336427389
2604862844
3653319804
3653248092
3376424028
3405800909
3389126109
3389117919
3389097431
3389097174
3401680086
3397624062
3397558526
3397624155
3401773403
2319642955
2302858059
2286043913
2294432521
2290243337
2290110265
2290108779
2294311275
2294344571
2294545370
2287196106
2287322058
2287256522
2287256026
2287256043
2295391723
2311155691
2336435193
2386705145
2386694073
3323070364
3326281116
3342873788
3342869676
1161831612
1157637340
1191273500
1191443741
1107410183
1107344647
1107336518
1119915350
1115917558
1115852022
1120054390
3326257438
3309496606
3292719878
3296918023
3296918023
3296844335
3296780143
3300945901
3443556269
3472981949
3456323517
3724742557
3728803725
3745579933
3720413613
3720421865
3443597785
1293099291
1293103387
1230049563
1229995275
1236281611
1219586315
1223883017
1215551753
1227933961
1227918603
1228244427
1228243930
1232438234
1491370970
3634725882
3367474154
3383928746
3386043306
3411274667
3411176347
3411173275
3411100041
3419488649
3419619757
3386040493
3377717477
3373392151
3373507846
2301798150
2305998594
2297609986
2360581394
2358484262
2626722086
2643515687
2681232181
2656116508
2517835580
3591507772
3524398396
3527613500
3527420988
1396706364
1363155996
1359160605
1359443229
1359336783
1359251406
1363447758
1371835806
1367707070
1367850414
3515328942
3552750526
3544363006
3611475966
2537721854
2512625662
2508434942
2625744367
2625744255
2646715743
2638458207
2667769215
2667764863
2634173567
2567048311
2571242855
2613215215
2592173823
2592108253
2663411405
2663415757
2655014348
2650868828
3741453404
3707911260
3695324188
3695259004
3695259500
3695410796
3712210685
3741566661
3728770695
3728776839
3737169311
3665865903
3670255855
2604853503
2302867519
2286050367
2294439231
2290229053
2291285541
2291146285
2291158573
2295357055
2312171231
2337341151
2337398614
2337525622
2337459558
2337463654
2337406238
2337303822
2337286479
2386635615
2386705183
2403470141
3443658557
3696365373
3695260988
3695453501
3695469853
3439649869
3473192271
3742207454
3725430230
3729623510
3733817814
3733953014
3666782703
3666274797
3662080509
3657854429
3640802781
3624013277
3624013269
3628273141
3636469229
3632295405
3636490239
3636490207
2302803679
2311315167
2311315421
2307120989
2306997567
2306981167
2306913583
2344727871
2345907998
2329073438
2320684858
2316551530
2333197418
2567132283
2571329627
2571198539
2571199819
2567139291
2567110363
2567167707
2572208843
2580598667
2559627147
2576604571
2576575931
2580637625
2605787065
3675469753
3675460025
3675455993
3646095609
3646124285
3637601517
3637568639
3645957471
3679565071
3658651423
3658651423
3662911263
3755007773
3749736237
1568684333
1417820461
1422006573
1346505020
1359087932
1359157276
318845964
855728396
855765276
587239692
587237132
591695389
592219861
588029685
588095415
856659383
856683687
856618151
856585383
1942650023
1904900005
1905161877
1905194629
1905174148
1364110980
3507400596
3607931733
3608980253
3596397853
3598624029
3597575485
2532233533
2532233533
2532299133
2550133229
2550121901
2508146109
2491110809
2491371993
2507085275
2448364923
2439849338
2473405754
2473400634
2204965178
2213353754
2213353754
2191867162
2259100954
2259091726
2258977054
2260063006
2278916958
2354414303
2353365663
2353365661
2353239964
2353118636
2621487592
2621483496
2638260728
2671881160
3208752716
3171001933
3171136013
3154346559
2885911086
2885915438
2751641390
2755837758
2751633694
2751695134
2768275759
2768537903
2768539005
2773456217
2807019480
2785666808
2785669864
2785801916
2785801900
2786852780
2925288876
2935770604
2929987069
2913351006
2829460302
2833654606
2825331070
2825138542
2833518830
2829321450
2829126907
2847087833
2878433417
2881546376
4198558153
4194413001
3926047067
3930232859
1849858107
1850973227
1846785083
1846735885
1846726669
1846988812
773214252
773211244
777407789
785729839
781535534
785734974
777350430
777331982
980886862
964101582
947324814
955713182
2029323934
2025129662
2022782655
2022778553
4170213113
3632326393
3636520553
2621499257
2621482265
3695223577
3720458777
4286771737
4290953785
4282532408
4261549624
3187809848
3188935480
3193129432
3192965528
3218131336
4250193800
4233413512
3697070984
3705525145
3705590185
3701109099
2631545131
2633639210
2633722154
2650368042
2683926570
2549635082
2524449802
2524448010
2251882762
2189033786
2197426474
2193236267
2207981865
2178425145
2160648669
2160636093
2156430509
3230174381
3234629797
3226310821
3222141093
3238981013
3238950789
3238949829
3238981973
1398727973
1398664229
1398335541
1381550101
1121487893
1113231361
1113513985
1092514049
1075790609
1075659297
1344262689
1348384293
1356765701
1352579655
1472182983
1459395207
1446812343
1445764519
1445762214
1445515430
1446604966
1434071266
3564773411
3572113699
3572048673
3571982897
3572228657
3572167489
3584721857
3601433987
3601371010
3538520722
3539704482
2465987235
2994236321
2990026144
2990288112
2990285876
2994551844
3019840804
3014475308
3014403645
4092355102
4093399598
4049338926
4048291622
4031323430
4027136006
3490265095
3490396165
3490322437
3511302149
1405756423
1116349191
1116414519
3263697447
3263742695
3280765606
3280766631
3532429229
3532430781
3536624053
3528300727
3523590327
3523590327
3523606710
3608575398
3575002518
3557958534
3564250066
3572572786
3704697394
3702605314
3702540805
3702843909
3433359877
3450137125
2414213926
2389101894
3728098502
3725947030
3725643942
3729838246
3604017318
3599803861
3599802820
3595612420
3591405844
3593634100
3597829428
3621955860
3589449749
3564156951
2484177399
2484503943
3020342151
3042366086
3050697407
3084166831
2815733487
2811539183
2817830623
2776084047
2755057355
2755118811
2754070233
2753976040
2753980136
2808428540
2800498652
2800498044
2800497964
2934715432
2930588729
2930715675
3182308366
3169729550
3102606350
3102675998
4176311594
3919959850
3954541866
3937704985
3941641224
1779477512
1778433032
1778560008
1778574345
1778577467
1778532462
1765949934
1750270958
1758921375
1756824205
3904307908
3902097140
4170481381
4173621879
4165233222
3091262030
4165200462
4190296670
3934440830
3935405182
3935338559
3939532829
3931152444
1778425900
1778557996
1778576428
1778580540
1778572349
721603935
721571294
693325310
676546046
685077950
1758934462
1760761245
1756563356
1756432316
1827741364
1825581748
2018519697
2026973843
2025925298
2021862034
2038517458
2055261890
2055251714
2059510787
2051191809
2048037889
2048046128
2048109605
2047999013
2048384103
2064113118
1761998798
692578206
1758393278
1755234750
1822409887
1826473101
1820195996
1815473324
1815473580
1815475884
1819628269
1818522123
1818501642
1818502682
1826909742
1826978350
1822939950
1822873878
1823988999
2147259397
2052952068
2048819268
2048823492
2048849140
2048849381
4196324839
4196354022
4219274214
4185199598
4176818558
4243005814
4238819191
4239723493
4239657712
4237568656
4250167936
3730075520
3730236800
4267098497
2130100355
2130166914
2129517814
2137894246
1835837735
1835904295
762158397
791190589
707312700
707306556
707372093
707453999
708494383
725237870
696140270
679413182
687280022
687280022
1761020598
1760627382
1754348214
1754345143
2022780567
4170262167
4170282695
4169426501
4253344325
4257539892
4257523564
3183783788
3184901996
3184827116
3209988860
3074932365
2801974943
3070478254
3070346734
3071395070
3075724542
4149371006
4149354583
4145225797
4149358919
4157739575
4153557551
4256386606
4243704350
4235323918
4234324494
4251106058
4259678522
4003761195
3941892137
3939807353
3927220328
3926257768
1778835496
1778835497
1845912633
1867925819
794708762
771705630
704334622
704202078
1775792223
1750884559
1749819599
1745826959
1812864431
1818102446
4242475694
4238150318
4238163646
4238091918
3163055758
3180913294
3214451310
3199766827
3202908456
3203178760
3194790152
3190137624
3206989352
3174452776
3155577640
3088476457
3101063210
3100919850
2828328026
2849301706
3117797579
3117597145
3117581032
3116561000
3108299352
3108299277
4177847839
3892706094
3894270254
3915237422
4017866814
1861920782
1851436046
1847305230
772444175
773750831
773750831
773767207
796902437
763350325
745528701
745397629
1819112957
1819108799
1819097005
1827479460
3974434468
3970239140
3970243236
3098819300
3098815092
3097308724
3097308693
2579244550
2579260934
2612848238
2599192174
3127152494
3122761086
3123812446
4195461146
4195592202
4194543626
4194495562
3942841418
3909277178
3896694250
3901216686
3901200300
2844696252
2878119564
3126393484
3122199260
3122392700
3122589220
3212766756
3187564069
3186577173
3186575383
3177994275
3178022946
3186346034
4020946946
4020952066
4008426498
4000885794
3996691490
3996712038
3996843255
1797979271
1831525767
1818938245
1827392149
1756220087
1756199603
1760389794
1777167330
1768712546
1803385122
1803382066
1765633362
1748987202
1753100035
2021543681
2029735681
4177030672
4177077776
4184483328
3723104768
3718971920
3718840864
3701998112
3702007393
2628267619
2632473298
2351548882
3291121874
3576338626
3593115842
3593125058
1445639363
1446621376
1463349456
1429987552
1413112288
1881874852
1902843813
1912278965
1946114695
1927043719
1927076510
1927081630
4149536446
4149519103
4118065951
4125606175
4125618461
4125942079
3589072175
4126076711
3220102951
3212758903
3076310903
3076314999
3084710487
3051348565
3051250373
3036619461
2491233013
2625378279
2621181415
2619084007
3160348790
3705613318
3718003726
3751564302
3751788558
3734929422
3738874174
3663245615
4195918127
4212696381
4162432797
4162494236
4162488860
4162489916
4229613180
4246459100
4246541020
4246536861
4245619101
4250866863
4259122350
4254600366
4256898206
4256834702
4256949646
4256805766
4294742647
4294750757
4286358068
4264403460
4264469252
4281246980
4247704837
4247668007
4230874407
4235003239
3967550958
3990624222
3986452446
4018956159
4018951039
4288004637
4258746889
4246041097
3625268751
3625265679
3625265710
3625199654
3633584166
3652979798
3685351622
1521107078
1252708482
1256894594
1257939106
1255908515
3688476129
3646531873
3642468624
3642346768
3742954832
3742917072
3743314864
3722331040
3718121121
3718186673
3716419251
3720636067
3712280483
3745833975
3746943815
3614963015
2002904391
1986128999
1986395239
1986385151
1983198351
2000102543
2000041119
1966478763
1953896363
1958612666
1957437178
1957445242
1420570138
1424813594
1424789018
1433175834
1466808075
1466934029
1475322173
1475195180
3623661932
3621556324
3579630820
3558792677
3558792677
2489212773
2648596277
2644475653
2679992069
2679994117
2683131191
2683111207
2641168167
2642347766
2642310806
2640275094
2640117686
2673671598
2673650878
2665327822
2667553998
3741163599
3731681295
3727478826
3727511850
3710809898
3698228794
3706609211
3706408507
3707258681
3706253576
3639140364
3639209996
3630814236
3630791724
3627776365
3644471805
3642372029
3680114333
3688759951
3687727757
3687695101
3687637613
3645678125
3628901181
3637359933
4174036013
2564471853
2572918061
2606270237
2601055821
2584474316
2668263116
2672429052
2638942060
2638809452
2496208236
2497330636
2514102159
2241470862
2409300414
2411217070
2394439854
2398634150
2407067798
2403066054
3443188742
3425363206
3425625862
3425627910
3425693190
3425566214
3426615126
3361734614
3645896150
3654211031
3688617175
3738813669
2667087204
2667094820
2667094580
2666062356
2658726452
2675471908
2671271461
2641968935
2641958950
2650343462
2684029975
2415531015
2413457477
2413449413
2413478293
2413482389
2413547927
2413409718
2413340070
3747135398
3728314278
3594226590
2520493710
2520493711
2520756125
3074277309
3040712637
3024074653
3028215437
4100911837
4100936447
4109136494
4125909806
3857457450
3890479146
4150525994
4150596634
4117113882
4117129226
4100356106
4101318666
4101253578
3562348426
3570796442
3583919018
3617473530
3619508570
3618402587
3622625595
3311985449
3312183080
3573216808
3573216792
3564889864
3711682312
3711616776
1597949256
1598016984
1579153896
1448995241
1448996281
1457313179
1457307802
1448394938
1447530986
1464250734
3578716990
3562988310
3563053574
3562922578
3571282646
3563000823
3571254199
3571254695
3570154917
3586943141
3620599956
3604871364
3596410052
3598496964
3598692805
3598627269
3614347733
3614343509
3580810071
3513767895
3513612151
3547098727
4084494191
4151607150
4149499183
4149506335
4149502223
4157993243
4158650331
4158584539
4125089467
4116565691
4150120123
4150130619
4150256059
4160741881
4160090429
4151628093
4248101149
2099569949
2082892829
2082888735
2087586847
2087586831
2028866830
2028668735
2046367279
2046301759
2044204559
2044213023
2044208447
2043158829
432546093
432546141
415789437
415790439
138968423
138968435
138952051
139017522
139146546
155873602
189419842
189415747
190464323
198885825
165331393
148620753
148502001
148418039
164146662
1263054318
1246277102
1246279678
1246468058
1246467738
1322043034
1322043066
1322024874
3335352234
3335077290
3352827306
3352821930
3354919099
3320381625
3303612857
3295371769
3295375737
3295377209
3295180605
3311957551
3447217982
3480846110
3480956702
3480956190
3422235966
3420011838
3415749950
3382195518
3382268218
2308526394
2308523386
2314782059
2306395643
2305346043
2305415643
2372663706
2372626827
3454691725
3320479132
3354099132
3353873836
3345517996
3341387196
3609966524
3610163196
4147099452
4130119468
4130120749
1995219005
1986899996
1999343644
4096446492
4096397340
3022653804
3026852516
4037675684
4037806773
4055640709
3535548045
3539739277
3535626893
1388233148
1392361644
1382850796
3542909996
3509423117
1395450893
1395449871
1931763722
1898332938
1912492554
1906198107
4053453497
3515402936
3515386536
3586701992
3575426968
3577520520
3559760265
3559829915
3564040682
3564036463
2486101309
2435738884
2469279508
3547280148
3538751764
3535606556
3534689048
3534426907
1403598106
1374431530
1382823978
1378617450
1378765962
841871498
304885898
304877770
288116938
808375387
808386091
279898666
280931866
1421643274
1421653338
1081913578
1128255674
1111363726
1122898318
1118704278
1118704295
1387214500
3534513828
3551323804
3492579212
3224281292
3493240908
3493307404
3493113101
3491015999
4049439551
4091448151
4087259093
4070490069
3000928245
3059581941
3057427189
3074417244
3040863773
3040861757
2805946927
2787990063
2934725934
2930332702
3198898190
3198767134
3202891822
3145232430
3088719950
3155829198
4233758430
4244245177
4240050840
4240247452
4244377244
4235470492
2081695644
1947496844
1947267484
1678833148
1699788268
1733469517
1716692237
1716695309
1716687133
1716557612
1733338668
3842027048
3825253996
3826290284
3826356204
3826419692
3828542957
2758995821
2757951359
2908944183
2942424871
2925581111
2925589303
2925585205
2925651749
2942357285
2917191461
2917190453
2917259637
2917399927
2950755670
2925588822
2925654366
2926765566
2926767614
2925648382
2925578750
2791360763
2791364827
2791569626
2791501018
2791468254
2791462270
2791458814
2792519294
2800905814
2800909911
2817646167
2784033367
2784033747
2766274003
2766265811
2892092883
2892190931
2892199154
2908828130
2908828130
2908820962
2917348722
2900570482
2896508370
2896504018
2896508114
2898148546
3166588099
3166567617
3183340736
3212225984
3208034240
3208087232
3207956436
3174139748
2903614820
2909906213
2918430517
2918356805
2943612485
2855401333
2855327589
2855322983
2855294310
2855368038
2926800982
2943578182
2952230262
3921116519
3920977381
3902552565
3902548373
3906743687
3982239126
3978244534
4011196838
3994419382
4004905142
4002546931
4270853617
4270868804
4291848964
4245809668
3155361300
3159531060
3167919652
3167981093
3163590197
3116414741
3108021557
3108021543
2869145895
2869097846
2835543542
2835611110
2835569062
2906786230
3980794262
3980868743
4014285957
3998687381
4007014804
3872801172
4141340148
4141219188
4157926149
4118047493
4101319431
3027712790
2498174262
2632254758
2628059430
2646016822
2645955094
2645975830
2643780470
2643770854
2643766758
2646903031
2634320343
2635435349
3172894468
3172905732
3174998276
2904465684
2938024292
2937557476
2937487868
2937505244
2920730108
2920676840
2920610281
2943678955
2943634939
2942590922
2942662602
2816899066
2816938474
2816479722
2950697210
2951819483
2918392059
2918327807
2914397567
2914467167
2918661895
3186964231
3179098886
4233966358
4233982742
4234113814
4242527511
4242527511
4237819223
3180850117
3218521029
3210186689
3189084113
3205547985
3205556181
3205588453
4283655655
4023604646
4021439926
4004648326
4008916358
4000330230
3996152295
4000346599
4004569581
4021349740
3985689868
3973114124
3960584460
3960650012
3964837180
3922894124
3918693693
3956507677
3947929629
3943735357
3942707245
3909276013
3909277167
3896692655
3896757183
3896638126
3896630206
3913407454
3913416014
4015056143
3998278927
3994153245
4011053869
4010997293
4010989165
3981692655
3981528574
3981462750
3981456606
3981521150
3989966974
4023521566
4023591706
4025950746
4021628474
4021623401
4021619448
3988201164
1821716364
2085959564
2081427852
2081427916
2085647580
1573975423
1586689294
1590863118
1582474502
1582469391
3729817903
3738214767
3750879597
3700614605
2626835917
2362855389
2365344749
2356968431
2365352815
2633789247
2364370718
2377078542
2410509086
2393731894
2398901030
2398634790
2390246182
2390257958
2390253858
2398642291
2398700659
2365279313
2357069889
2357070081
2352875777
2357139729
2357147959
2365533495
2409178422
2325225782
2392338726
2398618919
2398637543
2390281653
2406078853
2406218117
2406219141
2381305269
2372899237
2355597733
2351403437
2351018459
2351019787
2351020810
2351147530
2372119050
2380442138
2414279226
2398509578
2398555659
2396849947
2396586283
2398695467
2398826538
2394554410
2410348606
2380993566
2380872734
2380815710
2355678551
2355682775
2355748821
2356871125
2356871109
2356805117
2365127149
2380855789
2414410239
2407135615
2373704047
2373639037
2373614413
2356834125
2356772684
2356698972
2365087077
2365128037
2365127015
2365127014
2314795366
2305423718
2372524406
2372507974
2372640071
2372665159
2372665173
2372525045
2355747829
2305382901
2305382901
2305505751
2338994519
2340043095
2348449111
2415557975
2415453686
2415457766
2372455911
2288622071
2288622039
2288638933
2288647125
2288614229
2305456981
2339011333
2322214165
2330602773
2330541367
2330484006
2347294054
2347293030
2305333734
2305399126
2305399622
2305399623
2372647751
2372643269
2372644309
2372516341
2372504052
2372635108
2372573668
2238380532
2238380500
2238445893
2239322453
2272877431
2270853990
2279238502
2279304054
2279111014
2279098726
2239351095
2239355143
2272918279
2272918279
2272885015
2272885047
2270787943
2270771559
2270894455
2270910839
2270910837
2270787925
2270816581
2270820679
2270812631
2254151639
2396755926
2395715062
2396628462
2262408367
2254149823
2273032333
2272966796
2205849756
2272958620
2256181388
2256120972
2524554381
2537202879
2503652590
2502607918
2502675502
2506644542
2506909966
2548902174
2473474854
2439907879
2439974519
2448101013
2449161876
2444766852
2176347796
2180577940
2172443284
2151533236
2151520852
2150563348
2150555140
2154621444
2163010100
2158783012
2158852644
2163166756
2221887028
2373961524
2372715877
2372716003
2381106675
2363874290
2355485682
2355386995
2355395187
2351381331
2372282706
2397448258
2398497874
2398493778
2397965394
2398051410
2397854818
2397886562
2397870182
2397681782
2397812822
2397681734
2389223494
2386081862
2403047670
2671417574
2637879527
2642074103
2516253655
2549742037
2540206549
2523429205
2523486581
2540330725
2548724452
2548757220
2515071732
2515063708
2625163656
2625237385
2625372089
2625272747
2621078187
2486909946
2503551882
2268806026
2256158602
2264605578
2528731803
2528768697
2545529513
2511975080
2448998312
2439813480
2469169192
2451868696
2452087817
2451972107
2451714106
2468480042
2435190574
2422606382
2426800702
2426678798
2426675726
2158240270
2158256655
2175591228
2280440164
2273100196
2268713396
3342586324
3306869220
3290358140
1142841677
1142843211
1147035467
1155431371
1155459544
1170532536
1329916136
1308945656
1309996105
3340091400
3308683800
3296109096
3300303400
2241639976
2240579116
2274133548
2391581220
2391646764
2395972156
2413531692
2413331309
2245822959
2247985638
2222819830
2222250230
2351225174
2368138054
2373379590
2406900230
2390127222
2390639462
2398966246
2394706150
2393666734
2397600942
2389203134
2368231582
2351585422
2351578318
2355768782
2364156623
2364107485
2356701807
2373483111
2402834199
2388357383
2396676421
2392515029
2392580581
2258162093
2274936237
2279132589
2237254060
2222647740
2222631372
2218441036
2218454796
2222712588
2222711309
2239422991
2281366047
2254099310
2253996398
2253999598
2254133470
2254399710
2254399610
2266957898
2271086602
2237599754
2245857546
2241794346
2225025835
2224824875
2359042607
2358793837
2381875165
2381874621
2415431101
2390333887
2390342079
2390342077
2386147839
2386294799
2402953231
2235182095
2222597415
2163876647
2159686247
2159739573
2159559317
2163786381
2178466444
2203816332
2203758988
2199565468
3273176168
3239640089
3224983563
2151360523
2151294987
2168076603
2205039385
2192445193
2259485192
2260468232
2260472360
2260496936
2257904424
2274665256
2413081900
2381614436
2373225332
2373229300
2372180724
2372770533
2368592613
2368723703
2368691191
2372876790
2305767670
2305759478
2314108118
2314140822
2314206358
2314009750
2313460886
2304809094
2300688534
2300819670
2301802966
3640847814
3674402182
3657622918
1577248647
1598125447
1606450567
1602256261
1606646165
1422063797
1430452645
1460051431
3591800135
3591734535
3595870471
3595867446
3595869494
3579107638
2488670502
2488671014
2220231478
2228562726
2358521638
2358522678
2375487766
2411663638
2411474982
2410427430
2275937335
2280130631
2271856983
2272123223
2272123223
2205014495
2205137375
2205137375
2205137375
2205006335
2205006333
2205022653
2171599292
2171599324
2171534300
2172320716
2180737884
2180545340
2180610852
2180610853
2180610341
2179692837
2179692839
2179553655
2171099479
2171095383
2171427190
2171427190
2172647798
2172647799
2171468159
2238560711
2238552517
2238553029
2238290901
2171320823
2171582967
2171582967
2205137399
2205137335
2255403199
2255404223
2255469725
2255338909
2254740893
2384830367
2385944479
2388049599
2387062490
2655366746
2651302458
2584128043
2602478137
2571020825
2554260041
2558450505
2558216537
2566610299
2564652330
2564570922
2572959274
2606579242
2589407034
2664903962
2664764442
2660506714
2660501595
2398357579
2390034505
2403272776
2218661896
2222864408
2231254040
2224962588
2227051804
2226929453
2226925101
2229799471
2163001975
2154598263
2171445239
2171451351
2154673567
2238561695
2238561719
2272115125
2272114869
2251274389
2251274369
2251734144
2268511632
2671161312
2673274593
2539026129
2505187971
2507350659
2637308611
3425894899
3694199271
3698527473
1551001617
1574152240
1070639136
1045473332
772843524
638689284
639008772
641105925
641630227
657359074
607121570
606924962
1680618918
1684807590
3840745126
3840744102
3836558014
3031251638
3031251542
2511677958
2494835206
2226400775
2226921991
2157720087
2157728279
2157757397
2157740949
2157745076
2155120548
2150928300
3223636668
3223773133
3223748557
3224774477
1077290253
1081423117
1089733917
1081410845
7673117
22360348
22360349
22368541
30889247
30885246
1138052222
1121410270
1121418462
1121418334
1121402206
1117738358
1117778294
1117778807
1117774837
1116709860
3268256164
3238375845
3221717429
3221718455
3221526967
3225738215
3234126701
3234192173
3230068540
3246843676
3281510668
3264581916
2190839869
2194969839
3256128686
3255080110
3271939246
3506893966
3490117006
1346797199
1355185807
1351952085
1356079653
1347691053
1343500845
1345598015
1343578654
1348334110
1356645934
1351388462
1351387246
1368164574
1385139406
1380881550
1380897935
1376711821
1394501564
1364602540
1347895036
1087708924
1104494204
1138046492
1112814101
1112805911
3260297511
3267698726
3263504422
3263451174
3263480918
3263530434
3263600067
3280385415
3246829973
3250958757
3225727973
3489968869
3490624212
1343157068
1343222093
1342995565
1879894125
1879959661
1885272303
1627293903
1623099599
1639746765
1673302093
1652330589
1646063661
1646092333
1646141487
1662918699
4078834475
4091479595
4087155243
4070382107
3532405259
3532401163
2458660363
2190216970
2190214410
2190415162
2207135082
2211411306
2160940922
2152583930
2152714986
2148504315
2148373499
2148315609
2152509913
2160890105
2173473001
2173670633
2177809641
2169158761
2437588073
2437588089
2433458249
2437673161
2437534921
2466962617
2987056555
4061061035
4128235163
4128102026
4144813706
4148549258
3041384122
3024611066
3024611066
3176589034
3184976618
3218600667
3214795467
2682053339
2648498943
2640114415
2640181231
2506094063
3042958575
3051211903
3084909637
3042966853
3042899781
3042965204
3042932468
3042801380
3042711461
3042182565
3075823031
3075823095
3075866102
3084123414
3084107031
3050548997
3050417669
3041961476
3037783580
3037787693
3037058669
3075950447
3063354734
3063364974
3063356798
3086294142
3078360302
3078423807
3045004431
3044430991
3042376847
3042372750
3070750158
3070737886
3074799478
3074930230
3050807829
3050676748
3050627596
4115981884
4246077292
4111944036
4116138212
4116060389
4124458199
4116124871
4116120774
4118156502
4118164918
4126553735
4160173703
4153501382
4153468662
4153456230
4124087846
3050348094
3050356255
3033572893
3025184316
3020988988
3037852220
3037877116
3042052077
3049395629
3079093423
3080002734
3084192958
3017213086
2440430799
2440508623
2448780751
3556077007
3614834655
3614826463
3614756814
2540996446
2541065023
2541200191
3052512061
3052774205
3044386621
3178610221
3212287533
3210189373
3201809215
3193961791
3193951359
3193947263
3196010751
3212787967
3179163903
3162382815
3168154207
2631337719
2496927463
2492739254
2496933782
2496997766
2488760711
2488749443
2488784257
2505568641
3614962113
3614961937
3613913361
3597002033
3614436657
3614440499
3614432291
3580742694
3581803766
4118795734
4116694486
4150121878
4150022550
3529331590
1449096086
1450670007
4143281575
4159995375
4126498287
4125613533
3571903821
3588747013
3588744709
3613783573
3613709845
3613677349
3613750561
3588644897
3567652897
3567714355
3571781683
3303503154
3303429906
3320237842
3345342226
3597006098
3593319682
2520757251
2654966851
2675873239
2516506615
2499725015
2499661567
2499567343
2491182831
2491182765
2507959724
2547791292
2539389148
2539470916
2505986052
3581829125
3590219059
3588680994
3580295474
3580283218
3609647490
3593919874
2654459266
2654454146
2656453298
2681696930
2650088034
2633246242
2632197926
2364288294
2364288038
2360290342
2376743971
2360019985
2364015873
3430417664
3430491904
3430575872
3430575872
3447385856
3309227264
3309227265
3309192513
3308930369
3308963139
3320566642
3349914483
3349783539
3334054883
3333993441
3329790369
3325592992
3342567824
3342776708
3309217924
3577592213
3577518509
3577540527
3615287278
3615322878
2541581310
2505912702
2505908542
3587518782
3587641654
3583390006
3583455541
3583849276
1151079228
1155273016
1146885400
1142888472
1141782536
67893340
67672260
67668101
67667078
1141539014
1562292422
1579065538
1581162706
1581162866
1581159266
1585350370
2126437091
4273994404
4271696548
3990153900
3960774556
3960838028
3960517580
3960517580
3977294716
1863553901
1846715231
1846714703
1846735215
3998466095
3947938863
3914394669
3914393629
3913541949
3914529085
3914521405
3897741085
3983721997
3983721989
3983725079
4010922535
2870014503
2853233447
2857428263
2857426279
2941308271
2943469935
2943863167
2942814591
2942818687
2775046517
2783959349
2918185781
2909662037
2909666133
2909666165
2909657973
2909789045
2943212535
2943212535
2942622198
2875513334
2875587070
2875554302
3949291678
3949291678
3949164990
3949087166
3957475774
3924023806
3923998814
3908134942
3897584646
3897650435
3897715987
3897715491
3897707041
3908259441
3901869681
3901881937
3922849281
3939691265
2857564929
2853358337
2853226787
2853230883
2926631267
2926890339
2942684535
2909097331
2900708707
2900712801
2901245425
2901377009
2901377009
2893020113
2892946369
2909690817
2943246211
2925885331
2925818274
2925801890
2925990290
2943562130
2943364530
2943363494
2951821734
4021426582
4021427590
4004722054
4002424262
4270859718
4270859350
4271058023
3734120693
3750967493
3755162756
3746706564
1297225088
1297220225
1297236673
1198543459
3346031139
3354403362
3354470194
1202001170
1202142466
1168513282
1155926275
1156450579
1148127537
74254384
1143813168
1161650228
1161621524
1195147300
1161605604
1160544676
1466807732
3618487732
3618487732
3584933300
2511189941
2544809967
2515972590
2507579758
2507591946
2508125450
3076385850
4150045754
4150066234
3877494026
3877492042
1730008394
1696450506
1696450523
1698547193
1702714872
1685945816
1684356504
1684350360
1952921528
1952920252
1978077885
2008158885
4153561781
4135773057
4269973889
4270041041
