1372392455
1406076183
1380926965
1376769013
1376228245
1376227989
1912705973
1916834725
1925231015
1925227927
1656923278
1648536799
3791829119
3791886383
3875706925
3875711021
3843467565
3830882092
3763783228
3763847709
3759948605
3760022383
3760006119
3780969447
3813475310
3813491294
3787805194
3787740682
3771006475
3771001371
3762350619
3762354715
3762314763
3774881291
3775143451
3779334011
3779337067
3779410026
3813096555
3800513659
3801034875
2995728474
2458857546
2458722378
2190221386
2206991454
2173487742
2173492078
2173483878
2173548902
2177743206
2169485686
2170534102
2172631239
2172631245
2473572509
2473441436
3010443452
3010377916
2737748140
2737813692
3812210940
3812276460
3778738412
1664755948
1664756205
1664756189
595270495
559614559
567876157
563690045
614018621
616247839
633156126
749499086
749511310
766280334
1063894718
2137635518
2120858046
2120858047
4276730047
4276796591
4286231791
3212502527
3175012189
3044992605
3042377245
3084312092
3084242460
3084176220
3084173148
3084173148
2773989212
2773988668
2773848107
2775879786
2775875694
3849638126
3828675822
3828540606
3828546750
3828538782
3828535198
3832795023
3841023967
3857809118
3882886750
3866173982
3865125438
3890287214
3856667374
3030398958
3030394806
2494773174
2494760854
2494628743
3299873735
3304076039
3304136965
3303219469
3303236877
3303077181
3319838013
3353392409
3353581321
3353511689
3353445657
3622077945
3613691387
3609496827
4146174202
4129463802
3055730010
2787555098
2787550010
2788614970
2789138730
2793333034
2791170347
2799235369
2795032876
2795082044
2728112476
2748945756
3779906908
3758934092
3758446684
3758504044
1611016684
1611022316
1616322548
1624577680
1620909712
1619795600
1619794560
1888230016
1905007232
1367693952
1367800448
1434872448
1434872513
1301688258
1307909458
1298480226
1231301730
1226845410
1227042034
1231170706
1273109634
1269976450
1269927298
1267767746
1536211922
3683691106
3683691040
3650137632
4191272496
4245798448
4245790304
3172060896
3172031136
3171953568
3209705632
3201304737
4275243187
4258401491
3704765651
1423060035
1425222658
1420832018
1420832114
1420848610
1441987746
1449299074
1445102786
1579320514
1579387970
1579199522
1579198498
1580247074
1580230690
1584601138
1592924434
1588739895
1588725285
1586497061
1590699525
1312892679
1312909063
1296301510
1279499718
3435368342
3703803798
3703676566
3699490518
3699489526
2629942887
2630135399
3175392999
3204773543
3204736959
3037144511
3037082799
3025077421
3029271724
3029271708
3030332556
3034342540
3028084188
3028083996
3027019548
3035610908
3035536925
3036650046
3044842046
3078404670
2990538526
4064206606
4064167198
4064216430
3809816814
3780587630
3780579438
3772059758
1623463022
1623473246
1623210062
1623201998
566233311
566303225
566369256
566378476
558055420
557924316
557858764
587218252
557858076
591608636
566377004
566442556
557849116
557849100
557849116
541145660
566442556
562178604
562309645
563354125
565971463
627964279
627964279
627964279
627964279
627964279
627964279
627964279
627964279
627964279
627964279
627964279
627964279
627964279
627964279
627964279
627964279
627964279
627964279
627964279
627964279
627964279
627964279
627964279
627964279
627964279
627964279
627964279
627964279
627964279
627964279
627964279
627964279
627964279
627964279
627964279
627964279
627964279
627964279
627964279
627964279
627964279
627964279
627964279
627964279
627964279
627964279
627964279
627964279
627947895
627948919
627949047
627946935
627945911
627945911
896382399
896384445
879605181
879605180
879342012
875147772
1948955097
1953149433
1953146347
1961396730
4109212410
4100823770
4235115226
4248764110
4248823498
4253016651
4294853483
4278087787
4273610793
4277805081
4277806088
3730390104
3726146664
3743182056
4234143192
4241405897
4237268681
3968636635
3968644458
3968119914
3972314218
3976495210
4010049786
3875979482
3842397163
3842913005
3842380524
3829727980
3838055004
3968082444
3968082444
3968083740
1837444925
1870997819
1854216506
4005891082
4266462218
4266329162
4199153883
4215960057
4182499769
4173980569
4169705369
4169705433
4169973225
3096231403
3096294762
2839908702
2870313294
2870444382
2870380014
3910598126
3910659566
3909478638
3914853630
3948311758
1784037582
1783775582
1783779622
1792217383
1783705663
1783702543
1779442703
1778724159
1783054191
4203611887
4203677435
4186769035
4169688713
4236832393
4237143769
4237277929
4237147113
4238131051
4245980459
4245995835
4279713851
4279632251
4245037419
1829708779
1816474601
1820787417
1820790473
1770355273
2072308571
2055530763
2055530506
2051537931
974049291
975093771
974831675
974831659
974839849
977920361
692642297
675930505
675983752
1758369688
1754242988
1754054316
1753542316
1757804188
1745278860
1745012620
1745045437
1765889965
1874884523
1874876330
1875908570
1842364234
1833991946
1817280026
1701932602
1702098746
1710487322
1743900938
1743909130
1733423114
1662251070
1660993646
1627439598
1627701754
1611056603
1615255897
1623648553
1636281129
1636166521
1741156297
1728505737
1728529289
1728316315
1728316331
1699025835
1740714411
1736651183
1719869903
1719869903
1988173903
1993351231
1448091695
1447043119
1464279355
1149638427
3297119771
3298691595
3298741771
3300830986
3434915083
3454829899
3479995867
3480192411
3749086617
3744904633
3744966057
4281378217
4281378731
4279367339
4178761450
3914590186
3922780650
3989889370
3981500491
3977343307
3977408799
3981633325
3851616045
3885223725
3868247357
3864319245
3860128013
1645666573
1645633855
1662480687
1627652459
1623458155
1623458267
1623526729
1623669513
549923416
566701048
600189848
600255880
600052105
591659401
591397035
557912491
633434539
629371311
629404126
898883918
898752774
366011158
340878102
336802582
1409430294
1422070582
1417740591
1418939693
1418909996
1553115404
1576188172
1584892364
1580566668
438602892
438600861
438653087
976429231
976363695
974267055
961700459
949219882
680567322
1754309147
1758506555
1758505531
1757453115
3900868923
4219635771
4207073291
3120725003
2651193354
2652242234
2518025006
2547384878
2511745582
2495423023
2495378029
2495398765
2512159052
2549908556
2451409996
2450963533
2449927261
2449943679
2449947759
2449874155
2533758699
3569755803
3565560459
3565625995
3565429386
3565998734
3297562270
3293350319
3557800367
1410247101
1409722765
1409740685
1996943245
1979885453
1711513989
1711382967
1711321575
1712370983
1716565799
1743894039
1642173975
1667339813
1663283749
1647489597
3811832621
3811643689
3811576873
3816228969
3788900523
3784706235
3783671194
1636115850
1686382474
1690571659
1682256795
1950819243
1950824429
1959203293
1418146253
1418928525
1418798495
1150297535
1284515231
1288709519
1297147343
1276228879
1278383375
1282574087
1147246391
1147183911
1147380279
1143116303
1159905871
1176684239
1181894287
1190317503
1190249663
1185969391
1324376175
1332764735
1282502687
1148371231
1156772399
1156751919
83075615
1142986255
1159824975
1596100559
1580370335
2117310911
1982902206
1718658718
1718653598
1647346362
1647481595
1646437099
1646453359
1646453039
3793801261
3806609453
3802415149
3820818495
3791528143
3781042639
3781047999
3813609197
3788376813
3784182396
3768417800
3769953800
3770019080
3770080520
3786781961
3813991706
3810320426
1645015082
1661780074
1611645162
1611579626
1615777022
1624168543
1619982669
1619978973
567208605
642147981
638002061
1711604109
1711341999
570425775
583012783
1652569005
1719743133
1719673549
1720721933
1989157129
1456480569
1443901481
1427256616
1146232088
1154616073
1083312649
1085672201
1085734671
1152890126
3300163918
3450110170
3739582634
3731263658
3727143098
3728192730
4265059787
4265013211
2066902715
2033397419
2016421547
3899663019
3908055978
3901772218
3968913627
3985694921
4018184200
4018185240
4006849816
3864242968
3860052536
3859978808
3859992123
3797337642
3809825322
1627668858
1611415802
1611415786
1615806698
1624135790
1620015134
1619884366
600648142
575548879
571351181
571347085
575602876
583270828
579089324
595620780
595612300
595645069
599843725
859923341
860053981
822227229
805515544
339943736
1423127848
1421024569
1421330715
1421265163
1555470602
1555467018
1542753098
2062847962
2053935578
2116850075
2117062809
1848045737
1849057449
1846698409
1828807081
1824613017
1824581259
1824570026
1824561770
1821424170
3971001098
3990989066
3999456266
4263658506
3191214106
3191218238
3191222574
2666935598
2662741806
2679510830
3216327470
3214197550
2660532687
2543091855
2547289224
2253895848
2249701564
2249545868
2251622596
2251692148
2520137508
2541102628
2543198964
2509644423
2509726343
2224412294
2223804290
2219085234
3288648870
3489725606
3557027239
3558008767
4099139583
1976627071
1970319231
1697689399
1695661879
1695782167
1679003909
1611759877
1616084999
1641198655
1666366511
1645402391
1644361991
1644358455
1644362541
1656964909
1656832797
1656763209
1648370521
1648370281
1632043627
1623590635
1619396271
1686448063
1954817439
1954821515
1954813067
1418016139
1418145163
1418096009
1283974557
1283776989
1288741213
1282466572
1277260556
1277367821
1281494845
1281506093
1306667309
1323441471
1324483855
1324368334
1324401038
1322316222
1321247215
1321246831
1329635375
1292087327
1276285199
3427964173
3304230157
3300036381
3304103469
3562053357
3708849853
4279273101
4262692495
4262631103
4264731311
4264731310
3878790142
3878785886
3877868830
3877807406
3865226278
3874728998
3874530614
3864113415
3859915015
3791761717
3791712549
3791962405
3808772397
3813606893
3821997567
3788447231
3822009823
1674524122
1674393050
1670198746
1670198730
3817698762
3783620571
3783651291
3771068377
3771051977
3771056073
1631956809
1631976793
1631966265
1665585211
1661390891
1661923371
1628393579
1632457835
1631943019
1640442347
1640438271
1669793230
1674383823
1665999759
1661805215
1632576169
1640977064
1636648680
1619840600
1619851784
1619847688
1615638281
1611509003
1628347675
1661897771
3792145771
3863447035
3863380425
3863462233
1833226553
1812230441
1812214137
1813455337
1813390761
1825967531
1821772203
1804996495
1788224911
1792352653
2069111247
2069111103
2027184942
2023056190
2092262174
2092425742
2096551434
2111819354
2120011514
2120014522
2120219291
2119621531
4264938937
4130652600
4134846904
4134588856
2001854888
1976755176
4124238188
4126339341
4125282311
3856913430
3856710694
3890260262
3866143014
3866206062
3994126287
3993084367
1862509007
1828885567
1862454319
1846790191
1846638639
1850828847
1850944574
1850899470
1851151374
1859568927
3873359231
3887777759
3837510349
3837379277
4107821773
4095238733
4095287901
4095554285
3021749997
3034331887
3029601263
3028552126
2508458126
2524986511
2260739279
2383618383
2385646111
2389848623
2394055213
2377179941
2561712949
2559612165
3637808391
3625224279
3642001639
3674708199
1510911175
1510909127
2047779015
2051911895
1808315365
1808376485
1808377509
1808383669
1850321797
1846212999
1847250311
1847545007
1847346415
1851539567
1862074411
1862078491
1861033995
1844338953
1827563017
1828605469
1828702749
1824377375
1824382511
1824325167
1828517695
1818031374
1814033422
1813931279
1812948255
1829516079
1833702253
1841824621
1753826159
680092543
684254670
684255690
684239066
701085930
713727210
718962891
712691913
1799016649
1765753049
1748898795
1748969067
1753169450
1824344618
1823791738
3971280458
4021610186
4004828875
4009019019
3996501691
3996643241
3996214697
3996136617
3996127481
4011856072
3982716984
3987922984
3987927336
3987988744
1823859212
1819599372
2081714741
2014589479
2013541926
2013533542
2026835046
1754188902
4019112966
4003372038
4003376134
4269714695
4265512711
4265250391
4263231215
4263045038
4262224302
4262207658
3998023850
3872260270
3867541934
3850781183
3835678991
3837718793
3966690569
3962416904
3962415912
3961842280
3912563432
1765018552
1746145160
1745879689
1746088603
1750213295
1756504814
1823675246
1823683342
1840459022
1068574990
921708814
913324063
913389629
913381433
863306793
836173865
818217273
813958137
814531321
546079471
546082543
545556847
558143799
554015799
587570199
588231703
588165175
588165223
588157159
587890863
558596543
558601117
541831837
541831865
541834937
541702809
1682553481
1682815641
1691265465
1687070911
1708567759
1735828687
1714925775
1714794703
1712754927
1712779503
1714938087
1718936807
1735714295
1735912951
1744232295
1744293687
1743114039
1710026007
1701113111
1696916759
1697049911
1701236007
1744260471
1744117239
1744117079
1733634327
659892503
662124855
662637111
645859895
654260791
648879645
648884765
649012765
648820237
665591301
665586183
627964279
627964279
627964279
627964279
627964279
627964279
627964279
627964279
627964279
627964279
627964279
627964279
627964279
627964279
627964279
627964279
627947895
627948919
896381367
896381367
896381367
812495285
812495287
812496055
807779511
270907575
1361426614
1361426622
1365686734
3580296654
3589730126
3589719862
3590186790
3588023103
3583799933
3583799901
3587977820
3722383997
3713932925
3713997679
3709606254
3747358830
3747167246
3755667466
3734679562
3736702986
3740840298
3740837738
3732450607
3732516205
4269456637
4269465821
4279890173
4145627580
4115284396
4098519972
4106888868
3569958548
3561504452
3561582404
3562956564
3588125957
3588216069
3581789447
3546076982
3554473830
3554523126
3603793878
3603924374
4132341142
4149130391
4116620501
4099908820
4099404020
4097167860
4097118564
4097119076
4114036581
4118228517
4122311207
4122336038
4155825926
4139033862
4139098374
4135030790
4128604214
4128538662
3860694055
3877604645
3881744676
3890129716
3890212116
3881694468
3877457924
3877462101
3843956967
3846058214
3850241446
3854239398
3852158646
3852031622
3884476102
3888669510
4115161415
4116406293
4118421557
4235862068
4244256060
4244506397
4242476573
4242480671
3705478687
3722280463
3722212877
3721983757
3755537757
3621369340
3604723196
3596195324
4133066236
4133205501
4133221869
4133213421
1914683501
1913634911
1913614559
1930387933
1896833533
1884234733
1951208175
1951138559
1959597694
1959099966
1954929470
1955396382
1955904270
1972878094
4288068870
3738678534
3725955127
3725905959
3743371318
3709739062
3692437810
3692437810
3705017142
3700888118
3700758054
3566476911
3583302271
3616840397
3621030861
3595864461
4129066125
4131165341
4131229853
3862868413
3862340093
3860243437
3860324717
3860132207
3860100207
3860161646
4015072494
3980473598
3988993534
3988927998
3967948791
3968026325
3967895237
4253036229
4257230533
3175100359
3175313398
3183632226
3183658850
3180512018
3180565250
3180441863
3184567573
4249922580
4279348244
4145454164
3843460180
3877029108
3877033188
4011320805
3998744039
3998711286
3998576630
3864358774
3864344278
3864334934
3881243222
3856532086
3856597629
3856401020
3839631964
3831243612
3831244284
3831244008
3830201576
3838662857
3838789835
4103063758
4103052510
4119831775
4153254095
4157448271
4291813455
4250853501
4250825005
4229316909
4229239085
4229179181
4233588541
4099309317
4107688708
1960233797
1909836229
1945423301
1920259271
1916781766
1915633910
1919832550
1919889766
1929327462
1929192294
1922836070
1921793575
1925979685
1942773557
1934386453
1934385428
1934385213
1900933149
1901056350
1901057494
1900929014
1900858278
4031023782
4056779446
4056857302
4086214359
4086212421
4073694788
4073711172
4065162964
4060944356
4077715877
4044161189
4048486573
4031189167
4039587039
4039603407
4039441679
4056217871
4089768719
4082494223
1935141647
1918271247
1926694427
1927218715
1943930683
1935619883
1935615273
1900880937
827143225
827071497
809769993
537148424
537673016
537726264
541525293
545720109
545529629
563883279
633080159
627964279
627964279
627964279
627964279
627964279
627964279
627964279
627964279
627964279
627964279
627964279
627964279
627964279
627964279
627964279
627964279
627964279
627964279
627964279
627964279
627947895
1030602103
1030600183
1030599094
1064153526
1064153526
1064153526
1064153534
1059435966
958772670
958774783
958774777
947322313
953613641
948333929
2042897769
960758107
960758091
956699210
960902778
969289322
964963178
964962651
1002711371
994081097
977435913
977408265
977404169
977469755
977350955
994074922
960553258
952152430
952153070
947958719
964728479
2038734477
2038733709
2043001245
2035264957
2031019437
2030981551
2030965247
2035155423
2034630987
2034726235
2026237739
2026171243
2042947931
2042948043
2068184523
994301387
977408459
977408474
2051150250
2076316074
2076324266
2072072618
2072049050
2143335835
2126559131
2134947225
2134943193
2101392729
2102571321
2100732217
2099700025
2099671353
2133201209
2067137849
2052457785
2077625659
2073431339
2039811371
2027167547
2027171595
952381195
952379147
432285467
432419643
457593147
457429291
423686443
2067833199
2067833198
2076226558
2055451550
2059645582
2051519134
2047316894
2064029598
2030474686
4165907887
4233033135
4241475049
4241343993
4258022600
2102222024
2102294600
2098608344
2098608632
2034114008
2038308568
2046690040
2039808760
2073317976
2039767576
2043961912
2027184680
2018797356
3628168492
3636550957
3636481326
3653531134
3687081438
3670503886
1522942414
1523467726
1540312446
1540119594
1506564155
1498364937
1495147785
1495208201
956760841
956699161
960975659
969207659
969190763
734308811
725663179
709074121
709006537
709005517
973328477
989950319
989868334
956437294
2013409838
2026000942
2021835502
2021951231
2021965469
2038737804
2042932108
2017770908
2013705620
2097590676
2097594869
2131149103
2135310399
2115117118
2115183646
2132159502
2065049614
2037778698
2029455738
2022968314
2022733530
2039542475
1803596745
1786819464
4206928808
4198539944
4215382696
4215517864
3947016889
3947229883
4014269102
4014273518
4015280238
3992405038
3992323102
4117117966
4113968142
2000037902
1599539326
1607797098
3754367850
3716489002
3699652154
3431739914
3431735818
3431752202
3448558138
3482096427
3399263532
2325527660
2323482732
2319288364
3407317308
3373698316
3361120780
3365315084
3365315276
3380904621
3373040556
3406595500
3658280364
1510993288
1510892937
1527652809
2135818585
1565463305
2093409033
2093397769
2093390601
2093254937
2026146089
4165241131
4177828410
4211256842
4194476554
3120751114
3120787994
3120636458
3145752874
3145752809
3112485032
3179593884
3179651460
3184305796
3172769412
3038612132
3071658916
3073760420
3040232615
3023450306
4095091906
4095091778
4099352578
4099151906
4107663398
4122389794
4139164930
3874926850
3872883458
3864299014
3993806375
4010585637
4010712613
4011775573
3994441429
3996518383
4013163951
4017362350
3992196270
3971292350
3971431582
4237704334
4237700295
4239729863
1569989829
1574199621
1599402325
3730297685
3729971013
3729970519
3746682359
3755009510
3755009895
3753965415
3755341631
3755390749
3757479701
3756426549
3714946101
3714946079
3711816974
3711825166
3711366926
3715553054
4260812078
4260742447
4260648303
4249908605
4250137949
4250039775
3746788831
3746657759
2672842207
2672840063
2681429359
2681366381
2677434077
2677531213
2677330524
2681520748
2682049132
2640115565
2640311661
2623438325
2625600727
2625469655
2625600982
2625535446
2650690950
3757987266
3741274578
3732754930
3728495090
3727454674
3745473986
3716081090
3707764694
3703439350
3701338103
3703439093
3623671508
3598501396
2519520788
2519594804
2519590180
2523784484
2532267316
2548978997
2490259285
2490255175
2490255046
3565111238
3573405174
3707561190
3724321895
3757880343
2675750149
4265195285
4265191220
4282099492
4282098996
4286313749
4282110215
4282077527
4282060902
4248769766
4252830950
4244442342
4244577762
4238229395
4238241411
4238206595
3705464451
3722241939
3714052499
3747595698
3746907554
3748926883
3748937123
3748933029
3715378645
3715573717
3723892560
2633385744
2628077328
2628054800
2628053776
2632755984
2632957488
2624509456
2675888656
2659111440
2667496177
2667561634
2667364770
2667365542
2683620518
2640628902
2636569742
2638146766
2638113806
3745410311
3745148677
3748359940
3748231156
3756537781
3756750743
3619321222
3619308950
3623568806
3615248806
3611058598
3577503926
3560202710
3559387414
3563442998
1424283174
1420072510
1420074767
1437056269
3618020365
3622210588
3593374748
3611266068
4148139028
4146050140
4145538300
4149667325
4149671919
4141283046
4140290806
4140094422
4131668982
4149498726
4158088038
4122372095
4126554077
4126482397
4096005855
3560179423
3560310494
3564516958
3572836126
3572789022
3568594710
3568790855
3568793029
3722793412
3756282324
3731898852
3732095468
3727839596
3725815101
3742394687
3742427455
3748718911
3723979039
1442282509
1475695052
1610416524
3749577628
3747480252
3755893436
3755861685
3755796197
3747393317
3747392813
4259087661
3724379932
3720323596
3706626564
3699302933
3628036647
2551976486
2551986022
2550936806
2563574950
2576223414
2609794182
2609575046
2676731013
2676604101
2676731876
2643173237
2648547133
2675766575
2654757166
2654941246
2591948862
2591948846
2600276270
2593988910
3667683119
3687610191
3645693389
3641497037
3641701516
3624854924
3624330636
3641075596
1497765532
1497702141
1498230525
1499295357
1491074847
3640565535
4177495357
4194075948
4210865436
4208763148
4200374540
4195127612
4195143724
4211892268
4177928556
3099997039
3095791598
3096841966
2575634110
2613317518
2579774862
3380880782
3381010894
3364226382
3364095318
3369891622
3441222950
3374101878
3373708374
3407261894
3410407879
3418788293
3716581316
3720648676
3712264164
3745833324
3745833324
3729191276
3730720105
3739092331
3739098442
3747494218
3715906042
3699120618
3699248586
2625521098
2634007498
2631701082
2644288107
3181159016
4288455292
4288456316
4292655084
4283991276
4112352492
4112498924
4112400621
4097709182
4231935078
4231403302
4235595302
4238543382
4239465990
2091920902
2039490054
1519657478
1523392854
1519268095
3666559149
3666429096
3402127592
3393775849
3407390809
3441027339
3440328459
3427734283
3364750090
3364225823
3365273903
3365334309
3365701924
2352515360
3474491456
3457851776
3592074112
1444582020
1583059584
1582863011
1551393442
1547206306
3694852514
3560626274
3563767842
1357629442
1408231426
1122397187
40242435
40240385
107349283
1333199138
1297359138
1305813282
1305870594
1174279426
1207567618
128666882
128682450
1202428370
1168750769
1168686240
1290316960
1277734304
1278783392
1293597328
1326090880
1330301569
1322241682
1314373554
1316332962
3459294690
3726878034
3743657730
4284529410
4225805090
3958417697
3958487328
3950090544
3944846640
3944788256
4011979040
4013048096
4013031712
4013097316
4017096164
4004581293
4003662749
4003928973
4020517773
4020513679
4255390143
4255391150
2645835198
2650029518
2641499406
2670862606
3748749598
3723878718
3719803198
4254503481
3164575256
3164375768
3160181400
2887289496
2904132280
2906622907
2906036122
2939339658
2939311002
2922521258
2926715626
2934973421
2947555692
3216249908
3216251924
3215276037
2678994949
2680039429
3724486659
3447596290
3428717315
3428713217
1281229568
1283326224
1144799264
1413282852
1434445908
1466869956
317622468
317491333
304913559
304919726
1378652334
1378783422
1378808238
1384051430
1409184486
1438462674
3567002306
3566740194
3565691872
2223518176
2227713376
2483567936
2635754752
2667245328
2594893312
2594872835
2662042882
2661846050
2649263138
2485701666
2485713954
2418735475
2955602929
4041927664
3798715344
3798596545
3794447298
3795491778
3795361554
3793264402
3793276726
3813203238
3779755046
3788125218
4056552546
4056621298
2982879698
3045728691
3045749393
3045750400
3045777024
3050015360
3041495696
3037239984
3037244048
3037244084
2769924020
2807998388
2815866740
2818025268
2791417652
2787157796
2803937060
2803941157
2804022565
3844300069
3845328357
3828420003
3828432307
3831577779
3831700659
1692540081
1688341681
1688407185
1688344961
1973561795
1956899651
1956883202
1352710658
1352711970
1348517666
1344525618
1361237266
1394758930
1394742530
1378222082
1449525298
1459028258
3602862450
3332369858
3602815426
3602614723
3606677827
2541263121
2683877681
2683938592
2511970848
2516177440
2541224801
2537030499
2537097207
2503613862
2507880870
2499352998
2495159734
2493064582
3231457670
3230409095
3230458245
3246687141
3246687140
3242501028
3238307300
3239488772
3239487748
3241580805
3510483253
3510413607
4047288631
4047412486
4085154567
3011412485
2742977140
2719912672
2718732960
2785866400
2785343136
2790579872
2811547620
2813643751
2780093310
2784358366
2771513310
2771513342
2771516926
2788253182
2720074206
2724399358
2724411646
3806539006
3806543094
3802543254
3785761950
3768987023
3769510284
3770567044
3769944484
1626630580
1614031044
1697654852
1697655815
1696738598
1684153634
2091001634
2091005490
2090931714
2090862338
1571866370
2140257602
2122493379
4270172544
4270099104
4266638004
4262312628
4246256292
4097354468
4096408175
3827968806
3827973414
3828286502
3840868390
3819307046
4070965278
4072087564
3532922892
3264492812
3271855880
3305409048
3305418328
3306481352
1167574729
3298215563
3300312458
3250505898
3254630570
3239360682
3239348362
3242171534
3275726990
3279855758
3288244639
3288244613
3279860693
3275658193
3509555155
3509357347
4079790883
3010308899
3010443569
3002046480
3002047504
2993673232
2989428752
3006075088
2971931060
2959479460
2963673832
2963538536
4037289529
4037290507
4037077514
3505449738
3492859162
1345651738
1343684618
1343627466
1343627466
1344144638
1356746174
1421724046
1421191566
1437969358
3602231246
3605300494
3328475934
2250367806
2254578478
2262966830
2394038830
2410676782
2679141167
2645616428
2645597484
2578484508
2582679068
2582677004
3094386268
3090190972
3157299940
3157308132
3157389989
3174552230
3207988646
3077969046
3059623046
3068013702
3068013726
3068083390
3086892254
2550017226
2516462794
3590225226
3585597274
3568631642
3717511002
3721703899
3721695705
3746595288
3742553080
3742524392
2635491308
3713410940
3637912925
3637982559
3637850175
3637784638
3637850394
1222055195
1222055195
1221926715
1480916793
1476706169
1476700104
2013569992
2030936456
2068689048
2047718568
2047849708
2047849836
2114367772
4278620693
4228301349
4229317159
4233515559
3975610927
4239722367
4103409118
4153884046
4141301134
4132773262
4129033630
4129033630
1998403002
1969038826
1976394026
1972171035
1972162831
1972154639
2009903422
2001580335
2001581359
4149183853
4149122541
4149126628
4149209060
4283299580
4283290204
4283422301
4282906237
4266120751
4274378030
3200632126
3217540126
3209163790
3175605278
3176129918
3159287647
3159254991
3167649757
3167670253
3184379901
3185366493
3218928076
3210606044
3218585084
2950086508
2950139500
2950008364
2941566524
2937366077
2939466303
2939671102
2938622510
2804695534
2771124398
2771125422
2775518398
2783845566
2779659454
2779659422
2779657422
2814272718
2814370822
3087000583
3078612277
3045054260
3045053972
3045053972
4118762037
4118745717
4118610781
4116451663
4116459870
4116526318
4250217710
4241963246
2094479582
1553350094
1553274318
1553203662
1553203662
1557467487
1221996863
1213620543
1222566199
1507844373
1541387021
1543477021
1524416317
2061282605
4200377132
4198804332
4194680696
4194669513
4194603983
4194681758
4194714542
4282790318
3167105454
3162899886
3164013998
2627015822
2631349454
3721868494
3721748558
3721716847
3721717101
3721721196
3746887132
3746883020
3741840844
3741767132
3741832700
3712349052
3712868925
3705627199
3562955295
3562934878
3562866687
3497266607
3495250093
3520493725
3520485516
3554069900
3537228684
3537154780
3539251820
3529810477
2523193903
3061113390
4151629614
4118170926
4250291246
4233509918
4235668494
3715507214
3648398366
3646370879
4183110015
4183126527
4182111199
4224054925
2076485261
2059710175
2051321823
2051534798
2047276382
2064011578
2035765546
4250358058
4241707322
4241577243
4236303737
4240505320
4240497080
4248894856
4248950152
3707879816
4228104664
4232499692
4240892909
4241941485
4258723837
4258764669
4260730717
4285912415
4281652575
4281627999
4281619807
4114027887
4118165359
4109776879
4109719519
4105525189
4120377285
3587634117
3623350981
3740661333
3740591733
3732239925
3749011237
4281683749
4281683239
4252333375
4252329247
4294308111
4292669718
4292735350
4266516726
4283421846
4283291030
4245484950
4245677494
4233033206
4241413494
4241409334
3030238519
3030181173
3030246708
2497701492
2505004628
2504869588
2500609780
2500659189
2538541559
2538485239
2547848439
2547336311
3621215557
3621190981
3621185293
3612861981
3612669741
3579107117
2504312111
2504381759
2504523030
3049780534
3041391926
3041391478
3041325943
3074867927
3074933495
3074773751
3209455335
3209457574
3209457574
4249697718
4258217110
4258217110
4257684630
4257549463
4115995829
1431643317
1465262229
1465262485
1465282961
1438897041
1438774225
1439736373
1439999540
1433710132
1466214932
1999092244
4146511364
4152286997
4152282901
4133471583
3605001343
3596375151
3596370031
4066136174
4066369598
4066304286
4091467606
4057912918
4041209430
4108187222
4099789695
4099785023
4116693053
4116567101
4116509740
4115983660
4098223933
4098354781
4098350799
4123514567
4123514774
4291154358
4291154102
4265988342
4266119262
4265996670
4266977087
4267044655
4267044399
3193302895
3218388989
3050149325
3033437641
3033433545
3041906143
3042827775
3076384238
3076384238
3076387310
3078046206
3044431870
3044504942
3027721583
3027574133
3027576133
3027707204
3027575108
4099215668
4108140837
4108140837
4120737077
4158516501
4158647365
4141804613
4141796421
3076506965
3076506997
3072317213
3072325405
3038635549
3042829871
3051218479
3084768814
3084666494
3084705790
3083132414
3074743806
3041248470
3041285334
