1358699551
1356663823
1406077959
1380926837
1376769013
1376228245
1376227989
1912837045
1916834725
1916842919
1925226935
1656988831
1648536735
3791829247
3791886383
3875706925
3875711021
3842418989
3830890285
3830892348
3763847709
3760014141
3760022383
3760006119
3776775143
3813475311
3813474942
3787801102
3787740682
3771006475
3771001371
3762350619
3762354715
3762313738
3842072138
3842252506
4010020602
4014214650
3930397930
3934729450
3934729338
3934728250
3935252510
3935186956
4220411916
4224541908
4211919780
4211923620
4211993252
3943688869
1774561966
1753525934
1753267630
1820433591
1824693495
1682148372
607176756
538978356
555822132
555883556
555883820
560336428
565644861
548734558
546592462
546625166
562859662
596414094
595888782
591698830
570718670
570898767
587606335
555100461
559295788
636883740
615846412
615785020
631517980
631514892
627837700
627964279
627964279
627964279
627964279
627964279
627964279
627964279
627964279
627964279
627964279
627964279
627964279
627964279
627964279
627964279
627964279
627964279
627964279
627964279
627964279
627964279
627964279
627964279
627964279
627964279
627964279
627964279
627964279
762165623
762166647
1030599157
493728181
493728191
208515515
225293758
207993782
82164146
82164146
15055090
15054898
7781442
7778370
7774210
7794691
53362753
36389072
36245665
36249763
307783074
306736038
868809382
835488494
596413150
579770891
579250952
580296712
584359948
571777068
572297256
571228200
554500140
537788517
541982945
550376417
546255493
814562949
814693005
831404685
311048844
311044749
43592077
1115163786
1109923002
1115451882
1124033066
1136058922
1102570026
1351914042
1351914042
1351393578
1351393323
1355326504
1359512696
1376488664
1376439468
1376414892
302656684
302589116
302645724
302645840
281674240
278540801
12463619
11352578
11360770
11394834
15447346
275492914
304717830
303596807
306744612
843626860
843639148
587753832
554199416
537556424
537580233
541770473
562676463
562598638
562607046
902475970
923446402
1057728658
1040771234
1040734370
973801634
973740162
973747330
441066434
1541014098
1236861474
1220026914
1220027110
1217929910
1285038735
1284039324
1284020156
1149864868
1082886564
1079740900
1077578020
1076529412
36362500
36627717
305061893
305123349
841793573
574128165
575176997
583566631
583568743
591961429
554472916
554546676
554676708
554611620
542028708
1624225444
1892530832
1884076672
1879947904
4043766449
4077288355
4064701858
3536201634
2462458754
2463507394
2482381698
2448892290
2162505106
2158302386
2428325090
2428304615
2428300389
2428284212
2428280580
2431419908
2435423764
2435563028
2469051924
2469068340
2452323876
2452166180
2452099940
2464682229
2461544693
2461540583
2461610086
2478380070
2478394422
2466203670
2524936214
2524936214
2520742934
2520765494
3592351766
3609129030
3575570758
3558732231
3558721485
3565145076
3565149172
3564993268
2449353412
2449091140
2444891716
2176521044
2207781220
2174234724
2173186148
2173202532
2173235556
2177430005
2177470949
2177466855
2152237030
2152570870
2152701846
2152701846
2416951222
2500853654
2500753294
2500747662
2538234254
2546627998
2508805551
2513993149
2513989004
2489118084
3558729172
3493754708
3491641156
1343567813
1347694545
1347890595
1364594083
1383468467
1383468418
309724546
309674115
318042339
318025831
845459751
845455663
828744479
829858591
1886823231
1960289581
1975821613
1967439165
1968487693
4111961357
4044524829
4027762485
4031960629
4031932021
4031917797
4040236791
4040170455
4057017239
4090706343
1926434230
1920140678
1920413830
1928601846
1928647142
1659933030
1676718398
1727051070
1727043358
1718654478
1716758302
1980932399
2115084335
2115031101
4279652405
1947598885
4101374005
4105568533
1958085389
1890860621
1895049933
1895049887
1893149615
1945504687
1928792991
854919054
846463374
846463391
853860847
853860655
853844271
845455663
862233887
862369053
862357309
1936111405
1987555109
1985260343
4128553223
4127705350
3590735894
2534280310
2504918118
2630755702
2627610486
2627613238
2560366102
2560386679
2560388716
2583449452
2570342268
2570407244
2570503500
3642155508
4179010036
4182090197
4190414279
4190416839
4182028231
4182162391
4282825569
4282817825
4261922099
4262904067
4128665859
3591766035
3541434418
3495297074
1349910550
1358372311
1354045877
1351949221
1351891901
1356143501
1406995340
308021132
308036493
309646237
845460397
845521261
845455661
845455405
845456437
841262101
841393173
1915135012
1915135012
1916769316
1916634388
4030646020
4028514820
4028498624
4041086672
4036966048
4038859429
4038867622
4037814966
4058786230
1919686838
1919749254
1919828102
1919795334
1919717590
1919725926
1651286055
1650763045
1718926629
1718917909
1712828165
1981212423
2115395895
2115375143
2132148335
2096497903
2025196751
2023098830
4169411534
3632540542
3632556607
4170706447
3096883981
3096806157
3113517612
3112473132
3146031848
3133449944
3125590712
3121584808
3121597352
3189590504
3191670840
3191735304
3178110984
3031310344
3031310649
2494432047
2494301742
2494303790
2222722614
2234846006
2239118390
2381655078
2410953766
2343834742
2344031430
2343989382
2348675205
2315026820
2372241316
2372394932
2368207836
2369256220
2400647996
2249648924
2248600332
2261052684
2256838924
2257564013
2257551855
2211021295
2169078191
2165278647
2148505271
2416950935
2416933525
2416917141
2416851604
3490593204
3495836085
3512609943
3548261526
1384068242
1383927938
1383862402
326901906
293365218
275574242
275578227
292396307
292461825
326085905
326085905
846179601
845659441
845516085
845253941
841071671
842247223
842185751
907189271
907192342
1041393686
1041377334
1060509750
959843366
947261238
951457302
951453207
949228053
947921461
947921429
952132117
943780477
943756285
960533949
960609727
994290847
453360798
453500318
453432718
458126734
424568714
415987290
411784762
1486618171
1486739993
1486653976
3638344504
3646730024
3675100984
3679421128
4224553676
4220297916
4203520684
3134038701
2584737446
2651669990
2652638310
2653752358
2586709014
2574134278
2561551366
3635293447
3635289877
2562461223
2294037350
2285652262
2300366646
2333072902
2332812806
2345263622
2341069398
2307519205
2290668197
2357773228
2363016108
2222575516
2222967228
2151074232
2436024825
3543324683
3525507082
3525568522
4062227482
1914740794
1932566586
1662025755
1627504763
1627635883
1632059567
558240175
558305711
826741679
809849775
1892119295
1892121215
1892121302
1892018822
1891953030
289728918
302830726
1376665998
1376666510
1381909134
1387193006
1387127662
1387063598
1944889646
1902946570
1885776138
1885780746
1894155531
1894154265
1894039593
1902440557
1916067949
1913970812
1914159212
1930346788
4048470564
3503246868
3503258116
3500108292
3500042756
3500046932
2443108092
2476722076
2464010652
2463945116
2455606205
2455606957
2455549679
2992418543
3009212030
3009216030
2977723966
4051527214
4034864942
4046071150
4079621342
4062921886
4068000950
4065907895
1917378709
1917362308
1917419716
1913291076
1897575172
1887348244
1886318133
4042258999
4042152470
4041890326
4041955638
4041825318
4033367094
4050211846
4083774471
1937335319
1935172903
1935156519
1665885461
1728730961
1699431409
1699267429
1707655781
1737015893
1737143109
1875813317
1850598871
1779235303
1779190246
1795967470
2068715758
2068721150
2068721102
4182648206
4183693214
4259255214
4253819822
4253836206
4287390622
3616335839
2542270204
2475089644
2479226596
2446085860
2446085828
2430406340
2430469717
2153657127
2153718566
2421977382
2430357558
2430391302
2426398727
2174740487
3268270535
3259616151
3255487382
3255490454
3255497094
3523916182
3523850422
1377677559
1902027975
1895737349
1894684679
812615687
808376323
808331379
808398051
1882792103
1886917031
1910059943
1939419813
1938309813
1904792277
1888026117
1888008709
1889057285
1354672645
1358867271
1400826327
1379816855
1379811733
3527295381
1916715941
1927140005
1922888356
1924948669
1945920205
1882088265
1882087691
1882089787
1886386987
1894574891
1911339307
1928108361
1928112200
1919725640
1915518984
1915256872
4062871592
4079919400
4033798697
4042183231
4042212926
4109190702
4100791846
4100726054
2088508710
2088506422
2088711190
2086609170
2027757826
2027693315
416032003
433022209
466547969
449758529
449824081
1523435381
1514989397
1515060997
3662662421
3671038823
3670867431
3670860207
3666665871
4203581839
4270490047
4270490026
4022961579
3976759787
3959986219
1679403035
1679534091
1681632267
1614385163
1631289355
1630175275
1630453801
1635696745
1644119533
1643993013
1677537941
3816632983
3783078590
3766301422
3766302446
3841735278
2780576310
2812029718
2795251910
4136397958
4136394895
4140581007
4111335565
3558736268
3560321956
3563482788
4109695660
4107598572
4115983052
4128287436
4128418380
4132605196
4143088684
4138827821
4142968879
3060834335
3073548302
3040272766
3022444526
3027685102
3161737894
2910617262
2916378287
2949916575
3218417567
3216455646
3182903006
3186966142
3178510110
3157537566
2624860478
2633310510
2628858159
2628780333
2628792653
2626691912
3704627720
3695257096
3695654424
3691384344
3692432920
1410801432
1412773129
1413297419
1413285131
292356362
292356362
24051994
24056122
32321594
32256058
28120154
61676634
61693018
40720506
36534394
103627866
103756890
372191322
372125786
376320602
380514938
917254762
917250666
632029807
627964279
627964279
627964279
627964279
627964279
627964279
627964279
627964279
627964279
627964279
627964279
627964279
627964279
627964279
627964279
627964279
627964279
627964279
627964279
627964279
627964279
627964279
627964279
627964279
627964279
627964279
627964279
627964279
627964279
627964279
627964279
627964279
627964279
627964279
627964279
627964279
627964279
627964279
627964279
627964279
627964279
627964279
627964279
627964279
627964279
627964279
627964279
627964279
627964279
627964279
627964279
627964279
627964279
627964279
627964279
627964279
627964279
627964279
627964279
627964279
627964279
627964279
627964279
627964279
627964279
627964279
627964279
627964279
627964279
627964279
627964279
627964279
627964279
627964279
627964279
627964279
627964279
627964279
627964279
627964279
627964279
627964279
627964279
627947895
627947895
627949045
627948980
661503412
644726196
1718466996
1651359412
1647165108
3861757620
3878534837
3844978358
3845060262
2771287718
2771136422
2758544550
2775387286
2783329478
3047564486
3047564358
3047564359
3047566421
2980412500
2964614596
2425417092
2429616004
2438186900
2438158261
2469483943
2469512615
2452866279
2457007143
2473059589
2481235201
3546588929
4083656449
4083595011
4150690578
3076948770
3077882147
3077890343
3040335221
3023490517
3021360516
3021430164
3025633180
3025631165
3052763119
3086251007
3086250878
3086250782
4159975742
4151653678
4151649566
4151786831
3623238991
3623230975
3623296511
3623163383
3579122119
3579257287
1431773637
1440162253
1440166365
1171725757
1171602349
1171602343
1171533758
1305748990
1297379806
1297367354
3446980922
3455513866
3350653706
3484724026
3485248302
2409410347
2392700729
2392425240
2392555800
2396623148
2396557356
2253963373
2265534715
2232040682
2148145578
2148403626
2148404154
2203728778
2191145865
2193423752
2193404360
2193399832
2466029608
2466160680
2444140840
2963710252
2967844644
2955182885
2955182631
3023012583
3022967458
3022922402
2754426530
2758614690
3035373494
3034848662
3034856582
3085380742
2531667142
2527472718
2258975806
2258922542
2258953262
2461312013
2461307916
2474411020
2441055244
2436799508
2972624916
2955324676
2955327044
2972107472
3039183520
3072656037
2809402022
2809139878
2792366510
2792369326
2800949422
2800892158
3069339726
3086051598
4158778638
4116966671
3580024079
3581035807
3622979359
3622979375
3623077159
3622950183
2515596598
2505106518
2488513607
2618471875
2620569027
2486342979
4101145939
4116940657
4285658977
4285851489
4285817717
4118111061
4113903989
4113895719
4118021159
4118023207
4126619767
4153813335
4137101639
4141187015
3596580807
3598635719
3598631894
3598500838
3621565414
3621561318
4124878822
4123897830
3033509223
3034490933
2766051348
2759297044
3023408148
3023369012
3040338485
2771792445
2771784302
2755068654
2767455918
2762214830
3047426222
3047426206
3047504015
3085248647
2541120645
2472944772
3542233236
3542299092
3542294988
3546427868
3554808168
3516994859
3516938538
3521145130
3508598842
3542128650
3525621770
3526138890
3538796554
3535519963
3600466345
3617243561
2543772585
2510054317
2490656685
2620710653
2620755511
2620821015
2620833542
2633346822
3720130310
3753684743
3740974647
4269461029
4265264677
4265230692
4130865388
4265091244
4265091224
2134515864
2088385672
1960720779
1960200842
1956104794
1955645994
1957751338
1957749306
4155560219
3606237209
3597922361
3608469549
3607420973
4148673895
4156984167
4152789607
4068916198
4136087031
3603211603
3590643777
2516906065
2533814337
2484497473
3021396817
3027683937
3031943729
3031816753
3032333827
3049108035
3216814930
3195847138
3191665122
3208540658
3173922694
3157147575
3160738727
3169061287
3170113966
3184802190
3184536974
3184732046
3720549278
3566277630
3566211438
3568308527
3567263796
3571474436
1415635972
1428397316
1428325636
1412597508
1429384708
1433503277
1433708397
1431736271
3611733983
3594817007
3603353067
2529619419
2529488345
2529492473
2663706601
2664818601
2681628347
2650170010
2650231486
2633319342
2624901550
2620444910
2620444918
2620498006
3161563463
3169953541
3169890069
3186662965
3211889461
3211889973
3212033077
3211977781
3174487093
3157655572
3157656660
3157661140
4229314548
4233568180
4241825461
4237565591
4286848662
2676256726
2659479510
2664556358
2664691526
2656555526
2675438102
2675434294
2650263863
2650034279
2645849191
2650045671
2648037607
2639776119
2673270615
2658575879
2666964495
2666894103
2662695733
2666632501
2658180388
3207630116
3174075684
3174211364
3174233940
3176325700
3184718533
2916340677
3184580583
3176193511
3176463847
3178527982
2906086622
2939573454
2943841742
2949738878
2911990126
2911986542
3180427263
3184555983
3176216013
3172152789
3205633237
3205629141
3176272095
3184735711
4237497823
4237647838
4237683679
4254395263
4292128623
4266964599
4262761295
4262851407
4262654287
4195545471
4216517735
4182918503
4174529845
4174583559
4174718471
4174669367
4174669607
4174673254
4166341750
4183773382
3646840902
3655295302
3655295319
3655292287
3688844671
3754773887
3746396639
3730144735
3730144703
3730274207
3755426701
3755459471
3717317567
3721459630
3721455086
3713066494
3713132030
2507395454
2507391294
2515783999
2515792701
2497836925
2498885245
2507210733
2515599343
2547047919
2530332143
2522076414
2524172382
2524106767
2540883975
2640503045
2648957236
2627855140
2633003812
2624869165
2620737341
2620870431
2553678606
3090557710
3092720446
4187253550
4220812574
4204025103
3671343373
3662954764
3675607348
3642057508
3646382948
3628425572
3628430804
3624758465
3624757379
1477437570
1481571714
1506727298
1606861698
3738452610
3738460818
3730006930
3604169126
3604039078
3599817895
3604015271
3602966669
3595824269
3612537997
3614626269
3614622589
4117086765
4117033519
4251251247
4247053871
4251248175
2103832367
2103895871
2079749407
2077708303
2069708827
2069692539
2069693563
2036151675
2019517739
2027876137
2027941689
2027740941
2027723597
2069666637
2052955517
4199458175
4199456863
4199460934
4199387222
4195201382
3897467622
3898536679
3897476837
3897312933
3893127076
3893109156
3960221868
3964535037
3972923869
3972993481
3968673097
3968609611
4237109627
4259264891
4158589209
2002586393
1987907097
1999963737
2002072137
1968530249
1960174041
1960296953
1959236077
1950660077
1967437053
2001521885
2001720533
1464755287
1600021623
1566450787
1566451555
1566516835
1574789859
1574888147
1607914115
3755378307
3621160835
3621162371
3612839379
3612646881
3579096417
4115967269
4149521701
4141326133
4277646901
4269273617
4264940051
3191165490
3191165410
3207999970
3178627234
3160802450
3169191042
3165068742
3165994310
2629053206
2631150134
2631150102
2639608598
2639739702
2673806630
2682061110
2677915702
3718090803
2644291664
2644291792
2648483024
3711731920
4282161296
4265523600
4265524672
4265536960
4265002448
4143202787
4139005347
3891537315
3983814051
4235666823
4231149446
4235330182
2092106438
2091975382
4239401598
4239401514
4241518378
4258593578
4292147514
4276075290
4276001547
4275609163
4277719753
4286116568
4252725928
4251587497
3161325993
3161326761
2633895149
2633374973
2633444805
2648139205
3721524165
3620787189
3616584695
3616580599
3620841446
3612588006
3612515830
2503134422
2503199958
2503015638
3023103478
3027412454
3050473462
3050538775
3052516887
3052451589
3043030805
3026314533
3026416932
3022198052
3022062949
3023242725
3044410805
3084260759
3063291287
3063250838
2528409030
2532598086
2540990726
2536796214
3581161790
3564450110
3572905790
3572924205
3568655340
3568622588
3589339532
3595632012
3725840780
3725771148
3725771741
3725783789
3732136559
3757073967
3757080431
3719359855
2649881903
2650002463
2649932815
2650002765
2650005845
2649858407
2641483047
2639381863
2672948567
2673206615
2675141991
3212016934
2608008486
3677818134
4181138694
4185276166
4182982407
4241499927
4241515317
4240470325
3720466781
3703689565
3695301973
3691019637
3691016053
3691016039
1556246311
1552316215
3699820293
3699753797
3712337735
3741828935
3724986183
3725035478
3728850422
3728846326
3737501174
3729243334
3729192134
3729191126
3738628341
3738693860
3671453932
3688124668
3679720956
3646373868
3646302956
3654757100
3654629997
3654565439
3679790878
1532433166
1532429086
1531212062
1531240766
2068095343
2077008367
2077013182
1523360926
1523102878
1531565246
1493882046
1477080214
1481528726
1490968311
1490964197
1486736116
1507654356
1541193284
1516019460
1513985796
1513984256
1597878577
1562370337
1545527587
1545523554
1549156850
3696713202
3721820610
1540807106
1541327170
1524451666
1524399378
1515988247
1516052759
1518211367
1543373605
1541079909
1503139701
1490560853
1490890565
407844693
407705461
407647077
424420133
457990949
466416405
441300277
441302389
441235797
458013141
961452423
961452423
961453447
961447815
961315775
961319343
994883055
1783410031
1791798311
1791862839
1800387603
2032122897
2015362067
2015328019
2015245843
2015236659
2015232627
2029912819
2025652979
2074870225
2125267072
2126320772
513616004
516712860
508324781
508357293
1061743259
1038014346
2111734666
2113307131
2113310827
1979162667
1733730365
1868014621
1863625789
1846846503
1846841454
1863762158
3977658598
4229837286
4234033014
4242411266
4238215698
4173072930
1488206370
1488203282
1490300418
1498756866
1230386435
1229349907
1262937105
1531425857
1531288768
1531821440
2052042672
2051456672
2051511984
2051379856
2051388048
2047144608
2047095457
2063869857
2063609057
2035357729
2045905955
2040661043
2090995714
1555193858
1557586178
483886338
474254834
1556392434
1606790102
1590606742
1591648150
1583318918
3732914631
3728589303
4286366053
4236047653
4244434725
4240240421
4240238113
4106080849
2499691201
3579200193
3608543953
3608282099
3576903667
3715306995
3723507187
3721405939
3717211634
3750979010
3738328514
3604106694
3597815238
3597749718
3597694438
3740329191
3757106285
3752981628
3757175884
3757368396
3748980044
3744916829
3711358333
4248225135
4248159535
4252300591
4260753215
3988172349
3971460669
3975454268
3984367164
3978083900
3877486125
3877486125
3876425517
3880748845
3889137469
3880646221
3876353741
1728845453
1728913341
1728978351
1867390127
1871645871
1837436062
1837444303
1753558095
1753693455
1753554191
1774533903
1774986557
1808605245
2072977469
2039423037
2026577949
2026463693
1489598349
1489632911
1489566350
1489828510
1506786238
3418798478
3418791310
3485894094
2411758878
2407576894
2407769391
2308088111
2343740215
2343809319
2326888743
2331279719
2589230567
2585038055
2585103591
2585167077
3122050261
3139346629
3139215556
2568873092
2552117637
2552109973
2568882855
2636057254
2644450022
3183285806
3216790030
3181699599
3181683487
3164911397
3161231141
3157036645
3158085220
2904219220
3977930244
3977913861
3977979749
3982171493
3990424677
3986164847
3986230479
4019807438
4018791630
4292404686
4284005838
4284190686
4284124670
4284218862
4284214782
4284149726
4258987998
3185231566
3185299166
3176726142
3109580670
3143200126
3143449727
3143373949
3151770749
3151967356
3118339324
4175304188
4174854012
3629399772
3629399772
3628367612
3653529597
3653529053
1539599711
1539601527
1497707639
1493570934
1477842262
1477918038
1494494678
1497640406
1506098630
1539710406
1237718470
1220941267
1220820466
1220814178
1212446562
1213527858
1222113026
1222047490
1217828098
1234345234
1272356115
1272356115
1246075923
1241826419
1258607863
1225028854
1208300770
1212495330
1221031395
1216774115
1216831185
1220894401
1220923072
1237507904
1263729984
1263705409
1326613825
1328644403
1330680099
1330750243
1339204387
1339208209
1341298177
1609797376
3731982608
3727984672
3727997024
2654251104
2652169312
2652258516
2654339909
2587755103
2582516334
2560963182
2560897642
2560898666
2560638315
2560677961
2565912649
2568136777
2568137037
3741557853
3741687901
3726024779
4262908107
4262854859
4281729481
4248176569
4235599529
4237572841
4237572841
4237572825
3700699081
3717473737
3449033033
3482665241
3484893497
3484873513
3455509353
3442992107
3426596843
3426533323
3447504778
3756363658
3739586522
2657587194
2653403002
2653331738
2653331723
2670108955
2636571513
2623951868
2633384940
2633435117
2626959341
2626954735
2647925863
2379490343
2373386293
2381709333
2363895820
2359764236
2365013340
2381597052
2373208428
2373245288
2406857065
2415312249
2683745627
2683810058
2683605274
2657386794
2653192238
2653389870
3191258238
3191254142
3191254270
3208043767
2805388693
2773940101
2765551237
2765586069
2765454997
3027578581
3023384213
3040155285
3043034869
3084996069
3081784805
3081787639
3079694551
3213912158
2647731230
2672964886
2671120662
2637562646
2636591670
2649109286
2644976438
2629574974
2645827614
2645881935
2379521229
2404681928
2400553096
2400618632
3742537864
3742546316
3742541196
3608335244
3574711029
3574710887
3574690662
3558040422
3581026678
3581026754
3622965698
3618771410
3450941923
3448780262
3448782182
3452975414
3293583646
3312711966
3345411854
3353782094
3484324687
2393867213
2527888380
2533140460
2523705196
2519514924
2519637268
3056510213
3073287445
3072774199
3039281255
3023392999
3023402471
3023511415
3036548727
3032419943
3032227366
3036427798
2491164226
3699189442
3699189234
3707511970
3720089763
3719626897
1609965697
1324754116
1316416516
1182173445
1177585975
1177594215
1126213878
1398844558
299942047
1375011005
1370882492
1358300076
1349657324
1344349741
1143224878
1143220750
1147431438
1172794126
1302747918
1337444110
3485385486
3382608655
3651048300
3633095652
3636765668
3624706788
3624711924
3641474652
1527197196
1527130653
1527130927
1531853102
1532823599
467404847
466361357
449586188
440737804
436547660
168063468
168096237
436532719
457489902
423935470
432324078
969260478
969391519
1002945935
994555295
457684381
457553341
457553341
453508541
453441981
453147631
457333551
433224255
1504800287
1504769807
1605423903
1605480767
1607569901
1598128557
486838701
469823901
469889421
469938573
872591759
872584703
877829486
879803710
1978711310
1945345295
1920111885
1915913228
1913816076
4145185852
4111635756
4113749804
3832698669
3832706575
2901628511
2914440814
2914438782
2947927646
2952067070
2922423790
2922423806
2922624462
2941425118
2948838895
2948703727
2923537789
2919411988
2937291060
2939535396
2939671588
2938567972
3982940452
3991324965
3992439093
4026006789
2939543813
2939248901
2939253093
2939241957
2842709421
2834320301
2830322335
2828237462
2912119510
2916118262
2949703414
2951803350
2951790806
2951794935
2918314231
2893214967
2893216759
2889013879
2893208086
2909924102
2943412486
2935089158
2926758918
2926755847
2926756101
2943472420
2943439396
2909886052
2893092596
2893035253
2893037477
2909814199
2918205622
2914207926
2914179510
2914189207
2912024261
2916147909
2941313861
2939281693
2922640700
2922633277
2921527341
2925721903
2930952495
2947730974
2914178574
2891179598
2887116750
2887050734
2887015662
2905885870
2943634686
2952223966
2931187031
2930957653
2930927445
2947770199
2951831895
2939167062
2939171062
2939229414
2939362726
2943490550
2947701462
2947734215
2931022661
2947591940
2951783684
2910102532
2771883028
2889258276
2889285412
2889080356
2893270564
2893401701
2901692021
2918475127
2909826150
2909830246
2909881462
2943501398
2951893334
2918343510
2918408791
2918278741
2909874901
2943433669
2937149909
2926664167
2935445735
2931215703
2931217735
2947997959
2918621953
2901914417
2893514545
2889209137
2887118193
2889215331
2889153891
2893336035
2901757922
2901886962
2918650706
2909811538
2905612662
2905940342
2910139510
2918530166
2897688918
2897631575
2897632069
2895641156
2916417092
2908550980
2937976132
2938103284
2942297572
2942297508
2950688165
2950684597
2950684549
2925514631
2924988375
2924856678
2920305766
2920308790
2937086006
2943607079
3992118563
3973238577
3906129665
3906206017
3914591299
3981704275
4011021522
3994178758
4013061254
4017575846
3971305126
3971239591
2895403671
2895407815
2899586758
3172216406
3205769014
3205575986
3209888050
3220308002
3216179234
3214218278
3147052118
2576641219
2576640193
2574579904
2620705232
2620837332
2637617108
2637620964
2673321700
2681710420
3218456516
3218390996
3209998052
3205807844
3205926644
3205926612
3205861108
3205803749
2949688935
2949889574
2949809686
2916254214
2909897527
2893058341
2888873252
2888883252
2889075764
2889010464
2905759072
2909961824
2943491827
2951941846
2934971862
2934977750
2934977750
2932937942
2933018838
2928832726
2928828565
2914248117
2901802428
2893402013
2889337741
2889079501
2888952575
2893147758
2775704174
2817651230
2817577806
2809164158
2809165295
2771549695
2775738877
2809297389
2815478252
2794507772
2794779468
2801132044
2792743452
2792747580
2776061757
2776063277
2767575085
2767570989
2900609085
2896362767
2901585423
2918295118
2909839990
2905641830
2903556454
2903621991
2903667031
2905744663
2905744693
2909937445
2943552309
2951944979
2951817491
2951817267
2947566643
2947859475
3181806787
3181811139
3186001539
3177678467
2909116083
2909126370
2908794594
2942349154
2943413606
2943417639
2943608087
2924635479
2920494293
2920494229
2920496311
2924624039
2949781927
2914126262
2914127750
2914148230
2914183110
2951785799
2949688359
2941299751
2941298741
2907811093
2893200693
2893186853
2893202276
2893136612
2893083364
2888852196
2888856293
2888913901
2888916989
2893117917
2892327263
2900752735
2917652766
2946947854
2934371854
2925978190
2925908830
2925809902
2926866662
2926866662
2943763702
2918597846
2901603798
2897407606
2897346101
2897279540
2901470740
2775641348
2805003316
2805060708
2805121268
2805121236
2771547605
2771544053
2775676645
2765113063
2765096566
2767208198
2758880518
2759142406
2759076886
2767531062
2780183670
2947964373
2931183556
2931250820
3203723908
3203781620
3220427764
3209818613
2907758839
2903565551
2903829743
2903963887
2903919039
3981893063
3981899719
3973445591
3975476053
2901734741
2910184733
2910170901
2943807285
2927033957
2927025781
2926954069
2926954365
2943664493
2910114093
2758865197
2758930749
2759063357
2759055149
2773710461
2907729919
2907729407
2907970751
2908163230
2910194838
2910194838
2919112182
2813728118
2813662550
2812567878
2946785735
2946885077
2948063204
2918226916
2918226676
2909838036
2909969940
2939336212
2939200053
2939200047
2938171950
2938229038
2904671526
2904671270
2892059687
2893239607
2893157717
2909937607
2909945799
2943560150
2943433142
2951940246
2951874694
2918325382
2914153606
2914186626
2914111959
2779833317
2813388772
2951784164
2939207396
2938162932
2804146148
2804082148
2808345957
2808202599
2774647078
2908837686
2904651538
3961530114
3827311874
3831718931
3991043107
3987130467
3987130563
4024879299
4016482755
4016488131
4013151939
3996242675
2943382131
2942333543
2942317413
2950702949
2917150053
3168942581
3165788613
3182562757
3182495045
3216258117
3216274437
2528404533
2531552292
2532699428
2541208868
2507589381
3161903685
3170824775
2633881590
2633817574
3162299878
3179071974
3174911446
3072228806
3042338246
3042371526
3050764278
3050821095
3050632695
3075796439
3073498567
3073572295
3073535383
3077795751
3077791653
3086174117
3086042071
3052433863
3178291269
3161579573
3160666165
3160657973
3160538421
3168922429
3185830429
3210935053
4285749517
4285615373
4283630815
4283891903
4160094639
4160161189
4157937077
3084215701
3059213717
2522346933
2541147079
2548486919
2514993670
2498028070
2497995302
2489590310
2489590566
2490695974
2499084583
2496992311
2514301957
2547874821
3613355012
3596549140
3606762757
3606758733
3622749901
3748513469
3744319151
3744790190
3708872622
4279281087
4282425759
