1433433597
1433433597
1433429375
1433494879
1442020703
368311647
401735039
401732991
1467086175
1467085151
1467085181
1467216253
1467216237
1467086701
1467086717
1450309501
1475475293
1475606367
1442051967
1442043775
1441912191
1433523551
1433638239
1970519389
1970519325
1702074685
1735629085
1735891229
1719114781
1714918429
1714786333
3862278207
3879051327
4012302383
2938516014
2905474606
2909736494
2850623142
2846367406
2913474222
2913482686
3181917326
3181933709
3182226572
3186403468
3174934668
2903943628
3977685324
4011239468
4011239468
3994454045
2920725517
2939592717
2939613215
2939557166
2906523182
2842562094
2850622206
2913537726
2913476270
2913474222
3181917598
3182179471
3182175372
2511088780
2508008588
2503421324
2501258636
3575000492
3575000236
3557964973
1410469007
1410540749
1427317965
1431528909
357791053
359854413
359920909
91346205
91346237
91290943
91356479
125042047
1198783839
1467211230
1448334815
1398003167
1381162463
326294877
326302781
326528052
334836788
316944436
325333052
325333821
322253357
287117871
274465327
273433103
281839117
1892457996
1888328460
1888460044
1888132876
1904969272
4064973320
4060783112
3523916296
1376308841
4077406890
4043864238
4031281326
4102650030
4104017070
4104016014
4127125646
3615416710
3596542598
3596542599
3604865783
3604801253
3604803429
2549935397
3045059901
2508184869
2491401525
2499793173
2499629383
2514305478
2514305526
2516538790
2516549030
2541701543
2541739511
2541712852
3598021444
3597951748
3598131972
1449272117
1449526566
1466371430
1432824038
1433876662
1416838534
1416781191
1425262469
1442025348
3618737876
3606091364
3606095396
3597706789
3530674807
3539031010
3522311074
3504473506
3496347058
3496347026
3496285363
3496228001
3496223984
1365304576
1398842624
1407231744
1403033360
1436587797
1436720406
1436728614
1549990950
1545821222
1545801014
1545733446
1545736526
1566716687
1576141373
1572013853
1571833631
496037166
479259758
349232350
339859614
356699294
16960926
318948742
318931847
1376158597
1381401476
1928823796
1944356644
1944364836
1944366884
4062492432
4062614292
4079387409
4079273761
4047357731
4059981091
4121830691
4121892146
4121498898
4125631810
3580437970
3580509650
3576302994
1412304258
1416498562
1357254534
1370955670
1374951383
368322007
399779319
391214463
399767039
399767549
366213085
357676021
357676021
1431417717
1431417717
1439805813
1439806845
1439937919
1431502175
1431502175
1431502175
1433591167
1433587199
1433655167
1467209567
1467077471
1450283357
1458934077
1458942269
1450554669
1467266367
1467284799
1970797887
1953955647
2088161087
2088748863
2088621887
2104817469
2134139708
1981116980
1981027956
1979979492
906233829
910501283
1069900002
495214706
478502930
482833426
474379266
341199874
72764673
100023808
116790784
117309952
107954688
107824656
250447633
535535445
535534551
1038719462
2087229926
1818798310
1818791166
1814738078
1814999262
3979260374
3979260374
3980309495
4013794023
4013745895
4013225959
2910078958
2910131614
2905945502
2943694270
2943696314
2952215994
2948021658
2948022234
2947890906
2913220186
2913216266
2913232650
2917426443
2917426441
3118753037
3118822684
3119994172
3112109372
3178039132
3173779404
3156877196
3169467292
3166583740
3166657436
3170696084
3176447876
3204752836
3204751428
2936381492
2949029924
3985027360
3986068003
3986080290
3982381622
4263314038
4263314038
4262991206
4128783406
4141422638
4273604669
4273616972
4290406472
4277922120
3740917064
3740831736
4261185257
4244554495
4242453182
3168776878
2900136622
2900144558
2891752878
2887560358
2936319174
4010126406
4010189846
4009948262
3977393254
3960607782
2888959270
2893153574
3992061302
3987084038
3987088134
3182375702
3166450438
3166498566
3166218503
2633541895
2620951318
2637859654
3208288966
3190462150
3190457030
3194782439
2926351077
2943132644
2943152612
2943219172
2922341780
2922329476
2923042196
2923052452
3212451748
2948276132
3216715652
3183160773
3187355077
3221191877
3212801109
3212801367
2675930487
2684318071
3221222262
3187659638
2650657622
2633888598
2633885558
3028154230
3028146022
3026966390
3026966471
3026900807
3026945869
3043530093
3043534316
2808653180
2804651340
2804663628
2804794733
2804802927
2939020654
2943243614
2951630174
2952727870
2927377726
2927371646
2927437150
2935960926
2930708846
2930000238
2931049342
3199497054
3220464463
3212075807
3212075805
3212137276
3212268908
3220700524
3220699368
3220560088
3220555976
3212824008
3206462924
3206473052
4280280380
4245546301
4245681461
4250588453
4250588455
4250662199
4250527090
4286309698
4286247234
4252684738
4252942786
4244620371
4244493425
4236039264
4236047460
4248593460
4282344244
4135461396
4135192085
4143646295
4160429814
4260921062
4260915694
4259900606
4259966094
4293563535
4293820813
4293821324
4151083964
4117541868
3039093740
3173376492
2906055036
2893542780
2893411644
2893412156
2893412124
2893545245
2910322461
2910322463
2943638895
2950974831
2934195567
2935427453
3195941341
3196007389
4269613981
4277936575
4294779310
4257101230
4239852714
3702787322
3706981402
3564403722
3564430346
3573325834
1421844490
1556066317
3703410716
3707339052
3699082732
3711602156
3711602140
3745423308
3728662476
3726036700
3730167532
3730110444
3738499052
4275365368
4266976764
4132495613
4149338367
4149408254
4124496230
4120297574
4105650294
4109657206
4097057878
3560254486
3560840470
3575516958
3579776574
4124837438
3583800895
3583795741
3751666204
3718096436
3722225524
2635898740
2618071876
2618268484
2618202692
2619251268
3185499668
3200239156
3200008757
3200012839
3200021095
2663146086
2667340782
2684097006
2650554810
2649571518
2649608382
3220165790
3220151454
3203242142
3194861790
2922232014
2921769039
2938546191
2906041615
2889262863
2889261599
2886988654
2886857710
2886750702
2886730158
2941255854
2924687774
3872597406
3891733982
3887544319
3853858648
3852808968
3835961608
3840161032
4100994056
4117785608
4115856413
4116092957
3889596687
3885467919
3889662733
2799148552
2799605260
2952704524
2944307804
2905969388
2905928428
2888065772
2887800556
2892171244
2909865980
2951820284
2800755612
2800825244
2796630429
2795578782
3064014014
3064208574
3018067134
2967798942
2967885006
4042186766
4100890638
4100957450
4096638746
4113546015
3878599437
3861813517
3861874973
3866922285
3866919279
3883893594
2805912398
2804872174
2804769254
2804704743
2804689383
2809072039
2816872405
2812679877
2779124293
2762347079
3035046403
3026461235
3026462503
3034850343
3047427110
3081587734
3081696262
3064916998
3065949190
3196034102
3189546022
3206396990
3206462478
2903938126
2908128350
2891810157
2833096680
2833121000
2826827416
2822534792
2839312040
2839291816
2872915884
2882864556
2882868732
2861836060
2861854476
2878631436
2878696964
2880859700
3115802148
3120303653
3119271471
3119271743
3119304062
3119304062
3119371390
3119371390
3186480246
3165623382
3169711314
3157130450
3091037330
3091029122
3091085442
3091083138
4219350658
3938322051
3938386560
3938271872
3942445813
3933529061
3946096109
3914639469
3923023903
3938760718
3930368015
3926057997
3927109644
3994173468
3994157100
3998285932
3922932585
3901892185
1820474969
2089230041
4237630168
4233910936
4233910664
4286371976
4143746184
3869148312
4271289228
4271284877
3218383438
3155550782
3023304238
3022214702
3022456622
3026453806
3032237359
2914798908
2948095308
3216567564
3220762124
3195659788
3191510588
3128603180
3195794221
2927413039
2927412586
2858221034
2874994106
2874011066
2840567226
2840563098
2824773082
2824777178
2902437242
2902310010
2893911134
2888692830
2888692958
2888758526
2888193446
2888175014
3965846966
3974301078
3975229842
3992003014
4025557446
2813404614
2812489045
3064150820
3064142372
3064007196
3064012300
3080791564
2543870476
2543907084
2544943148
2545205289
2545208363
2539440362
2669467882
2669603002
2669608922
2642036426
2646233738
3183075994
4257014699
4152160747
4147937514
4282220794
3980305626
3980307722
3963529482
3963534090
3963395850
3967591978
3984384555
3220652600
3203793432
3203793464
3203860264
3203672104
2599696429
2666797183
2679519310
2645982414
2633412814
2629731278
3164439294
3164381934
3164385263
2916919660
2904336876
2887551468
2889797020
3962991500
3962971036
3979752364
3979347885
4025486758
4021300646
4021366006
4021517382
4019320070
3985696006
4258291974
4182796055
4182914869
4191567149
4191559469
4177267501
4177267564
4177210332
4177095644
4185522124
4018124684
4015821452
1864151756
1862574812
1862574700
1694868205
1695998959
1697830063
3845311661
3791046829
3791046799
3789006991
3788808141
3780611597
3812007437
2737303071
2741300783
2732912429
2728785708
2733523948
2817393613
2775462861
2758751231
2766934383
3840160110
3773049966
3764725854
3832010878
3857156222
3890645070
3873880078
3865488398
1852153870
1849139518
1849078574
1832309294
1748435494
1746928166
1748046630
1748046630
1760559910
1773146406
1771053438
1770071502
1770023374
1770056142
2072029646
4223909262
4207063502
4207342538
4198945354
4267098698
3210661482
3220544106
2918493034
2897521003
2897516809
2830404680
2834661448
2826350712
2821107816
2837885160
2837885416
2837640104
2820850600
2820884392
2825932719
2825939966
2842782686
2884725726
2884844510
2867937246
2863740638
2863739518
2879459966
2946511486
2946508654
2950706542
2950694382
2951021022
2934378957
3202822348
3198492872
3198431432
3202617352
3211527176
3173860360
3161377800
3170801928
3166612249
2898242362
2898037610
2826472426
2839317434
2839525258
2873009034
3946836874
3946726394
3946721770
3912638955
3915719529
3924103020
3920042844
3919915868
3987483612
1874606472
1872502153
1872504202
1875763610
1867485610
1867420074
1867486698
1866833162
1733601547
1735699209
1697692440
3844181788
3827468060
3827467068
3827482924
2753742316
2754809260
2775649708
2792565660
2792565652
3874700948
3870496404
3869455031
3869250470
3886023142
3835691058
4104197122
4108477442
1952705538
1952558082
1952558098
1953937410
1865857027
1849080067
1849592067
1849592579
1849592115
1849527586
1866237218
3979714870
3963081046
3963081190
3962688422
3962587046
3899674534
3908058038
2851154326
2851155414
2884709830
2884838870
2880645078
2863871990
2880509822
2879395614
2879403786
2879665418
2879679755
2883905803
2883910409
2875710233
2875710265
2841992025
3110947673
3095138137
3094943097
3094950203
3089838367
3094024479
3102355759
3098222639
2561352951
2561235399
2561202567
2565380485
2556991877
2552871301
2552938372
2557122512
3102381664
3102381664
3102258720
3094128208
2838341184
2871960304
2855191457
2855191969
2855208353
2871467425
2841983392
2850109872
2850240912
3923978688
3923983168
3923853120
3986696016
4288685904
4289750480
4273077696
3197214144
3201408976
3193020112
3192962800
2941298400
2941298275
2939205218
2922618402
2922551586
2921564194
2854324258
2858518578
2858597394
2875386886
2875386902
2837638182
2838612270
2836679039
2870295005
2873502620
2873507476
2849444532
2832536245
2834567859
2830373619
2830111218
3098554482
3098569810
3098601539
3113400385
3146954817
2656213313
2652014529
3725759169
3725784005
4264710647
4264691175
4284685543
3168999653
3164735991
4239596999
3702863303
3702792646
3719586262
3718014310
3724340326
3724405794
3716147218
3698322706
3694055698
3695104258
3430928642
3705459506
3705459489
2627663648
2648636272
2681850864
2658700176
2653653632
2653601408
2657785473
2657797763
2657736435
2666063714
2615733539
2615700515
2615680035
2615743507
2590712839
2607423750
2607494966
2582322726
2566593062
2566458150
2564294710
2581092366
2614684686
2597905422
2589500430
3124265006
3124462894
3124397934
3128604654
3153704622
3152582303
3119027853
3110649740
3106537372
3089866404
3161098916
3186264740
3186264740
3051985540
3077151364
3073093508
3073027508
3073045684
2788082868
2788082868
2809056484
2817313892
2816792868
2783243028
2758075908
2753782276
2887938565
2887914007
3965846054
3986687270
3920627814
3920627942
3922733254
3914344582
1762797702
1750229126
1758642565
1770161044
1771082748
1804642173
1800449309
1779476765
1779538239
1846779199
1846711599
1863504173
1863467301
3979477284
3979478308
3975351653
3971157493
3970305413
3970305925
4255516549
4256110279
4290589271
4273747543
4273745911
3736873461
3734792676
2682022052
2635454900
2635515780
3157426820
3157426820
3161637572
3186868928
3186680416
3186681377
3044044323
3044017762
3044083186
3027309714
4101010610
4117812386
4115778738
4250060930
4250052674
4250052610
4285700114
4285782066
4284836882
4264501522
4201329414
4201263894
4209652262
4206375470
2595751726
2594704154
2611489098
2343053578
2343053578
2343057674
2309560586
2313750282
2313749258
2313700218
2313736555
2313736683
2313786859
2313788921
2313788921
2313787897
2305399289
2305399257
2305530329
2305474556
2288695292
2288691196
2284561140
2552804084
2552804276
2553009060
2552952228
2557142436
2582310308
2616917380
2665151876
2656758661
2656021381
2672802709
3177159653
3168772071
3164585845
3168646773
3170144853
3161752404
3174355828
3139920228
3123065956
3123055648
3123055648
3194424356
3202825268
3198561540
3198576388
3199722308
3197952709
3213141655
3183783591
3154418343
3155659431
3155348135
3021130369
3021139585
3025265537
3050365905
3050431443
3075535218
3073434978
3056659490
2788341794
2791475234
2791475202
2791476226
3865093378
3878741250
3845579542
3828799318
3828762582
2755399590
2755407782
2759602086
2784767398
2780042663
2813662103
2914464709
3182900037
3182698757
3170133269
3170691109
3169712164
3169769524
3169753412
3161898692
3178676932
3205939780
3188900420
3195159060
3195024164
3202360613
2665490470
2682337382
2648848614
3722578166
3722578118
3739436486
3731079622
3732124614
3731988950
3731923426
3732119986
3727880339
3576873089
3560096128
3559309808
2489829232
2489712177
2498554403
2494360098
2494327330
2494328354
2632786482
2649428498
2682913282
2649424406
2632450342
2628256807
2364016677
2364016756
3425269964
3442141381
3458903173
3458905221
1315602821
1584038871
3732640103
3732447527
4267222055
4284198197
4284136725
4286234405
4179214309
2837051125
2837173948
2837399468
2870825900
2874439084
2882819564
2866050428
2866029340
2866029084
3147112988
3116245564
3099472429
3103589934
3103525678
3093825838
2573731886
2607286398
2590641230
2599029774
2666138638
2397768718
2398628975
2415488493
2646271660
2628449932
2628289164
2632483468
2624094876
2491200420
2503906212
2534856101
3726015911
3725880742
3725864182
3725862102
4267139166
4267106574
4283887886
4260790538
4261381386
4260216074
4261195018
4252806426
4229754666
4229785130
4229826282
4229826282
4236117674
3170174889
3170121144
3166445704
3166453896
2512240776
2548809928
2548732168
2548741912
2531962428
2531896876
3085478700
3085741037
3078397871
3208415150
3174532766
2906030734
2906059406
2939605974
2921681190
3995086886
3995086886
3995410438
3999671318
4277019750
4143848887
4106099589
4104002437
3567132292
3567210116
4106210948
4106206884
4106006244
3852775205
3785666359
3848580870
3827545862
3827472150
3827548982
3827368742
3961591590
3961599270
3974434086
3970239798
3987029254
3988073734
4021560582
4273235270
4271728071
4275003540
3754631348
3712684212
3695903156
3692627428
3698853476
3706267173
3702222358
3702222342
3589275398
3622672654
3598556446
3594435919
3594425741
4135487372
4141580956
4074275500
4070093484
4073235112
3813193384
2719516328
2721691501
2720769325
2737825052
2742021132
2708462876
2985221948
2985197108
3052297764
3052209716
3048735293
3048735279
3048739631
3182974250
3182183530
3182218490
3186425050
3186423002
3186480346
3178090714
3175051466
3208077515
3208013017
3191241848
3189144056
4128406488
4131543688
4139805321
2009099915
1975576458
4114796954
4098015418
3825385642
3830878314
3832983870
3765936910
3781468682
3815043610
3811886650
3878995498
3883224874
2773903658
2782292075
2914474473
2947926408
2931084680
4004824456
4007969176
3999781032
2925916328
2921722104
2938564840
2888229224
2888231688
2892425736
2901858828
2901793320
2901726760
2901692968
2952020505
2934395675
2934338922
2930007278
2950974638
2951498942
3178103950
3174965390
3208012174
3210142654
3210209254
4023709543
4000627463
4017400581
4017531653
3983973653
3976103175
3967714630
3963535814
3963474342
3961808290
3961808290
3961533858
3965912482
3974301074
3975229890
3987808710
3987808582
3987808518
3986891014
3970115383
4238546724
4238673684
4242874116
4234493188
3697554701
3697743118
3756394254
3740156686
4277060366
4276978442
4272719131
4004289576
4004288616
4005345384
3984505032
3963534472
3963467144
3963392408
3962934185
3963012010
3962717098
2826064298
2842764714
2851155454
2884839902
2880650070
2879601174
2879470102
2879465990
2879401478
2883595798
2883853606
2883849254
2883865654
2884065302
2884040710
2884561159
2884614933
2884471556
2884406020
2951518548
2943139284
2905396676
2904871300
2904953252
2888185772
2888183724
2910194605
2918517695
2914269598
2914265503
2914334863
2914264463
3182715343
3186946510
3178615134
3178665326
3172459838
3172298014
3205851422
3210115870
3151428382
3199650622
3132607294
3131346751
3131356440
3152318728
3118829896
3110437880
3089400812
3089942508
3090013676
2888751588
2909723108
2919160292
2914970052
2919098816
2910842816
2940108672
2940077712
2805335680
3077965457
3082225313
3080980133
3080980133
3080980471
3081512390
3085708614
2544729126
2527972390
3064301606
3069020438
3060783366
3056332038
3056319510
3056245814
3207243846
2888476870
2892668102
2892734406
2902038134
2897983079
2896803623
2901202214
2888057894
2889092150
2906000679
2872450349
2868264556
2864070236
3132954204
3131840092
3149674316
3149722056
3149718984
3116213501
3118310894
3109328366
3105129982
3172310366
3172380494
3172379470
2903944014
2908155742
2949832159
2949891293
2916171981
2909880796
2893493244
2889294828
3161732844
3161734765
3044289391
3086297566
3082108038
4122944646
4127006854
4109975734
4042932662
4041917335
4041926277
4058703427
3077154323
2993194546
2989000242
2989270582
2993530134
2741943318
2817428534
2817428535
2817494068
2809965676
2772215164
2772283740
2938106332
2940137980
2939646444
2939618284
2809463788
2816807916
2817865725
2780114942
2763337150
2763340190
2767534238
2767673486
2768133518
2783892878
2783901582
2816996046
3085296334
3076842222
2808411119
2791629807
2791634413
2791691629
2800213356
2816974172
2816978700
2816976652
2775950092
2754999052
2754998589
2754728237
2753777965
2753776941
2893236524
2901498172
2914085148
2947690252
2935371276
2926973516
2927035084
2935296751
2935230958
2947301614
2947301614
2913846494
3186549966
3161386446
3173953230
2905246414
3978992350
4012613214
2942873471
2951259519
2952638495
2944380959
3980308511
3980324991
3980390511
2905956847
2906071533
2910126572
2918253036
2918265212
4025557276
4025557276
4289934616
4256640280
4239862556
3702987551
3702852422
3702787014
3439119750
3426255254
3745087878
3727332230
3727332230
3727340166
4293568183
4260081376
4234717924
4230541285
4230507886
3173987342
3207462974
3211657262
3203006510
3215602990
3215664958
3215484702
3181963086
2645093839
2640887245
2619905501
3156968933
3161102309
3161110245
3169747573
3169814117
2893919861
2906433397
2940053333
2922311157
2921782756
2921745828
2791787940
2816941476
2816816564
2817865108
2809213316
2775790548
2809279476
2817750884
3887101220
2796616980
2800806916
2817584133
2809396561
2907887345
2891110117
2899493623
2899428055
2916119254
3981502422
2943411702
2943417446
2943409262
2942405694
2943532046
4017269774
4025724222
4025597242
2943458586
2939548943
2906093343
2906002285
2905998060
2910257900
2918515372
2947811060
2947815381
2930849109
3199216663
3199233047
3197234183
3197287431
3214062919
3175514695
3154608855
3155133143
3155089111
3155097335
4162645351
4166806631
4185664614
4185666774
4185787590
4169010326
4166388918
4174781622
4174849426
4174718850
4174455746
3637736002
3637768978
3639727890
3698384146
3715168562
3748720434
2667048754
2667509330
2663040705
2662974096
2667070132
2667082404
2666029732
2640847524
2640917492
2486109653
2507099255
2507623479
2549475351
3606440967
3739149575
3741225286
3598614854
3598418294
3596194151
3747324007
2673599607
3749440855
2675699069
2675703293
2654558205
2671269853
2673431549
3747304445
3724235631
3707326831
2633627005
2632580185
2632576073
2624190552
2619996472
2637823289
2642138397
3179004701
3170419487
3166229310
3166233390
3170493286
3162231782
3160131047
3176813975
3206184341
2656787845
2522832277
2522709397
2522705397
2522840533
2524804549
3598546247
3598676295
3606974743
3623227671
3588698935
3588698967
3571790679
3572454391
3573371895
3564950375
3562853695
3562853695
3562845471
1415357725
1415376157
1427963165
1428086541
1595832909
1579056085
1583242709
1516195287
1524450519
1524592854
1593827798
3741315542
3740763126
3757544422
3721700838
4258573734
4240748455
3158617847
3175591621
3171325653
3155658341
3157643877
3157651813
3039641701
3178054757
3211725925
3220053109
3221110103
3221171797
3221171717
3219994133
3177977373
3177994109
3161748831
3161977951
3170368639
3034037374
3034557902
3034492494
2756679182
2757592606
2770114095
2770138669
2770134565
2803660581
2786935077
2791113077
2791244277
2799636695
3084791959
3047036039
3047034247
3030272391
3034405335
3034380789
3044339189
3040144724
3044535620
3086398788
3086399348
3082269541
3052778035
3044528643
3040334594
3040211298
3040142691
3044304099
3044349411
3086357971
3086357971
3086424019
3086292947
3086235506
3069472118
3069541750
3069533526
3077995590
4151733318
4151737543
4151565511
4159784149
4157685989
4275122661
4291895653
3754963765
3713016615
3696571175
3692507415
3696562439
3696562437
3437102412
3365799404
1217138092
1217146252
1217359244
1238285449
1217369243
1217172667
1222415595
1215598827
1211412715
1211539579
1479975177
1480053005
1479886109
1479882541
1480009517
1480466989
209596983
217973511
216990535
233767751
233506679
267064935
1340827237
1273622101
1273536332
1257017164
1521323340
1521325181
1525002349
1524998383
2053480702
2049413374
2050461934
2048238062
2065162734
2031509870
1746280814
1746080119
2018709813
2027098901
2027098901
2026051093
2025922165
2021736053
949436229
429293383
433538375
468992327
461128005
427574037
427259692
1501032292
1509355364
1542909908
1526027716
1257521604
1256456652
1257046268
1258238188
3401523437
3401195759
3417974270
3367728570
3367527850
3367560618
3371758010
3363590298
3363590394
1211584762
1282814426
1282815450
1282815834
1282872954
1282741850
1282749978
1299018250
1298944778
1340961034
1336897803
1303335193
1290782521
1282185001
1210887784
1210953592
1496235852
456035597
980386829
984187933
988393517
2053873711
2049613871
2049613863
1781182503
1782243431
1765434341
1767506661
1759183541
1759187604
2027500244
2027500244
2027500052
2027501077
2027634205
1486433853
1486372413
1486370319
414717455
435683854
267911946
267978586
132714298
124460330
57370986
107604314
375954762
375947594
912818506
644448602
645640314
772452462
772317294
772313198
789086318
738951526
738915318
738878438
671752934
671621863
676865765
683294116
683281796
767167628
784010380
1052269708
1048148108
1056954812
1052168109
1051837294
1054884670
1063265054
1025516318
1009787710
475144750
483533358
415379999
415372879
406918669
415303453
159582009
192943897
194002699
177225547
246423514
250613690
250627514
261117370
93385146
75538938
75538811
76718393
93495325
124952588
120762588
34640036
302035116
369139884
369160364
369148076
922961069
872547821
885141294
344073790
347153934
484451854
476133134
472012558
409130766
435343119
466718525
444710773
981509621
986030495
978026655
1040941247
1040941503
1040953775
1057530799
739829423
744023791
741963375
742004239
742030863
742051599
670681135
650098735
784238607
783451214
777027782
789627094
754995623
738341287
738337191
1011032551
1015030757
948119397
1015168773
1015160581
496058125
529602383
244389838
244320202
112199562
112398218
116604346
116405690
116400554
126902698
76603883
76587320
78749976
77772040
90357016
253933880
237156412
505525276
523276376
521175161
1023459435
1006846059
1006776619
1010967339
943859499
939536169
402669321
406863625
952289033
948080393
949063497
697339721
999392731
985108683
1048285339
1043955899
1041862843
1041985723
1044062377
792339369
763045545
750266025
749287161
749409803
749291275
1038716683
1030135611
803647275
799190395
799047771
778076379
773882075
791802107
756162729
738337193
738337513
750923497
746725033
1016075913
1032857227
529536715
514917067
246482746
179311930
178267450
161492250
144715034
144795418
145880634
145867323
143688237
142709372
159560668
197304796
180531669
440635637
436313317
436321455
973319359
973251726
973185167
704704665
721437113
671220713
742527593
750990891
746595883
746612505
751955209
743611657
793939211
785550601
784502073
780375099
784707675
772571355
772309179
789102762
738873771
738861739
739910319
754525871
750333615
749420511
766122447
766187981
803961229
787212445
783019181
783282325
786809029
779141189
791789845
758313765
745759525
745546021
743449637
743449661
759313421
692192717
1002571721
998442569
1066468891
529610266
531703306
531637770
263198218
228590106
228590106
229655098
210825786
211002937
209954360
214017880
205628760
201438425
471041241
521307295
503485598
1040363678
1040363694
1040285863
906068133
922931684
620945764
620912932
754983204
754982948
755052549
788673807
1061297934
1002572318
981666350
981473838
981731870
982255178
982319818
982340235
982377145
982295208
1003266984
940351976
671917161
671986761
672054347
672053579
675724251
692558843
726113193
709343640
705074316
1778815229
1778827501
1862451309
1829912621
1815220525
744689967
752944935
748754751
748758798
686892366
676343246
692136334
717429678
713170607
713426621
714015437
713818633
730358281
702079753
947429673
943238187
674867246
675002398
672831758
672041230
676236622
735022335
718111983
709210333
705081420
705069124
1778811364
1778569700
1845613541
1829782437
1817182631
1819279790
1760629182
1760764318
1758668174
1775451018
1808997274
1804671706
716520010
732769866
732767946
732443339
732439177
968368776
953737912
944284648
940352876
673031484
673033485
742370573
741783823
792107038
777427006
777427999
772183119
772112413
772112429
771915821
1862455597
1828905773
1813082925
1817252645
1817252663
1750155094
1750150102
683752342
683875222
679676598
696455046
713233287
713363845
713888204
718213388
718218012
1004020268
970466861
953708073
953739803
681294602
684431626
684427594
701204939
734891487
718115293
705146957
1778815069
1778810925
1845919853
1845674085
1829925095
1813000367
1827668399
1823539647
1754469791
1757621642
683748234
700525194
700525306
697506362
733415946
732235274
732705291
732439307
732455177
1005117741
970498413
675853421
671653229
671660303
672770319
673098055
740211030
761175543
777946327
772178053
772178117
772243685
771915813
637698085
638767141
655450405
623911205
744564519
744691519
745738111
754125535
752028319
764484255
729885343
713369231
713302671
713822863
713556685
730448413
965272381
953721151
947430463
943238170
674936842
674937102
673094414
684624398
680430430
697142607
709661005
705466445
772767836
1846968428
1712767204
1712738788
1714492900
1852835237
787549621
770774423
754136454
752035206
680734598
679555030
679751414
696528502
713891334
714020359
713761287
717841157
709419301
709419303
726180135
734572838
701018430
692696350
692829518
692763999
692690285
1762180204
1762245740
1745523836
1746571372
1746583916
1763362156
1763624940
1868517341
1786208221
1786208223
1794461183
1811224062
1811223006
1809134046
1799692702
1783441306
1791836091
1791823787
1787628217
1805196025
1805201113
1770530633
1770529099
1757962571
1749606523
1749725546
1749717358
1749718910
1749655135
1757985359
1759100765
1759231261
1767543820
1796969484
1780061196
1780126828
1847250028
1849609453
1849675245
1853214703
1860683742
1786204766
1786081822
710222398
710222638
725951278
692920622
676140334
684264750
680200495
680201023
680083213
680013325
680013389
680011341
684205653
684275317
684209879
684291799
684422871
696899575
701036503
701021639
701218247
675986903
675919351
676115959
671986679
672118231
688903671
688911863
676265463
676255219
676189683
676197347
684717047
684610519
692524503
725949909
709310549
709245269
709302581
709172021
986001975
981799486
981799550
444928734
512021246
244618158
117214638
133019830
133019830
99465398
82508999
83554759
83551173
1157252037
1080738516
1080809172
1082119920
1107089376
1107092452
1140646373
1140708309
1132381133
1132384973
1132394237
1132326637
1132249069
1138536429
1138534317
3554449309
3529410445
3531507343
3527317390
3527341998
3531465646
3530842542
3539235326
3539403214
3555070286
3555095679
3622267941
3622628389
3605849124
3606880284
3606609949
3596124221
3596189759
3608850718
3558531406
3562727262
3562759930
3562551018
3562550891
4099626617
4110110232
4110244440
4110220120
4101830904
4118583545
4147432602
1981071498
1981235342
1981169870
1997931486
1969099494
1960714983
1419518695
1419518695
1419518374
1418211494
3565765838
3582643270
3298478087
3298801685
3304892725
3304893716
3292308740
3307913988
2238366532
2280309716
2276082661
3333116517
3332903461
3337101861
3328713245
3342348815
3308877630
3308875054
3560564782
3560634446
3711666382
3715662991
1609072783
1336524941
1340756109
1340744149
1300111911
1300177447
1295787566
1293690414
1297952270
1339964174
1205782798
1191086414
1182566858
1182567914
1182565370
1182700491
1191092939
1138680473
1088349100
1088185260
1079795628
1079791020
1079854524
1364705692
1398120845
1406509450
1408667978
3555104522
3580276250
1432661546
1412212522
1412227370
1416392730
1424818185
1559101464
1559102504
1550723369
3698207531
3711920891
1602087626
1585219210
1589412746
1589477769
1589556120
3753812984
3713901544
3692865132
3692887660
2619276908
2485055212
2506057436
2548003532
3621651148
3554542285
3522823125
3522691431
3522699367
3514310702
3514380302
3514437646
3548267534
1400818782
1398642942
1365031358
1364766107
1398324619
1381533067
1448773003
1448793483
1446696447
1445536558
1466442542
1441473342
1424634143
1420427583
1441464365
1434010733
1431915613
1430870221
1430808799
1430808798
1146645966
1146770894
1155154878
1169834670
3349889726
3333026447
3333149317
3337593556
3329075172
3459032356
3475809572
3442389261
3425628941
3295670799
3563910719
3572301358
3573410350
3573414190
3573324007
3590098087
3607069829
3596517509
3596517508
3592282260
3592233188
3525186020
3541959212
3518890540
3502054956
2427206204
2427218456
2431445528
2423893512
2424020680
2440660680
2449326729
3523200671
3514791662
3497797094
3229360162
3224113202
3227914242
3227922434
1164324866
1197875218
1189487634
1189502018
1189989698
1190956482
117218758
134003910
1442683086
1434164318
1433123934
1463330046
1446568175
1446535407
1446584813
1450840825
1467613945
1423578729
1419325035
1419258475
1419262571
1419261915
1150841291
1167651019
1167683785
1167741275
1171920699
1146763821
1142569517
1142504237
85474077
123223309
108531980
108986380
104464652
238682428
506212652
506208548
