2042691012
4190173124
4232180676
3691238260
3691403108
4229388133
4233461607
4260650855
4290037607
4290233287
4275225543
4266894277
4265714013
4282496303
4248941870
4244766014
4229037082
4228996154
4228988138
4245695722
4115737770
3046249898
3079799737
3063038600
3063104136
2526077576
2525030044
2530272956
2538661357
2534470893
2536981607
2536916006
2503373862
2508088626
3590219027
3589691139
3589690883
3581335043
3614889475
3614891857
3612728689
3612663137
3746883941
3713329653
3713462228
3705077445
3562456773
3562522579
3562336674
3562299810
3562041506
4249895074
4250010802
1565668819
1565681107
1601332499
3748885763
3748754691
3748752642
3748785410
3748920594
3757307698
3740522294
3738289718
3738227222
3738301207
3738302333
4292204012
4283749612
4246074620
4229354700
4229350616
4229154296
4099003880
1951496040
1959818105
1976591067
2010146555
1993373691
1993562107
2010269115
2000909723
1967154683
1951462907
1951516155
1976813019
4157862347
4149404127
4149470175
4149338622
4149343726
4124169582
4124178286
4107495295
4115887903
4115871551
4115863351
4149286183
4283503910
3746628918
3755152662
3755160838
3750966550
3751245590
3684136726
3650582278
3654678295
3638359871
3638341933
2564601133
2581378348
2581380412
2573057405
2568862709
2568863479
2619268822
2619234006
2621315030
2625573366
2633839090
2629775458
2629763170
2628190307
2493793393
2493834448
2498028736
2506601664
2671152320
2654375104
2654444736
2654449008
2658578208
2666964512
3199579681
3220485667
3178554931
3172251235
3205865059
3205926883
2923924963
2923740387
2923801809
2790698433
2803300293
2803287751
2769732343
2771763943
2755416806
2759619182
2767991662
2767983918
2767983899
2784834827
2784961883
2776448127
2759662847
2902284511
2902415566
2896096462
2912873678
2946405711
2946402063
2952763149
2927601213
2944181805
2939989548
2939985448
2939981352
2940048952
2938033688
2921330493
2920609581
2939471661
2943733101
2910309757
2893536605
2893541213
2893279197
2893149693
2909820415
2910078463
2775930367
2759283966
2759226590
2759212254
2759277790
2767404254
2767403230
2763208862
2779855006
2779977870
3048619398
3080077206
3600170899
3600236435
3600629235
3332125747
3334218803
3338608643
3330154499
1164846083
1148091651
1282362115
208489266
208472882
208603986
1282284018
1290747378
82652659
133004787
116248019
116231635
116235667
1189713299
1189844371
1181390227
1194044819
1160490419
1143582643
1143716755
3295386515
3320552947
3320360418
3320360418
3622348258
3622348130
3615085923
3615479667
3594515267
3593302289
3745281319
3744757031
3715383143
3698667366
3696635734
3705110342
3704900934
3700481358
3717260767
3750880495
3738301933
2664551933
2656290813
2656290685
2656171903
2668750687
2635330911
2618540414
2622615791
2630934767
2626806013
2625762781
2629946845
2621492725
2500877301
2501077749
2501013237
2507306613
2549269023
2549203743
3082088735
3082068254
3069486398
3069492526
2524223790
2517945199
2518141951
2518044559
3053868941
3209064845
3218592189
3184903661
3166033389
3166037375
3166168399
3170101007
3161584415
3155186487
3155187575
3161484775
3186847207
3182517477
3220196517
3211873413
3207746949
3205691269
3040011909
3077760725
3052430247
3048235431
3052429542
3051384934
2506309926
2489500983
3026444039
3026317063
3026430725
3026369301
3043200789
3043202567
3061241351
3061236230
3059106774
3193242038
3188995238
3205768366
3209764014
3180465327
3214038173
3216204940
3216040332
3186663884
3178280412
3174276989
3174218301
3979782709
3849825077
3883253045
3879056661
3879071765
3878113365
3878555877
3878621413
2805793959
2818379175
2814331559
2796968661
2796018245
3064252933
3068456453
3061113349
3073728773
3038191895
3021418867
3021418855
3036091879
2494959079
2493910007
2493926343
2510638023
2548362951
2523196999
2254825286
2520053094
2541020518
2490758502
2490815590
2499203154
2495008787
2493894673
2498031697
2506416240
2535847376
2519125456
2520173969
2524335521
2524413857
2524260279
2532651991
2549428694
2549166422
2515542326
2515558695
2515629375
2515662111
2515795743
2549329693
3623337741
3623329613
3614803807
3581183327
4113928671
4097303038
4097171694
4094980270
4245971439
4246020589
4283839469
4292219901
4292215373
4294246925
4285797133
2138317627
1567891755
1576476986
1576408410
1574045018
1574111066
1506809691
1540384603
1540416091
1607525211
1607521035
1607504153
1599197497
1599590713
1599524889
1565970457
2100778041
2101310505
1027436665
1031606345
494731721
494797257
494817753
494818299
477943675
1551685178
1560057370
1560057626
1576838938
2113906458
2147395338
4278093578
4272587290
4272521835
4276662635
3999834217
3995640041
2921918697
2921971881
4012523689
3962181561
3962191497
3966385801
3966250651
3840421547
3836227243
3836479467
3837527515
4122748362
4159971402
4149616714
2002145339
4292239403
4292206635
3757367595
3757372219
3757348633
3715413789
3716134749
3716061181
3724199613
3589981837
3589963661
3623518141
3598396908
3598265452
3598672956
3598667804
3598536732
3615256665
3565150667
3565073866
4099313150
4099247598
4098133482
4098661722
3847010059
2949555993
2950604584
2942281512
2940068648
2906214972
3174765116
3157922348
3157918252
3169519404
3165130028
3165133084
2646091788
2679843848
2679778312
2392486920
2258552031
2260518382
2243741102
3303837094
3291270566
3291444722
3425591634
3426672978
3426673090
3476988866
3459949442
3463092099
3463417731
3463416706
3471281042
3740638178
3755257314
3721719138
2647975014
2647975014
2648175719
2639713751
2673788869
2673788869
2657015492
2657089140
2656368484
3218401060
3218401060
3218470205
3176199997
3175147391
3175217006
3208894318
3218523494
3218525558
3218590838
3186949174
3178556470
3174425606
4248761350
4282315782
4265532438
3997092966
4009610598
4005355495
4022204149
3988518597
3967406788
2889470660
2889471732
2889481956
2889476708
2893671012
2918775396
2950257220
2941984452
2921014981
2921211815
2940011942
2944140454
2917928102
3165592758
3165533590
3166054022
3182765702
3751027399
3734266839
2664719847
2658432231
2520087767
2536668359
3576847815
3581075271
3571633735
3571566151
3571508751
3571578397
3563118397
3580944173
3580951853
2540764199
2540821527
2539115542
2539115542
2538983478
2539053366
2505499446
2497114679
2627130965
2631245397
3168058965
3176438357
3176500020
3205859364
3206388788
3206390788
2923405316
2921328724
2921255796
2921222885
2937980647
2944337638
3991667430
3987485054
3987480670
4255658014
4256920590
4256885775
4261079309
4261132620
4252604876
4281907676
4281900956
4281909916
4282106524
4146741916
3039433460
3043897957
3035373862
3031184418
3030662178
3030661154
3034937714
2490857794
2486595010
2484495810
2488743362
2505508850
2513897442
2549945826
2545690082
2528978290
2663212034
2667344918
2684122166
2684114214
2684186934
2650764087
2650764151
2625459039
2625459677
2625501661
2624977404
2622880228
2639641076
3713051076
3746607044
3730020292
3729953748
3729978276
3738362788
3755139488
4283617697
4249993635
4094738850
4094731750
3826298342
3828459894
3849500934
3849500679
1731311621
1731247125
1714467900
1714655277
1714602029
1714602285
1714602285
1718830447
1878216175
1878212095
1844657631
1844653519
1750281677
1750282189
1752252405
1752243941
1777409637
699473525
699471365
699409989
967844417
965747267
965769043
952169811
968930771
968996179
1002616131
1002615107
2076356871
2069074199
2052124991
2046849323
2046832939
2063741226
2067928890
2110938938
2106776346
1838193418
1838455562
1844743114
4017917338
4016606618
4012409994
3979182234
3979313338
3962474922
3962479082
3961954794
2905006442
2909200682
2909140286
2942629182
2942661950
2942793022
2951099774
2951091678
2951157214
2951022046
2951026686
2919045118
2919183102
2898211546
3165467162
3182178827
3752338185
3735561480
3601344776
3337103368
3324512264
1194002700
1161431300
1144667908
1148850688
1148846592
1148846849
208302913
208597841
208598899
225294195
1332580723
1315803507
1324324337
1257225713
1273868209
1232059059
1227881106
1227848338
1227299474
1260724146
3395622370
3400283234
3401331810
3401327650
3399232562
2342054962
2342037794
2346432818
2331680018
2600111442
2667220339
3198780768
3202920416
3211313136
3207106544
3039333712
3039481200
4096400736
4096671008
4029553952
4033748257
4054785891
4054736835
3015376833
3015359936
2998507968
3000601536
3000875696
3000872688
2992484065
2991896291
2719283170
2719282530
2725270566
2725270562
2708550706
2691838994
2691834115
2960537345
4034332160
4040623696
4039589568
4039454401
4056759251
4056746451
3519892691
3519904963
3519899075
3511641537
3545233345
3544896465
3553350625
3553489889
3545036785
3545036373
2471286389
2504914549
2513301111
2513436535
2513297271
2504841079
3076318711
3210601943
3210638807
2682148343
2682148343
2682090743
2682025207
2673632503
2673698039
2673829111
2640209239
2648601943
2648659285
2644473685
2509764423
2513958663
2513950487
2505426807
2505365351
2505332071
2504291687
2512679285
2512867669
2512802133
2513949013
2505430365
2501170557
2501303773
3575052749
3579243973
3587702213
3621123485
3612726429
2538983581
2538983677
2539123173
2547442149
2549540839
2550130263
2516424262
2507511318
2507519286
2508043558
2508043302
2508051510
2508181622
2537508946
2536378867
2536387571
2536125427
2540384995
2516129505
2511869665
2495420241
2495577921
2499800901
2515398468
2506927444
2541528436
2541598069
2541716853
2539623925
2539509237
2535322967
2535421782
2541649270
3581812070
3589999974
3573091442
3573101650
3698861138
3698861426
3430622578
3438950194
3438941954
3437958978
3437826818
1307136770
1332302082
1340821874
1323921779
3471384931
3471389043
3471383922
3471513970
3471513874
3337295894
3332970518
3332929558
3265817687
3332956668
3332952492
3337143212
1177076652
1177191356
1177195404
1160426444
1143646028
1148951325
1425586479
1425844591
3564939755
3560942043
3577525643
3728527753
3725980093
3726008813
3738591589
3623317796
3589554468
4126437636
4101369092
4101421845
4101413397
4101409295
4127099663
4294805262
4294738206
4269596782
4263272682
4280037546
4112396459
4099806633
4242411433
4104003209
4104076937
4108086985
4108119625
4124884505
4141717051
4278171419
3741163787
3741114395
3741118522
4269555754
4294852842
4261036202
4252636586
4252700602
4118355595
4118363851
4118292169
3564644041
3560449753
3560734713
4101863401
4101895657
4124955115
4154306683
4137529433
4070412297
4070342713
4066148393
4062024745
4078875689
4078886969
2000609337
2000560409
1966932939
1899759307
1887373994
1894648490
1890519722
1957501626
1957445258
1974215562
1977897354
1474679179
1474487215
1440916079
1440981543
3588264485
3571492389
3571494437
3563174709
3580018455
3580010263
3581331222
3581331222
3581887238
3581739798
3581751606
3565106470
3565032546
3573417203
3573499089
3585954176
3585995136
3590189504
3623866820
3623851476
3615489396
3577609509
3577539877
3577538343
3577538343
3581174566
3612693302
3604300630
3604468678
3596023750
3595993030
3612757398
3612727734
3587505335
3587472551
3621024949
3604771261
3604967837
3606999957
3606995605
3602797237
3623637989
3589040103
3563382119
3560235303
3560239415
1412747527
1417134343
1417082119
1551361303
1568138551
1568077095
3722429799
3754806775
3746422743
3746424519
3713001159
3713921735
3713921911
3697045863
3705476454
3705607287
3707641175
3724418519
3757973463
1610418135
1593574391
1525953511
1525952999
1523847663
1515459070
1515217406
1530962302
1531027806
1531090186
1497533706
2067892490
2068097307
2052368697
2052564025
2115416072
2115915784
2115960856
2132607016
2082349352
2094933544
1956526633
1958677003
1958496970
1438448330
1467793290
1446557066
3594027402
3598221722
3604709819
3600462251
3600474601
3621445993
3587793260
3562631548
3558560060
3560587581
3560884061
3565078349
3565154125
3581210445
3581214719
4151626223
4132949503
4132957661
4065715615
4066242975
4066333086
4083106238
4085141935
4051333551
4034601383
4032373239
3503825751
3504100119
3499905847
3516781367
3519018263
3590317335
3581799447
3579100215
3579287895
3579223367
3579223367
3612841415
3612659927
3608989941
3609055349
3609120869
3615379813
3590222117
3586093365
3586077447
3590263623
3590068223
3514580911
3514579885
3510575037
3510505357
3510044557
3514106765
3513865101
3505505277
3501249388
3501254460
3501237788
3501438492
3505554964
3504784916
3496461877
3492664933
3492599783
3509360102
4084045238
4067333526
4067333574
4067394006
4066750551
4062486581
4062486588
4079280172
4028982316
4029050684
4033224236
4041608741
4041672229
4037280311
4038332950
3505664790
3522498898
3556642834
3287946258
3287946258
3288010802
3288018994
3288014866
3254460482
3250267202
3250200002
3250224594
3250290131
3233371603
3237789939
3254567139
3246182887
3246379477
3246314965
3279943669
3279812597
3279812087
3279812055
3261985239
3261985111
3271030102
3271030646
3266803574
3270801190
2213835046
2180272439
2163568981
2163700085
2164093429
2155730404
2155857876
2155792324
2172622789
2205001717
2213390309
3287131637
3278738933
3279717872
3241973744
3242177488
3242111953
3225334641
3225400177
3493700465
3493700451
3514807923
3547239955
3530462723
3530524163
3530397267
4063028787
4079870519
3006125879
3010316135
2976765799
2976741239
2976741206
2976716102
4033615222
3513529638
3521984310
3521779462
3521777926
3555397910
3286839346
3353948194
3349753890
3350933522
3350929411
3348832263
1205478663
1171928837
1174017301
1165694325
1165509757
1165522013
1165550813
1163525341
1197186559
1196006831
1120452030
1120441758
1120507022
1112273054
1109389502
1109319854
1113514414
1113252838
1390011110
1406722662
1406710319
1373157183
1364770111
1398324285
1394121789
1377541245
1377475932
1394266076
1398458109
1397741309
1372418813
1372418813
1347229541
1348208487
3495697895
3495771623
3495896567
3497923011
3243639746
3243639618
1104548610
1104425254
1171531046
1167336486
3298042903
1150690311
1151218693
1289622789
3428451605
3428519767
3428540359
3444309894
3477856134
3343484822
3343418302
3335033342
3335041534
3330912639
3331039549
3620578605
3612126505
2534190377
3003956265
2987310136
2987295768
2986836056
2986721528
3003633896
3003609320
2969973224
2974167469
2974233517
2983142143
2429499134
2429490814
2429228630
2492153670
2223580999
2223515399
2223519557
2244507221
2279176053
2396972885
2396939589
2396935623
2262648055
2262585510
2278846638
2235855022
2219798686
2219798974
2219799482
2236047035
2232802011
2266823371
3342658251
3341807307
3354370763
3282932363
3550774169
3517219049
3513024617
3492054057
3492083753
1361504265
1395025929
1377970443
1382160651
1390544139
1386692891
1387742075
1405539323
1372054521
1355064041
1355068141
1371833071
1371849387
1371920315
3544610235
3544606139
3511037083
1363556506
1363572891
1363667403
1371913483
1892982539
1895084831
1618323263
1618388797
1614197021
1612153119
3843527959
3860111655
3860111399
3862339878
3861283110
3861365734
3873822694
3873831846
3890609142
3890600918
3857111495
3848722887
3849710069
3845450981
3845450997
3849706741
3848785397
3848719861
3857177973
3857045877
3857045877
3848665461
3882219893
3882350869
3882350933
3882088791
3881957747
3881950067
3982613363
3983006583
3983014743
3982883191
3982588279
3982522743
4024522870
4024638582
2816679030
2816687446
2816687446
2816688086
2783387358
2779062014
2779060990
2980387582
2980396766
2443459534
2444504014
2176596302
2174490974
2174490974
2178693390
2247899919
2231140167
2231162183
2229589331
2229589107
2221202547
2221398131
2238109971
2238118163
2271669011
2280057395
2280041074
2279905875
2263124947
2271513075
2272037345
2272107937
2674900912
2674310800
3211179648
3145115520
3140986356
3107763428
2839346276
3896392812
3894290476
3894290476
1746807068
1751001868
684665372
680341021
680276557
696525389
696525517
730080205
730097103
1002732765
1002462301
1002527837
994278429
994211100
960688956
960672569
943952411
683774495
683712350
683719038
683718878
675395790
671594638
721860751
705074311
1778831495
1778536630
1778516902
1778516642
1775306402
1754270370
2022714066
2022714050
2022713923
1485843776
1486036032
194122816
173147584
168889792
168832400
184576928
222358433
222362529
205585329
222559121
88275329
122878337
122870145
125013393
57720224
65056160
65121776
48414528
40080912
308384304
308318753
308326945
325301025
291746595
1885444386
1885378850
1881184290
4112615714
4146239794
4129729282
4129738690
2117010306
2117009794
2116419987
1877409955
1872769185
1839210657
1839216097
1878009159
1869672199
1865461510
1865461510
1863363334
1829812526
1813093422
1812110382
1812106286
1812171822
1678206015
1678123053
1678127149
1628835885
1641414957
1639319340
1639320093
1620523725
545536655
830745230
294394510
327943822
59642766
59126671
25245623
29376421
121641889
117442993
117603715
118646210
101868994
1181836658
1190227298
1184005458
1200781570
3348257026
3350350082
3350219042
3349178658
3315624227
2241919331
2247149921
2373159377
2356316609
2372057537
2372054465
2372056384
3445789952
3697447168
3693122864
4229999904
4229998624
4231051296
3912280096
3945982240
3929172257
3929148387
3929149315
3933603458
3958507395
1806770081
1773149600
1771059616
1838164384
1838164356
1829777284
756051396
756082116
739418145
752005154
749916194
749858838
611446798
607383562
605221914
605165834
553785610
557976331
566364987
549599771
549465611
550505995
550504139
817955483
834864811
847459243
310514606
377623438
109195654
113258918
113254822
1182807458
1182817698
1334028754
3481381170
3448809762
3450972449
3450977056
3450051120
3449981456
3454175824
3445852912
3441527520
3442592416
3442698912
1292970657
1292970914
1293105330
219297922
219297922
225589378
267532482
267524290
266491970
249616402
518039586
518039586
534818082
425770274
962641186
942716706
940701491
402880311
402915126
423804198
1539488038
2076346646
2038864134
4169578758
4170103559
3096295957
3096230436
3095968292
3116940836
3138114084
3122316000
3206169248
3074032289
3053126561
3030912163
3031177379
3035388081
3027163265
3043408003
3072764291
4129466818
3861095426
3860901922
3860901922
3860897826
3861946418
3861947442
2803084322
2752702754
2752695078
2758953510
2766341666
3839951410
3840213554
3764658706
3760464146
3765182498
1694236710
1958347830
1958348823
347740231
347748423
79325255
78163271
485006687
485002750
1038716159
1068143836
1055568092
1043050748
1042919676
1043177724
774824172
774788324
1831738342
1844386534
1840077542
1840216706
2125424258
2125013634
2129199746
1592398530
1606038497
1572413792
1574445088
1549279248
1276716032
1276853280
215628064
211704129
211732930
496994690
495815042
529314947
1585754257
1590014128
1577234848
1578349024
1578365296
1578181424
1561535265
1544626721
1953505825
883954465
884020529
346429697
363202817
95358017
128716231
132924807
124542351
254311839
255457710
257489838
516746154
516714426
516187018
450228618
441708954
440656362
448848367
985719279
985720293
1002483173
1002549237
994287313
2034474689
2030286529
1761850065
1828827888
2097263344
2097328864
2097320660
2097300164
2097286797
2080447150
2081499566
3975219374
3971041454
3986868426
3986871370
1839312906
2141224970
2137038890
1864474666
1864540459
4012021549
4013082156
3983787564
3989896764
3966823964
4235226901
4231083287
4231214354
4231148850
2622895394
2648053026
2677409586
2660648706
2526431042
2526529346
2526398274
2258421618
2264718691
2256330087
2268412199
2268409141
2268409141
2239182116
2247562084
2276787172
2276722676
2276722628
2270486404
2265164677
2231545749
2499981205
2499977141
3158554293
3166807700
3162549957
3158360005
3154164983
2885795046
2885868774
2903694566
2905797862
2951935478
4004697847
4004677333
4002453061
3994070597
2920328773
2920344933
4011064620
3979527468
3966911788
3966959964
3966972381
3966837661
3966973885
3975356077
3904047789
3920824989
4019272589
4002425677
1854958860
1859183628
1859515404
1861726269
1861591085
1876205613
1842655279
1833734207
3977048094
3977080950
3959821414
3825602022
3829795814
3833989858
3028421346
3028355666
3028299330
2508205570
2541758211
2256744195
2261131011
2261192451
2261192563
2412055907
2407802082
2408866018
2408898722
2348056755
2339734931
2570423681
2568338821
2551490964
3088427188
3088427188
3893864596
3910641813
3910319255
4010980599
4010995943
4010988006
4013017062
3983595503
3983638519
3983637495
3966852055
3983669717
3991006549
3991141685
4024681781
4007875845
4007747845
3999343381
3999347511
4268765991
3195023911
3211866663
3184727591
3163687927
3163687367
4237494663
3700582789
3700616325
3717432453
3715399813
3710943397
4246769829
2099356909
1830921325
1832103229
1832038173
1769183005
1802540317
1801512223
1797317910
3945887542
4180876838
4212334118
4282523234
3754040930
3749910098
2642745090
2508461330
2224362770
2224430146
2226539842
2159463747
2179960259
2213842419
2255789153
2253710433
2253776224
2253911392
2262161376
2264201120
2280713632
2245033393
2236632209
3422618801
3422626273
3422692337
3422691840
3423741440
3427954176
3436243456
3435182848
3703617792
3699489024
3716263361
3749950338
3733095318
3201466790
3193143718
3188753574
3189021862
2920656102
2786589798
2805124390
2808337718
2816599318
2782978839
2908774679
2943381767
2943563095
2949780965
2949778853
3889236404
3889171380
3855686324
3855682196
3855686292
3855625860
4115670724
4115669765
4115685637
4149272887
4151369779
4159812914
4157707571
4153513265
4152395057
4135701972
4135766420
4156713396
3745655200
3707906464
3707967920
3707969457
3691197105
1556296339
1569927875
1167139586
1169236226
1156658434
1155659794
1151449106
1151449362
1084406034
3500325698
3551692738
4067787731
4063527377
4063527409
3793002593
3793003617
3860112675
3877014822
3843474726
3845285222
3845354990
3848427006
3856813534
3975368158
3975183838
3991989727
3991990239
3983599453
4017202972
4025726780
4025595676
3983652156
3982619708
3961639980
3961738300
3961663788
3961656108
1747059436
1751253749
1751322359
1759513335
3902806903
3903907895
3954239495
3937577991
3937575175
1794278151
1783726599
1778426663
1795219749
1744855085
3892450413
3892447469
3964799149
3975284885
1840646279
1874205575
2125872835
2125866499
1589060099
1588920883
1605640753
1572626449
1572772865
1555990529
482248769
1438550211
1475053778
1378456818
1378390258
1378685170
3526235250
3525710946
3529850402
3533974050
2477009506
2209626722
2176072402
2173704898
2155907779
2160167553
2160180096
2495658416
2495654304
2621483168
2621487265
2617350322
2617432226
3155303586
3157408930
4231144866
3965855394
3970055857
3986935424
1839237764
1876990596
1864416196
1865460484
1865460004
1798417708
1764996396
1764939053
1748111661
1748111655
1748113191
1759645478
1756498534
682822358
680541126
729819590
713058310
713141254
713528326
713536518
713334838
713334831
1791270959
1795461165
1761906749
1762037867
1829131754
3959819758
3959819246
3830320102
3834514150
2760772310
2761898566
3164415558
3214746369
2661098240
2665427264
2657026368
2383217104
2382693344
2395288481
2676302501
2642438063
2642472894
2642455438
2571155854
4177574286
4211124430
4211190991
3942753355
3942883339
3909267515
1761779754
1745018926
1745015146
3892463082
3913371626
3946893211
3946900363
3938577291
4005821337
4005804696
4022582936
4023621208
4023489048
3981488664
3845186072
3828408876
3827327276
3827306533
3827367973
3831627879
3840279807
3852864671
3853912479
3853916559
3851827599
3885379471
4153765775
4292142991
4285854623
4285592574
3983665118
1831921022
1748034863
1748100399
1748103469
1748103485
1767993661
1801549117
1802597695
1802532158
2068856638
4198569854
4206958302
4206900958
3666097878
3733419766
3733389303
3750141379
3717631425
2509671617
2516485313
2507506880
2503247088
2484376801
2501375073
3038196833
3038196835
3041928547
3050317798
3048287974
4153609958
3750825650
3750760146
3713013443
3440382657
3440456384
3423807424
3426872768
3426790848
3426786752
3703606720
3720593344
4253263809
4286687222
4269850598
3998260582
3994130790
3994261606
3994197030
2937230374
2905767970
2905784355
2887970851
2888032562
2892224306
2900512306
2918337042
2918338114
2949849026
4023463810
4023398326
4023394213
3889172132
3855617700
3855617972
3855628180
3889242564
3885047812
3884998661
4136690695
4136674311
4139820087
4139889719
4139947325
4135753181
4135767965
4152511421
4123069357
2080443045
2080574117
2081558165
1544696757
1551049207
1571824083
1571823875
1285578754
1155589122
74497042
1148238882
1156692002
1420998962
1420991746
2008194818
1927449858
4062285075
4063267891
3792743459
3809520675
3842288931
3825698082
3825633058
3843475234
3883398946
3866326834
4000535890
4000536019
4000337319
4006632869
4023414181
4023414173
4023513052
4023513084
3989962556
3989945628
3989941516
3981569292
3977375037
3977378861
4011021358
4013048878
4000449774
3941795070
3941797310
3937603006
1806907838
1806773182
1773218749
1773222556
1773214364
3924893316
3922798212
3922814535
4224738822
4216352518
4216352006
3151031318
3149067298
3197284642
3197301286
3197358638
3212886555
3179594713
2495922600
2957397416
4026927576
4027976136
4027976456
1883114280
1613642536
586034440
581443848
582496520
584585481
844632361
843592041
306713577
331882477
29958133
13186513
13185475
13185475
13251011
4863443
4929970
13319058
13253506
13253506
14306178
32001922
65590162
48812978
44692387
44822944
45834656
66609568
22569376
1602976
2051568
7850308
6666500
14723348
14723381
299936061
828418335
593730319
576884239
845317646
572686854
1646690870
1646567970
1646567714
1646571554
3794047010
3874325538
3853436946
3970890051
3975084610
3962501826
3962559170
3962362594
3962362338
3966032102
3982817526
3982882943
3991338109
3991338109
3857087581
3848699357
3831922655
3831978975
3831847423
3831781887
3840244221
3836181981
3836179932
3770119644
3769857500
3773922804
3773921780
3764476405
3781385205
1629969365
1667725781
1650720087
1660151127
1657922903
1656878423
1673582038
1631706610
1627651554
1677982178
1677982178
1699994098
1702091219
1735645651
1735655363
1734606803
1734602387
1734475442
1700875938
1700876258
1684102643
1684041203
1692494931
1692626001
1692663057
