3756572772
3745042532
3711480148
3711673668
3694833429
3694849831
3715690342
3724079094
4261412759
4290690484
4290157972
4288056708
4157836676
4283542996
4262505764
4264600868
4264591412
3995197493
3995295783
3996332071
4013102119
3962707431
3975552662
3971352198
3971876494
4240179870
4239946414
4244398846
4261209946
4261211674
4257218362
3720273198
3757497407
3749102607
3715318799
3710997519
3698488351
3698480485
3706865637
3705128661
3706838725
3723620036
3729909700
3729844181
3730171349
3726102998
3726098678
3598176486
3598053606
3581797622
3573446102
3573437894
3703522758
3706541398
3706484582
3714869095
3714869095
3748652823
3757504279
4294366997
4256547637
4260401461
4233146421
4228952127
4228943935
4229227551
4245152799
4249281839
4258717037
4254519148
4242329468
4242333020
4233952589
4229914061
4246625743
4250826718
4283922358
4275434150
4274377399
3066380949
3066327708
3066324732
3074713580
3074768236
2539072829
2539072797
2547461951
2549554735
2545223215
2478048815
2478061087
2475979534
2210714894
2210710814
2210714942
2210715006
2235942382
2244986350
2513405374
2630784447
2630858141
2640158173
2640157916
2635971804
2668608604
4279151692
4279166284
4262389085
4212059485
4212027357
3138334685
4182585309
4190977469
4186783165
4253883836
3716489149
3716483007
3565422526
3565159342
3562066862
3557856678
4094723495
4094729600
4098927552
3838880256
3830561280
2769467904
2805111296
2804321792
2737209888
2736960032
2741039651
2749416230
2732638694
2732641470
2732869822
2724550846
3794167966
3794151566
3794151566
1647717518
1651913870
1677066382
1639317663
1622544781
1622614685
1888757397
1888775925
1888778865
1356089875
1358175762
1349791250
1349789202
1348940594
1374097506
1403417826
