1356663823
1406075911
1380926837
1376769013
1376228245
1376227989
1912837045
1916834725
1916842919
1925226935
1656988831
1648536735
3791829119
3791886383
3808598061
3875711021
3842418989
3830890285
3830892092
3763847709
3760014141
3760022383
3760006119
3776775143
3813475310
3813474942
3787801102
3787740682
3771006475
3771001355
3762350619
3762354715
3762313739
3774946827
3775143451
3775139451
3779332987
3779401834
3813096555
3800513659
3801034875
2995728474
2458857546
2458722378
2190221386
2206991454
2173454974
2173492078
2173483366
2173548902
2177743206
2169485686
2170534102
2172631239
2172631245
2473572573
2473441436
3010443452
3010377916
2737748140
2737813692
3812342012
3812276460
3812292844
3812255917
1664756141
1664756127
1669012447
593169119
567876351
567884349
563685949
549141021
549010973
565984781
564932109
564931085
569117197
627964279
627964279
627964279
627964279
627964279
627964279
627964279
627964279
627964279
627964279
627964279
627964279
627964279
627964279
627964279
627964279
627964279
627964279
627964279
627964279
627964279
627964279
627964279
627964279
627964279
627964279
627964279
627964279
627964279
627964279
627964279
627964279
627964279
627964279
627964279
627964279
627964279
627964279
627964279
627964279
627964279
627964279
627964279
627964279
627964279
627964279
627964279
627964279
627964279
627964279
627964279
627964279
627964279
627964279
627964279
627964279
627964279
627964279
627964279
627964279
627964279
627964279
627964279
627964279
627964279
627964279
627964279
627964279
627964279
627964279
627964279
627964279
627964279
627964279
627964279
627964279
627964279
627964279
627964279
627964279
627964279
627964279
627964279
627964279
627964279
627964279
627964279
627964279
627964279
627964279
627964279
627964279
627964279
627964279
627964279
627964279
292419959
23968246
23968182
57522614
1131265470
1131265470
1131265470
1135457726
1135456702
1135456446
1101902010
1084682411
1085698216
1081237928
1077102472
1075010264
1074944728
1309384
1108936
1304521
5424075
24560585
24527689
8257821
7275821
7152941
7152941
15279391
15418631
15417607
15716679
66048455
49205719
49189279
48665021
49649597
39100332
39108268
303341228
303343292
303342236
1920307848
1920369288
1920369336
1920308968
4067206888
4084002540
4046317293
4029641311
4029547102
4033806910
4042003246
4042010926
4037816362
3568247866
3567660058
3567724558
3303483406
3296147466
1307855882
1337250890
1320665162
1318486347
1318486360
1319076328
1255976424
1246538216
1264363880
1528807292
1511703500
1579074508
505279452
505209849
504127979
521101674
1565486442
1548155182
1556543806
1574344730
1339398154
1184144394
3331686410
3331751946
3331768346
3331768363
3335864361
3344196905
2220845864
2222873112
2220772872
3294582344
3294393048
3293324281
3293323705
3301716921
3301856169
3301328553
3293011625
3288685225
3288652441
3288657545
3293898377
1129837513
1115079627
3262530523
3258340346
3275175402
3275046382
3245682030
3320851582
3316655134
3316654094
3350278158
3349348366
3349299246
3349311789
3319948076
3294846492
3290483292
3290483452
3308576508
1194715084
1175904716
1314304460
1314292172
1314357741
1314362733
1582671981
1578477613
1578413117
1582601247
1582596111
1578467343
1578561595
1594253418
1543922026
1543913450
1548094202
3704044282
3565517566
3565484734
3565475466
3583296138
3616834186
3604054747
3620910063
2505220975
2484249903
2486410559
2486275359
2486238495
3023103262
3025167134
4115866206
4159836911
4159833065
4138928040
4159770028
4158654940
3614447820
3610279116
3610305996
1462887308
1460925324
1444074444
1448268252
1993536748
1993598061
2128084013
2119685151
2119562254
2115366942
2115104830
2048094250
2031296810
2014459450
2017596986
2026051114
2021733947
2021668729
2088771033
2109750457
1992321193
910194877
910383245
910390669
927101837
893809343
809947887
273056303
1885110831
1887212087
1886165527
1881447173
1885780245
3765606756
3822225908
3804400516
2722275972
2722275972
2718151236
2719322660
2721362468
2738156069
2737108519
2724517670
2725004518
2724462838
2724659358
2732982494
2749763806
2716217370
2699437322
3773180682
3773262346
3773295114
1625811210
1675921482
1659145418
1651294410
1651294426
1647169658
1647235114
1647239210
1714315310
1701766206
1693440790
1694353942
1694288406
1620892166
1637340678
2010534670
1993814366
2010394735
1968447597
1951670380
1951867180
1951798812
1423248908
1423706636
1425869340
1421745693
1421680205
1153232591
3349982926
3333265358
3332736398
3332735383
3332735415
3467948525
3472155629
2406818797
2354520941
2350067055
2354261359
2354265470
2379425046
3482530054
3482407175
3448783175
3435151623
3426775333
3422610725
3423055207
3289815527
3306589639
3258355079
3262481799
3270869383
3270869397
3270893989
3270996389
3530760613
3513984933
3497095077
3497060773
2960505269
2968893892
2985594820
3807680068
2721354244
2721493508
2721493524
2720436772
2720507428
2720329253
2741303845
2724514599
2724482423
2725006543
2724674703
2732997822
2749766830
2716212414
2699443606
2700574614
2717220486
3822350278
3805572470
3799276598
1651776566
1650734142
1646601278
1646668862
1650863118
1944476742
1894173894
1891098054
1955962694
1955962638
1960091454
1960090926
1976884526
2004282670
4134988847
4267070519
4283896855
3713343509
3695649045
2621911925
2630287957
2358183445
2358189621
2358057509
2359044659
2359044611
2224900611
2277297987
2259978179
2264171478
2255799254
2253709814
2270491110
2237133799
2222388199
2354573293
2350185469
2215967741
3289905628
3289834948
3306611140
3293934020
1142165828
1142239525
3289802085
3289836903
3294031351
3254176198
3270872454
3270806918
3270804870
3270898102
3266830759
3266769317
3266568677
3555778916
3514098980
2419363172
2419441012
2436344260
3006769860
2987757252
2986837701
2987296327
2987053590
2987029038
3009111598
3015206446
3014159662
3014196270
3014194430
2997408991
2482619551
2474624221
2440480253
2423717493
2418437685
2418355735
2418489879
2489788979
2514823459
2263096355
2263092243
3329491985
3325428737
3325449216
3323388928
3323372608
1195814337
1162329537
1145408385
1142787985
1142792113
1159695857
1197395425
1451216227
3606439203
3598508835
1467806259
1434444291
1417667075
1142886914
1142755650
1142695154
1141648610
3562875106
3567126754
3569223810
3300842374
3283656327
3333985925
3333993364
3329795044
3258504164
3278553956
3312116581
3320473381
3622399271
3597162535
3324594214
3324921862
3324910598
3325899846
3460116814
1316893470
1304326702
3435123311
3434918501
3701252837
3700204516
3696010660
3691822484
3691941252
1543953860
1493577156
1493575125
1494615413
1498613047
1506870583
1506809639
1502621487
1535126815
1518349583
1522558223
1522594063
1518399789
1518580009
1535553835
1501991215
1501861231
1480889839
1476705535
1476704463
1493694927
1527150031
1510355935
1514550239
1514537950
1514472286
1514410362
3670288746
3452184938
3431213322
3431213834
3431299850
3431257866
2223289098
2240119595
2274853161
2273673577
2206500328
2210696680
2202307036
2198313933
2198268895
2198237054
2231772030
2269520702
2277978422
2273579302
2241138797
2224369788
3302232132
3292269636
3424389188
3424520964
1277041156
1277045316
1279159876
1283253829
1291616967
1308394435
1316848531
1316860371
1256169971
1323299319
1323233639
1339549031
1339385127
1331000599
1326793815
1326826711
1192613015
1192522895
1309955471
1310154655
1180106431
1180098238
1190512318
1186255551
1119154879
1118855935
1123050107
1137714155
1087383531
1087453679
1087580591
1347578047
1360189583
1377209487
1377272207
1377075597
1929216412
1929163756
1928111084
3798770212
3811354148
3777338916
3777399332
3777423908
3777423973
2703649381
2707914471
2749711719
2749645943
2745451543
2716648479
2716855327
2708401439
2691690015
3782073887
3849313807
3882806815
3867012910
3865635886
3865627686
3865592886
1714111510
1714054214
1715086406
1719286982
1736051846
670698630
637422999
633294549
615468613
904908293
904713757
2012016431
1986850095
1986847806
1983673374
1983864862
2000560414
1952322262
1960706774
1352598263
1352599271
1352470117
3499371061
3499387653
3504138501
3495819525
3546266885
1382020423
1380766151
1380729303
1389187559
1372528999
1347364327
1347231719
1343037335
1359822726
1393258374
1112237958
1116296070
1133040519
1099486103
3247170039
3235553639
3237717287
3245971239
3287123767
3271524639
3539308829
3539267612
3528749084
3541328120
3507971240
3491125672
3495316408
3503737496
3520449161
3553926792
3537147528
4067726024
2993984216
2993988200
2994053740
3010830956
3010978413
3008882287
3010979430
3010817766
2993976678
2992915574
2724480054
3018310710
2985221175
2968448277
2961107460
2961046020
2971459076
3072185877
3059607333
2799494183
2795303974
2929509414
2925347878
3997060158
4013841438
3980278798
3978181702
1818111046
1825402199
1825337079
1824812759
1824906967
1841677983
1858463647
2126898591
1992582335
1992586431
1992635583
1900426415
1879442863
1880491711
1350504086
1358892694
1354579670
3500945014
3500420630
3500436998
3504668422
3555034374
3534193927
3534062853
1386512724
3269755364
3279213028
3224793188
3224769573
3224767543
3291355158
3291359254
3295554822
3316328198
3332977158
3332981255
3332948501
3333214757
3334271845
3353141228
3319573932
3309612972
3305619388
3506866076
3540500876
1392869772
1359450572
1342678396
1879420204
1884597036
1893051180
2012654348
1995871501
1987559439
1450524686
1446854878
1981681902
2002657774
1952329710
1960786670
1958705886
1958604495
1977411023
2002051535
923033693
923017327
923083245
890124269
894306285
885393149
2089027293
2105804509
1568962271
1602610910
1606739486
1321527070
1330962718
1163387230
1154900438
1150711286
1150705126
3297758631
3297758629
3302870452
3277114820
3258303557
3258368005
3257843717
3257856309
3261980965
3555501860
3518805796
3502096148
3499994932
3499929204
2966204132
2970392228
3004138132
3004072581
3004088983
2970538662
2971465390
2702994158
2740746990
2723961199
2734446687
2734512335
2733470923
2725081291
2751422651
2986291627
2984195006
4057936830
4057932718
4090835366
4090762406
4059305174
4059315398
3504745558
3504761878
3504796679
1357374471
1365549061
1365549061
1428529172
1412932661
1410839573
1410766101
1410764597
3558264373
3579235861
3757563396
3740659212
1588946748
1519727996
1523847268
1515466852
1528042605
1477842303
1482037118
1492522526
1492583950
418846214
412971526
411886166
416080743
424437095
420242927
420410783
1494144407
1498324407
1506803127
1502412166
1569505158
3721240502
3738015654
3461329894
3327062342
3338555654
3337564438
3266126126
3283038511
3517912363
3502049593
3506194712
3514616088
3544029240
3527384072
3525218632
3524170184
3524101064
1389134568
3519841000
3503208169
3503206379
3494817258
3494704346
3494695118
3511472270
3511603358
3544633503
3544638925
3612798932
3545755636
3545628532
3545552757
3528512853
3528511815
3545354582
3545416038
3511874918
2438129526
2421423958
2421268310
2437019447
2470572823
2453721943
2462110583
2463232871
2530436079
2530306030
2538634734
2538687966
2501266766
2503376142
2490791710
2516023134
2515924806
2513827270
2513819079
2539115765
2522348724
2522348948
2524306932
2524315364
2524440164
3598148180
3598021444
3598012724
3614920997
3589754919
3587531815
3570756967
3570887031
3579238679
3579301127
3613246743
3596472583
3596480775
3596603655
3613380966
3579836262
3563060982
3705658070
3707756246
3569344222
3573405406
3573335039
2549928877
2531058157
2531058157
2539447789
2508023277
3577730301
3577659597
3581333837
4118278413
4118110493
4101333277
4101461261
4101426521
4125543403
4125613035
4159037434
4151629790
4151612366
4151628254
4118073726
4101824878
4101890351
4118733103
4118700335
4152259903
4152315167
4143795519
4160584831
4160583167
4160583135
4124931469
4099765133
4099888781
4110309101
3590289133
3052756607
3086245727
2524206911
2456155967
2464670495
3538277151
3539325815
3614830967
3612733815
3579180407
3562534135
3562468599
3562468567
3562534103
3562501589
3579147765
3579270085
3579271109
3614918613
3623182181
3623185765
3622137687
3605526343
3605525015
3605390143
3597988671
3597979965
3610558511
3581399103
3564565599
3564563550
3562531934
3562274270
3562259934
3562522462
3562391422
3562403678
4101371718
4101496662
4109893110
4126664182
4151702998
4132815318
4132946422
4132958710
4141216087
4141642103
4141637927
3621545255
3587996967
3588061495
2514450711
2505998101
2488719173
2488747845
2513781205
2513768917
3621073365
3612807639
3612742647
3547739110
3522634742
3501527895
1353978685
1353979709
1089744700
1081356060
1077698312
1077759752
20759816
37537032
35602760
39797081
308199897
316592633
312332777
312275307
333209963
299390267
291077402
291191066
322640154
322574650
322584378
309994250
309932810
855183898
855573274
855376682
921449258
669778795
627964279
627964279
627964279
627964279
627964279
627964279
627964279
627964279
627964279
627964279
762165623
762166647
1030600183
1030599095
1030599103
1064153534
1064155070
1584250814
1583987646
1583987390
1584249534
3748510654
3758029742
3724474799
3590221215
3588175245
3590075805
3589566909
3614798269
4146450925
4146385389
4146394469
4146373941
1969595669
1952965893
1952970501
1952962311
4100377886
4100382062
4100357486
4117134702
4294333822
4289938782
4289779535
4289783119
4293981519
4252005759
3711038959
3694392685
3698521453
4243772285
4260615693
4258592269
4294239773
3757420333
3220684077
3220542847
3187463262
3177041950
3177173310
3109966126
3111801150
3111785246
3178960671
2641966909
2574789948
2574855996
3654909816
3650707400
3650672520
3650676616
3688429497
3680028139
3676029434
3743334778
3742290298
3747573818
3714015258
3713491035
3713479771
3713471965
3712433661
3745853357
3729227693
3737606045
1590024073
1607849867
1599509387
1599508939
1566020095
3562320237
4099191149
4099188013
4099188013
4099253357
4116046957
4116182397
4149638495
4152260575
4127081447
3590276071
3590146038
3581761494
3581900230
2508027382
2515887990
2549573398
2549511942
2549568774
2549372182
2549380390
2549376807
2549446189
2545899261
2527020701
2526926477
2531063485
2531038637
2541520109
2541585453
2541650973
2506528013
2506597645
2502420253
3039257916
3039180076
3023504428
3021279340
3026137324
3034460636
3033411980
3029168780
3029128844
2509031101
3616327354
3620050666
2672142314
2668934458
3744838666
4281854986
4285983754
4285967486
4269714686
4265524446
4265002126
4265066639
4265066655
4265005501
4269208045
4286018351
4118049599
4101252895
4101320507
3036036907
3036024363
2495024667
2494891533
2494903821
2494838333
2492740397
2492739885
2229011759
2244805918
2413769742
2413372470
2388163622
2388151654
2388381142
2405094855
2371545029
2354766788
2363089876
2363024356
2363023980
2363019884
2363084525
2630662895
2622270446
2618072046
2634844670
3591277006
3726541262
3726545102
1579151583
1577967855
2114740461
2114724077
2114789625
2119069177
2144230393
2110704345
2111818443
1979562955
1979493835
1954324939
1954320843
1952436731
1952375787
1952342639
1954493231
1968967983
1968714111
1968976351
1901920735
1884161951
1355691935
1351565247
1351359935
1351376271
1356619151
1358286735
1357307535
3500601079
3500600855
3249006087
2208613911
2195773223
2187650855
2196037935
2192040253
2193019181
2461385005
2194982191
2212283759
2203895295
2271069655
2237658582
2233394679
2233397623
2233397575
2232344901
2488264517
2496638916
2496572124
2496649948
2504903389
2538458077
2530205663
2522871295
2522632574
2518430062
3611107686
3575456102
3579650530
3571266018
3570209170
3570209154
3587076486
3285111175
3286156679
3286157453
3556563181
3548162284
3543968108
3527190872
3530470665
3530522889
3538796811
3538796587
3530543146
3547291690
3522109742
3506307870
3506307615
3501851261
3505985277
3496488604
3492556700
3224263564
1077856652
1077861773
1081400717
1365570959
1399125407
1382412797
1382539757
1390928877
3538346861
3538342685
3538408197
3555025687
3555058983
2472930599
2439372070
2439892774
2474493454
2541610510
2516361742
2516431422
2512361006
3051329327
3051130671
3051134253
3076299821
3210525757
3210607629
3206507535
3172937191
3040746918
3040743334
3027636150
3036022166
4121965974
4119863735
4153422263
3616544133
1431318468
1427122692
1429219852
341846556
350300700
350427708
341969468
337710396
354553132
891366700
925108236
892078084
627964279
627964279
627964279
627964279
627964279
627964279
627964279
627964279
627964279
627964279
627964279
627964279
627964279
627964279
627964279
627964279
627964279
627964279
627964279
627947895
762165623
1030601077
1030602167
510506423
510505398
510505142
510505398
1580053942
1580055990
2070788534
4193106614
4188978134
4190026518
3187452727
3162287639
3156055573
3155857941
3155870421
2887434964
2887317156
2887315364
2908280996
2950220004
2946468085
2946403525
2818484165
2810110663
2805457655
2805297895
2805207791
2805203951
2771386475
2774533163
2766145577
3836090425
4104529945
4104529929
4104530953
3567662089
3567599689
3304931545
3294621885
3294590381
3294582189
3311367613
3311237012
3344725972
3336320980
2264872916
2394826613
2394892069
2394699556
2393650980
2393646884
2397841188
2398885156
2398946596
2415854901
2378032437
2375853366
2377950502
2382137134
2247919598
2281475518
2281544894
2256386206
2185074846
2184546510
2184628687
2201377631
2201366079
2169908799
2429955614
2429888054
2161395574
2421473750
2420408774
2437190087
2437198279
2437395925
2445720021
2470947284
3070732756
3053955252
3053959348
3055484084
3055476869
3057569925
3061760469
2809578229
3841320549
3841321511
3835996711
2762246951
2763299109
2809457717
2788450311
2788433927
2789085479
2923299303
2944271278
3970892702
4238738314
4238745226
4239866586
3568577258
2545167275
2522622347
2250008971
2250073227
2250121611
2220765583
2228880335
2159674143
2158626599
2158495527
2158503207
2158764326
2175542054
2209108518
2192343654
2213316262
2255261362
2187893682
2183699441
2183904016
2453322496
2453318144
2453318144
2990189056
2988088832
2971305489
2702869299
2702819554
2701709474
2739421351
2815100077
3889043636
3848091828
3965532580
3961404048
4233509504
4243988160
4239471169
4239401745
3702530323
3702726915
3723633923
3719433986
1301289970
1300245474
1300507558
3448007574
3313917334
3351662006
3343338998
2265206102
2181356806
2185616646
2195033366
2190849815
2190845735
2190845733
2190841637
2190772005
2194967847
2253180263
2248935527
2400065638
2400073766
2303600950
2295212342
2292137783
2291408405
2295602692
3359653380
3355454980
3355504468
3355488085
3372264901
1224846799
1531030991
1535223197
4219581885
4202934717
4215509421
4211315117
4244738479
4228354479
4228315054
4094066602
3033401770
3029273050
3047033295
2509908239
2549754127
2675653903
2658669839
2667061535
2663195453
2663277356
2679566892
2677375532
2676261476
2638250732
2634057372
3204490892
3204820669
3188107951
3188636334
3188574894
3188543166
3188268686
3072011662
3072011486
3078233326
2449083502
2444889134
2445155390
2445155342
2174625806
2157914126
2157783310
2161916182
2178681878
2178747398
2178876422
2178749726
2211190062
2211188590
2211205102
2211241951
2169305997
2169305476
2202917252
2202925460
2198847412
2182070196
2198339572
2198337364
2168841988
2160569620
2156313893
2156309798
2160504102
2160568806
2168953334
2202438022
2202454406
2185677190
2185755014
2181361047
2197874109
2197938653
2164437981
2231546717
3309413245
3561005951
3561006959
3561000959
2487258591
3586297247
2504175007
2499997119
2500027837
2499821021
3561172445
3494259988
3503692596
3503688500
3505721141
3497266961
3495703379
3244241347
1112474066
1179582866
1179505138
1455993334
1455993142
1455988543
1988660031
1988663593
4275611689
4267223097
4263029769
4261979147
4278965579
3155035882
3155039978
3159242410
3163424430
2626486942
2643198879
2676752541
2659979444
2391045300
2395268516
2387920292
2668728308
2635251540
2635247380
3167989045
3163663399
3163597862
3169948726
3174401046
3207955670
3208103350
2938034086
2936956838
3977144230
3989206934
3985983431
3985931591
4023741702
3998312710
4128335878
4128258070
4128316470
4132576374
4141221078
4158522838
4120773526
4104077974
4103885526
3565970143
3565970269
2493276477
2493283629
2496936237
2499033389
2222401853
2222341919
2222327327
2230649355
2226389515
2276791819
2276924987
2260015727
2264140399
2264140591
2264155407
2281558287
2264772895
2264768815
2264899887
2264904487
2256376437
2256311909
2386337509
2403307493
2306792949
2304703925
2296311031
2313022711
2312961527
2304564727
2602360311
2604651895
3678328311
3676234183
3642155463
3624263815
1476681879
1476681879
1481077909
1480736133
1480735692
3628210780
3376618076
3418430284
3447872844
3447905732
3447752148
2374022645
2374022567
2378216359
2672005798
2667741926
2667741938
3188885202
3193153362
3201346850
2924522530
2786106402
2786102322
2786235398
3859984391
3876778007
3876765733
3845341477
3849408804
3857913132
3992390972
1876363549
1867856205
1867852127
1867721566
1859263062
1855129158
1854997190
2123436758
4269814678
4286587794
3720356738
3695388546
3695320962
3703704450
3431140018
2223061989
2224368612
2224830836
2243434804
2247629084
2272791836
2214270220
2192188188
2192187948
2192319021
2210141741
2214348591
2212286247
2178783607
2170394999
2170534263
2170534231
2170533335
2170401239
2170130935
2170262007
2153419166
2220798366
2220798874
3290396570
3289136122
3289127914
3290307402
3424009034
3424004362
3425971466
3438558474
3449056570
3465833754
2391174474
2391160074
2391146778
2391085374
2258383150
2191274282
2191266091
2180776235
2180797743
2179779967
2171390293
2171378005
2204997973
2184026453
2185214324
3256858741
3255826517
3255826501
3255793735
3272571207
3226368839
3226368583
3226368583
3226237655
3234626295
3230464743
3230464871
3247307111
3247372647
3251551717
3243161077
3272454581
3272454581
3255678365
3255672207
3524106639
3524237711
3541023118
3511400846
3519788942
3502944911
3502940815
3502957247
2420795375
2421698023
2421698021
3497868389
3497991233
3495834625
3495826433
3227403265
1082016769
1082057985
1107223825
1106244353
1139655425
1122813809
1114426977
1115552352
1384098352
3539975696
3539449617
3539243345
3545534560
3507794020
3507925860
3506872900
3507409600
3507241696
4077668004
4081868453
3013377958
2996599974
2998697126
2461881558
3539816518
3524554758
3524747270
3544065030
3510512662
3496885302
3501133111
3501000663
1354516101
1358709381
1348424325
1415475845
1146966677
1146910695
1146905959
1155296358
1415441526
3562924374
3562777942
3579551062
3621291350
3738998102
3739071318
3739132679
2657001991
2652893751
2652750439
2518108005
2522306533
2513716709
2497463716
2493497732
2497114564
2496979140
2488591460
2487544932
2487724148
3041323252
3075922420
3075985332
3059009204
3059013301
3075855015
3050722983
3050657511
3052685095
2507408695
2506370327
2539990023
2540121111
2548509991
2548436263
2545223030
2510034374
2493278151
2224875462
2229131222
2229045142
2237435542
2201853878
2470287286
2468320662
2468326790
2468326551
2437921943
2437844439
2438372821
2438397909
2434262869
2434164229
2436264449
2436264787
2440131939
2985391458
3086179378
2549271554
2545081351
2526280759
2528177447
2532343093
2523936005
2469476101
2205365813
2180396581
2176128805
2159282023
2159285751
2226402503
2230645959
2230701267
2222427603
2239143875
2237120451
2232727539
2232734195
2232807923
2232869235
2354504023
2623005015
3695701367
3695700791
3646421783
3675687687
4212558087
4195728647
4195656709
4195659781
4211519757
4177965588
4177982068
4161229413
4165219045
4173603567
2848728046
3112973550
3112965358
3096380638
3096319183
2563650767
2563126475
2571593161
2605019467
2596590411
2592397131
2592601947
2659708794
2680545258
2672087019
2635451899
2635449499
2639774873
2673333400
2673271960
2673271196
2673271709
2673341117
2533606133
2499920677
2505078565
2513448229
2498964788
2494703888
2510437168
2242973216
2280654352
2261975553
2261975571
2261807906
2262093922
2264186982
2213839990
2213909718
2214051014
2170009798
2165676247
2434107607
2434243831
2417407413
2416374165
2437345669
2470896525
2479220157
2470765999
2533645743
2533849534
2533780894
2533779422
2504418270
2514375262
2497532766
2497499934
2497500959
2489121055
2489313567
2506090783
2506094877
2539609421
2522154317
2463367517
2463891821
2212442477
2208244077
2208248293
2208109047
2208109559
2193430502
2197573606
2205993974
2205653974
2272706502
2237052870
2237117382
2505159126
2505154797
2505089260
2635113580
2635115644
2618419484
4229360412
4229360156
4246141460
4252421653
4252292917
4252299541
3161845761
3092697344
3092697856
3092673120
3101123296
3117888241
3151823571
2598111218
2597590242
2597600482
2580823266
2555870422
2555804870
2555837766
2631132487
2631120711
2647758663
2681321415
2656163799
2656163831
2656163814
2656139238
2656135142
2664519143
2664453239
2521854999
2521920533
2530436117
2530372885
2529358869
2541999155
2541802529
2512442401
2429965585
2161526593
2161510097
2161968801
2161905313
2178686629
2211717031
2262062567
2262070519
2262164550
2264311110
2264313094
2272636182
2268379175
2503247911
2486602773
2486606853
2488706373
2488722372
2487743444
2487538661
2504324005
2537874863
2537942447
2537879983
3071072663
3071200134
3076440014
3059656142
3000874079
2992436285
3005010973
2971563021
2954769669
2486572853
2499221029
2494897701
2511609391
2543066687
2526297918
2526297399
2190742551
2208251911
2241785927
2245976391
2229073391
2220658159
2220132783
2505411518
2500311966
2500312990
2667755406
2667753934
2651037919
2650923263
2650923117
2667635837
4244760652
4177980173
4177984013
4183214607
4216769055
4216636735
4216643679
4183155023
4166439887
4166406861
4165358333
4165743277
3100386991
3117164207
3112968623
3112968430
3096252638
3100512462
3101586510
3101096975
3101097247
3101023005
3117726493
3142892813
3126181133
3126325533
3126317405
3193422335
4266545643
4283331051
4283396587
4249714155
4249713147
4249844571
2538601307
2522873167
2522665997
2531049485
2531033101
2531229757
2547949932
3084821476
3051259636
3051341493
3051144869
3034379941
3025993381
3021758388
3021807573
2501326805
2639734133
2650088485
2645834789
2644511781
2644581429
2644716805
2648859911
2649903943
2647806919
2379338679
2646668198
2638256038
2504040358
2488582118
3020995446
3025255702
3027418375
3039995143
3073570567
3073852167
2520188727
2654418790
2654351334
3220639214
3199667710
2662794702
2662670790
2662604999
2662605047
3329503461
3308524769
3291878865
3291884993
1144401217
1082015553
8331121
58467617
41705747
41918465
41713665
293371952
275352576
276478208
337549568
337414433
503617891
503610850
1040593090
1041641666
1041641634
1056383138
1018438050
1018439590
1016539782
1016334983
478415524
482618084
356789220
335822812
339883724
348263116
348258972
348177068
348160684
876643260
876717016
1019325720
474196280
408135992
403941656
405965580
422763276
456537612
427168268
1505100543
1503004334
1335109294
1334060990
1321476494
1313083534
1313083582
1317367930
1318563866
1185198139
1470407720
1420593448
1416464680
3576662296
3576137736
4281765128
4262890952
4261840345
4261843929
4261864411
4282803179
4291178987
4257546667
4249099695
4115413406
4115475870
1959667647
1419654075
1419641739
1352598411
1354564427
1357675803
1093462315
19704106
19179546
19368970
292519950
1416462414
1416593886
1148629999
1173792623
1190588007
1190588247
1181052871
1180984791
1450451429
1458778597
1475494388
1441939804
1425425180
1415927580
1415872029
1411705407
337963567
337967918
337935646
343164254
341049598
366412031
365302013
356933853
356933853
356901308
398784488
528796392
528993241
528935369
533194841
486827065
403976221
404558091
471733003
473838139
486437483
486430459
266132127
248310431
248294301
240041357
1582203017
1448968329
1449951577
1366196537
1357293097
1357295149
1357295165
4041707101
4049896447
4046770671
4147409135
4147474542
4131319854
4134465575
4143891510
4139617303
4160527639
3086794295
3045047846
3044976150
3175015942
3158237766
3158250070
3158115042
3174826466
3187409126
3183214823
3183280229
3216389133
3216386061
2683709709
2675337485
2675374348
2673183048
2681511368
2677314504
2643755736
2629141113
2629825135
2633982574
2624529006
2553227110
2557425702
2557413410
2565752834
2582576131
3648973825
3678254145
3661608144
3661538752
3665737088
2591983248
2589951664
2589242096
3120882416
3120849508
3138855461
3172413999
3187610415
3116171566
4188864570
4223470618
3652990986
1507600410
1478240314
1477711898
1477840074
1477838026
408307082
417317770
462271418
445424046
449355966
1514709238
1523101798
1523233062
1524282150
1541071398
1543041573
1540945524
3684300788
3655065060
3646479588
3641232884
3641302980
3742013124
3746215508
3733947927
3733751414
3733763558
3737971942
3746360550
3708703922
3624797314
1477322115
1478369984
1478431456
1545406064
1545541392
1549743361
1549612291
1574206806
1574229462
1602598870
1585821654
1586275831
1586275829
3486297188
3477978148
3441351716
3441311028
3441300756
3445556020
3381527092
3415081492
3415094005
3398264549
3398217383
3402415014
3661929382
3657744310
3657475526
3657474134
4194349078
4194537494
4194542614
3942820886
2886899734
2886916470
2899757799
2895564517
2898052837
2895926005
2891739847
2903777990
2836669414
2819892454
2821983334
2834762870
3904244806
4172688455
4187368775
2111251909
1565800372
1565856676
1573323188
1573197204
1556358532
1556407684
1573186972
1598078429
1581301005
1582415117
1582750989
1584907581
1601652525
1568555821
3716043565
3722384173
3722203455
3750557023
3683450366
3666734526
3398233518
3418681278
3406132894
3439739550
3439723166
1296499647
1296835007
1338778045
1322016956
1323266204
1314836876
1314902476
1310570008
1329442329
1563339275
1546041867
3698235914
3564080698
3572283370
4109148651
4105998761
4153971112
4141392808
4135101865
4062760105
4062956783
4063132910
4063109374
4050526414
4033761738
4042146778
4043266042
4042026970
4042058587
4054641465
3617979708
3588611356
3559146756
3559133188
3559141381
3559269655
3563463990
3571851126
3567652822
3349618374
3332773574
2259092102
2258944678
2260001518
2264180459
2532617835
2532621179
2531567993
3596986488
3592927320
4129789144
4130832584
4130767304
4130771928
4063666924
3795232492
3799498476
2725641956
2721963764
2738342484
2707868188
2691156540
2699352876
2711935788
2749692717
2749757999
2741369470
2741369694
2741369342
2985085038
2968340606
2968390094
2976790990
2976852830
2439850862
2439789870
2448163886
2448228382
2427266062
2158963718
2158438407
2225551365
2225346564
2237925380
2267285508
2250647813
2254843141
2259039511
2275803415
2275738999
2279880037
2280944997
2272585573
2413602677
2382342101
2365039573
2363982807
2363852286
2355594734
2351400430
2351011326
2352059742
2620891407
3692470541
3692471048
4229342744
4229346872
4233625144
4233625208
4233625304
4111816696
4145283577
4111728857
4114022603
1954415051
1953379291
4109264747
4109201258
4109139930
4121755466
4138522442
4276930122
2121029210
2121082458
4268570138
4276359466
4272173098
4204802090
4204793898
4209184778
3681767434
3679476762
3679513386
1505815146
1505884890
1539800970
1606832522
1608450186
1591410827
1608212651
1541136555
1532616873
1595466985
1595452504
1578738696
1597748233
1597673481
506106889
506109001
371890427
376092858
376088746
519740571
511344779
376078539
376143885
372215868
372088876
372044844
908917796
910159140
910094132
909032980
1986956868
1978568388
1894616972
1886225804
1886229900
1882051004
4029665709
4033701798
4033685158
4042206902
4042211062
4037807078
2427194342
2427263814
2444176134
2481924614
2465017374
2532081198
2532112174
2532111678
2544874510
2511311951
2494399613
2499581037
2491200573
2487016461
2503941151
2503814190
2502896678
2502835238
2498628902
2494435094
2226064926
2225872414
2225878542
2225878542
2225865231
2230109023
2230092765
2230093757
2238488509
2372704669
2372704653
2372902284
2368640412
2402202072
2402202312
2402198088
2373886552
2642388584
2642193000
2637994728
2637990904
2637991384
2638070984
3172852168
3159811016
3168199384
3101094632
3168263784
3176438313
3210000939
3193224490
3195319354
3195326538
3194409034
3208003802
3157672174
3155300527
4228003255
4232199911
4241628903
4237369063
4239409027
4126223747
3622976899
1450315139
1450313107
1450383283
1456546722
1456546723
1458581926
1457545718
1457578486
1449189750
1449174318
1449180462
1466154302
1474492702
1474492687
1474476317
3588406557
3571619612
4108485916
4125262108
4116746301
4112560173
4112822311
4146372647
4147618071
4147557639
3879122197
3879128357
3866544484
3866446180
3061140340
3061283596
3061219085
3060205085
3060073277
3068400415
3068473663
2514953591
2499220854
2499216854
2494896086
2493855735
2493857767
2510625271
2527336935
2255755751
2385774967
2384275543
2384342095
3460181199
3489541327
3451784415
3367963743
3365682303
3365678111
3365485838
3365420350
3371705646
3358091054
3358152234
3358248474
3358317146
3363334811
3411569291
3393747851
3460945307
3469398203
3448406202
3432939707
3300819387
3303448553
3290737640
3290737656
3290737113
3290802635
3307728330
3577111498
3558228666
3579728618
3590218346
3584811563
3618173496
3618174808
3618148696
3613955448
3609822040
3609887432
4113221320
1965715144
