1831321900
1814413932
3967599336
3967612648
3967642345
3967646441
3966520043
3974908667
3841818330
3841943242
3841877706
3841406619
3832809147
3849592237
3849595053
3849652413
3849723293
3858115997
3853658069
3853718359
3851486039
1703949142
1737761542
1737762630
1741958470
1733574102
1699043814
1699039462
1707264119
1703074119
1690749767
1690631687
1681974805
1677850165
1694626597
1984033061
1992347683
2126561315
2126893139
2118344787
2114088131
1996646615
1950542231
1955003269
1956039557
1955974021
1888812949
1909777815
1918165431
1912922351
1913974895
1914036271
1916133423
1916260639
1919341343
1927729725
1928811033
1928675851
1934970443
4048903129
4107757993
4107692456
4107696536
4107754888
4108145032
4108080072
4108112877
4106019694
4106019630
4106020646
4108973878
4125808502
3580544342
3609974086
3610898502
3610865750
4114428023
3023971703
3028166005
3036044901
3031912181
3031813844
2499141316
2515861189
2532634581
3606371823
2532689263
2533216367
2523779126
2523787318
4130107446
4113326118
4096680247
4100878615
4244506373
4244508165
4244572677
3724286583
3757861735
4269567470
4269565406
4269129934
4294230238
4294296030
4288139759
4288145389
4292142829
4279531167
4279586463
4246146718
4246081182
4233497502
4241820142
4254362862
4254395519
4288013343
4273336335
4277448719
2117378079
2115280934
2115417126
2114376742
2118571063
2118515829
2126904413
2135416028
4249341148
4232498652
4232484572
4232491740
4098282060
4093952604
4093960764
3825493548
3829673260
3856022828
3885370428
1737886809
2013072587
1929186443
1920933274
1983192474
2002060698
2010187706
1976648634
1972392858
1955619530
1957749259
1957749289
1957798440
1962126888
1953540904
1966127416
4145125384
4128422924
4132602957
4156719309
4158030031
4124479967
4099335150
4101432038
3027719910
3027523238
3044292262
3086235326
3069466094
3069461614
3068415039
3194252303
3194481677
3194479885
4294375229
4260812575
3187595023
3162493214
3026014582
3025950182
3025430438
3032969127
3049740197
4152711060
4156905092
4090853252
4082587524
4082621908
4051164260
4049909797
3781474343
3781470231
3782192133
3811553285
3812593717
1665110052
1662701860
1633342244
1624953365
1691084311
3838574374
3829975398
3762866534
3758737654
3779786950
1732963782
1716254150
1716376006
1716474342
1716475302
1715946918
3863435198
3863443135
3888477887
3884197565
3884201629
3854839437
3854905229
3989254109
4023857149
4292161133
4292111996
4277499708
4277359900
4277223436
4275105804
4275101717
4291878967
2110976054
2084716662
2084701430
1950556142
1950497518
1959926510
1959987790
1959795279
1884302861
1901078301
1900114237
1900269869
1908511517
1908704029
1900315935
1900318015
1896122671
1628408181
1628347861
1628350421
1632544469
3779966709
3763197669
3763205861
3763332853
3779524309
4077278917
4081472471
4064768999
4073021927
2726588527
4085568639
4085578846
4056214622
4047891550
4043764862
4078367966
4061557854
4060566623
1917125663
1917127741
1917783101
1985898557
1985899789
2011096845
2011157261
1994244957
1993114621
1984729581
1984737519
1984738423
1997380695
1963957367
1968106743
2102322679
2102325719
2102313429
2102378997
1833816565
1833821653
1834872791
1834872823
1759510511
1759502335
1759465295
1752631119
1753028431
2021471103
2021401197
4175180399
4170979055
4170987261
4170985117
4186713741
4186728079
4190955151
3653564367
3653759951
3653686622
3654796590
3654669614
3654579502
3654579478
3629412630
3628560711
3695604167
3696645079
3705132023
3704091127
3720832455
3745676487
3746745543
3746810071
3757296895
3588345215
3588248927
3294634767
3294634767
3294630463
3319988783
3320984367
3316785967
3316851487
3316740367
3316699423
3304379743
3430204927
3426192895
3442974205
3442982301
3744966029
3732252047
3732373903
3732373727
3732377839
3732386031
2658526318
2658526254
2675402046
2675336478
2658555710
2666940014
2662814454
2662683382
2679427831
3216299700
3186685860
3178289060
4228960180
4245739412
4245780420
4279396309
4262618103
4266811766
4275204406
4271096118
4287681847
4254131509
4254131476
4241618708
4241676052
4099065172
4095133140
4111977972
4111924437
4116114631
4116118726
4149673422
4149607774
4149503454
4151604734
4151669230
4160160238
4126606310
4109828854
4108662422
4108660374
3572969111
3572853751
3623123831
3606109973
1450288384
1987290368
3596854544
3596678176
3593534496
3744525344
3711052800
3711056896
3711042560
3631350016
3634823712
3635229218
3635163746
3634889454
3634889386
3651715738
3412627850
3676942730
3676940234
1529588298
2100996683
2084219721
2082122697
1813686731
1813827019
2081702282
1949319562
1949520314
1962029482
1957831594
1957832106
1890807210
1907387818
1945130426
1995719819
1985368203
374759561
387343593
389244137
896560171
896597051
895534363
929153338
937529662
2145559358
2146607894
2142418742
2110832423
2101390695
2097195490
2130885106
2114108883
4131558851
4139942227
4135616867
4139839847
4131448165
3859211637
4110869845
4094084421
4094576469
3763079037
3763091055
3771547263
3771670363
3771669499
4123884027
4153244153
4157431240
4157360072
4157359048
4157428424
4123878125
4098122415
4098125487
4098100134
4098181558
4115102902
4148585606
4148584647
4132859975
3598598151
3749654814
3748471086
3756796718
3757849390
3757837098
3755739962
3755763978
3751601418
4288590089
4255023368
4288578424
4275864424
4263294824
4128812908
4128024956
4128155948
4144430125
3825599535
3771073758
3770819742
4035323310
4035194286
4039388582
4047777174
4081335686
4064560014
3536831198
3532358174
4070093341
4072186428
4088964396
4092110892
4045969460
2973337620
3021637652
3021649940
3038434372
3038430148
2769961620
2809807525
2814055078
3887608486
3887604454
3885508334
3847759470
3843567130
3843763722
4095356682
4099812634
4103931198
4036755742
3499884814
3569107270
3573305606
3573338454
3305099638
3321820246
3355372615
3607014599
3607010503
3741293775
3740900829
3740833277
4269315945
3195839208
3208487656
3172836088
3155997432
3156001512
2887567016
2886532520
2915953065
2949475497
2928639131
2929611915
3202011275
3067801819
3078316251
3078447483
3044894015
3028251951
3036575535
3036641071
3032290591
3032249631
2967237917
2958841149
2690499388
2702037820
2735559196
3003994652
3003937304
2974560824
2957783593
2966161003
2966163322
2425096554
2492209386
2493327610
2493458654
2495509710
2281590990
2256453775
2254360717
2254369165
2262756748
2262757300
2262691557
2254235366
2539516670
2513802238
2513736046
2645856302
2649784366
2624884799
2624888845
2620892172
3157699868
3174481212
3172923692
3210673964
3193888636
3059472349
3055285213
4128862685
4127814141
4127937789
4127872205
4127855821
4132312141
4140699721
4140765467
4152636202
4102320682
4106580538
3570824714
3562479178
3562887882
3562822299
3705437115
3718016189
2660824253
3734556815
3734880399
3604988158
3596603887
3613389159
3609190773
3609125973
3611225172
3716148724
3713924596
3714053844
3713521348
4252485333
4252489463
4118149094
4117886438
4117812710
3027555814
3021266414
3042311534
3042370942
3042370902
3053445958
3078484806
3078484854
3086840622
3086840615
3052754741
3184870709
3176467732
3159694388
3159632948
3184880660
3187045701
3221116229
3221144903
3220948310
3220821366
4160353767
4151895543
4151961045
4147668932
4147667700
4147651236
4118426349
4110025711
4107945470
3030172798
4120691838
4124374142
4115981662
4114917326
4123442894
4123434750
4115062255
4148686295
4278545607
4280247509
4280177749
4286468213
4294857077
4160639861
4260058645
4260054615
4252857943
4252821079
4252886647
4261405271
3181204055
2648462135
2648470319
2640058159
2623358255
2623364399
2623372669
2631757149
2627298764
2627302860
2644201932
2650427852
2541634044
2541568493
2503755245
3577568639
3579799935
3512691071
3554638171
4091534795
4068332875
4067742027
1920258427
1920766315
1914482987
1650307371
1665962286
1661764414
1645057823
1645192991
1645129567
1645129214
1649405166
1666051246
3880645822
3847210174
3830334654
3830338807
3839786965
3839786581
2768076340
3036509716
3044816388
3042711044
3210482196
3218412069
3214217511
3214159918
2610176110
2610177246
2610379998
2614560986
2304133594
2304166858
2622939082
2631787211
2631721673
2631705288
2631709432
2650388200
2642013928
2637954748
2671496892
2541733373
2508113149
2516566271
2514833663
2548331775
2540006655
2523294879
2523298959
2524085399
2519954871
2536534967
2503209623
2507330183
3581141655
4101022711
4101022055
4101023031
4100042007
3026369799
3043137799
3043134487
3072826423
3072849191
3056007031
3060192853
3061237333
3069529853
3061087845
3060034919
3068427303
3068154935
3084932150
3085136918
3044176918
3023205718
3023197650
3027432386
3031618178
3031597719
3031532277
3048248948
3044064884
3039865396
3038833188
2804017965
2808278317
2799883645
2799912189
2791392509
3055551613
3055617141
3059887223
3059887414
3051502850
3034715906
3026269762
3026265794
3034735298
3030537922
3047376819
3080736165
2528139493
2523932775
2652907543
2669897734
2619763982
2623956766
3165049646
3166040879
3165692773
3165696356
3186655604
3174072660
3174072644
3174228804
3157451644
3157419820
3155304237
3041988397
3052478237
3048681293
3048683357
3048539981
4126425421
4118566365
3581240799
3610698879
4147575935
4130851935
4130720798
4128625678
4128564494
4267500830
4284446014
4242437950
4242462526
4242462582
4242397175
4241282037
3167548405
4157399540
4132417972
3863974844
3864830908
3860654520
3862219193
3795110299
3812018346
3815172330
3781553386
3782492490
3782505226
3782697483
3782697515
3780457001
3780383533
4057277309
4123468157
4119209471
4119203279
4102426063
3502705614
3502528990
3502565854
4040468878
4032150686
4051090574
4080439695
4063658447
4063724383
4130706215
4063617831
4063551783
4063554855
4067752231
4092971311
4143368575
4137076165
4137087429
4137148741
4157923637
4149502245
4145308005
4111738853
4111603605
4114744965
4107404981
4103151525
4103093685
4237306245
3704830343
3562233286
3564240646
2490427158
3051398950
3051464486
3080959782
2795615782
2796590629
2930807348
3203445268
3190862356
3189817892
2787133229
2804220974
2804818990
2783851566
2897106046
2897894606
2895834247
2894653572
3158894980
3154702260
3172890276
3207987876
4281467532
4281467852
4281405917
4291830125
4287635821
2140153145
2139170057
2122465033
1985169673
1980811529
1981135115
1983293467
1987483675
1717931019
1717862411
3865346379
3892216185
3881739048
3825640232
3825574444
2751963684
2751898149
2751910437
2752889381
2757018215
2767472614
2784263670
2809428215
2792634611
2792691875
2800097459
3873840275
3874886787
3887478147
3891670914
3858116482
3858111362
3883342786
3883212242
3866391906
3874776419
3870581091
3885310935
3855819719
4099352006
4094113175
4093984165
3032825252
3028631524
3029667796
3029604292
3029657412
2492786500
2492770244
2492833783
2494930918
2507446758
2536803814
2518912470
3055736134
3055707398
3072483618
3009634595
2984449827
3030595399
3031573191
3081975767
4140832759
4132439543
4131397110
3594533350
4132518246
4132723047
4135341383
4135255367
3594183685
3610944517
3749621765
3749683463
3749310742
3749241654
3757860646
3724371814
3702945638
2629191142
2629256695
2629129685
2633299412
2624908612
2624909124
2490886868
2488794868
3562397415
3581794278
3611148790
3610231254
4130324934
4130337814
3060657446
3068980519
3085827381
3087002949
3053381444
3044997068
3044984525
3053438717
3053246189
3086284527
3086279663
3052725103
3044135263
3044266333
3044266461
3044079101
2976967853
2976934333
3009575357
3006663613
3006664327
3010858631
3009881735
4066654206
4066669934
4075054446
4075283518
4075222030
4091991054
3018183942
3085215039
3051660591
3051732271
2783354159
2758264623
3026573085
3023401477
3024056845
3021871069
4099802605
4116520365
4158396591
4141684926
4141750414
4141767822
4141315214
4141117902
3621056862
3614958430
3581338495
3563579263
4100456245
3026639669
3035023636
2499267844
2499081988
2515853845
2507432501
2490720831
3161929326
3161792494
3184810222
3184806126
3186969726
2683751502
2683761934
2675242766
2668951358
2651907886
2656102254
3201492335
3197556095
3197550941
3201810772
3209921876
3205858612
3172252980
3172462388
3172394772
3176588917
3176624885
3184882423
3183957687
3184477887
3051343807
3042823615
3042246047
3033853407
3033923039
3027629407
3027760463
3039944479
3073465662
3056688175
4134763567
4143150125
4143141917
3069382661
3060940807
2536654103
2488426290
2488434226
2488364546
2498981378
2498913795
2494743105
2511586033
2544943840
2528170980
2532369828
2523966628
2519787749
3073501421
3073571069
3057057229
3057022797
3061215821
3061670509
3061674605
3078452221
3028244447
3036566991
3035516383
4108799454
4109655550
4109657582
4101268847
4101336383
4113972511
3581353247
3581218078
3581230398
3581357854
3579199246
3587639006
3582264062
1434714814
1434727343
1552966572
1557176812
1544598908
1543551236
4227901700
4244678660
4279347220
4262701060
4128414724
4128424708
4130472581
4130734727
4159046306
4120904354
4104134562
4104141990
3031448758
3077635271
3056706565
3055657988
4129399812
4129400068
4158895876
4125591316
4100378405
4100344679
4234546150
3160812454
3161861030
3161866134
4252376966
4285994886
4285822350
4277428638
4277986559
4277986430
4277988382
2121100318
2133797918
1563370526
2083403030
2095976758
2091794727
4240359925
4238132692
3722225604
3747391428
3726485452
3726556621
3730808285
3612839279
3621178671
2515977519
2515428654
2641192766
2640672574
2682738462
2683819294
2683690302
2682117495
2547907959
2539517141
2539516356
2539639236
2506019268
3042890708
4116633317
4116143845
4115980263
3042246503
3042245942
3044144414
3044144398
3075585310
3075978527
3075978527
3075994911
3084252479
3084244325
3051344741
3042923237
3028243173
3027584743
3027591095
3027525047
3025526231
3050757575
3075923783
3075962439
3061081607
3061083703
3061088039
3069476142
3069457446
3069252694
2658275398
2675052614
2647785478
2631079218
2630892834
2622500146
2631083778
2626840066
2626863686
2645804023
2645591013
2679158244
2672868844
2668935676
2635512220
2534861308
2536963564
3610760684
4147631324
4130858060
4130792540
4128678964
4132940852
4132879620
4132894468
3058877252
3075555925
3083944677
3035707119
2498836462
2498764782
2498759142
2498825174
2498961366
2498834390
2511349703
2677039557
2677137876
2681373044
2675409204
2675803413
2653723925
3190336565
3194529895
3194595430
3056183527
3057237215
3055205517
2786770828
2772080332
2759495196
2768080444
2695667245
2699861550
2691479086
2687279918
2687091006
3828334654
3828302074
3829223674
3829337338
3833465082
3832945146
3974511610
3987044987
4020632091
4003788297
4004836872
4002735880
4005880072
3997558140
3997627620
3997617380
4014394597
3847670886
2776550466
3782099970
3765335106
3765251442
3765190626
3765246690
3765377778
3773766359
1622088404
1622744644
1622685204
1620584212
3772260661
1623744775
1640514822
1674108238
1741225182
1741544638
1737481406
1737424014
2005855374
2009752783
1967811837
1967877476
1967881572
1951104372
1951104852
1951071812
1959456325
1959525893
1976098583
1967716135
1967771939
1900794147
1909047395
1900593379
1900597491
1900674451
1901058961
1900993169
1942411920
1942387408
1925660352
1917064772
1979716404
1996497700
1733304677
1699750373
1707087351
1707085191
1707084167
1707088327
893468119
927080710
927080710
936780039
936784191
903156015
903098667
819232027
810862857
827640137
828213579
860801355
868665675
868670795
869496138
592540010
574697834
574829035
574829035
574710251
591421931
599843307
599844331
566293947
566283738
566331866
566467067
566483963
834928601
860090269
927458749
923264445
893644221
356642229
364924311
348146583
365121430
365059734
394424194
1199730066
1318153618
1318091954
1318149298
1341349090
1340308722
1306623347
1289779475
1289779473
216234800
207780656
203644720
136437008
404815120
404815152
425851184
425982224
959634192
991157008
989973265
973200177
704757553
725655395
725655527
692101031
692101045
675389365
675528629
759414709
755220149
788772501
1845737173
1845737463
1845671783
1715647782
1725152614
3889290326
3889416262
4158048342
4158033110
4158053590
4258723030
4250330567
4250334679
4250326967
4252227237
4017223333
4017153717
3994085317
3994084805
3998344437
3891523685
3857956903
3840098359
3831721991
3831719175
3831725847
4101134885
4101179941
4260433509
4293992021
4277212741
4275114503
4291842567
4292113270
4292110190
4258588014
4292212207
4292203775
4292330703
4292343247
4249216455
4114935061
4114738471
4099111975
4099103782
4109589558
4126301234
4059192594
4051062530
4048963074
4047980035
4047857171
1900340785
1883558688
1883566368
1615127584
1615131680
1615715344
1611652160
1628428353
1661978817
1645136323
1649335987
1649342114
1657796258
1653454514
4069308370
4073502162
4064607442
4060380370
4077149394
4110818546
4098239986
3033935826
3166051922
3166129683
3165937171
2629101073
2650071825
2671042864
2671038512
3742650416
4278674532
4245039332
4249299365
4123462053
1975847815
1975856007
1959077510
1422353095
1430770535
3611607335
4132749687
4132812103
4132814789
4140600277
4140600032
4123888608
4098796496
3695635904
3692490049
2618762579
2637636978
2675127650
2658277154
2666661666
2662467378
2593325826
2677022978
2643517714
2626724199
2626729447
2630913509
2629868421
2621479812
2634070932
2500967908
3071458788
3071464788
3037906180
3037909764
3843285812
3847284580
3847284708
3879794661
3879984565
3812740502
3812673750
3779119350
3762736182
3762744630
3830899990
3839288595
3839226131
3856462097
3856453649
3880636465
1733152805
1733279861
1699692639
1699700063
1699690879
1699686762
1733241194
3881778171
3881786315
1725779595
1725712009
1725715081
1724674969
1992586169
1992757677
2009469357
4156780967
4257341927
4257473911
4258506551
4260474389
4025592325
4025592325
4008950549
4008951061
3998323765
3994079287
3943747686
3909288166
3893495014
3893501154
3897695202
1756564194
1756564211
3971157697
4239472320
4237320896
4233126592
4245808880
4245814944
4248891041
4114672289
4156620467
3082870519
3067139815
3067105909
2993713717
2993754645
2992701983
3059812143
3059776814
3084970030
2816718894
2813757471
2811725839
3080489997
3084694541
2807926797
2803863837
2770264871
2770232102
2770233190
2757105510
2698446311
2710898165
2715094405
2706713733
3775146180
3808696788
1665403237
1640434479
1669729070
1670790702
584393246
575938830
840179982
840184846
859585542
594282503
627964279
627964279
627964279
627964279
627964279
627964279
627947895
627947895
627948983
627946934
627946942
627945918
627947199
1634055871
1634057919
1629862589
1629863613
1629863613
1630992301
1612083629
4095092142
4099292646
4107667558
4036364342
4055304246
4088666134
1927558150
1924079878
1454248199
1453998356
1453998436
3606597092
3596155360
3590908401
3591153923
3591290118
3591275778
3603861810
3616449362
2627379907
2627371648
2629485200
2633515936
2619888548
2619875812
2620006780
3572114696
3573496121
3573295403
3562826027
3558144299
3558866187
4095653195
4095181257
4095050121
4115956648
4115956649
4157964969
4143366811
4143375038
4143375086
3077957486
3073699630
3040148778
2910120202
2910186762
2952713738
3221156382
3212763726
3191829199
3191362301
3195553260
4277669100
4276619500
4273805532
4278069452
4269681865
4269681865
3742766282
4246078618
4233257470
4241679358
4237472318
4237406750
4237333022
4256212799
3216024879
2653994287
2671172911
3205943151
3172388591
3168193263
3164064767
2895170525
2899356620
2890968908
2769393436
2769457676
2803077636
3876643348
3876644644
3876613413
3843185703
3847374886
3830843430
3880667158
3796794375
1649239047
1648968007
1657340887
1648951959
1648980631
1632327350
1615469206
1682586246
1960716934
1956452758
1958574311
1958493207
1974739981
2138316813
2117345565
4262934317
4283848237
4292789805
4287349309
4287144461
4270367437
4274553484
4274553500
4266190505
4283002283
4249495722
4233762986
4099542190
4108192910
4110312654
4118635534
3580683535
3580159263
3580224829
3580359997
3580813085
3580874557
3573534519
3573479223
3573540629
2499802901
2499793717
2499760433
2499629363
2499629107
2499629106
2246906150
2248085798
3489543990
3481149255
3481213639
3481017309
3441171452
3444841468
3746975180
3748845512
3729896392
3738481368
2664739560
2659492456
2659492457
3196429161
3217535855
3209134895
3205464862
2942280974
2908204046
2903878702
2903881774
3977693222
4010986550
3994174534
3994166599
3994167127
4000519790
4008711790
4205844207
4205911806
3132563278
2562079566
2562076430
2562012686
2562527774
3636269626
3635962410
2560156202
2627253097
2648214888
3732449736
2654513352
2654701768
3191507144
3191511240
3175003592
3158229912
3155608232
3168158376
3162907305
3162841790
3179553446
3183747750
3218358758
3218391142
3220554806
3220612102
3184960518
3176574022
3155602503
3154545877
3154562261
3154496757
3158699493
2908221413
2950153959
2799552247
2799555318
2799555318
2799489790
2793206494
3074221055
3073697263
2775969007
2759317615
2767702109
2767640591
3036052495
3027661830
3044431126
3076931862
3076920086
3061192502
3061258038
3069671223
3065344823
3081794325
3079688453
3046166877
2513490301
2488390015
2488522109
3038248317
3038244221
4149734781
4283956573
4285912392
4285911368
4286550345
4013921625
1832908155
1765796907
1797254187
1796734251
1800762681
1800758553
1783968056
1779773752
2048208936
2051350824
2051482925
2055616383
2055673566
2122798814
2123363982
2106569614
1552912782
1557102990
2086633870
1952420286
1948235247
4095588333
4099784557
4099800428
3832937804
3833069004
3845644236
3879030700
3862187949
3866384299
3866113979
3891484570
3853670330
3853768622
3835756526
3839946078
3832605967
3761300751
3761366295
3778180405
3778154805
3781560097
1625753377
1626670624
1626818081
1625247281
1640815377
1657587969
1657571345
575440945
575510547
571455489
571386881
571390977
571397173
570870821
570838309
570902885
591747431
600144247
600275287
600267207
667405255
667279255
633733047
616953271
616920470
608665502
608665502
617036703
616774591
612465583
613448111
630483437
668264797
653650189
645257229
639944717
639957021
640089149
640089141
644236565
778519829
786776343
786789687
803696439
803699510
803690807
761780503
761649503
761658719
762707295
762705759
628487005
626389629
609612413
609580669
609576573
608513631
608448511
541399535
541526511
549915583
545725119
545340159
545283807
545322527
562095631
583049759
570466847
570483007
570486831
570934319
575065327
600754415
583977103
584046991
575658383
575134111
575143103
575012031
575009983
575075519
591850751
591850623
591916063
643094557
645191709
641071165
645331261
645324061
644271901
652723991
669382455
770045207
761789703
745012247
745004087
606984295
627956079
627956223
629004799
662559199
662691807
594403039
570291839
570291839
551380607
551380575
541945695
541928927
541940223
542067199
541415919
549747455
549838591
545758847
545633855
595895867
574924315
570746635
570752059
570936427
570869998
1649297646
1673939134
1640389774
1640390030
1640463758
1640267166
1673815486
1740645822
1703110079
1703044525
1703044524
1687248316
1693514140
1685125532
1680997020
1681119965
1697896981
1735654917
643952405
643884069
643884069
643919909
639782933
790778885
757224517
740443479
610486135
619136631
620054103
1693802079
1693773405
1693772413
1693772517
1691676397
1691668204
3884238332
3871638732
3872756812
3866465357
3878001709
3877879085
3844537133
3848724031
3890730510
3874812686
3866125086
1712415038
1863397678
1829835054
1813187886
1817381678
1842547582
1874926030
784345486
784361614
780231823
780390559
780390557
784851100
776397016
793174232
760673528
743627240
745786216
611437176
634505752
668065288
668071433
668066575
802283822
795992110
762404910
1010004022
874648598
879101014
879625622
879431575
888737429
886643349
836320916
835530388
562898581
563963581
630481647
565502575
569696815
1617224495
1881453870
1629783102
1629785142
1629998134
1629936934
1643575094
1672934966
1672995350
1637212694
1641375239
1628929607
1627869141
1627605477
1631799461
1673549989
583031956
650171588
918680773
927065173
901865504
901996576
885153825
1010982961
1010987283
1028805891
1028803843
1062423810
1062227234
1044413734
1044407591
1044635911
1044571151
1061342223
1061210430
1027901742
1061464942
1061597182
1053205454
2126942670
2122613214
1434763502
3565449318
3565364583
3561106209
3691129379
2349009443
2361593379
3297912321
3297911361
3300328001
3300131521
1152649185
1081345504
1077157216
1077378896
2553344
2549248
69641728
86484481
119846209
124552401
124616851
120557747
120557747
103256242
36156594
304528818
308722098
375634354
375516659
376497235
372269169
909140069
909336869
913727781
930501909
903105845
835995941
868538661
918945583
919003407
919003151
1044897807
1040466975
1057229871
956639535
944123439
952509967
948310543
411042311
415236647
406856486
138420770
138552867
1220685395
1216429651
1216372307
1216476867
1216542403
1233556161
1300726225
1166312673
1079280865
1075108961
1077279841
1077343507
70711043
86434305
86434625
119927233
124571777
120439953
120575153
120508835
124179107
132641459
128316051
111473367
383837023
509666591
505472063
505539627
442756395
443019051
467984155
434425179
426033531
426000507
421933147
421933067
421925145
410452793
416752169
411379241
143076905
143010313
144165387
160729611
469536091
460623099
980849883
975344795
707956895
707891903
704819903
705077935
705077991
705094391
772166259
773128227
641466403
627834919
544079927
619589647
616444223
614413103
613185071
747428111
747407375
751601679
755669007
772454479
705345743
705336527
705343631
706388415
710648239
719037351
717809063
709422503
709422567
710586343
710596583
710854231
725565959
692011783
674054455
678252583
679236647
687631399
679422279
677260099
685705937
681512673
968819443
949957571
947200962
943137474
406193890
410455778
951388898
948972130
412101202
461384258
444608067
444651008
440463888
436252960
436252708
973123620
973447268
977576052
977592565
1057288445
1007022317
1007155181
873463405
877623917
810441309
810535501
810404557
860851663
851871183
851869839
851939487
851808447
851751343
843362735
843379887
843345071
843457775
927343855
893788671
877011295
887034127
350032719
349984607
348965487
348441199
348433262
533113166
516336718
507941895
503612423
503612454
503751718
2130878502
2135073042
2143458050
2122416978
1585480418
3749765858
3716178658
3703776866
3691195938
3690994210
2349140770
2362838323
2227057665
3300799488
3300725952
3300132032
3303277984
3294889632
3290892000
3290855120
1147565760
1147658945
1164239569
1164227571
1298502899
1332065523
1327867058
1327735954
1310953618
1176731794
102990290
241611250
241672562
509994262
505701655
505771319
506946855
523724077
490692893
494749453
494683919
526141311
525129007
516744495
516416830
516350991
449303567
440681487
436489263
973564973
973481261
457319181
432161293
432030303
415285863
415294182
146859750
1220603622
1220602706
1220639058
1216773378
1216754690
1216745538
1216741826
3432382930
3434416035
3299083939
3294908067
3290746529
3290814081
1143469699
1159979969
1159913921
1197646272
1206104176
1340190944
1340191968
1315026160
1310954736
1310885200
102990161
102880005
237052693
237052692
254223140
209135396
410464036
418869100
414678860
196398925
178572623
183288030
174903422
170668086
187510838
137232694
138293798
148775463
144647719
144584199
144625159
163417607
195856327
178554326
182747318
174362790
170176694
171357622
169276854
1241918886
1241853414
1242033510
3393623318
3683550470
3684598022
4221416214
4221346342
4204569125
4204569380
4208754980
4215046436
3895230500
3895152740
1748645228
1748646252
1748642284
1761229276
700135821
716912783
716926087
714728583
718910919
710649703
719037733
719036453
709865525
705662981
721784837
721940533
721876005
721935717
717540197
717544293
717515765
709193541
709780807
709805407
709870959
734840175
701365743
685761999
677341135
677331911
677315319
677184230
676082422
671883990
944513654
953101862
948898342
413010454
413010438
146680326
146554434
146542146
145508034
1236059602
1269350898
1252782579
3401277939
3401262066
3401261810
2327384674
2327320418
2326292322
2326324578
2326311266
2397602274
2397602289
2389541296
2255258000
2263127440
2254749104
2254739872
2267125920
3609434272
3609376929
3593645203
1446421699
1983308867
1982259267
908353585
908349729
929960737
904802849
883819041
883688241
887361809
874786817
874854421
874920917
887503509
1017518773
1067584133
513820295
513852039
506516118
504427494
386949934
336601902
341189423
349578525
345386252
345471244
345831448
294426648
311396360
311331080
315590985
306546010
302289258
302297450
302289002
839749742
844075118
852463718
583768310
575314118
592099527
592099527
655273159
655270343
772796743
772616551
772546863
772546863
793583919
1017065839
1019152223
1019088463
481169101
481238735
481115855
212153999
212137615
212121247
132954015
384611743
375755935
509975743
505789631
505918655
505918655
2053615806
2053611758
2078777390
1776787758
1759879722
3907297834
3899957802
3900482111
3898384909
3894190617
2819404329
2819405353
2819595817
2840497001
2848835961
2840394185
2840391129
2823746793
2848374953
2844180633
2849325208
2836680888
2870293932
2872448428
2838648236
3908195164
3902083845
3902092102
3902023366
1750347398
1746217638
2016807846
2016807314
2046167170
2058749058
1051132035
513999041
513806657
228598547
211821347
216015139
207839523
208885011
204686610
204656390
204660487
225615623
258116039
249792903
249662855
249662613
249795765
241414583
505450879
505447214
371307054
371368494
388407854
895870510
896855851
877947177
885287224
835541304
860768600
575588680
844025160
843957000
843895577
852276025
852271915
843882795
839692651
839685483
839752175
844011759
852408575
852408525
911125709
906928333
906989773
772772077
789491943
760128743
769633446
685751430
1753126022
1753187718
1814529974
1814402726
1814421158
1814355694
1814331118
1814052590
1851797486
1851794878
1860253119
1860240575
1789068477
1789072541
1805857997
1772233935
1755456847
1759673871
1755740687
1756846622
1756686878
1754589758
1758768687
3896829759
3892637983
3909415197
3909480749
3913717101
3917907311
3917860189
3955554639
3942967567
3943032895
3943095342
3955639342
3922084878
3905368078
3892781390
3892798318
3897017070
3901211371
1753597657
1753509768
1757686156
1745103244
1745230764
1745227436
1745229500
675418764
948044421
1016201877
1018365847
480251330
211824066
211821762
216130882
73593090
90361858
73580546
82034994
81917219
216130849
212068145
211990288
161648384
195530496
178638608
183815456
171199777
171267361
171398513
169276755
168272211
440705395
449093987
449093731
465870947
423927907
