554318884
554306852
600444260
600382292
566762060
566770252
566827548
629815852
629815852
764160524
764161549
767827469
767872303
700832878
700836990
700836958
700837326
700968446
692541950
692538335
692399071
692546045
734427629
734419437
801459165
784653263
1053096911
1044773838
507902302
508033406
508024959
105367663
105335919
105258237
105262221
105260428
113665420
113693580
63357836
29852556
5091740
5079452
5080509
273518077
274698013
275753503
271428123
808300042
808431114
825147150
858754878
841780526
578604334
643616046
658986014
658923598
667312350
633811183
633540773
608379060
608379060
608397220
616691365
612474535
629186231
666937990
650161030
650160542
1740880047
1698859245
1610778940
1610779932
1611054876
1611114028
1612162604
1612050988
1631896109
1665451583
1715797823
1715793214
1715791974
1715816694
1715931350
1715865750
1715865750
1724263830
1736846726
1736844679
1703294341
1686574468
1686125972
616592628
609248308
605348916
739566628
741664039
605398566
609656358
634882838
662997079
650418389
1715767444
1711769732
1644621188
1661363860
1627792100
1611072100
1612453412
1627141668
1622949413
1622941479
1637354807
1670906886
1736975366
1741169678
667418654
667633134
663670190
663681470
797747342
797751438
780441742
780642445
776382604
1845931148
1845927100
1845925052
771941556
771941588
772175188
772146532
772081445
777264941
777269037
785723181
782057277
782044943
1050418959
1053634319
1053764879
1053756703
533089551
499535119
483380558
407760350
944565246
944614398
1020182398
1020235038
1019774014
1019772974
1011392558
1011392622
2085200239
2085282415
2093668079
2093666047
2089340671
2089614063
4107066350
4098739158
4098788230
4110859142
4131827606
3863390134
3871847319
3871708037
3863315348
1711653860
1644491564
1627713836
1610933548
1610935596
1610935340
1610935341
1615105071
1640467567
1673960637
1657120909
1648687244
1644546204
1661390260
1627807664
1611017968
1611017824
1682390560
1691631137
1689529891
1622425394
1622478082
1972767746
2005345282
1451697154
1451631618
1451640002
1452232066
399375762
399305106
365799826
365857170
395217025
395151504
919386288
1040493728
1040690352
1041673424
1041687760
1041658960
773262624
772017441
772017957
794045991
768880175
697773615
731332127
730091023
713354511
985984015
977648767
977636463
978160877
978225373
978233549
974055885
990800205
957241693
940461373
944721197
953093949
952975165
952987487
969729919
730638319
713859567
717533695
994357390
1007002766
2080816526
2080803742
2085014174
2085571230
1825331902
1825319854
1821126062
1754211751
1753622420
1757873044
1749287668
1745098276
1745102372
671360564
675292724
675295028
700529940
700456197
700464389
700513559
969006455
998346199
1002473862
985774470
977385606
440645782
440662162
440663186
1514337410
1505907842
1216496962
1283591986
1283735329
3364106016
3364104992
3364109088
3385072432
3385134864
3418758912
3418767104
3418770688
3402059105
1254411746
1254415778
1246031266
1262807202
1258416306
151189698
134666562
403077379
403144449
402685488
939554352
939583028
956360244
956347956
956405365
956407798
960544758
960536502
960600982
994281862
2067961990
2118301854
2126751934
2122575038
2122511518
2139248029
2139228156
2110129708
2102658604
1949574700
1966353964
2004168492
928460076
936707388
365183244
348446988
340058372
340054293
340641141
340774371
80660898
80664994
80139442
71745666
222740610
218547651
201741763
201813857
138701345
138685985
138683921
155525633
155652865
188957521
180601187
180478306
176267746
180598226
180454802
440442002
440446130
448834726
981511334
981511334
2055384253
2055650716
1783006972
1778697836
706008616
706012712
706012712
706209064
718762024
718553144
709111821
1040457741
1040389149
973212733
448923965
444729925
461769413
428149445
428210885
428206661
461881157
466591061
466390133
458001509
424451173
420457581
420408445
420474109
453991661
453860847
424505327
433023726
479091390
479185566
479054478
483170958
483175070
482651070
499494846
499641791
524733949
508021820
1040538684
1041589564
1044193580
1044325180
528360220
352191001
352256521
350028299
348984923
348924539
348920427
344738555
814734075
814738059
831319691
853328779
840745371
571457771
571470063
571236397
588013869
558654765
541880109
550333741
550300973
550258749
541870111
558630991
554645599
558250351
566627175
549853799
545598039
549726791
549743175
549841495
566750839
596098934
579178310
851742150
843353542
839171542
302378214
302509286
315088038
1384565926
1401328806
1351001238
1351001222
1355201670
1346801029
1346866052
1883744948
1900391076
1711385252
1711384500
1711514068
1644343580
570540332
571523368
554713897
538255915
605367851
609495595
608439097
616827673
616957209
629547337
780476745
780403017
780468553
646280521
650504569
642099561
659007833
625388361
617000523
616989194
1682276890
1963295290
1996792618
1980031338
1979982058
1980039402
4136501418
4136502442
4136524973
4136529036
4119259532
4240804748
2080738188
2080877452
1812441420
1812442380
1830266172
756129836
741597228
739495980
739459372
738394409
738276653
738209581
742403631
746797615
746785327
746850831
746859023
746860047
746868303
746931798
1019488086
1011623746
2085371250
1573719394
1603165538
1586392178
1586392130
3465436482
3469364546
3469692226
3469573458
2395811154
2412592498
2408385890
2374878306
2374804706
2374803683
2374279329
2642707616
3712257168
3741681792
4278696064
4278626432
4278626452
1862446212
1828890052
1694689268
1694679652
1728135781
1732253295
1732257774
1740645871
1837180287
1820460895
1686505037
1690703373
1824796175
1816406590
2093234734
2093234734
2110077718
2126854406
1585921350
1585852738
3733336386
3733336338
3464905010
3481748275
3477427763
3443879441
3423071761
3427266307
3427714323
3436167411
1166901411
1200595123
1200529537
1590657152
1577418880
1594133648
1560651952
2080811424
2080828324
1024655284
756148164
758178636
758149981
758141805
745632301
753952301
751887913
747692601
768660233
760271625
1863378697
1863444347
1867694059
1858244587
1858195451
1858133899
1849747339
1845589899
773018539
772936107
777130411
785584315
785588411
781279467
781214827
781247546
787538970
779150362
778171418
774108190
778236990
1046672398
1071827982
1039322126
1039386974
1037421551
1037429741
1037396716
1037400828
1022851804
1022836428
1014439500
1026885148
1026885164
928265772
936652333
931933997
898379071
898435343
344869135
361658639
365787423
399309103
390921519
374136175
374201725
390979421
357497677
357497677
357484876
357386589
357321069
340548973
349007359
349135327
349069790
349139390
340607406
336347566
806109614
806119870
810351518
818399902
814144158
818342794
835120010
860349834
843370954
583025515
583025448
574636584
591872556
558200364
553936684
553938748
558169881
558157595
592432922
592367386
600829722
600633115
600694571
567004969
558620473
558491481
558495609
554301305
554298715
587984251
575393258
575393002
583781626
583654542
575401102
575333518
1925899422
1926153374
1905180830
1892085902
1892049038
1883730399
1883721727
1892109037
1891986152
1623485160
1640295144
1665454040
1665648584
554070344
554131736
537157928
537159464
537231144
537357865
541419049
550295083
546096955
546080570
567063898
558689738
588041690
1645071338
1645136874
1649343466
1657695226
1657614171
1925983579
1921858683
1921911919
1921911919
1385041023
1455832135
1430662599
1413967303
1556606401
1556598145
1573356673
1598521489
1594208401
1594204401
1594340855
1598537206
2135271910
2110040486
2102176182
2102389150
2098133407
1812350349
1812349917
1678197372
1679245868
1683251757
751068717
751070767
751070015
616843582
608454686
608520203
625437723
658924921
650560872
784778104
784843640
784654808
776266200
776265944
772076792
772261096
772164856
654707960
654706937
759572953
759573211
751185626
746995450
747046618
612631242
612639434
612639306
885278330
885280618
885312363
885320571
902687611
919535583
911123343
911123335
910537111
910476711
910478759
927221927
1057433815
1057368071
1028008199
1028009223
1036131607
767563575
767588135
767608621
767872813
767856429
767928957
759556701
755296861
755265145
755445369
755383915
625413995
633671019
629409915
629483643
763701323
763701579
801466699
801635679
802148303
802145743
802022911
801424879
801426927
801491439
759687679
692415455
688204638
688204126
692533630
700849519
696651135
763694431
767823199
969157981
960785885
960851453
969370111
969366015
969234911
969243087
969242973
961010493
961005885
956811549
755223821
792849693
792833309
792832829
792832893
658619261
658750333
654555773
587446909
587307629
553749101
554011263
554011263
554666623
554687087
554662511
554646127
554646383
558840175
567228527
562903167
562903135
562903119
596473935
596473935
600701263
600701279
592313183
592280415
558725983
558840703
558840303
558857711
567278847
567131390
596491486
596491422
579714206
583908510
584039582
584038814
584038814
592362398
827227102
806234815
806234797
806234797
810494892
835529148
848051332
848043140
847512708
314884228
314937556
307736884
308781332
291610885
1348708101
1348648719
1348909575
1357290023
3501492775
3566505767
3582430519
3620138247
3745967383
3741674807
3741719863
3745908534
3754825494
3718124310
3449360758
2379764086
2379772118
3427594454
3427590390
3427590615
3427722695
3436078535
3436082511
3452325214
3445048606
3478476062
3464316222
3464316218
3338491162
3338237209
1408777720
1408776632
1396186040
1396181944
322641560
320483976
320484248
323682792
860430632
827859001
827879481
827895851
293119274
326666538
291342602
274696458
274696266
274631882
343834762
342794378
342864027
343839163
1417590203
1434365881
1467920285
1451140767
1383912351
1383912383
1392264191
1392312827
1392447787
1391928617
1408707881
1408646425
1408702745
1458928953
1450472475
1175741642
1175209214
1191985326
1141522590
1145704838
1150169735
1151207057
1153183392
1153183392
1151084192
1151099552
3319263888
3309744561
3306324086
3308424214
3307444230
3307251990
3319835186
1168161330
1168440850
1206735363
1206518336
1198130068
1178210720
1177167008
1178286240
1161439360
69871808
70220993
73721042
82092514
77894113
1420132848
1470272448
1457690304
3592588864
3592522256
3592534576
3055594016
3055595040
3056625188
3077780268
3052536109
3052863791
3051815230
2968917306
2969382202
2491168874
2491160682
2506885370
3614182602
3601408138
3332980875
1118552201
1119604923
3267072427
3254358442
3222843306
3290413790
3558779598
3558779726
1413458246
1551740230
1417445702
1433370950
4134175062
4134179174
4268405095
4268663141
4268539237
4269600036
4269599036
4279822620
4179257660
4217007404
4225385772
4225384829
4223287767
4227551703
3690689014
3648745958
3644549106
3627775954
3631822787
3631759315
3640143858
1492725234
1505442162
1508579634
1610157346
1593312534
1316565254
1316561158
1316712791
1312551383
238616007
255383941
205117828
209378196
209378004
217765840
218067312
477913392
477429808
343343153
341250083
106769698
115288418
113908690
113987202
130564738
80237206
76079806
1150870510
1155245866
1148893994
1178241822
1445890574
1449568782
1453823502
1453625870
4137976524
4154753976
4243947944
3829183660
4097628396
1950275812
1950246132
1967006196
1964908880
1948004672
1948001236
2086414181
1574181479
1454639654
1454770694
3602807366
3602837062
3600392517
3734540388
3736637548
3698954344
3694846232
3694862872
3694669352
3698862633
3640338986
3703126314
1554778170
1558972618
1575750794
1585254538
243142794
236855690
252601278
202171047
202158759
470590178
470066786
1011132978
1019656722
1033017858
915572738
915581954
911385601
907247696
922829040
872685728
805707936
805711520
549849760
545720992
579013248
580070017
848310147
844161410
842118114
842117858
846238438
561025766
558928495
558924591
567377967
569569339
820175899
811755547
1952590107
1416694585
1414532665
1423119929
1423074057
1436016905
1438109707
1438547979
1438485610
1436330218
1473816750
1980410010
1980401802
4129195402
3860759435
1716945561
1716945592
1647698684
1646551660
1663312484
1730421348
1730290212
1734546220
1704984617
1956642858
1956773898
1419914250
1151477770
1151363098
1151379498
1152432170
1169459210
1186827275
1320846536
1312456840
1312460952
1445630108
1446752396
1446686892
1446682788
1434099877
1954268657
1954235829
1950304241
1954485239
1954362343
1951675111
1960063719
1892947703
1893029591
1911914199
1912467399
1912466895
1904080334
1367135694
1367101823
1367159167
1367290175
1367291197
1367162671
1375551279
1375680127
1409168975
1409233615
1409045199
1392296911
1384088031
1392416253
1392491757
1400876541
1400745437
1400683997
3546060799
3545601022
3528839550
3598176622
3598020974
3598131503
3614843183
3614847261
1366693644
1366761240
1349984024
1349984024
1425497944
1442176841
3589584843
3590100938
3590096858
3615261610
3615327146
3615159214
3548046271
3556402079
3522847677
3523045293
2449287087
2449288622
2440895934
2474450398
3543940366
3543411998
3529844030
3554947358
3550740797
3517263912
3500556328
3504619628
3492069852
3491024268
1343540108
1343548044
1347726220
1356245391
1406575759
3547766991
3547828303
3542450439
3542397749
3513033253
3496256037
3564021285
3580821301
3580808471
3580874007
3749567703
3745379543
3745510615
3744977094
4286038358
4286038374
4143444327
4143310711
4277528151
4294436551
3749672661
3749668597
3724505845
3707585509
3707519461
3707519333
3707269495
3581502807
3581633878
3581634006
3581623702
1467554966
1467562166
1450915990
1987779734
1987773591
1988043159
1996448725
1945465429
1940181876
1906632484
1895066404
1886677540
1884387892
806500884
806493716
856822277
844382983
855044374
852922406
852787238
852790310
843875367
843886861
839692557
571310344
571113481
1661639691
1612363802
1616554026
1623103786
1622117194
1626311242
1613533770
1613558282
1631384106
1662906986
3796755055
3813433709
3779877972
3779878004
3779974372
3821991396
3821993972
1666019284
1665945477
1665977735
1632492711
1632566503
1674509551
1657698511
1657727311
1657793807
1657625663
1716343871
1716461583
1846485007
1850090559
785779759
718687519
714492749
735542861
735440717
693495773
685105661
685236637
676712591
672518287
671448223
2013739438
2085043110
2094344934
2090154598
4237639510
4243923782
4105642822
4104569414
4105077478
4105143013
3836511972
3835997924
4234460884
4230254100
4231172372
4096946192
1681006624
1678909472
1611797536
1624447009
546445617
563222785
582097667
582355715
582305543
586465863
576488149
575451815
583836583
583840175
541884847
537710015
537713030
1611594150
1624177638
1636760422
1636761382
3818907142
3822936578
1917608454
1934574102
1934492198
1900942951
1942962023
1925986661
1925986533
1926002917
1657592020
1657576644
575583436
571379917
856600901
1930338615
1913627687
1913435174
4060912678
4060929062
3792499750
3813604390
3767463446
1956567622
2109655765
2074925796
2062318052
4197203172
4197194869
2049850487
2050899030
2034118086
955920326
951791238
951658118
2090563218
1553712816
1553503920
3717770656
3721964960
3709385936
4246378944
4112157248
4116351488
4053699121
4070345250
4074547750
4061969702
3862729766
3795685430
3812593778
3762221267
3762189249
3833475777
3833529025
4033413729
4033688099
4042008098
2968264226
2964068658
2964092982
2964125719
2998769669
2997853252
2997850436
3002040900
2993537620
2469147236
2418815591
2485924454
2485991270
2490309734
3572440146
3568188482
3299751106
1169043650
1169109186
1303187649
1303138772
1173157860
1160572836
1093663668
53410693
36629383
36690823
40717703
49091989
48574900
40182196
37036196
36970916
305422756
308601316
291804519
291538214
291542310
291542322
275226386
274898690
350403074
350468626
1415686707
1415752241
1546824193
3711101440
3709009664
3675440464
3679634801
3755066482
3750851794
3717293266
3717283026
3583065314
3587513762
3310685090
3279887282
3263118210
1124023169
1122843008
1122770352
1122770080
36451472
53228996
288204052
270833460
807702308
539270951
539803430
1613545014
1613608502
1613731378
1614644786
1612549682
1611647778
1611548962
1611536417
1615734816
1675520032
3802032240
3806260544
3797874112
3796665216
3796665264
3796666273
3808991139
3809009586
3792469906
2718923682
2731420578
2727226338
2728290786
2747222291
2712426755
2985093377
2972581137
4080008464
4064206608
4064206080
1914559792
1913416736
1913420848
1913408592
1917471808
852117568
920283456
939141889
1063991811
1063860994
527252274
527259938
1072258338
1034542130
2108282963
2108291152
1420425408
1424620736
1416354960
1345057936
1345021872
1349199520
1357584032
1353387681
1353256610
3500677794
3500686306
3496483938
1344812034
1345986562
1346002946
272244994
272250114
276445955
293476865
335485456
318708272
310196755
310140418
303350274
303350754
306500066
314888354
327991458
294444210
294607043
290339008
286144832
51259648
51261184
56502048
31209248
294401888
277630817
281856865
281840113
298752321
323926339
307150146
844017474
844017218
839695970
839687778
571248226
571248226
571449315
583712227
583773346
583642290
575188098
570997890
906615938
906681522
906648754
927605906
895100050
2096767890
1558918802
1558783634
1554722450
1554714258
1554598546
1554832083
1554819651
3702304273
3706496817
3693913377
3694961955
3711416114
3742815778
3742811682
4283876978
3210213075
3184918259
3218407393
3218406881
3201629680
4276024768
4267603392
3598586176
3615297872
4101780832
4101782880
4101770592
4101967137
4101397827
1423374146
1440147266
1968543682
1967424978
4114910434
4114922722
4148536546
4148602306
4132890562
4149630675
4152231665
4114355936
4118556256
4100728096
4109112352
4121232400
1437012992
1442194496
1465263297
1461130691
1459951058
1460082610
1464227746
1602641906
1585962962
3733323602
3734285682
3738479970
3738477922
3746866530
3754210674
3754423794
3745969650
3745931106
3675737954
2601928498
2606159122
3151425810
3147292978
3147167026
2577200418
2577194291
2581389107
2602393363
2602516231
3189398854
4263169255
4271541476
4003110116
4003040460
4002979020
3994584268
4011369692
3977946620
3825918436
3842662756
3842647396
3846899044
3851160931
3851357539
3834522946
3834538758
3834572295
3834633735
3767373317
3787755029
1665435157
1661240933
1661253487
3793016303
3809789439
3809926511
3813058925
3813058860
3804670780
3804604940
3796143628
3796681228
3792552460
3792626301
3863901166
3873263854
1862009070
1862016254
1769879774
1753102542
1751001166
672540742
676800710
678903254
687808406
956241814
951521926
951530119
951136932
967901924
1001460292
462443008
441482752
436234528
453011488
402679844
402798614
403053830
407765574
415908550
411812566
428573350
462979747
462991265
1536731557
1526306964
1543157892
1601879237
1566244039
1566209478
1415206358
1952073702
1959512038
1892272103
1892190181
1883815924
1896394580
1661513028
1661708608
1661708545
571444531
1645202786
1646151014
1646147046
1646141943
1675514871
1637828325
1637670629
1619819124
3763104285
3758389775
3758381854
3758513454
2957382702
2697405486
2709790734
2978771214
4086219630
4069427174
4069033893
4070084996
2453206148
3525964932
3594183812
3592056055
3575277798
3558746326
1952319942
1956543430
1421769286
1606417989
1587869252
1587848020
1583657268
2116321316
2117439524
1043768420
1060545780
1027007700
1012383989
1014317277
875909261
876029317
876029877
879169252
887426784
884281056
817182352
817111680
280765057
297611907
1391921026
1391806354
1391807922
1123409378
1122302322
3261393202
3261394710
3261457942
3269980694
3332887090
3332887058
3332788818
3316007922
2225341857
2230598817
2222205089
2218031345
2218196035
2235466755
2280558849
2527961363
2544673587
2544674357
2678894117
2641156644
2569800292
2570849021
2553166429
3626904895
4192873535
4222161983
2074684479
2075913231
2054857807
2050729039
2050523349
993566949
991732709
957264481
939976224
939664929
2013464098
2013464306
2080519586
1556489378
1570374786
1973095558
1468582278
1468570007
4153190828
4153190828
3619990440
3608522392
2534900360
2467480266
2467443226
2467504686
2473599534
2476740910
2443182126
2426667038
2427211790
3517834253
3517824012
3513616460
3576678860
3610179996
1596877020
1597909452
2132683084
1058942220
1028130108
969413421
969417020
969417016
969498920
970580264
433644328
433641992
432568904
432880201
416185035
411499146
411219354
964788394
2076213418
2051047610
2046862490
2046995594
2046995594
2063772878
2013507590
2014490882
2021044786
2095510050
2112799010
2120773666
2053660674
2049597441
2053817344
2078985536
2025508448
2025356896
2029550864
1478247444
1477932068
1544954948
1561738309
1561677255
1574423266
2140642018
2141039202
2124197458
1989981954
1987870723
1915650048
1646956608
1646956752
3795505312
3812544672
3778872736
3774613152
3770422949
3768336038
2711371446
2749116070
2736007918
2702195518
2686531646
2715969854
2728586015
2795695692
2796613188
3067113028
2986364391
2987412646
2956135590
2956332198
4034269062
4043193990
1889347206
1889283493
1889295524
1895615652
1902938308
1932503108
841918464
841917440
841920513
841977905
841785377
858578997
825122821
808328389
1886260149
1890454181
1891437223
1906121398
1368665734
1408508622
1399071006
3273990174
3244695582
3248890158
3316003630
3299677742
3300660782
3300676158
3298350925
3298342860
3297280396
3428614572
2367457192
2669119224
2652286664
2652286472
2664933944
2660280875
2610016042
2612198698
2607088938
2603353146
2653488186
2653565994
2666144810
2661950506
2661815610
2411209035
3451396552
3430474636
3296375684
3292246916
1142461316
1141416956
1409917804
1410045480
1913294377
1913293513
1914608523
1983817866
1983182986
1998899370
2099562666
1831269530
1864556890
1860346410
1856414250
1856479786
1856282904
1857331208
1853136908
1847379060
1864125604
1696205988
1681529253
1680476839
1688930967
1688951445
3836345989
3854085764
3887640196
2818354916
2789064229
2738129431
2737080839
2737306119
2737236515
2804312867
2800093473
2795965680
2797341888
3065775296
3070170320
3061462080
3194627136
3211423169
3219877361
3215485409
3048762849
3052949925
3025686917
3034194893
2497323977
2497381225
2432241513
2422750009
2422745896
2418547240
2418608744
2422942283
2443780810
2477269706
3601351098
3605577898
3605577962
3597254894
3740966134
3736840390
3740838085
3732449284
2134423556
2032896028
4163535916
4163543084
3895107628
3907756060
3899240460
3894972428
3894987804
3962096556
4230634153
4125760171
4155116202
4071295626
4071108234
4075292574
4075357358
4067164335
4079747215
1936662669
1936531597
1910776045
1910846703
1902607871
1902632415
1885732702
1902444382
1902427486
1944108351
1944370495
1935981887
1936063807
1936194943
1936129909
1902566869
1902566869
1885754869
1885828597
1885698005
1885697749
811955925
811947637
811882103
828389367
828401111
862090463
870472927
1944243550
1944313182
1944387422
1944387167
1935996510
1902491230
1902638686
1902564927
1902630719
1936054077
1936063805
1944452157
1944943677
1944935549
1935957245
828708093
828780797
811995597
811992013
812061532
811873064
820258600
837036328
870594840
312752392
312965387
312999194
334278922
292331786
271351818
71073838
81376302
345757734
362477622
381351377
381346176
1450894208
1463743120
1427940000
1426892704
1410116516
1879878052
1897184181
1916206007
1919352823
1927726807
1927692871
1927770710
1407463982
1373909542
1348743974
1348808998
1076826166
1080758294
1089155086
1084945422
1084930327
1420474645
1420474628
3563764484
3693840644
3693645124
2657649092
2519303124
3056239252
3056255652
3056267937
2792026787
2796156578
2796345762
2930559142
2930563127
2922182663
2855106567
2871405575
3894816007
3895340583
3975024166
3971681958
3971485350
1824005798
1824014262
1958227335
1964534919
1426648199
1426696583
285976967
830388615
871284149
1944494565
1910866277
1910542645
1893830940
1885573916
1885838908
1885706812
1881455165
1881455165
1898314303
1898852879
4046328590
4096458814
4097507375
1962545391
1956265135
1956194445
1351100549
1367882117
1402681751
1390046599
1392402830
1384039310
1379320222
1379332534
1383392166
1383392167
1383395239
1383385511
1383385525
1407577589
1407578101
1374147575
1374147575
1365734167
1348825366
270872894
270872894
6631734
6632726
6780182
1088879894
1089404694
1085184790
3232537350
3232533254
1105889926
1132104326
3262838406
3270210198
3266016166
3266245029
3534737572
3538735268
3530354852
3526160548
3526145348
3543052036
3509496580
3513621301
3513620789
3496646973
4058684693
4121596165
3584741381
3584671765
1441284205
1345855661
1882729647
1882798254
1880758702
1880755134
1912212126
1946029710
1925018254
1927598734
1927594639
1919218671
1919214575
1919279919
1936118590
1902613294
1910871854
1978457374
1961490718
1961617694
1978399038
1969945918
2003531230
1999189406
2003378623
1996108717
1924806316
1941649068
1945968284
1399594636
1395400653
1395482077
1394986495
1407704414
1407712606
1407582047
1373945182
1373943102
1357247798
1348988982
1348988982
1348989222
1365701414
1374082863
3555186495
3538288413
1390868749
1399777293
1399773261
1367103901
1367100828
1350305688
1367213976
1365129144
1365124008
1364992940
1365013420
1366053820
1374484476
1374480381
1374480253
1374549359
1366160767
1366291550
1362099294
1898347870
1898347902
1936088958
1936154366
1944346622
1944125406
1373697374
1365374303
1399189823
1378152759
1382510901
308695348
317641020
317714744
854569240
871281944
820951304
619624712
610703369
610764857
1814337595
1814344715
1747238922
1764098266
1764626602
1764628138
1760435882
3920240298
3920117434
3954713291
3149456073
3132666457
3130565160
2597888620
2601053900
2601003652
3742964389
4279901095
4160359590
4122610854
4121494694
4054647942
4046381190
1898357894
1361486990
1931781582
1931521359
1663080735
1663211837
1667414317
1676065069
1659276092
1659289148
1718006556
1714417941
1848455445
1865167895
1814895651
1814960163
1819150434
1823346050
749602434
1018036866
1035948674
2140988054
2127340198
2118954406
2131536366
2082322718
1962588701
1957342781
1961545244
1894376973
1881761485
1898583479
1899627687
1935543462
1944001686
1407134854
1409232006
1409166470
1408187799
1408173975
1403918023
1403475669
1403320049
300214241
291824609
287633761
321245489
321253683
321253683
304443699
304567607
1466357015
1466881029
1441717269
1424995612
1424930060
1420728076
1438424604
1469886188
1452059624
1457306024
1377828009
1379320971
1379320974
1395016094
1898320830
1885737662
1885799070
1885673118
1885632239
1885660773
1885398821
1910551860
1910542612
2007217429
4154636085
4141987635
4133531411
3190927122
2653093682
2539805990
2514885926
2514885926
2498629078
2494434694
2444168630
2443709870
2445020591
3522960789
3229367428
3224122756
3224335808
1076847888
1076782384
1081079057
1080481043
1076272387
1127128835
1114545923
317623555
1391428609
1391034449
1382649968
1378459888
1462477024
1950002400
1950333281
1681889825
1685035555
1684315682
1701105942
1701175318
3848691766
4096131126
4097638646
4097642918
4101578406
4109896358
4104719030
4037687942
4054527630
3551014543
3534257551
3534279837
3538920621
3538920621
3530334636
4062491068
4062478812
4062544892
4062557036
4079264556
4045911844
4029085476
2959605540
2967854628
2967861796
2963634740
2963635732
2984588868
3018208965
3001485223
3001286822
3001286822
3001286822
4075226262
4066796678
4066798734
1936157902
1931869678
1931829230
1932286926
1932296142
1936547803
1936678651
1903122139
1911371739
1910781407
1910781311
1910789247
1910789231
1910797421
1910635629
1910766812
1910767052
1902313420
828554972
1935914620
1935716988
1931522876
1931522365
1898033469
1902358831
1885779246
1894227246
4041595679
3505314591
3505314335
3513670479
3555621775
4092479373
4076667325
4091351485
4091359677
1945907629
1903960493
1899766191
1898260415
1898201087
1931766783
1919187965
1659239293
1659240285
1675982669
828397389
828395855
811667775
811807534
828584238
862008622
854011198
853964862
849803326
850253919
850172365
1928113609
1936697224
1361740680
1345307609
1345307133
1882179055
1886387695
1894083055
1894087038
1906670926
1911029582
1910961495
1910953303
1910887767
1902409207
1897987575
1897987559
1898175461
1902304228
1902312404
1675885380
1659223628
1659223644
1650767484
1919210044
4063089452
4063088684
4063031341
4046287919
4033744143
4042137358
3500875294
3500760622
2427024942
2494068015
2494098540
2494090492
2507721868
2501406092
2467851660
2451271068
3543803276
3555340687
3551396270
3551269294
3521905066
3492545018
1076696442
1345142026
1344563466
1348790538
1348843802
1365743914
1399297291
1390907851
1390904265
1391755945
1391764137
1391780525
1383461805
1379324077
1379324133
1378271333
1395081221
1361536005
1348856837
1348926725
1348909829
1357285895
1357285911
1911000630
1910808102
4092896550
4084507686
4067926054
4066742322
4067213363
4067246131
4084089121
4050261731
4058648243
4041869971
3504933523
1424767667
1416374947
1430007441
1434329728
1433805632
368259860
350236964
350282028
341878056
341870873
342079759
351447310
1423087622
1423087686
1423023302
1366589575
1396146325
1379844244
1915646900
1919296160
1919292080
1382486705
1914974886
1931748206
1885611822
1894078766
1352976654
1352972550
1352964358
1357682950
1349424390
1366200775
1382973831
1382973857
4075725728
4067403680
4068327312
4068327120
4066682464
4075071012
3789874724
3764703796
3764666956
3781440238
3781505966
3814981806
3823371438
3807184062
3815640206
4084083854
1944986830
1911496975
1911497228
1911501320
1357214216
1348752136
1416419096
1961753896
1961863467
1957603386
1957607450
1978244107
1965589579
2000191627
2000199817
1931124888
1931141544
1931372456
1935543977
1935543997
1904152253
4050917357
4058260265
4087620393
1940193817
1940337163
1404002830
1403839038
1371334502
3227306466
3222030514
3289348310
3289282582
3306058758
3353223174
3331989510
3334103366
1186645447
1202229156
1202227884
1567156908
1562954392
1563151048
1563359048
1563357468
1430184252
1950343460
880595765
878240481
878244513
349820321
349753761
348733584
365589636
1473936772
1400519430
1399720710
1113852198
1113860390
3261082686
3261464590
3265658894
3266822462
3266687786
3516178985
3502023464
2428287976
2432469928
2418838168
2435758728
2990455432
2990450312
4063158920
4063171242
4062974122
4075561130
4088340654
4054725774
1907238022
1911432327
1944331477
1399071988
325332212
325074164
325214196
1373830852
1373804100
1369474580
1893769765
4058034983
4041249598
4041447230
4041719358
4037459518
2985204270
2976832238
2704214702
2737573802
2737573291
2741970089
3824025785
3819896985
3819253901
1642340493
1902388429
1881416909
1881619711
1885739263
1894144495
1910921727
866484175
853868495
853865807
1919407455
1919276415
1935995262
1902440815
1902637871
1902564143
1348916029
1357239065
1357178649
1357163800
1357363485
3504781599
4050032958
4112882446
4146576142
4150693130
4143350106
3069612286
3067597054
3071545518
3071545518
2501128614
2489266854
2495492775
2495554213
2495357637
2495358725
3237751045
3224111108
3244972236
3245009036
1139730572
1131334029
1110295965
1111343517
1111347613
1379398045
1379262909
1382343085
1407508973
1407512556
1357179756
1357380220
1357314653
1357839956
1374658332
1374657813
1374542869
1366088977
1344664881
1344788273
1344459315
1348653602
1365496354
1407382322
1390604546
1383322626
1381039298
1376909442
1376975234
1395849603
1366739331
1374587795
1890422195
1890362787
1894557095
1613538279
1630316263
1630316135
1629986407
1663536679
1667751527
1667555191
1667562871
1667554677
1667552629
1667716469
1634104661
1634090357
1634090357
1634081143
1625770358
1625643510
1642396118
1642592710
602324294
585538822
585602071
585404469
577024037
572825636
1646653476
1646710829
1646678061
589721901
568725037
565054009
632244761
649030153
649062921
653129995
778880010
774688794
774680602
774811706
791588922
745439546
745506078
1819268446
1819141630
1820190638
1820190382
1820161726
3967633086
3965540031
3973938877
3839651501
3839650476
3835452076
3854327532
3803999804
1660692236
1652303117
1648108557
1647191085
1663962151
544080935
552469527
548278533
549323276
547095244
546063020
546064040
550292136
541875128
541858713
541940634
550435642
596572970
579776810
585015562
585015566
575447310
575176750
591954022
558419175
537467109
537541093
537803620
558770724
600730148
579726852
579649285
579636997
583830853
575442295
571251943
571316471
571447397
571455589
571406373
571406373
575596597
642705413
803108869
729794887
695064919
695073143
695074167
694550007
694541815
677764503
678296983
696122807
696118199
704506791
704510695
704502391
704600853
696220421
695560469
762669365
796351797
777473335
776294231
776339287
709226327
726003575
734518647
769638775
752697431
746418247
746532935
1014960247
1009582439
875365991
880623331
352141026
347421414
347552470
347553478
363626182
111988422
44860486
44929111
44953620
40710196
54276132
3944484
4076325
4076149
15602391
78448326
78386886
95180486
128767958
111982038
61714903
61714807
65844005
53261157
53458613
53390981
36612997
40864149
40683701
49077437
49050813
309162173
306131117
305476013
304575405
841311213
828662639
820306223
811921455
807710767
807710761
539406648
543593784
552049464
1626643000
1627175480
1627241016
3789392392
3814623756
2988365324
2988311052
2990408236
2990412397
3018597038
3014407590
2980846770
2980845714
3517782146
3517791362
3252956306
1092880530
1093536898
1093556354
19851650
19720641
293382625
335322465
299869459
291414275
293511427
812561683
1349289763
1349291809
1345097251
1346358835
1344194067
1342850578
1879711602
1900686690
1909160434
1904990707
1904925123
1938472899
1918810049
1914536833
1914475441
1644474787
1644474787
1665439203
1665437154
1632082706
1632037650
1627842819
1628891395
1628956947
1635245345
3822437665
3806183713
3806101808
3805053264
3796664816
3792471520
3792560033
2702180001
2685300401
2689478327
2756591271
2782666405
2818318309
2813074676
2796304500
2813143092
2780768308
2761845012
3030265348
3030262279
3167683078
3155952166
3172733678
3210477742
3203927210
3216509114
4290451642
3719968905
3722078344
1561977992
1562157192
1595711944
1597284360
2000003112
2000136234
1999808810
4147288362
4147288874
4151499306
3084045913
3046393416
3046376152
3033858664
2499224104
2494894636
2494591276
2494591077
2494587126
2494619894
2490425510
2503034022
2534558966
2516715590
2248288262
2248288262
2252417294
2262116639
2257991967
2258504972
2258321692
2392375596
2391327228
3465056668
3466105260
3464069549
3460022702
3424272814
1209677198
1209675150
1477077390
1545201982
1549592878
2088544541
1014801677
1031647500
1063170312
1062908184
1599771112
1598674921
1598619627
1599699882
1566194618
1574837178
1573784474
3749972362
3481542026
3486858698
3486987610
3470205242
3489014078
3484824382
3484881726
3484697390
3451151150
3451183406
3453255981
3443818780
3427053896
1275457992
1275515848
3288780760
3288779720
3289311704
3292916216
3229911544
3246689096
3280373512
3263607368
3331236424
3599672175
3599540590
3603730534
3523774566
3523840114
3540752498
3523917906
3523933378
3524977090
3529171394
4093363139
4093563266
4051617202
4033726898
4033723314
3765287602
3765287574
3761093254
3812474503
3795645013
3795636773
2720592421
2724749605
2791841829
2775265313
2758415377
3035243521
4239008769
4239000577
4289348609
4272571397
4272671815
4218018119
4214864246
4181305638
4179142958
4179160078
4179161102
4179116038
4250468646
4235858722
4235862754
2096763618
1954222722
1954091650
1954030467
1970807169
1476007076
1455031476
1455099028
313197772
313070860
317220616
325641752
292073001
862490153
1937350249
1928900585
1928898041
1944617113
1936228569
1898611032
1882882840
1950020121
1952080425
1977312047
2010868845
1994095853
1994005663
1984826507
1984365706
2130969738
2080708250
2084970218
2094231146
1820651050
1837426234
4287406858
4270362954
4270358858
4270358874
4282958186
4278723434
4245234474
4162463529
4175045928
4237960488
3701347624
3717990152
3722184456
3423094536
1275717452
1280041316
1288429670
1284362342
1288683750
1280229622
3423516102
1260304774
1243531654
1243007431
1249200597
1257527797
1251833197
1251766573
1251762220
1246552104
1242357800
1243263276
152744197
138055749
142245955
142183618
142183634
408526050
407612902
952871911
1003203303
986357447
987467207
1065058437
1026523269
1009119415
1010135215
741421230
607335854
609300462
563096302
563096302
596847310
580008526
599199247
599131661
598610476
599536168
568074776
827077128
860643880
860639849
877416171
877415098
885881498
483359370
495872906
512387466
512319882
244048267
249217481
240828876
242987244
257466596
1289348196
1281029125
1281016839
1276888343
1293542694
1293544758
1280924434
1281084162
81451266
77236562
77171938
362317025
1459192016
1450873040
1445634224
1378590864
1982509184
1982513536
1966818208
2082025123
2081958566
1817717422
1821981230
2092449326
2091398442
2091393034
2108170250
1537794058
1537778714
1541977323
1273537961
1231787960
3388708760
3455759064
3455760072
3724210140
3590254572
3581910508
3615333804
3613234676
3612841412
3612849412
4145513780
4145515812
4046956593
1899472897
1664523265
1664517137
3816718387
3799957554
3862941922
3795136674
3811840418
3778347686
3761714870
3765911198
3774167710
3769973438
4038408863
4038343309
2427726541
2425630285
2446595596
2176270877
2210353721
2210226729
2276258601
2275992873
2275968043
2548665551
2682885343
2640950462
2671289582
2638062702
2638198070
2638124806
2638131718
4248740358
4250919686
4250784631
4246521319
3210661365
3210668501
3221146069
3204434228
3204045108
3203980564
3059266820
3055067421
2790957421
2790953957
2809824165
2784740245
2759586695
2755389318
2755521430
2755427298
2755418594
2759657954
2766996978
2762765250
2762761154
2767151826
2759742146
2755579587
2755578689
2775374176
2947344480
4004310036
4004409348
4008595461
3995938879
4264304683
4281081898
3979217962
3975022890
1824143899
2107587083
2107385417
2040275529
2111578825
1566446281
1548616409
1422788345
1422331881
1417952233
813968361
813984089
834956763
860104155
839200923
839258266
839254202
856031402
855904426
826278062
817893310
881004191
344069838
344094222
485647878
484468270
484500270
165933838
199667982
174494986
1249811482
1515751467
3678972011
3653872089
3633953737
2560134872
2561181400
2628485880
2682950265
2670391919
2670346991
2502708966
2506905702
2645313638
2645051494
2663021574
2663014406
2389319942
2250908422
2250969639
2250911591
2540317159
2498439335
2495105204
2495143060
2495128724
2499322244
2419634564
2436400580
2469956900
2467866917
2451142950
2518571302
2522749734
2665365286
2661164854
2661232902
3751547142
3703333094
3707356324
3698904212
3694708868
1547213956
1546173572
1564451972
1595909252
1562371200
1544545472
1543960432
1556272672
1553122848
1553090065
1555105281
1559242243
1483810306
1479620146
1481641250
1498418274
3670239426
3670211715
4274232449
4274099376
4274037908
4265648772
4265652884
4261721764
4127499940
4127696548
4127560421
4132749607
3002908710
2733424678
2750083094
4100613142
4096403478
4096399558
4096657543
1953368197
1962810245
1979657863
2008359574
1974739622
1978933926
1895043750
1894777558
1893737038
1356866062
1356868415
3571660845
3303151663
3353745439
3328575503
3328575754
2397517066
3467444490
3467198762
3467207466
3467174442
2348344043
2339947179
2339930761
2338956168
2573836456
2569647272
2553908712
2553907725
2554309135
2554259982
2552687134
2553702958
2641872942
2662843438
2659696870
2660155526
2660098181
2664226948
2656616868
2537210276
2502619556
2490299828
2491346324
2489215996
3558632172
3558615805
3558091407
3608554123
3606470282
4139205019
4139040939
1995489449
4142960809
4132480216
4128286808
4130449416
4147296264
4113741832
4112701448
4095921964
4108501548
3182842409
3216470590
3200217662
3199758638
3203932398
3195535534
3173725342
3694797966
3692965770
3624807050
3628477130
3703847450
2629839674
2675992858
2659310858
2659684618
2525335883
2543616505
2543616424
2543355304
2507706280
2537274044
2520427197
2520443647
2520673886
2453548566
2452301094
2993160486
3009953902
2984964319
2968170700
2968171724
2959773004
2688064092
3762072172
3762072172
3762072188
3778972284
3862875887
2788148718
2792116462
2934190318
2925867134
2926452758
3949863942
3924700478
3903471150
1755843117
1755851292
3903335944
4175965448
4163433560
4163405032
4180194505
4180191179
2071574219
2065409610
2064377418
1527456282
1498100526
1489645614
1486491695
3633972277
3633985604
1492658244
1484319040
1209776832
1478146688
522124928
504820353
506643330
510886306
374575330
911257634
1983946786
1979753505
1963044112
1946332944
4094082608
4026900068
4031547108
4039951012
4052239028
4136268479
4136514206
4136514458
4275909866
3195811946
3211552810
3173967882
3089557514
3093800971
4175730441
3101983240
3103097352
3102900776
3117589032
2874253869
2857414188
2856357420
2856423021
2856554063
2852365895
2852234806
2852451622
2919498790
2920547366
2788426854
3862824182
3846053014
1618885766
1621769606
1890190982
1890124436
1353192084
1354506884
1088168588
1075602124
1075619348
1075097108
1075165749
14129687
278309639
297184005
381065476
1458998276
2117500932
2117513220
2117513284
2116464836
2117513397
1865863333
1748439207
1748308911
1752503979
1760892603
1756698347
1756378859
2024810107
2024812043
4187254281
4258589448
4258568472
4191595384
4191595208
3117713096
3151266504
3136586489
3136787178
3126255914
3111411758
3157532710
3161522210
3161590866
3169987778
3170253010
3168156339
2647875201
2656181889
2654344833
2654406275
2658616979
2662629091
2662657507
3130321955
3130326069
2598208773
2589897476
2591990276
2587795972
3124622117
3124548645
3139294439
3142501550
3108914318
3091625102
3091608719
2554738061
2554798812
2554798636
2630317612
2627163708
2627030540
2626996812
2626984956
2564078061
3109337519
3138690462
3122102734
3122037198
3122049910
2853626406
2857820710
2857857575
2866049838
2856592186
3930333498
3926146298
4194580634
4215552170
4220401834
2073954474
2109671562
2108424330
2141995403
1600422793
1461826537
1428267496
1411490280
338799868
336836669
873642303
894601278
915572766
850566158
853786638
845529103
1915015245
1999892716
1947395052
2081604204
1824573996
1824578092
1824553500
2085628429
2081435213
2104632015
2096501663
2092302766
2092236974
2090078382
2093278463
2084874249
1482143753
1601615881
1579591688
1579584268
1580056092
2121265725
2126316143
2126447278
2124284846
2128543918
1599414446
1594957998
2130908366
2130963534
1027664910
1031846943
1032891448
882218248
880117512
339510796
1412089356
1412058695
1412049430
3559533094
3571985186
3618112546
3332964354
3333058562
3333091394
3333066950
3484127717
3450647972
2624370852
3694954668
3711932556
3711887756
1597924748
1528177100
1528234360
1494684008
1483944232
1483944748
1492334380
414267948
412105260
143670044
147876428
148019844
177374852
248677012
248758964
239202980
235004321
234987681
100769959
104960118
39048214
24312838
6514694
6510622
15129406
10931774
11454030
15566469
1081640580
1075349172
1074300836
1091081892
1398310612
3531249220
3538855424
3538854451
3534660130
3601654562
3605821282
3749447522
3744735026
3744864514
1530280194
2071342339
2079790384
2062880800
989073440
986992688
986992645
994332693
990128181
956573735
939931703
939932439
952506951
948096519
948093447
947946055
947946087
960536615
2063638575
2046868487
2047052885
2114098293
2114113644
4131541992
4139909864
4152754920
3499034264
3498969848
2493393577
2491181993
2491214219
2487020683
3611074698
3593912714
3531514266
3539919294
3535709118
3535708646
3590125542
3563913191
3559710421
3559812805
3559796421
1430204101
1427977943
1460942567
1427125218
1431375970
1960005730
1955844130
1955650610
1905309698
1937811458
306363394
302166018
1376960514
1377189970
1389625575
1938030764
1938035884
1909214120
1909246600
1934461448
1934465544
1650310920
1916775432
842966024
910078987
1998554154
1997292014
1695482814
1812857486
4242412206
4240388782
4240192174
4238108334
4237061774
4237061775
3703959183
3704026815
3704018623
3570811647
3564439519
3560257503
3560254975
3559205119
3581372663
3581312215
3623802311
3623862727
3623727430
3623727446
3623653415
4160540711
2004672549
1937580341
1933521372
1933457884
1937644476
1937640380
1929251260
854924700
317005977
317989065
325873675
292323386
275546154
275621930
342730795
1953474875
1953409807
2096016911
1571718671
3756950028
3747987997
2654224957
2654217775
2541038887
2541104167
2513830950
2509713430
2509660182
2510221342
2510131263
2512171051
2506915881
2435353656
2435495992
3022699048
3040524840
2941958664
2933693001
2929497802
3204223946
3190673578
3123523754
3190759594
3207475354
3169718778
3165525993
4239146732
4240190172
3569101772
3562859916
3562972300
3512631437
4085154189
1916703117
1916704655
1916178062
1916264110
1916038826
1915758250
1647322794
1651520490
1654665258
1654666283
3802162216
3802260488
4087799816
4058423560
4041642508
4109795900
4107649580
4114904685
4115413871
1967917422
1968965870
2086542574
2088643806
2088119438
2021010638
433396958
433069142
432024582
163603462
139517954
206803202
206746370
215200354
1568707298
1602258594
1585548945
2122488704
2143730112
2101786928
1946978336
1948224544
1679471665
1681825827
1681846323
3879620659
3861779683
4130213857
4134472353
4138543793
4272762577
4272236097
4155777536
3568313856
3568525840
3566420784
3565160208
3560980464
3556781984
3607112371
3595709318
3604351366
3602254002
3618901154
3588027638
3579621431
3596132631
3596133143
3604521269
3600523559
3738870063
3730546991
3726242095
3692723739
3692706379
3698985947
3564833771
3573029291
3573038475
3589820810
3623666058
3619455419
3552555435
4090864043
4048872875
4047817103
4044147085
1881066397
1884743325
1882612381
1882682061
1882542685
1881527101
1898247469
1902442535
1910827031
1944426503
1944295429
1935842305
1935855872
1400033536
2001896192
2001896240
2009195872
2009130081
4156614113
4149536243
4149667714
4083073682
4085204658
4049434274
4049364646
4032573094
4034670503
2960924503
2969374045
2985041020
2443977836
2443977852
2511233100
2512277708
2512372221
2499794941
2499778303
2498600703
2506931966
2540486398
2536308734
2536371710
2536437087
2536436047
2540662877
2507108396
2515497260
2549043516
2549043484
2527950109
3605886781
3605814575
3597426026
3526117818
3526195354
3509464202
1886266506
1887307146
1887253402
1887249146
1887248954
1886134826
1894523434
1911317290
1944899866
1408024586
1403814938
1404865626
3516894425
3582904824
3571382776
3562958296
3296669449
2352627466
2351574794
2355769114
2364223294
2378159918
2545546030
2528674670
2526577630
2526589325
2256052628
3594035620
3510154404
3493385380
3493778596
3493741796
3497946340
1358318612
1366776836
1395936260
1379167492
1377119488
304037652
308221477
849170149
849200807
866047623
836171655
1947640711
1949533111
1964093925
1968218149
1968218157
1997594685
1997561887
1996697663
1963065646
1892026094
1887832750
1888889518
1351891614
1421621902
1153378958
1203645326
1203636111
1186775694
1181529070
1177326378
1445769514
1462542635
1475126312
1974320444
1974383932
4150703660
4146504252
4279666236
4278629932
3210133292
3042040100
3027359781
3023198261
3023182853
3027373063
4101375239
4109828950
4158464886
4137497454
4137485166
4137486206
4132965146
4128783114
3608685322
3575262026
3560865738
1425916890
1421657018
3567027131
3565978555
3565982635
3582764463
3587091887
3612256421
3591284919
3592338631
4129217871
4064181519
1916612415
1937714991
1903050541
1885996333
1886061885
1885934621
1617433629
553145373
567823423
600362046
600689718
592370742
592372790
856678454
1900933494
1900859895
1892270773
1888207540
1888196277
1888067253
1888008887
4056464279
4115642774
3578706310
3578703750
3579750022
3613319831
3612796629
3614963445
4151637733
4134823908
4143212004
4143281397
4143330373
4075162693
3547270199
3509337447
4029496703
4033755087
4042142670
1890391039
1891390447
1895621487
1885135675
1880925451
1880997129
1904052493
1367312447
1400805423
1400826910
1384051726
1444823118
1444888830
1444872382
1461588118
1432236759
1436431093
1436426869
1436295708
1436312124
1438442024
1438443304
3585924396
3590114604
3579628588
3558842412
3575558413
1428148489
1428079433
1363067593
1367264971
1375657662
1374519214
1374451626
1366062506
1970030010
1970165130
2004772234
1971219898
1971142074
1979217306
1440224666
1436025819
1472140025
1459561069
1451057709
1451057965
1180460325
1180462357
1187802135
113567827
114227395
105807043
1180572738
1176110082
1195049986
1198194994
1198072610
1172906530
1151939090
1084953094
1084948998
1084836436
1084808180
1084787692
1084787628
3228076008
3223884632
3240801096
3225400153
1077721070
1075638254
1075604462
1088277454
3231631814
3233713478
3233715270
3232669698
3232735282
3249315873
3249315936
3253575904
3241118960
3240987888
3509423248
1429111984
1967035808
1997972128
1721082592
1720039104
1859630784
1846916416
1849144401
1847833699
1780606183
1781556398
1781542826
1762864810
1762868922
1765805818
692067930
701509210
697312602
699673819
800930968
800793752
800661640
800596360
1067999624
1038647688
476676553
477008155
208593195
350743850
346282798
346200622
1420204590
1420200479
1442745101
1446678284
3594158412
3593187660
1445573068
1982431708
1983500780
1985700844
4157481643
4102950570
4106623658
4107676602
3562474394
3564575130
3504684426
3500421578
3517214986
3550789897
1403293992
3550978344
3556090152
3509955884
3510024284
3544094924
3544090828
3544091020
4047407052
4051415565
4059673117
4054430526
4054360366
4087914790
4075413798
4064003366
4061875538
4060810706
4060818903
4044041685
4032511476
4036627924
4104003524
4104001476
3569304260
3569148757
1469883255
1457300838
1993125158
1984731174
1980532790
1980139542
1040641046
1040606214
1041642503
974525447
974525463
441914679
508891687
517276407
513082047
529867421
1553289861
1553842820
1555939972
1291706012
1291680412
1220369116
1488935484
1487764013
1487433518
1504190766
1525424174
1512849454
1513046042
1495232602
1477386267
1477190681
407121705
415525417
1489431097
1539766793
1522829899
1589944266
3729244042
3729164170
3730212490
3755377290
3587605178
3587695278
3587990190
3579585199
3575390888
4112327592
3021866152
3021883544
3036584088
3031873736
2763503624
2763302920
2784276249
2804195881
2787488297
2787570219
2804838955
3040752171
2772042539
2755202347
2757232745
4122478825
4139321595
4139469003
4139514059
3606701130
1446858830
1446989950
3611193639
3577623139
1417552611
1425683121
1425670785
3299484289
3299541379
3299427734
3451484662
1576597806
1601759534
1585228074
1592568122
1592567818
1592557578
1579974666
1580171386
1580650730
2117529770
2098618794
2080778138
2093751966
2089578170
2089610922
4103005881
4103063192
4103917240
4110216936
4114410988
4148163692
4131319852
3615379516
3615379468
1434320900
1412239364
3559734325
3559815461
3572423223
3569273366
3703491078
3753740806
3735850502
3672670726
3673805367
3665502759
3665372133
3661111780
2604151204
2285503652
2355759236
3433695620
3433635780
3434619856
3434635953
3434668979
3451627426
3455630754
3443034530
3425208738
3426654594
1279197058
1295426434
1295425986
1576305143
1557438951
1557439847
2094311717
2094311717
1960229669
2012658229
1919875596
1915671053
1915667021
1915667197
1915601327
1915543727
1920749743
1920745662
1929330894
1937658062
1887313998
1887317198
1887189486
1358773230
1421748846
1421482622
1421545038
1437078030
1470636554
3337118505
3337151272
3623412264
3589927464
3568947768
3566767624
3302800904
3302799896
3311262232
3323906680
3592343210
3531591098
3530867898
3530876074
3530346682
1395507354
1396621450
1463738570
1463738634
1451155994
1382928938
1399640618
1395413546
1350070826
1358517050
1354383451
1352338584
1352206520
1356347576
1343760568
1343958408
320481160
304009864
853443288
581337657
1654956571
1675931178
1633987114
1629792810
3777280570
3810891274
3878126090
3861791258
2789082090
2805866990
2813993198
3854241902
3854106751
4122547327
4156038157
4294469644
4265338892
4265322508
4131044365
1983560781
1981592653
1981580749
1984922079
1984868829
1984882685
2119099877
2132763109
2099209701
1950238677
1954432963
1962870659
1962743682
1962686354
1954297266
1954358690
1971266966
1996432774
1991710615
4139196087
4139080429
4071907309
4076629997
3539789273
3552436569
3518935421
3518927151
3502014511
4033389607
4029195303
1881846803
1898624003
1898617858
1395313666
1395313666
1446922258
1446905906
