1372326943
1405946911
307054079
302896557
1376228277
1376228245
1912837045
1916834727
1925231543
1925227935
1925424542
1648536734
1644411134
3858929775
3875702831
3875711023
3843205421
3847400765
3763783484
3763847964
3759489853
3760005677
3760136749
3775861357
3779920495
3779920447
3788259851
3788293643
3770994187
3771006475
3762596379
3762601483
3758415371
3758448139
3758431771
3758431865
3758431083
3779410283
3780065387
3822009467
3801035899
4069470299
4069466187
2458787914
2190286922
2190225530
2206993774
2173491838
2173492078
2173548910
2173548910
2177743214
2177743230
2170534238
2170534095
2172631501
2171583885
2473442460
2473572540
3010443452
3006249148
2737813692
2738862268
3812538604
3778984108
3812519085
3810404527
1662921151
1667111838
1675561631
568138463
568146527
563948093
566180412
566041116
565978636
570174988
560737804
824971020
824969997
627964279
627964279
627964279
627964279
627964279
627964279
627964279
627964279
627964279
627964279
627964279
627964279
627964279
627964279
627964279
627964279
627964279
627964279
627964279
627964279
627964279
627964279
627964279
627964279
627964279
627964279
627964279
627964279
627964279
627964279
627964279
627964279
627964279
627964279
627964279
627964279
627964279
627964279
627964279
627964279
627964279
627964279
627964279
627964279
627964279
627964279
627964279
627964279
627964279
627964279
627964279
627964279
627964279
627964279
627964279
627964279
627964279
627964279
627964279
627964279
627964279
627964279
627964279
627964279
627964279
627964279
627964279
627964279
627964279
627964279
627964279
627964279
627964279
627964279
627964279
627964279
627964279
627964279
627964279
627964279
627964279
627964279
627964279
627964279
627964279
627964279
627964279
627964279
627964279
627947895
627948919
896381429
896381429
376287733
325956085
292402165
275628021
271432693
808319989
271448695
271448438
284064198
1375632838
1138681286
1406984438
1380745446
3536621798
3532427494
3532427494
3532427366
3264188519
2190454881
2186076193
2198626340
2148208740
2149195108
3491371636
3503958596
3499764292
3501800004
3521657413
3274202679
3275244902
3273150838
3272110166
3272110198
3544764646
3553138150
3536560098
3532365554
2458500850
2458687346
2190259299
2207034467
2236378209
2215393377
2350581873
2350520672
2354720352
2358911728
2375688896
2358858432
2360918720
2365375472
2356975072
2218562788
2216599029
2216607687
2232348614
2265903046
2248960983
2248436191
2253143519
2261589503
2258568703
2258569215
2260079199
2260152959
2394174062
2398376494
2398410286
2398418478
2398140286
2398207486
2398207231
2398133439
2389743807
2385549503
2385763487
2385697999
2385706063
2385701903
3479366919
3487758613
3487684917
3487594773
3462424853
1311861013
1311918389
1328696631
1329021047
1332154455
258420815
224735305
203755609
204410969
204411225
204412505
208346745
485194361
481032779
480820811
480814667
1021879883
1009300475
1009299963
740946427
757846507
757715307
757846891
627766123
636154731
564777851
547934555
552113498
568915034
556528730
590036058
573193338
573193322
577650026
581842539
582955643
580661849
579613273
579613289
583807593
583807849
600577897
592256877
592272253
558758749
558743517
558741469
827167676
827167676
827175868
290305948
1364048792
1364048824
1372568508
3247438780
3280927676
2206612412
2173054953
2173052779
2173052203
2172921134
2173969710
2173975598
2173983791
2207567167
2211745053
2195162909
2195035676
2186576509
2187100917
2203943669
2166339255
2153693110
2148973494
2417408950
2417408502
2434242918
2450954262
2453059590
2457250822
2451039238
2450812983
2450788389
2434138469
2422080229
2493383348
2493456053
2493258405
2494839463
2511617014
2272532806
2268552518
2272716102
2245452102
2241242438
2509546999
2515830245
2540995941
2520023420
2517946396
2249613325
2199265293
2148934669
2148875561
2153712427
2162035435
2426277515
2160006795
2159825547
2176635275
2211745963
3256127663
3256128687
3323376783
3340151951
1463201231
1450618703
1458741039
1458609455
1458611263
1446027295
1446219807
1446412318
1446436894
1446437142
1463178006
1429603062
1417085606
1421808294
1421673127
1421084581
1420038053
3568598965
3564437381
1412931525
1965533005
1965138189
1965072669
1969332251
1953755163
1949519899
875697179
875762729
880088105
880024873
888422185
888411673
1022625355
482152139
414060171
414137995
212604555
262948491
249873051
249861119
241546111
242397566
1316135278
1313973358
1312875630
3460621550
3468976622
3464901454
2407924238
2273706542
2240545326
2224841515
2224877355
2247936809
2273282377
2272692681
2255985097
2255788505
2255785435
2255783371
2255991258
2251747690
2251747694
2272719342
2247549407
2281104839
2280979925
2255768036
3325347940
3325413428
3325491220
1178003460
1178002436
1178525700
104767492
103710740
388989172
355041468
338268349
338296255
338549183
338524606
342849454
360129518
368522110
368390426
351543562
343220506
343352090
350619194
348065306
348069387
482151945
482102808
482141720
486335832
524079192
506249432
505761977
505901241
505827499
526778811
484840347
346436235
78062283
77948634
10839674
10710586
61073978
1117908794
1117812026
1117798714
1118060842
1119146282
1138094379
1129804075
1095004457
1090835240
361320
268867421
273072077
273530333
281844205
290295293
302947469
1376687237
1376686213
1397739653
290386053
281994677
273575589
1347300001
1347361443
1347357315
273038979
274101635
334886307
316728481
316712113
316711121
316780753
308523089
308523059
304197683
841020454
841280550
858225446
828791407
820386431
887561823
887373341
887369501
1013198620
1013399324
1013857820
955072060
417871420
417862460
417862429
418935581
416867135
416850735
415799142
415800822
415866039
415864983
407608455
420134023
453703045
453661125
454693829
458887893
425398909
433599085
432546411
432616027
499980043
231480635
256646443
256652571
89068811
97322251
127156489
127713563
129861115
134198714
121615770
120357274
120357274
124551610
90542523
367440891
400996217
384216873
375827753
375893305
375766041
375685147
371490907
372736091
372670683
504795387
503767273
524739053
499639789
482831869
1556576733
1482115551
1482493407
1482497503
1482504190
1557997294
1557997167
1552492159
1552426557
1552430628
3704104740
3293062948
3293062948
3301455668
3246929780
3280541668
3263780837
3264040933
2194459111
2186070375
2202388790
2168977687
2160520455
2160586519
2160983575
2169298485
2169294389
2169294437
2202914661
2186255847
2194056694
3263603926
3263673558
3536164094
3524050158
1376566510
1376566478
1376695502
302955726
286194894
286190798
290389455
357420511
357334511
390882799
391082495
391001055
491660231
483341015
484250229
479986277
211554933
211624661
144646853
1218131661
1221265117
1221136063
1221078719
1213736639
1213735839
1222390733
1222382412
1306284828
1306285884
1289221676
1289221692
1301542685
1301410573
1169195807
1203011966
1207402990
1131910638
1110949374
1110949210
305637722
305637450
305638410
305517594
840286266
840421418
571826218
570712362
574902634
592200555
567067375
550355695
550482831
541959055
541893022
541373870
541365678
566599086
868719039
1925683421
1917319372
1917200388
1376135188
3540396340
3511037748
3498452500
3498455620
2424779461
2156143349
2172921573
2173443813
2211203877
2202815281
2202947344
2177854976
2173529861
2173468469
2207014183
2210712870
2202520870
2198261014
3271984390
3255285014
3255084310
3523585366
1376621646
1376554190
1376557262
1376630974
1376434366
302692494
369798286
386858127
391042447
491767263
492696927
1566401855
1574921535
1574790439
1570579751
1570580279
1570317111
1553675125
1557988085
1276969717
1276973765
1276588740
207042244
81202900
77012692
77016789
76820421
93337437
126895389
110117181
112574781
133685533
125264159
91709791
87422303
74958302
74893310
24565726
24508318
24403870
56909758
41181102
49770430
49686430
49684894
49611198
41238958
37081518
36037038
304407022
325363055
333753645
837069869
828881980
824685628
539206717
539206717
539202879
539465022
540385070
554995503
570738987
1912949097
1913063672
1917270520
3552787944
3498188792
3498184248
2156019228
2155949628
2155884077
2155883053
2155912767
2172684063
2206697263
2206696230
2207089638
2211222438
2212279222
2203891094
2470286742
2469395894
2435201446
2436250023
2419473383
2419468917
4048955925
4057280004
4090765828
3531825924
3531718916
3531899941
3531918373
3531922469
3527690533
2433097573
2416324213
2420518517
2428911221
2424573797
3498315111
3229891943
3246685478
3242515750
3238381878
3238455622
3272058950
3271923799
3255274695
3255801031
3255824583
3276796103
2161037815
2156844007
2156853221
2156228325
2156198501
2160380540
2177284668
2210834956
2194058765
2193990413
2252640623
2252648686
2253172910
2253226154
3591294142
3725510846
3725514926
3725523198
1578018894
2118821134
2119868687
2048499717
2115739653
2115679253
2132448277
2101005685
2101069287
2101040615
2101036967
2113619879
2092521383
2092529570
2092529618
2092529603
2096714581
2088243557
2088247660
2084380956
1545478156
1545548044
1549612316
475803176
480062057
480000618
479993562
479465162
213124810
234160842
158401226
158401374
158413631
139535151
206594863
206627647
205648671
71550237
71732573
88447357
130329085
1187359708
1120313036
1121354445
1121436381
3269313277
3264008943
3264016751
3264012591
2189751597
2189745453
2189950261
2194072853
2185667861
2185596965
2181874791
2198652151
2165175510
2148465886
2152652286
2152651678
2161015710
2177661902
2173459422
2207079935
2211331455
2177836351
2177705277
2162104093
2170517309
2169366335
2202859373
2202849149
2202914764
2202975692
2168958412
2168782204
2147796332
2147992924
2152125725
3494372671
3511002414
3544624494
3527846270
3523709262
1376553038
1376554062
1376566350
369861726
369811550
504029270
504030294
503997639
457860551
424304583
425414551
425418647
503013271
502888343
534345622
534340023
534274487
500703679
474554783
340599709
350163901
350159613
345834028
345511484
345777676
77344284
77360700
77385533
81579357
89968015
123722894
121558414
108971918
41861790
41865918
41284286
309654527
1383391549
1383391544
1365632296
1348860200
1349843752
1349810728
3503643160
3503622665
3246720523
3280273946
3263500906
2189767018
2189701226
2189717610
2189709422
2189743230
2194144335
2194072669
2185749565
2185547821
2198093877
2147823637
2147886389
2152602167
3226339895
3234728534
3234626134
3251395142
3285147590
3268343751
3268207047
3268211175
3259814383
3276592622
3272398334
3238917598
3243245006
3226402302
2152627703
2152627671
2160948565
2160875349
2156778357
2156848093
2223941583
2224008191
3318594031
3352136175
3327101175
3457059030
1578015815
1578017807
1510973453
1510711317
973774901
973792309
973792309
973761621
977952069
977952197
994821589
995874807
1004140535
970586103
970576855
970584535
962191839
945385983
475738589
471536093
475727869
475727596
484122340
345718516
76234436
76357252
1150039685
1150031495
1150042759
1166852758
1172280246
1205314550
1207412694
3333926686
3332872478
3332737342
3605838126
3597446446
3593248798
2519498765
2519564316
3057618988
3057557548
3208555564
2917051172
2917055028
2782891572
2807858692
2803663364
2803728933
2805776933
2939995687
2939999783
2944171903
2925887358
2926004094
2791655286
2808428502
2716153814
2717334998
2700425687
2700417495
2700556501
2700490949
2968926405
2968927365
2979476629
2476028053
2458198197
2458133653
2458131597
3263432839
3280226647
3284491047
2168875823
2147888959
3221628687
3238470927
3242491677
3251425085
3284979517
3280768885
3268255589
3259999591
3259934070
1380361670
1380299982
1376556286
1376552174
1376623854
302947550
856599758
806267086
806283470
877579471
894262525
923559149
906782189
911176685
1061843671
499786439
499851975
483988183
416875511
412693495
412689365
144384981
148574933
148440821
148453093
147334903
148383455
148647631
148651589
165414469
165434932
1289515580
1289024060
1301598748
1303757597
1203160413
1203144047
1140295143
1131777511
1127517686
1126473046
53845254
37207318
37136182
305586998
305635638
303411254
839155766
839155814
571248742
571244646
571246063
554670063
537851903
537915871
537784830
541979118
542110190
818935278
835476958
1909213663
1942968797
1385069020
1385048404
1385048388
3532537156
3280877508
3247317701
3247317751
2173510311
2172925607
2172915367
2206469111
2206484853
2206681397
2177264437
2177330996
2177232693
2168782645
2210713397
2211221303
2211286839
2211286630
3259860838
3255670774
3255808502
3255742686
1108260046
1376566478
1376295054
302618766
302684302
302688398
369813647
386591887
521073871
521106943
1598906686
1600119614
1608246079
1570367294
1555691318
1555690839
1555812821
1560003060
1551450532
1547178404
1278813076
1276781508
1280972357
1157564021
1153375863
1153246839
1152656983
1202992717
1184106333
1184221020
1186317788
1190520284
1182131420
1177937116
1198904797
1157092831
1157002238
1157002222
1089811438
7607214
7608238
24592318
41298334
41298334
41303430
36979078
37011862
35951550
35955694
308585327
316973359
316976173
845461549
841455677
824613917
807836685
807843085
807834895
813152046
810858286
1883541294
1933871398
1380239478
1380272246
1380399350
1455832310
3582344646
3565303430
3565315734
4236504743
4236291749
4240486060
4227907004
3976240268
4009860236
1728294108
1729277052
1729276973
1731374127
1664268591
1630706031
1630718823
1613942759
1612861413
1617055717
1617387493
1617255909
1625644532
1642421716
1642429892
1642462660
1634074053
1634041300
1634041045
1634539893
1634667285
560871989
560871989
594491957
594295316
585906740
581705508
581768484
581770260
581708804
581707781
598477061
627947895
627948919
1030600182
1030599094
1064153534
778940862
1852683454
1852685758
1869461942
4016421302
3982867382
2892348151
3156654839
3157720679
3024023079
3023927077
2759800677
2784956919
2780627383
3082301879
3082298807
3048748471
3044806071
3073640887
3073706431
3073513949
3077713357
3081973197
3079693773
3180388701
3213943645
2681266559
2673078638
2673071470
2673073534
2522082686
2664688991
2658402271
2658271197
2675165181
2675360765
2683781981
2650231071
2641454399
2624709950
2619598110
2619495710
2624996638
2633295198
2627006461
4187811308
4187978204
4217194956
3676047829
3675589685
3677757477
3744604183
2133995527
2136084551
2102555095
2093216679
2088886181
2088812453
2088805781
2092999877
1547808837
2080550917
1947382788
1947393077
1949489957
1999895143
1995635446
1995624134
1991395206
1995768198
4143186342
3606323695
3614712300
3564381036
3572577836
3572702732
3572526604
3570428428
3583044108
3616603660
3331510045
3331769727
3331769838
2396508582
2675294646
3749171638
3709333942
3574981030
3558139302
3558139318
3557158350
3557222862
3578255759
4149533087
4149542301
4141178301
4143400941
4160553965
4160565871
4126614303
4117050175
4116971818
4116987946
3580130362
3563381771
1415900171
1425538377
1419169737
3566652041
3582381753
3620204201
3612731067
3595953035
3595813339
3620983295
3620856175
3587235885
3570725949
3564492085
3560424757
3560850709
3577640215
3577703798
3579805686
3579764726
3588149190
3623800519
3623343815
3757372101
3748717301
3612406756
3612464997
3612473317
4149340135
4149274599
4157665767
4157666262
4157731278
4124242383
4124226941
3052641581
3044055341
3044072765
3076652301
3072517389
3072520525
4147331577
4151525865
4159767016
4126226408
4109447144
3035639801
3027319803
2490448763
3564453146
3581230346
3623122190
3618951230
4139094078
4273836062
4273967183
4273901791
4282291455
4282359015
3174935653
3174935589
3172918573
3977699645
4015412028
3989979692
3985850924
3163570797
3162519389
3166711775
3158392318
3154185710
4229369326
4250273630
4292219471
3734446671
3734266447
3739018847
3755847551
3714031103
3697252831
3697261007
3697262543
4233475023
4250178527
4250260343
4250399095
4250292583
4250359015
4250162407
4285822181
4286009589
4269199557
4262908357
4128691148
4132828780
3889491500
3889490472
3874810424
3874880089
4134895305
4135007947
4130472602
4151444394
4159898538
4126212522
4105187834
4105183706
4109378010
4109378890
3564135758
3564236126
3572622718
3589535103
3587429647
3579041039
3562194189
3513963789
3522426221
3513253229
3546537341
4080256799
4063479583
3006367551
3008411455
3041961535
3050350125
3050550845
3050804788
3084243508
3067474468
3067994660
3070096228
3086828005
3078357247
3023836415
3023838311
3023964271
4101900383
4110294351
4108723663
4125370319
4143208399
4143433215
4143371759
4141217023
4157924859
4157924859
4149732219
4158059387
4160181082
4160046074
4157895658
4149507562
4150023658
4148518138
4148657370
4131878090
4274349262
4275429854
4287881694
3750941182
3717452271
3583111660
3587241324
3574652268
3574910260
3608477460
4111886084
4111885829
1971216949
1904104247
1960755997
4108239117
4099392525
4116053023
4114917439
4114921518
1996802282
1929660858
1711736714
1984303754
1992692362
1988498089
2006004648
1741694952
1698703656
889202952
889202952
624961800
599793416
600834313
601227531
861221147
594814255
660884781
627964279
627964279
627964279
627964279
627964279
627964279
627964279
627964279
627964279
627964279
627964279
627964279
627964279
627964279
627964279
627964279
627964279
627964279
627964279
627964279
627964279
627964279
627964279
627964279
627947895
896383351
896384502
359513526
393065910
376288694
376290738
913160626
921548978
921548977
653113456
645773424
1715124320
1715125360
1731896512
3776614592
3778707888
3762016928
3761862304
2688040612
2692496036
2699832044
2695633516
2695629356
2696681996
2696685068
2700894732
2717676125
2750697967
2746533038
2733952174
2733919398
2991807639
2991733958
3008507334
3008506310
2446403942
2429552678
2431649830
2431846422
2175929350
2176003078
2175804435
2209363217
2209371905
2213660163
2194771651
2262010547
2253622195
2253642642
2249448338
2249292754
2265151859
2252499219
2253548801
2262000641
2260755729
2269173105
2235615217
2218968753
2227371649
2227370625
2361514897
2353060771
2353043875
2353044967
2354167095
2362683159
2364649237
2649796405
2641411620
2670759460
2668662324
2668729940
2667833300
2638669813
2638735335
2639742886
2639728038
2639666582
2639739286
2673293534
2656507998
2530613262
2532797455
2528406799
2526311743
2681492781
2379502893
2379577133
2379702077
2379636029
2379569469
2379512125
2371115381
2371116405
2371178453
2371241943
2379675095
2379343350
2379265510
2379259366
2639306230
2671885782
2667685334
2634266102
2638395351
2638391239
2638393295
3205741559
3071396327
3071527399
3071723767
3077983430
3044424903
3042387143
2501192775
2484415845
2488745253
2497066788
2509452860
2511418892
2645571084
2511357469
2242956845
2247151151
2372964079
2404439742
2404631454
2404565918
2403530174
2403857854
2235919806
2231725470
2216126926
2505469390
2507564494
2515953102
2482467294
2482459103
2482456031
2169851359
2203343967
2199214175
2199337053
2182491413
3260429589
3260485911
3268887319
2194756375
2193748758
2210522902
2210529046
2176965943
2172771623
2155999077
2160324596
2160224156
2160252812
2151794108
2160362925
2177148335
2168759727
2471269870
2467071342
2468120334
2434245454
2438390351
2488723167
2488723197
2488721405
2488781293
2488588775
2505371095
2505549127
2539042063
2541196047
2541196095
2524427071
2541138717
2541142813
3078080317
3052719917
2983525673
2975656233
2975660393
2975849945
3010905545
3010941131
3010805946
3010793642
3010801898
3010932970
3008770554
3075879370
3075286986
4081856459
4081859547
3519823771
3520016267
3583913609
3583913609
2495549081
2516322223
2507486703
2506580319
2238079247
2514841870
2515858222
2511659822
2511663918
2547372846
2547512703
2539124191
2534790559
2500185279
2500119999
2483308991
3556998559
3561123231
3587368925
2509436493
2545041932
2549106460
2532603692
2524243244
2524312620
2541114420
2514384132
2648649029
2631359831
2622971239
2488780655
2505295743
2547107663
2543122255
2526341087
2525292525
2522146797
2517922285
2518106623
2535346399
2501796095
2438358394
2421513594
2429897482
3519105802
3552726538
3552997146
3604309786
3595919706
3612734939
3612599545
3612470441
3611352232
3619734936
3619734921
3603166617
3611484651
3608339967
2501043487
3581046030
3581312830
3572987711
3572782911
3505673023
3505672509
2432454972
2491184428
2220678444
2233256252
2249050428
2253377292
2262226700
2258035533
2274812511
2274816750
2274743274
2379532266
2371149290
2366953962
2367089098
2367613258
2371807562
2506020170
2505949278
2505883870
2505896190
2505433327
2501305823
2501308103
2505502407
2505506375
2513917527
2513704551
2513711974
2509518694
2509641582
2509639534
2245266286
2238716886
2265987526
2266054094
2266133983
2529387741
3531662493
3531662492
3531646108
1388362908
1375835292
1375978684
3541300412
3490882044
1343399900
1882371613
1894813215
1890881054
1369750046
1403300630
3556224262
3556174902
3547776102
3512124646
4034323638
4034323591
4041663685
3521302981
3512943045
3512758631
3509593894
3509595694
3580959294
3580967470
3589286446
2545232670
2545892110
2394883917
2392409052
2660811740
2679673724
2650317612
2565382956
2565583420
2565575196
2565385773
2552802158
3089750510
4163520750
4163520750
4163505406
4168756430
2029724750
2044272655
2044272909
2069586204
2052748156
2052839148
2076821501
2076768191
2068620735
2035066303
1762436541
1762506205
1800320892
1808700220
1808696124
1809613116
1809637404
1797054493
1762489407
1762532654
1762266926
1750732334
1775898158
1775060506
1804366346
1808589579
734851531
734917769
726428857
722217145
1795504313
1795561640
1778792360
1791365800
3934651048
4204086009
4271165977
4273267215
4290029086
3181688366
3182280238
3219701294
3194588974
3190525246
3124399118
3124423695
3122324509
4263395357
4267589709
4284375247
4234043599
4234040783
4234038735
4233972733
4233685997
4233685613
4235849309
4261009225
4260939593
4150064968
4133349240
4128098168
3859793516
3880699628
3084314348
3050665980
3046392796
3183739897
3166974699
4232520426
4232456170
4240840170
4241755498
4241755246
4241773662
2093343822
2017895437
1745269772
1745327116
1745138700
688170076
688368764
721855741
722376157
722372093
722306557
722269677
726459501
692943919
694111279
693982238
689513502
689644846
729481518
721093166
717177390
717084206
714987319
713872391
709681157
722265101
688841757
672027756
739118573
744099757
744033949
618213023
634988218
630719162
630719130
630731418
630727307
899162763
903374795
903538441
905623065
368936473
369067529
905872905
897496585
1971166777
1971108393
1870441259
1851762987
1851763771
3999245385
3993993289
3993993289
4010709101
3978224493
3846075117
3829335781
3850176165
3849598629
3891540647
3887338407
3885240727
3851759814
3835653318
1692264454
1709025335
1742714903
1734195215
1717347407
1713217615
1713287247
1730068558
1729511934
1695958894
1731600174
1744243246
1722092351
1654982991
1654746575
3873662415
4158841295
4125278671
4105421725
4105294509
4109497061
4109432549
3832606309
3828412021
2754735719
2759056999
2776090470
2800174422
2791788870
3060216006
4133823734
4150535655
4108592615
4104599527
4105635575
4105504471
4109645511
4101255110
3025497414
2505563398
2539117846
2530602263
3604276279
3604276581
4136957412
4137145780
4137080244
3084384165
3084253093
3075856293
3071640549
3073606485
3040056069
3039945476
3039094548
3043290420
3051711788
3051846956
3051773228
3052816173
3187590941
3051275023
3080704783
3080509246
3080517422
3084711726
3076388670
3206502238
3206484446
3172929759
3172798719
4249628781
4241305656
4237176840
4237197064
3701373449
3718183435
3758087002
3749497338
3728526746
3728524442
3659387018
2048848090
2053038330
2061426735
2061492269
2052972605
2052973853
2119005501
2119063149
2136889061
2136888999
2086340279
2094602142
2094880142
2094821791
2086428863
2103238783
1029529663
1063018525
1029469501
1029012797
471211293
475404061
408819467
954144267
953503259
948293162
965017130
964994602
969189130
960999691
960987467
956662011
956608747
956620971
990176683
705126831
709251519
784729023
784663999
1069819325
1036988301
1020149711
1011746767
878642895
878531263
886862575
1973187311
2006730478
920389342
853358286
845030879
308225535
308094142
358560923
341709963
282987659
282987931
283058107
282885803
299689643
855438009
854889433
852792265
844542456
846701932
913616172
909420580
908172293
925012999
891453447
874676487
878871343
619942703
749777727
751863065
759215145
788589609
771778601
771897480
788674696
755370905
751176363
746983098
613679754
634651274
939279002
921629290
933946154
933798698
900245307
883464509
887798028
879405828
1948950020
2083161605
2083164725
2105115431
2138820967
2119884887
2115916871
2132690007
2136950135
2111787879
2090676847
2090349181
2090349149
2111320955
2136483115
2136681771
2136635675
2136570187
1608051146
1608104410
1602133194
1585283278
1578926286
1578942670
505336062
505344111
1600020583
1566450021
1549346164
1549348628
1557802516
1557798516
1557991156
1576812180
1606250116
1455421317
1453162886
1452576942
1455730862
1459921070
1963233770
1997844858
2000070410
2000070410
929357595
929357595
1064819999
1073151245
1071535117
2145271821
2120024093
2138906685
2138841389
2036147071
1507735246
1489917646
1489915614
1489358590
2093266670
2093262570
4253327946
4254040650
4253975131
4258240123
4283283307
4278826347
4263048235
4263113769
4279976985
1866089496
1836766248
1845163304
1845151032
1843299592
1834975244
790466573
790405231
688775279
688840943
688571647
759875071
760991615
794549871
804910703
788064063
788062473
794358089
756670537
755982553
740193513
757028333
761071021
805046191
784139951
784159679
798847951
765288911
752836939
744387850
740236570
740105022
744307502
763113262
771503982
765199070
1838940814
2106528414
2106488478
2106519198
2106518150
2144266886
1590677190
3738488790
3604280166
3604275558
3604242726
3755429926
3589620006
2499203443
2497893697
2493697985
2514668481
2548157137
2540752483
2536566502
2536564326
2534466422
3075531110
3049321838
3049387238
3050568949
3050560725
2985790532
2977401924
2977336388
2973228244
3040208372
3040175588
3040307172
3044438752
3033740000
3033739889
3029558899
3052502563
3052427810
3085982514
3077860098
2994154242
4067830531
4067827203
4067821063
4084532023
1936994599
1901077799
1901077542
1883255846
549723142
566494214
566494214
835453254
827146567
810537311
810545503
810546559
810401115
810137946
541702618
558610842
558610826
1632352650
1641659018
1677500058
1668128443
1647154873
3794768537
3794711272
3794710824
3794772008
3794591788
3798822956
3811455036
3811455036
3782095932
1634602364
1643056055
1638730422
1638734502
1706827446
1706827398
1704230534
1687542406
3834092230
3850877527
3854871095
3812666885
3808667141
3876708887
3876643366
3876614758
3876591526
3809483942
3822061734
3820423334
3818260662
3818264710
3817023623
1669539975
1673673863
1666329813
1666330101
1676816245
1676881781
1676689205
1676680469
1676676373
1643346197
1643276551
1618094343
544422151
540089653
544214821
1615925029
1641250596
1636921140
1635843860
1640025925
1908723671
1908772854
1908916134
1942354870
1942346166
1942345918
1942444278
1933994231
1933995511
1933766101
1933832149
1933633493
1933629397
1933610965
1900121559
1631825351
1631759815
1665312983
1666293222
1666289127
1901317607
1892870007
1892869939
1951524659
1949357859
1680987937
1681127217
1685251889
1693642033
1723005969
1727155201
1718750209
1714620417
1714502737
1714498789
1718824679
1739806383
1706116798
1706083978
1672535690
1654697614
1658896318
1651608990
1664275870
3811767790
3878873071
3849512815
3857934183
3857798519
3849409815
3849409815
3849420607
3891359597
3891358061
3891362173
3891354077
3882966493
3847454173
3847448013
3855710175
3855742975
3847346159
3847346159
3849440767
3857775967
3857770847
3857952095
3849502039
3849493783
3849489685
3849559349
3849432373
3849698613
3849706807
3845639479
3845573911
3879132471
3883072887
3889560935
3889487223
3889560693
3889556725
3889298676
3864122596
3859924212
3860059380
3859996148
3797082100
3805466356
3801340613
3824413511
3790860103
3765661526
3765657462
3764588407
3764592247
3772857893
3772790317
3773830717
3773830941
3765441309
1643327771
1643323706
1672553530
1653619802
1653622858
1925236938
843106506
838920394
838986123
839118219
855798667
822215643
826426345
818069865
814997801
548512043
569421115
561031451
561035547
594643291
1668450779
1634897371
1630700747
1630569563
1613992043
1613931563
1613931563
1614013743
1630786927
3778201583
3847378919
3847485415
3880910823
3889291239
3822115575
3822111253
2748434949
2748440069
2740186629
2708729397
2775707173
2754891300
2754890276
2754939684
2759138100
2757827380
2782928692
2783184148
2778993940
2780116055
2713003222
2713527478
4055639206
4038852782
3501981854
3497263310
1343742026
1360437258
1360440331
855877705
838903881
838899931
838961307
838961291
1912767625
1929560457
1897062793
1897026217
1962111721
1955619435
4036026922
4052807230
4052798222
4153452830
4157646894
4149458990
4114058270
4113990671
4118184205
4118200589
4117938460
4046517053
4044382765
4044383787
4043513450
4081257322
4089530730
4068507130
4068599003
4068536521
4072722633
1925218504
1917157560
1929811112
1929821613
1929820637
4044806605
4044803535
3763731925
3763725813
3765954036
3765953524
3774345972
3774206692
3788821092
3780399733
3780932167
3780929334
3774639398
3774830886
3774494758
3774818582
3783010566
4080811270
4062123278
4065722638
4065722686
4069982574
4068749806
4086064559
4086099135
4090285215
4081896591
4077900943
4082038687
4090426095
4090425967
4091536943
4057787935
4049464079
4051691807
4051102015
4051106159
4049063133
4048929997
3776300237
3776304605
3780637165
3780502509
3780502253
3780244205
3780199151
3780199149
3780211453
3779191485
3812681661
3821063612
3821127836
3821525388
3805800925
3822513113
3816221643
3816193866
3878096202
4112987194
4112852010
4100403242
1961046062
1956843838
2091062063
2091987823
2091922265
2106647497
2101388760
1962982792
1996532104
1996597640
1996667848
1980939976
1980954585
1985139689
