1618413801
550902763
546712298
546642522
552876554
544488970
561263114
578040618
584540458
579199034
579129375
583303279
575439087
571244717
588206317
554570217
554595305
542040681
550429289
546236987
546105883
546085387
567052811
558664267
554555979
554251851
554242635
587862315
592064555
596254763
596254827
596127870
596119758
848052422
852284598
843963830
315185590
327908246
294333108
1099573908
1082792644
1083067076
1087270468
1141760852
1145889636
1166861284
1166840812
3314058158
3314274222
3310078886
3439885222
3440970229
3443140932
3308922884
3321506820
1203384324
1203425301
1203491110
1169723686
1174176102
1144816102
1144292838
1275365886
470198734
470804942
487082830
1057622798
977935118
986343183
986342159
717807935
718856495
989393199
997758318
993572078
991542510
957070574
961280494
969665014
965439446
965441238
428593751
412861236
1486525220
1492889900
1480102204
1478008156
2014943564
2031729100
2052701148
2061220429
979008079
976895567
2050621967
2050621999
2033844591
2029596781
2025349357
2025365741
2025366677
2042145157
2079893895
2063121302
2054863318
2050670534
2117768006
4265247302
4131046103
4130996965
2000369573
1949908389
4101519525
4101519524
4110170276
4106057909
4106089669
4122251591
4139028999
4139102726
2522128946
2522146338
2518437426
2518551073
2539536160
2642292000
2633958416
2628734992
2629685264
2629677168
2646389985
2648485095
2537347239
2537343143
3542747383
3542747463
4079626759
1944726023
1907961350
1354245638
1354244630
1356342054
1342718242
1343013218
1342997955
1355583361
1367904128
361340803
931904946
910933410
2114629026
1577773506
1041922370
993667074
957951010
693642338
685252710
747119085
747115480
763904712
801690328
793301720
789102280
755543624
768519801
764338011
765445195
633323531
628510731
926294027
926298123
926290971
775294250
785799786
781647466
783611610
784118730
800620682
741900426
742031499
739946633
739943592
622505640
802793128
785966840
1853387272
1697124873
1680343561
1680671273
1617891625
1621962793
1621950505
548208649
615257097
934030603
921627914
376346826
372148410
372022442
908907690
926732474
622383258
626692538
629846698
663397099
780903209
1854529804
2119753992
2115559704
2115625512
2115761704
1875630632
1871301160
1837665016
3985161145
3982010763
4248341643
4248405386
4247438282
4247438042
4235915946
4252689066
4294599342
3218616990
3201831823
3201839525
4275576997
3738711204
3755554005
3713676487
3705545927
3705545799
3701369941
2627656724
2644215828
2681767940
3747130628
3749291524
4294484484
4160266805
4126716455
4118401894
4097393126
4097377510
4095675622
1948138710
1964910790
1969105222
885918982
835651335
294458119
294396743
294396807
294396295
327738773
331922597
306743461
306878613
839556229
1913568645
1920894917
1928169013
1928111661
1919722029
1915527717
1932419605
1932403205
1915630116
1915687205
1928070181
1923875877
1925057543
1925064711
2006280198
1423423750
1423346502
1951829958
1946518918
1946465762
1946460386
1682215010
1690599906
1682366947
4144391043
4127601282
1981153922
1997672067
2012285351
1638926757
1639205284
3786701260
3820350284
4067616269
4129464847
4129747486
4129813294
1982615854
1986543662
2008547438
2008749294
2140810429
2140678332
2128099748
2132371892
2132471172
2099180996
2086580676
2094440773
1022730565
1014079861
1026662501
2100409441
2131885153
2115042337
2115041571
2119367458
1861405218
4020686594
4020754178
4255568131
4242985219
4244029697
4235673952
4235530976
4229247716
4229174884
4245962349
4292094509
4275333951
4271733006
4271762446
2130558991
2130296843
2121912395
2101071947
2084229243
2084238827
3963285226
3967467258
3975776970
3841768138
3858541274
3824999834
3816607114
3777298570
3777298618
3777048746
3760398571
4041421161
4037218604
4037218620
4038278420
4036292356
3516181252
3548678660
3549335237
3536754375
3529414534
2518652838
2518675878
2518606310
3592368582
3594466054
4152189718
4118766359
4110410532
4106026788
4105996588
4110194972
4101937420
4282301772
4282299852
4012230605
3945022431
3894875118
3899077614
3907334638
3907260654
3907268702
4293734479
4272820319
4272846039
4273991109
4273794757
3739018903
3729581718
3746484614
3562979542
3562979558
3573530723
3505877283
3505791505
1349927440
1350025728
1366807060
1919198516
1919199508
4067407876
3798894596
1659799844
3807230252
3798774540
3794571853
3794584267
3795665578
3795727022
3810468526
3814480302
3818408110
3783837918
3783907534
3785013326
3768230926
3766149127
4047233111
4047053287
4046987687
4112003493
4057531812
3783987104
3784252288
1906260608
1906256512
1901931456
1897347888
1930780417
1932875521
1932939779
1664246274
1932714545
1936978480
1901384224
1883554592
1883554084
1883555044
1624111348
1620031732
1619966197
1619966182
1938729110
1921444998
1917251718
1914098054
1914073494
1929802678
1895838374
1627416231
1623222948
1635838644
1669589892
1673718660
3796020172
3797061324
1649788540
1660278317
1656091183
3803505198
3824181806
3811586606
1630541614
1630733630
1611797790
1616057654
1623199062
549461254
557858054
557849879
566692903
663182375
663190551
663219207
663075847
633845831
768059479
759539927
760196295
739159494
739159510
1812903415
1867495287
1850709879
1850644343
1859032951
1724899191
4132200310
1984696182
2001550838
1951283702
1951283650
1959660994
1889469843
1889473457
1888826032
1888760496
1908466304
1933616768
1912639360
838962112
838970321
839101717
839038229
1644343573
1645383741
1645707309
1666548845
1633127533
1632012783
1632086527
1627760990
1627883614
1663026270
1646252158
1648292191
1715401597
3867079293
3875009252
3872716516
3889493604
3888414309
3854855511
3829689686
3829622898
3830602034
3839248658
3839248658
3839184178
3839128882
3889979698
3873402898
3863957778
3859566899
3859572067
3859574627
3872352865
3868117537
3800812080
3800681216
2726887172
2735275332
2701851972
2686115781
2686081735
2686339750
2690390690
2697731814
2710312934
2743862742
2727171174
2727111718
2743888934
2743893013
2714727684
2706273540
2685358916
3758953428
3758954468
3763290020
3788323765
3788258183
4086045398
4089781206
4073070534
4089851718
4081462598
3544657223
3611639063
3519290423
3519366271
3553017982
3519467647
3519410655
3502567903
3502553053
3502555101
3561348093
3573926893
3607624173
3590761981
4131562957
4139954637
4139946445
4135948797
4140085677
2999252911
3007700975
2433703935
2417917926
2417917798
2422105382
2969531702
2981941526
3015504150
3015487799
3012931879
3012923445
3041362957
3020393487
3020343311
3020347453
3021367661
3040242559
3045003247
3086747631
3069985727
3069989263
3086999951
3051282943
2766056943
2766121853
2765990157
2757273885
2753084461
2769866797
2769895487
2736468094
2803507438
2736402854
2723808934
2727284406
2995587766
3012369046
3012312774
3012308935
2441881029
2497470533
2496946244
3562299588
3562353108
3562476532
3691909756
1544421948
1544425016
1594768152
1527655177
1510811915
441215243
449635595
449634571
441233739
458207561
961450491
944681323
944678763
944680811
944553307
944553307
944569371
957109273
940512313
940447017
940455273
944650217
953095913
948769531
948712191
965485279
428630991
466416590
466008014
440843742
977780223
977648046
1044692414
1044690110
2118430879
2114752667
2114949273
1846186169
1728746669
1695194284
1692042732
1690010925
1689899293
1709728015
1982341134
1915237742
1915363182
1915357934
1927940846
1924861662
1387991566
1386816010
1403613706
1084813578
1084874762
1089036315
1081029661
1076825148
1077350252
1079447148
1079447148
1087852044
1079277068
1096083013
3268716373
3268908357
3264644421
3264644951
3267724903
3267667814
2462359910
2462359918
2462429310
2454556782
2454573163
2454581611
2454578793
2471189097
2471037545
2433223257
2433227339
2433559242
2434674122
2180911306
2176712906
2174615754
2173047038
2172924014
2210673959
2210684199
2210886933
2160484609
2160484624
2156258096
2156262176
2160366113
2219083361
2214890465
2214959584
2249628032
2249628032
2251733888
2255986560
3329529745
3329545185
3327422947
2249466082
2253856994
2252742898
2261673155
2261673153
2236607681
2219695425
2219433217
2220588801
2224750099
2225069618
2227133986
2157731362
2178174498
2169818978
2178404162
2211882434
2210899411
2278864353
2270463457
2538898929
2539034064
2505485696
3042355584
3042291105
3042215845
3037954725
3037893269
3021136519
3021152967
3021021934
3020959726
3020957934
3029350526
3029538846
2511472654
2545290254
2527465486
2258972943
2260005183
2276778279
2278859559
2236987237
2237042661
2270597092
2269482436
2252647876
2248517060
2248664432
2248597345
2248560435
2265866034
2401205554
2371714338
2380227890
2375972626
2374981378
2378650562
2244425667
2236037059
2236030451
2220166625
2228489441
2161450209
2178233424
2178692112
2178707760
2178732369
2178934613
2178789367
2169281510
2148305382
2164558054
2198313174
2181479622
2185667782
2193991127
2193936615
2186072295
2182017269
2183033045
2166257093
2419490245
2423667652
2432113220
2427787797
2159311669
2163500837
2155094821
2169778999
2203341607
2202293030
2177161062
2172968934
2172968950
2172964790
2206584790
2210856406
2194075126
2253907063
2253906005
2385961284
2406936836
2641818436
2631332724
3705010020
3629932396
3625733485
3642575229
1528454623
1510632671
1510567134
2051826910
2051858638
2051924366
2035200910
2018424462
2026813134
2026278599
2017953495
1745131127
1745150583
1761960759
1762071343
1763120431
1767708015
1767650671
1750344175
953496063
948253183
948253663
948253647
427833295
427879759
465676623
465811791
465804623
516396366
249004510
249008606
516337919
373723327
373788853
1443214501
1426435237
1360440741
270450085
830375303
829341895
858767503
858603919
841823661
841822125
846146477
871317421
866456461
837034637
820323019
284103195
279904811
279737130
279473450
283666474
283731994
1349180683
1080807179
1089062411
1089073689
1089200669
1106241052
1106245404
1105642781
1105642773
3253126453
3254141431
3287766007
3279246326
3272917990
3272922086
3260343654
3268914518
2257038678
2256907638
2257888630
2262086775
2522185847
2520088695
2541131111
2507581285
2488708725
2488794677
2488653365
2421454581
2440311461
2440311717
2440304039
2431911335
2431976870
2448897430
2447189382
2472289734
2470212870
2469250310
2205017111
2209311751
2209246215
2209228807
2214467605
2206009381
2203322661
2203388717
2172065341
2163618332
2160009740
3233554973
3231453743
3235645230
1079774502
1092356134
1158417510
84888654
252591182
521086286
520360271
491000141
474813405
147788541
147813084
147677892
139257796
139243412
147700629
214940053
80656775
89045383
38701446
39750022
40865174
40862902
40734966
309112886
304980007
304980007
305963303
310158119
307532775
306481063
306483111
1380371894
1380374926
1376151950
1360406926
1349987742
1349861310
1357215470
1353020031
1369731869
1369731357
1403282484
1403282468
1407679524
1374059636
1365663188
1366181253
1366181775
1366181822
1366085550
288161262
271379966
271379790
271576399
271574815
275748415
325944879
845973287
845451559
845517109
845647925
862421044
812044308
812052484
1885794308
1885754652
1348951341
1349332271
1357852463
1358894878
1356138078
1372849886
1371801310
3519303390
3519373022
3515350878
3281446751
3281445197
3348620108
3350524764
3283403388
3254112877
3237901037
3229579245
3493649903
3493648879
3493722335
1344269518
1360913486
1360851278
1394458719
1377812543
1384042559
1381945405
1381986365
1380265261
1388648749
1388661565
1388763679
1388767775
1390405391
3604779790
3606872398
3602874446
3334377726
2243879150
2229100774
2220627111
2220690599
2220302311
2228698853
2224369381
2241081077
2257858257
2257878739
2186567379
2199183027
2165825202
2149515154
2149515138
2153692610
2162078914
2157818994
2178720803
2214372387
2189222945
2185223201
2201898288
2201947472
2166298068
2237609460
2228172772
2492274660
3566016213
3701423813
3705499605
3428613989
3424410935
1545159943
1562276103
1562272007
1494081863
420275071
424534911
969930623
969514845
969522013
969521501
961255709
994811149
722179853
722121229
726569561
1800376697
1800188011
1796005999
1796007151
1795974382
1796109486
2068731310
2072925886
2056148638
2056093326
4203544198
4274912966
3729718998
3730742774
4141719030
4160722311
4127114631
3573465991
3565077399
3565011943
4097626981
3027039525
3026480416
3043289376
2984569105
4058249473
4084358593
4080141697
4147250051
3612480386
3589419426
3585151394
3585086883
3572508147
3563136323
3580061443
3579901717
1432414005
1440804119
1441004807
1432542215
1432542471
1428606231
1462159191
1467402199
1467470327
1458954743
3606438391
3547690231
3547683959
3514251287
3497404695
3497402165
3504669493
3500413493
3248759605
3282379581
3266654509
3266580973
3251897767
3226750887
3221573551
3221670846
3221617550
3221547982
3221547854
3242639110
2211880710
2193553159
2192495367
2192556849
2192527649
2209091873
2180256033
2152988961
3293983025
3293978897
3290199329
3290219872
3290334528
3292443584
1161736896
1177391808
1176802004
1176798965
3325401839
3323259887
3322178030
2521065706
2529982698
2526954698
2258583754
2260693066
2260721882
2277368302
2178933103
2178855783
2178909029
2169866065
2169870145
2438439749
2434118261
2434111077
2437324373
2437343775
2438462015
2467584623
2468088703
2468101599
2472359135
2480869599
2443120799
2426343607
2161971623
2161996261
2178930145
2178934224
2212488384
2195547328
2187097156
2187150613
2183009589
2199271207
2169911095
2153133846
2153217814
2161442110
2178201662
3268188254
3268185302
3268182215
3268313287
3259928773
3524174069
3542000101
3491669989
3491688053
3491134037
3491191301
3493149191
3497343767
3497344799
3556579103
3554480959
2463896430
2458653670
2190218214
2207020006
2207052774
2207045606
2207029238
2173539830
2177299831
2168906069
2153144581
2220322820
3294041428
3294049652
3294442860
3691779884
1594707757
1578032973
1578036555
504147403
504147147
437038267
437105819
974037131
957259915
944677263
2018416607
2026802927
1757777903
1757724519
1749329703
1745658663
1762652719
1762578991
1762595375
1762464303
1762464366
3893171198
3893106158
1758205418
1754078458
2022639770
2022521226
2039245195
2106386825
1603059080
1590531212
1582272700
1447989420
1443795116
1443860652
1913647276
1930420413
1896801773
806289325
819908527
819808206
838681550
862913486
304945098
1378631146
1383869290
1392327466
1387731770
1386689802
1386553610
1118118154
1135018330
1101414889
1084625128
1088762088
1080366328
1076186620
1076317020
1076353548
1076231692
1088744988
1088726588
3232016188
3248861468
3283530012
3266744349
3333853239
2260185447
2260709862
2264760806
2256061934
2268644846
2268691934
2268818910
2518412799
2522611687
2530858853
2530853701
2530865925
2550129413
2248073751
2231268919
2231307830
2222722598
2222722598
2238977574
2280928551
2276724775
2276724837
2276741205
2241130693
2245386437
2237129877
2220228005
2218053541
2218249959
2218188791
2222390599
2222386503
2237066503
2237132055
2278923574
2212470550
2464128566
2455602726
2455541287
2468132663
2468128087
2434639095
2433601767
2433499365
2433548469
2433614005
2437820837
3512611557
3521065701
3504289365
3503631941
3502516805
3494214469
3494377804
2437265884
2454036444
2462549709
2462552781
2458157773
2462880493
2454512367
2198610671
2198676327
2170492007
2245919847
2227047507
2227117123
2224892995
2229085267
2229171266
3294556610
3294536146
3309212114
3728639298
3728377154
1583070466
1582869555
1578674213
1578675300
2115560684
2114638076
2114634172
2131411885
2110440109
2089538285
2089412317
2089346637
2027480589
2019157517
2019194141
2021266463
2021327919
2029849647
1490951230
1482562638
1497830862
1497642894
1539598223
1535408047
1518860205
1585833901
1585833885
1598420877
1577436573
1443190269
1443177981
1444359677
1381905909
1390282199
312411607
312219094
315892086
324494182
269931382
271958870
272400839
272408983
276608421
290751909
290751908
289772988
286773724
274134492
1349936460
1357262684
1353068408
1353134057
1353531369
1357742075
1349338458
1349305674
1349305626
1366077722
292401470
292007998
1365749822
1348968479
1348972607
1350030383
1347800367
1346734398
1363594078
1388759630
1388764894
1389352926
1389220822
1380966870
1397744086
1342693847
1342562791
1883633635
1892012001
1892142945
1942421313
1926686019
1381491011
1377161587
4061413730
4128600546
4148652022
4123424742
4119158758
4119650278
4119649622
3620533702
3611747782
3611816406
3611808231
3578250215
3586573045
3586646740
3586615236
3579145668
3574864252
3541305468
2467629084
2467706892
3547740444
3551987004
3551875644
3551851068
3535053629
3535581487
3533471783
3592193255
3608987878
1561086118
1544436166
1544432454
939923974
952513030
416756246
412430886
411312678
411836966
143401750
143401798
143404484
143620532
210402196
71990148
67820420
18533252
37456772
36277655
40863158
49254838
40735222
40743286
40673638
304914926
305963502
310158766
307530150
306481318
302418070
302423174
303490183
305587399
309851351
325436919
275236855
283563733
283571797
283500053
283437879
300215093
325445941
309188981
308628853
308762101
308703735
325472471
333856983
325403863
291798263
270855335
811986407
812048087
820430535
816236245
816173781
283435893
275046693
275013924
270823716
275149108
283534108
1353061948
1352992556
1352944953
1357151513
1365703689
1399249931
1400360203
1398048123
1406960507
1373471579
1356309017
1358422809
1358422845
1349973308
1366717756
1362588988
1366765853
1366700861
1375081277
1370821439
1354002750
1356100926
1347703870
1074584814
1343016190
1359857054
1364117390
1473155982
1473229710
1457500639
1457496543
1449108703
3594497119
3594501407
3594434879
3598695727
2524427566
2524311870
2532634910
2530562110
2530570606
2529501670
2546213350
2546205670
2479163383
2446133207
2447122391
2447192007
2170497733
2170497989
2169323461
2177195973
2177333191
2177258455
2177881079
2177757559
2178741623
2212298103
2212298103
2203970935
2170420583
2170541943
2170472213
2220775173
2220717845
2220717877
2355062581
2371695157
2371170839
2404848135
2336699230
2336585086
3410295150
3678714222
3641154015
3641616841
4182683080
4182549384
2030871432
2030875032
1762505128
1762637036
1762583789
1762010349
1762014701
1762001407
1766196063
700846685
701895197
697767449
999560985
999046427
999058443
999089163
1003287627
995095627
961450331
969839097
2026280955
2026346491
2026356730
1766309850
1799725054
704953854
705543678
772781246
772772031
772640957
638365869
639627437
639561901
641613997
589710757
593954471
602212022
598019798
602226198
602156550
1667510022
1902390022
1910975286
1940261478
866519766
849808005
312819332
312747652
317990532
309606324
54269940
19748180
3012356
7141141
15595319
15005495
14988579
15000883
7861553
7722289
1361184
5621552
5699088
1089926657
1139209729
1122498307
1122301202
3266114594
3267154982
3263972454
3280749926
2173519855
2173585151
2156291805
2156226271
2161403871
2178250207
3243603294
3243726174
3245823327
3245823293
3245831996
1098217276
1093989660
1091892492
1091884044
1090909276
1392832765
1392820735
319276031
323404527
298234607
1371910909
1355071229
1346677717
1346746709
1883609109
1900460053
1935064071
1985393671
1983295494
1983287319
1983287351
4130787431
4135018722
4134875362
4152164770
4118611378
3028230034
3036626578
2428451474
2427927186
2427792018
2425630339
2159292033
2159292032
2176071344
2180253360
2205943728
2205959632
2200786192
2205148465
2204951859
2179786019
3253511458
2163183923
2154792243
2155709715
2417855763
2416938241
2484046675
4098857938
4123966162
4274958034
3998136274
3994976598
3930046582
3930026086
3930005606
3946389606
3912836334
3923256558
1771648478
4187569870
4187569870
4187569742
4221271631
4221304397
4221154892
4221146700
4221148764
4225730172
3948906348
3944584252
3944526909
3944525933
1797103725
1763697901
1763632621
1767833327
1767788271
1776242271
1776033311
1759258390
1750869010
1750869042
1818039410
1826503922
752762291
933105299
916328065
849223297
849294977
316475009
318588563
1391220643
1382864802
1408030626
1374478327
1374683095
1370357717
1370353652
1370353012
1370324452
1374516708
1374516725
1366261207
1399750134
1399750118
1382840806
1378638326
305003718
305130566
321889287
288338183
292196623
292455711
829265207
862754151
862819431
862835767
829407253
812531733
812019989
811999517
812004157
275068733
283453245
1353002813
1354063647
1356091166
1355042782
1346686942
1078317022
3251034078
3246847838
3348554079
3348553997
3348619548
3350582076
3354710572
3321361004
3321811565
3565147885
3493649903
3491290607
3508141278
1360784590
1394205902
1394110670
1394168191
1398685999
1398685999
1398751295
1398633791
1397061951
1120229694
1120258846
1120328462
1179560718
1449113358
3336343822
3338436878
3334377566
3334385902
2243879142
2231197927
2222722279
2222787047
2228689639
2228697831
2224303845
2274635477
2257856197
2262071253
2253673909
2253706677
2266488245
2151063445
2155265671
2163654599
2159516998
2163522614
2163518502
2155652135
2168255527
2436846631
2436760693
2436761077
2434668277
2513319669
2509050613
3582805621
3566032397
3701270029
3713855245
3709664573
1564267821
1564136733
2098913551
2097930319
2013847643
940107003
944596459
953054719
953047007
969807693
969807437
961417741
995037725
994906653
994906937
466563897
433010489
428635419
428635419
432825435
424469595
420344011
420336075
424661467
432985083
432986107
428734395
432930715
533707675
508533643
508403611
508534683
374310811
374309819
374198699
307028393
303948205
303980783
306077935
1399738614
1366246902
1089359318
1089359814
1085235142
1085235142
1085103446
1101886839
1134847333
1118070116
1122264420
1139242484
1130812884
1097260501
1093066197
1093639637
19766599
288337159
288335111
288339223
292402983
325949223
325961511
325436727
325439799
325447991
291885349
813158709
812012308
812078860
1886197564
1349334332
1357735228
1357866269
1358779677
1356612991
1355042814
1355075258
3502624442
3502691998
3251009246
3246875614
3315016655
3315016013
3314889085
3321196900
3321327972
3321295221
3313422613
3313341717
3346568575
3340285310
3608782174
3608716766
3608717278
3613106783
1427821151
3575300701
3560948605
3560785261
3507870829
3512072303
3545618527
2463619406
2463555406
2465711942
2461389398
2461389430
2461364838
2461492198
2476041191
2480169443
2480165283
2471871923
2471871665
2438323409
2438331601
2438457797
2438424917
2440460565
2440526101
2440511255
2474065687
2471958327
2480231734
2480165175
2479116599
2479124791
2479125879
2177127783
2168803303
2168934135
2202361559
2202302423
2269410759
2278384069
2380231125
3453974005
3431880189
3368975836
3360685404
3357400444
1209654620
1209718092
1478157773
1477174733
1476978109
403236783
407496367
432992927
462345103
1523577231
1523512463
1582224543
1582292159
1599962302
1465870846
1432255454
1442734078
1408714494
1391743998
307523935
307519831
307589461
307741029
290899301
1348390373
1356843989
282972125
819785709
836560877
828175679
861719863
828165415
830471463
813622567
830365975
826208517
824164613
827179317
826591223
826580903
1900318375
1908706999
1942392471
1942398855
1925621191
1942462679
1397092439
1392956499
1359373395
1410739667
1412841059
1442188898
1471614562
1454655062
1454661958
1458856134
1467478215
1429721335
1417074663
1356252903
1356187383
1351935701
1356130245
1347743061
3491003509
3491190821
3493226805
3509988661
3522630965
2478113589
2478117653
2192929553
2193060627
2192930147
2211765603
2203373027
2165608291
2169931603
2446766914
2442634051
2446647671
2203383141
2199701605
2199865589
2434677188
2434672964
2434674196
2476610100
2476556821
2476495623
2207540055
2211734886
2165589478
2164541410
2147894242
2152088454
2177262471
2173067655
2172937623
2151971237
2147764711
2147994071
2148985095
2165762311
2205676807
2197156102
2192961814
2193092886
2193092983
2190774759
2203358689
2164559201
2417919857
2430506817
2442568641
2509611457
2538923235
2534722787
2534690019
2534803699
2501258691
2501258817
2513835601
2509701713
2509509185
2509530947
2241097075
2245316066
2215955811
2215954275
2501281619
2513875907
2509677507
2543118291
2547318113
2534721889
2534918515
2534824259
2534829315
2501256467
2513842451
2509578515
2510053651
2241618289
2245817825
2236403169
2534199265
2534313569
2480834113
2476122819
2476057543
2480203254
2467613799
2434582631
2434681047
2417912261
2417896277
2430484005
2443122211
2442941187
2442945347
2208063827
2212255202
2198619618
2266776547
2271101939
2279502787
2275303815
2275172759
2278843879
2266253549
2232797437
2232867149
2218191117
2486627085
2499280653
2511659807
2276778271
2276774239
2281034230
2205471206
2199175654
2501166950
2501298034
2513889094
2543248710
2543117655
2547317861
2266286309
2266351813
2501310917
2501307857
2501277537
2513847073
2543174417
2543640833
2543116625
2547311971
2501168483
2501168483
2501281635
2513864530
2509678018
2509563346
2547311714
2534726755
2534754403
2534804547
2534812993
2534811393
2505454097
2509705776
2510107185
2510104145
2241609457
2224840417
2237452001
2233241331
2237564871
2547954118
2480316870
2480185590
2471818470
2199178471
2166311157
2434148805
2434149189
2438348405
2476082725
2476016151
2207519558
2190745942
2190762466
2203337954
2165621218
2148975090
2153694150
2224481222
2224546759
2157241831
2153044461
2148845805
2149042397
2216094029
2501306637
2436298509
2482492165
2461397765
2461528325
2461528437
2186572261
2199148005
2199144289
2468235041
2447266561
2442552131
2442421062
2173986278
2170310118
2166114786
2166278595
2166286787
2165763393
2270621953
2274881793
2275209493
2274681141
2274682213
2245315943
2500120039
2500102119
2506000374
2514400198
2509676998
3084166614
4149525606
4128541799
4128754775
4128668743
4128648199
1981162551
1964389687
1414927891
1425421827
1425481217
1421811249
1421610529
347867697
78391808
128715264
116133169
107877635
103691522
103690258
103620898
103556386
103558434
388778342
627964279
627964279
627964279
627964279
627964279
627964279
627964279
627964279
627964279
627964279
627964279
627964279
627964279
627964279
627964279
627964279
627964279
627964279
627964279
627964279
627964279
627964279
627964279
627964279
627964279
627947895
627948919
896384439
896381367
929935807
929935807
1064154047
2137895871
2137896381
4268080573
4293245885
4293245817
4276533801
3076979247
3044436543
3027712991
3027573182
2966699182
2966684847
2966880445
2966814868
2479231124
2463503252
2457285364
2456040996
2187603508
2212768260
2208573964
2175539517
2175670573
2175670572
2175666476
2175600940
2179734844
2280410428
2272087324
2272251165
2406219069
2406088495
2406014831
2407123967
2340019167
2340026718
2338057566
2338057279
2340154431
2340154686
2340027678
2340027166
2306468638
2306472734
2304474398
2312072542
2311941502
2286247406
2286374398
2281917854
2281929102
2285988238
2311088526
2306898334
2340510142
2407733694
2407733662
2411927950
2277710214
2277579190
2245082534
2245025206
2169589238
2171816214
2204322582
2204465926
2204396294
2212817678
2212886815
2179979551
2179975487
2171586879
2171586879
2171468063
2171464031
2171460095
2205129213
2205064700
2205130140
2204999132
2171379164
2179842012
2179973116
2179968892
2179984236
2179849004
2238565164
2272254252
2272197996
2272177516
2238621180
2238559741
2238496687
2238496430
2238484158
2238680726
2540615382
2536416982
2519639510
2519577846
2519577830
2519723254
3056528631
3056532693
3074317525
3078511940
3078510340
3043981061
2506974469
2490197301
2499765559
2499745590
2499221110
2499086054
2499544742
2499563190
2499640966
2516414102
2516352694
2541549494
2536822166
2537027031
2537026903
2541057301
2523227413
2524407060
2524325140
2541109012
2513837588
2513903156
2224824117
2224823589
2224823605
2224821621
2229211477
2229162356
2229129572
2229138804
2178792913
2178923473
2203958227
2203883954
2472385970
2467794322
2434174354
2434106802
2417350562
2954289138
4046907346
4084721601
4067816384
4075279168
4066661185
4066644947
4079236082
4079957478
4046339558
4084087151
3823902079
3802422605
1654944073
1927733513
1944510729
1902474523
1902402874
1881479514
1881610586
1881487850
1902583274
1374033786
1403933519
1404031757
1387057413
1391259956
1382872352
1378874400
1378788400
1382982673
1458480193
1459531969
1476296899
1442808003
1440711923
3571289319
3571236071
3562842215
3562907765
4116625749
4099840724
3026165360
3026032176
3044913712
3078468112
3074274080
3056918816
3061182753
3061268770
3191226738
3208058354
3174380962
3178577314
3170110882
3165980898
3165986034
4240391366
4244515910
3707644998
3724422406
3724492594
3757784883
1610161697
1610102560
1593341728
1582883616
1582871376
1581167552
1597945280
1597410753
1597476035
1597348082
1597356258
1601547490
3749045474
4285916386
4252300770
4235556322
4236211666
4244594050
4244446098
4244454322
4244449954
4243926706
4243928755
4243919523
4260377249
4260377505
3723519440
3715132864
3715131712
3710023937
3710015745
3747764995
3613556243
3605263906
2527187494
2528170518
2662396422
2662393406
2683350638
2681274222
2673135595
3176521721
3176652793
3176585208
3176650748
3176515036
3178616268
3044401356
3040272604
3040272604
3038172637
3042364893
3050766333
3052923773
4126653309
4159160077
4151155981
4146959628
4146959364
4113404980
4100953125
4100952103
4102017079
4097789970
4114485586
4147516914
4147513058
4143320802
3617001202
3617394258
3583778626
3585879362
3569167698
3300730067
3451724995
3483328643
3483300227
3470692803
3478618609
3343156705
3607412065
3607407904
3611618612
3611815172
1447456020
1447980340
1460550933
1594760469
1594760983
1561270135
1431050215
3586659319
3586675615
3582542751
3716731805
3448292285
3448292284
3448361980
2375673836
2409228136
2411327273
2415492907
2414444330
2406055738
2406178586
2369455898
3441362778
3424588618
3427738570
3436126667
3436979673
3444331752
3439609065
3439641817
3439721547
3444567306
1305440010
1305440058
1305026091
1338579497
1339637560
1322981144
249237784
236663096
236654636
504889388
506998828
523771196
1059604828
627964279
627964279
627964279
627964279
627964279
627964279
627964279
627964279
627964279
627964279
627964279
627964279
627964279
627964279
627964279
627964279
627964279
627964279
627964279
627964279
627964279
627964279
627964279
627964279
627964279
627964279
627964279
627964279
627964279
627964279
627964279
627964279
627964279
627964279
627964279
627964279
627947895
627947895
627946999
627945973
661500413
929935805
929936061
913158841
862827193
825081532
875412156
1949153980
1949219484
1950284701
1417603517
3573480861
3588154829
3623773453
3539957021
3539858725
3556566311
3518817575
3506200866
3504099634
3495772466
3491643698
1343157554
1359928578
1397148931
1380437251
1380304131
1380307219
1380299123
1917120867
1917637090
1934415842
1934411750
1934612454
1943009254
1942878182
1934489046
1934456263
1359836615
1343186373
1347380661
1355707572
1355732148
4040146068
4057775508
4091329941
4141784005
3875442501
3875442181
3875321383
2792662565
2788467237
2805244469
2805371429
2771833381
2771743333
2771649253
2775909311
2775912863
2774807742
2783190190
3835955370
3836811450
3836886154
3853659594
3853987146
4122226511
4155800927
4155833853
4160024028
4151682508
4147556740
4113994629
4113990597
4151738997
3891757861
2784081711
2774576447
2770398511
2770397486
2770566958
2771521326
2775713646
2817984510
2817852382
2817851871
2817855997
3082757629
3082708445
3082675533
3080512989
3079988701
3083134303
3074741343
3070739582
3071800430
3038241903
3044472181
3028174165
3028174597
3028162053
3560908293
3581749013
3581754663
2512133411
2512131107
2495419411
3569288211
3305047059
3296662611
3292403523
3294500547
3302905539
3298655986
3315390114
3355219874
3330053522
3328161154
3336480642
3739203458
3730151347
3725899233
3725893728
3725910048
4262780964
4279624756
4245841156
4252134917
4252130823
4260515382
4258582054
4283752038
4265929334
4265914327
4266107973
4265971733
4265902164
4132737268
4145451252
4095140036
1947616709
1949699813
1949641381
1953766055
4109643430
4105449462
4122227911
4155847877
4120073413
4124275925
4115883509
4115752917
4115691253
4124070639
4156584686
4156782190
4148328286
4114841374
2546072894
2542857327
2542855295
2526061917
2525032781
2529461085
2655490917
2672226853
2669073189
3172386597
3172453687
3172325663
3176655135
3176590159
3175542479
3209615055
3210597087
3210499070
3220984046
3220985070
3221019886
3221126358
3212733638
4281756742
4281759046
3744880470
4285945462
4151789174
3588686423
3588698823
2514822103
2645828085
2629071333
2626974181
2631161316
2631200237
2630938620
2496786332
3025403804
3042041788
3075508221
3075577309
3075723743
3209814399
3209946431
3207816470
3208082743
4281726247
3212308775
3220623645
3216953612
3183383820
3185478940
3177154940
3175062525
3172834045
4011638495
3994855374
3994870238
4011843822
3982409966
3967238246
3975561271
3967168533
3967230005
1819615284
1953968900
1953904129
1886797331
821500450
817109538
815020578
817118802
867964354
318689410
310280322
310280579
308248979
307008929
1380234407
1376042151
1912913325
1929837965
1934026125
1900439469
4056310701
4056310717
4056307661
3521107917
3520921597
3554471277
3553930605
3545543997
3579176207
3579240783
3562467671
3562427239
3562411879
4116127015
4149677367
1981226259
1981233411
1985427715
911555858
936721714
885335862
885400086
886452742
1020528182
1023149862
888934255
627964279
627964279
627964279
627964279
627964279
627964279
627964279
627964279
627964279
627964279
627964279
627964279
627964279
627964279
627964279
627964279
627964279
627964279
627964279
627964279
627964279
627947895
627948919
627948983
627948983
896384439
929938871
929937847
2003679926
1466284726
1466038966
1474378422
1977694902
1973567158
1906458086
1906322534
1906322469
1910515716
291518476
287381516
287512588
287452428
824339980
624160284
636599837
630230542
668240398
667716430
801737694
