3749473542
3749473558
3749704758
3749626934
3749363734
3755724870
3755733206
3755585719
3738809783
3730421173
3726157237
3726226837
3726562759
3726563151
3743340063
4252948030
4261266991
4244436527
4243384109
4243121469
4244231228
4252615740
4252615932
4248429821
4281951413
4282065047
2138714263
2138701990
1979383975
1979389351
1979398071
1962616711
1962485381
1961452173
1978167996
1441321980
1441388413
1432934173
3580419853
3580751645
3580882493
3580884541
3622164029
3622098493
3622164255
4143355711
3069609775
3069547309
3086262845
3052909069
3044446733
2755036701
2755106349
2887038573
2887050861
2903799407
2903836383
2941716191
4017948398
4001109486
4009493742
4009303262
4008262878
4005133567
4005287007
4271563855
4275757901
4267369037
4279923277
4145697487
4147774399
4118283438
4125885614
4104914094
4106104974
1962811534
1425940622
1417629899
1417482331
1417487641
1416439097
1433167145
1424780585
1441099577
1437073227
1475857995
1475726859
1450495515
1446305595
1446340411
1450534203
108343355
116850747
116785211
251007071
242618847
259397535
225924791
234321591
1308087191
1286980486
1286964182
1224061942
1223993134
1492954670
1484581422
1484581438
1480191519
1480228381
1480263229
1482163757
2019043116
945300780
962084140
970472749
970472765
970470429
970527773
972623901
972558461
972558589
435704061
435745277
427356637
427356637
410564061
419018079
419151167
955955479
964343831
727365639
710653957
706458693
706384077
706384077
706379919
689619615
672809707
672740075
675817067
1758998058
1754802746
1756916234
1756945162
1772669194
3957901642
3942160330
3933844170
3931869850
3931886266
3927667370
3998966699
4007354539
2931389609
2931317929
2797161641
3080342665
3051023565
3051287757
2967389405
2967389661
2967389653
2975253845
2954288981
2954289015
3025600051
3052912179
3036134931
3036132883
3052779011
3044315667
3072643939
3055834083
3056030179
3190174195
3190174199
3195348198
3186702438
3169917046
3170048022
3165862150
4237323590
4237353799
4241552333
4258382797
4290957821
4282577389
4265731565
4265731565
4265868671
4282473787
4282416411
4022370075
4290858777
4291905337
4291909480
4249969512
4249907544
4244652488
4227887353
4232077545
2093179115
2093114586
2109881418
2101484618
2101550410
2135129946
2109953642
2139341562
2140390106
4287747019
4257259931
4257260731
3712001211
3577986235
4114808223
4114800031
4114794431
4149461951
4151329533
4159730685
4160054253
3623314285
3623314797
3614733685
3614733685
3614766463
3614954847
3614889310
3623277894
2515981638
2650076502
2624907126
2624972406
2624978534
2625109542
2641851959
2641577495
2683787093
2683786613
2679461365
2662618612
2666845412
2666583269
3195135205
3195122933
3195245813
3195245909
3073619269
3039995205
3040011589
3040007543
3039943911
3044039911
3044048102
3044111614
3044160990
3044153310
3044214358
3077650006
3077650022
3084924774
3081844055
2981307719
2981262669
2511589197
2511588989
3048341101
3052449389
3076566575
3072365887
3073474623
3073413150
3073437726
4147467550
3610653974
3614846742
3623239510
3619032534
3616802258
3583259827
3583254945
3570688949
3562468992
3562460800
3572930176
3564478400
3564158945
3559960547
3559960547
3560093142
3564299606
3564356983
3580937319
3614500199
3597721895
3593630487
3593619207
3597879063
2524016502
2549214566
2511597046
2511527382
2509491655
2513552839
2515584487
2540757991
2540954598
2540888542
3077751134
3044066414
3021012014
3023104302
3027364159
4109626141
4126273292
4159829772
4151562500
3612492116
3612557796
3607171556
3607302565
3578934183
3578934167
3587585990
3583460806
3566554567
3570728279
3589663583
3589664605
3623202685
3606361981
3606352895
2524742623
2520564222
2654851438
3208500590
3212825903
3187668287
4244563229
4244529420
2633457932
2633363828
2622878948
3159872740
3159874788
3176521204
3176643541
3218521797
3218538183
4283881159
4285911767
4281651958
4281365478
4264649190
3193135463
3201520933
3197328421
3197230100
3201362948
3192974340
3205555204
3037918212
3033974533
3029780055
3032403686
3032272806
3036474790
3028086178
3023889811
3028219779
2961102529
2969488976
2961038896
2976669296
3010232273
2993434099
2993104371
3002467762
3002532274
3010789794
2440303014
2515870134
2511545814
2511547854
3585092942
3589307167
3612662559
3344228111
3344228111
3486819599
3751256191
3751190639
3755910383
3747513583
4284452095
4280204381
4280204573
4280257821
4246573076
4231983124
4231950356
4231934004
4231999589
4231927269
4242409903
4254469039
4271245967
4273359501
4273461903
4272990095
4277183455
4268790251
4264595819
4281377642
4247970666
4233291626
4241944426
4242014074
4241849726
4241841630
4233434494
4252177791
4252108159
4285730175
4293999967
4292095839
4292177759
4292270037
4288595925
4292773829
3221063620
3212623316
3212619237
2671570405
2675434981
2641786853
2641762279
3161917415
3161458662
3168813030
3030609894
3030539766
3031551446
2494614982
2514513351
2506108303
2501911967
2502112686
2502039534
2539784174
2548172670
3617668878
3617598735
3718278415
3449879837
3454137661
3445871900
2372129548
2372317452
3429347612
3437597996
3706033452
3723996221
3723930719
3715609983
3744970094
3742865278
4279732062
3205926478
3205934607
3205934365
3205864765
3205807421
3205879053
2937536845
2937455197
2941391597
2949784301
3213955823
3213886191
3218092767
3218088415
3176145151
3184533755
3184534651
2643541081
2642548809
2648061961
3721816073
3621148745
3621112921
3621041353
3604259019
3604255195
3057746411
3053814249
3070727017
3037175357
3037048333
3021336077
3176660543
2639676974
2681620014
2677481774
2677285926
2677279846
2647918694
2631206999
2555787335
2555799877
2555804997
2580960711
2614513863
2614452438
2614387942
2604946918
2604942830
2571462095
2572643663
2573069663
2572994941
2573007229
2573068669
2573204317
2581593932
2615144268
2614621532
2681591164
2639627628
2635568228
2634517989
3175583223
3183980438
3217469094
3217538726
3193278182
3189083894
3189214790
3191205639
2922671133
2871274540
2875669549
2883984429
2885033023
3958783359
4225113695
4225191495
4220871239
4204094021
4220838725
3151819133
2606559597
2568978301
2551585743
2550545358
2630237134
2627078654
2643724782
2643726810
2645823946
2650080218
2650096619
2650067625
2650072761
2639589337
2639591933
2635389417
2669009401
2669149641
2673239371
2681623307
2683701051
2683770667
2683594347
2650044011
2650068715
3704936153
3704924105
3704923593
3713383545
3679755369
3658791977
3660971071
3660971023
3658966031
3658899487
3663098415
3654436397
3700573756
3163737676
2626805324
2631179852
2631184093
2630135549
2562909918
2562914286
2572373230
2567982190
2567965742
2601532446
2601659407
2572299533
2580686621
2559727229
2558743125
2558579397
2575360709
2575344501
2579542375
2613351719
2605026599
2635578647
2635529479
2635528967
2634480391
2617694983
2647051031
2647445367
2680975191
2664326855
2663797447
2663891958
2659500966
2659512742
2663708134
2613368039
2579823863
2571496919
2573135319
2573135319
2606759415
2606747127
2606714070
2602527958
2602378438
2568906183
2623436231
2631825351
2631817045
2631683445
2631203181
2647976317
3755338077
3747019855
4267089119
4266104063
4261773823
3192161791
3192235519
3192235375
2923806573
2919546749
2869210717
2835852893
2823206525
2823214717
2824328821
2891208039
2891202663
2893283431
2910257279
3109433471
3142991199
3151375693
3147184973
3214744541
3214703613
3214700511
3218990543
3177170319
3177170847
2639779743
2639619775
2673108735
2673174527
2673017175
2641494327
2641559606
2497803382
2493605238
2494784854
2629269334
2633258966
2622781398
2350200646
2367558934
2371755286
2373328182
2415279926
2411151166
2411034399
2394216269
2394195917
2396297212
2673129452
2672080876
3741623676
3742737692
3742868532
3742880804
3742819381
3742788613
3742768199
3608546759
1431702934
1440090006
1977075350
1955972790
1972672166
4253329319
4291077503
4274037823
4266697791
4262638655
4264743967
4281487367
4248195381
3161851429
3170240044
3163885164
3095666284
3095668301
3112444493
2563055943
2630225990
3696099382
3695972454
3695981670
3704568934
3697155270
3562683847
3579477893
3608829829
3596535693
3596535181
3604399519
3536311742
3536164350
3527710190
3528767342
3529291630
3017582443
3013452777
3080692700
3051193244
3042821052
3040727996
3023991276
3023991021
3022419047
3035069479
3030874407
3030739221
3034867972
3043257604
2535740676
2535867140
2535866949
2549498583
3082208935
3082084263
3082084263
3086257623
3061091783
3191125319
3191252295
3195446583
3220612391
3220603174
3187131174
3170158182
3161773815
2888892151
2888952565
2905861045
2937186485
2924600468
2923519188
2923521221
2924553429
2941461615
2874226031
2857450798
2867936558
2866089342
2882997598
3147250959
3147263247
3147066383
3151260703
2606001199
2601876799
2588351839
2605137759
2609264478
2609256190
2642740974
2625902254
2631212719
2362904255
2362773151
2362707599
2371104653
2371120525
2366995869
2367053245
2366789053
2371020253
2413029193
2412832537
2415189819
2415197995
2405825323
2373377835
2356596601
2354536393
2354407369
2622973401
2623002088
2639650281
2641755497
3744857467
3748986123
3748979979
3724009754
3723948346
3707228458
3698839851
2620622123
2618462075
3696466763
3721505739
3720457099
3687054235
3678666235
3657520363
3658548473
3725590649
3658555513
3679593513
3687986476
3656521276
3635500572
3635467789
3635463693
2559628829
2559681085
2580783919
2581050159
2572649022
2568476186
2568486410
2567272986
2667936602
2667919738
2655328506
2395281627
2391094475
2391158985
2391146697
2407924223
2374308335
2378441199
2361685479
2362801575
2354404791
2371181973
2404613509
2411986309
2411978197
2412889463
2404488551
2406524199
2371985718
2237837590
2238886150
2373432662
2371206646
2371206630
2371205606
2366867959
2366823237
2366831173
2234674756
2503149252
2540898260
2549290420
2511566244
2511369637
2511398309
2515592615
2505151399
2503181031
2485224054
2485166598
2485166598
2485183254
2485252414
2506282030
2539838510
2548221982
2528299279
2528307469
2531654413
2539970329
2539964217
2540028217
2514927929
2649149753
2628178745
2498216505
2514801193
2506420777
2640639531
2636445243
2641231675
2674745147
3211616059
3207560987
3207423257
3211292985
3219701817
3215573017
3047936121
3182162297
3186226025
3177772665
3173611097
3173727867
3173728107
2641304955
2649562459
2649693530
2645507402
2645374282
2410429530
2410419322
2410157162
2410165370
2410229850
2410229850
2414358618
2414358619
2414358619
2414359643
2414361679
2414426461
2380888429
2372499820
3446241644
3446241620
1294563652
1294563652
1294555508
220813684
220821828
220821828
355060036
627964279
627964279
627964279
627964279
627964279
627964279
627964279
560839031
560839031
829273527
829272503
862826934
846049726
846050238
846050234
846050234
862827194
829274746
812497211
821475611
821475593
1895606280
1901894664
1398572232
1377730952
1376682888
3524170408
3524244140
3545027244
4040082351
4040085974
4035899734
4036419966
4042645822
4059358494
4051037454
4046747998
4044642798
4027873450
4026603674
4098051466
4123084169
4152480696
4136887212
4141015980
4132545484
4149252356
4117800244
3848318757
4100173607
4100112166
4112684850
4112695602
4147233074
4145074482
3071369522
4149437810
4157765474
4155655714
4155916819
4093002241
2984727041
2967787028
3034905892
3035950116
4109695012
4116044884
4129217988
4128130501
4128113095
4127588790
2002138534
4124517798
4120079526
4103298198
3851672710
1976673415
1968219527
1733534145
1729278785
1729266192
1729155620
1731257124
3878711589
3878778157
3883079727
3857913903
3858110781
3837139276
3031894860
3031697356
3031434188
3184555004
3214107244
3214041708
3196183149
3196117615
3196117870
3196106094
3201338730
3193145434
3191310410
3174475978
4231440846
3962764750
3962750414
3962749390
3962655199
4010832365
3998245349
4005585381
4005586917
4018370545
3984775155
3967992775
3973235526
3964781318
3964794646
3960514327
3960515863
3963726119
3846428965
3847407893
3847375621
3864420101
3866564149
4134736501
4134614007
4134543725
4134805613
4143186029
4122346621
4105583629
4106124549
1958692103
1421656087
1423503463
1415077999
1947754735
1947883007
1947885214
1968888478
1973082782
2140970654
4292648670
4150044638
4133265918
4150239726
3889607087
3889594797
3881223581
2807481732
2803361780
2805326564
2809459428
2742317796
2708497149
2691707613
2692027021
2691961759
2691961071
2700349679
3835972655
3836102671
3840305166
3840403718
4108839702
4234607366
4251121414
3995320582
3995320598
3996565798
4000760102
4006994215
4006928693
3990152677
3965156756
1812864900
1678716565
1678587813
1946432421
1967391141
2004877733
2005991677
1974611981
346237965
346056717
346073357
350271773
342006029
1415744781
1977844173
2146533853
2121498879
2117251175
1846779943
3994132519
3996362022
3996311846
4000502054
4000563494
4000399662
3998286191
3956347263
3956351289
3921682744
3904905240
3896521992
4182850840
4283570984
2127694377
2123614825
2125577931
2142283722
2088010186
2084012170
1949733002
1950266558
1948689583
4096257261
4113396973
3882698189
4142744268
4071441020
4088259180
4089242220
2986108492
2973525572
2971465572
2975646820
2984002596
2979876917
3017679109
3546161927
3544064582
3527345654
3530296550
3538684070
3552315574
3619559558
3586009222
1174283718
1165325126
1161126678
3312443670
3312443702
3622809654
3752834102
3753679925
3753680228
3617368036
3620184748
3586572956
3578217148
3573813928
3557046184
3557048233
1409624571
1950755146
1909860618
831985690
869537850
309597210
305397770
305463306
305463311
305406253
841245997
925125933
627964279
627964279
627964279
627964279
627964279
627964279
627964279
627964279
627964279
627964279
627964279
627964279
627947895
762166647
762164727
762163639
1064153527
1064153535
1030599607
2104342455
2099625911
2099624887
2099624887
4117085111
4126603687
4122409381
4122406309
3084248453
3075913157
3059193301
4141201397
4141131109
4132480293
4130648359
3862200615
3861233975
3878081847
3844269334
1684173854
1692552255
1693666431
1710312671
1735515359
1867640063
1850993791
1850998047
1851114767
1867830542
1867836734
1830284590
1834448750
1834436606
1867908535
1809724855
1809720727
1809257879
2077689815
2079659767
2079598199
2079598134
2075468310
2041935390
1536546318
1536544270
1539628894
1522855806
1531226094
1531881439
1565448015
1558103631
1551552477
1551716341
3699206645
3695147509
3694599637
3694597525
3698536837
3696431511
3704689143
3700454886
3700451302
3700485990
3700486006
3721717526
3746951990
3730297110
3730297119
3730174236
3738530076
3721884984
3705067816
3696679272
3696659432
3693054972
4101868428
4101805967
4118578126
4148003294
4130247150
4130251118
3057557871
2789208053
2793209589
2791069428
2807518964
2807444221
3050705663
3052737262
3048215022
3182440686
3182440682
3186713690
3218238538
3209850123
4283628811
4283694347
4283559195
4285560155
4285814219
4252320969
4252390585
3176560043
3184948651
3721885631
3717690318
3717718990
3751141854
3751080294
3606376550
3606114535
3597784229
3593585845
3608204469
3608409221
3574787461
3578981831
4107529703
4107329319
3035682599
2515596055
2515821317
3588649493
3588628021
3589147173
3589081893
3581679909
1434196261
1434392597
1434325007
1434320911
1551880463
1546494303
1562681839
493660070
1063553415
1055766711
2120595637
2120596660
1585364100
1585378436
1583277220
3730793956
3755896276
1566474180
1566539716
1568620485
1568497525
1576894245
1610446631
1610569527
1610602261
1610470679
1568537943
1568537943
1566440823
1566571831
1566571830
1566569750
1566561590
1568527654
1568527654
1566438707
1566438675
1565521171
1565479187
1565479253
1565348213
1565094885
1565094885
1548449781
1548443351
1556830919
1557002959
1573780175
1573781471
1607325599
3612202911
3612201887
3612209853
3587028669
2513417900
3050288812
2982524588
2982450924
2983495404
3017049708
3008747069
3010852413
3006658093
3006584623
3010778415
3010778415
3010839935
2748827103
2748765647
3017209759
2984114111
2975651823
2690504703
2686383583
2686447071
2692606335
2692536703
2700926271
2717515551
2751194894
2725963342
2721834830
2721641838
2725826030
2725825774
2734413054
2734585295
2742948687
2977837647
2973639183
2960925485
2969317677
2965115949
2428240941
2428308533
2428443655
2426350599
3500026887
3231605767
3235304518
3285697990
3277309382
3273114071
3273085431
3243602421
3242484213
3250938365
3250939901
3284629501
3284623261
3267723165
3277150109
3277149621
3277083061
3243536821
3243598261
3252057087
3252057087
3254252407
3287807766
3286755094
3286758174
3278360862
3244671262
3311714623
3311727935
3311789371
3312971065
3346455833
3478637915
3478476251
1314149850
1322537978
1323111418
1247613818
1247753082
1247687482
1243505466
1260349210
1264150283
1230530379
1497950043
424212345
424210937
424235513
424235513
457799161
457930233
457921915
457790843
457994554
458027290
458092890
458224986
189789530
1271920122
1271657978
1271526874
1271517658
1271484794
1237930362
1221144955
214906745
214908920
214907832
214907832
72301468
84874652
118428044
34554252
302891404
302809532
303335340
307529389
1406439078
1406310022
1389536966
1391568438
1391502886
1386257958
1923402278
1386548007
3550939431
3513649191
3509454887
3509455894
3510504646
3507244422
3251391878
3247230934
3247233854
2173696815
2173664045
2174692141
2180852029
2180855869
2214534189
2212371503
2208177391
2207190174
2207075487
2211305919
2211240365
2169297341
3239008669
3238944141
3239998925
3239993805
1094525389
1081876941
1086152991
1151292219
3298771755
3304932907
3292360298
3426708042
3424643658
3454005194
3416253899
1268707787
3451908569
3451896185
3429745961
2351287611
2351298875
2368203034
3475433738
3458624778
3468124426
3468128522
3331801482
3332227499
3315122601
3296248232
3223896492
3223966108
3224102348
3224038668
1076539148
1076538124
1076530956
1076530956
1093308172
1093307652
1429832980
1463334196
1446618420
1446683956
1446682836
1983553684
2117812375
2117796022
2117796006
2117997734
2055093678
2025201406
2025266766
2024879630
1487938062
1487938062
1485840958
1217405549
1216359916
1212160428
1207978157
1225115837
1292233871
1326425230
1309581518
1322168394
1184739354
1184674858
3334339690
3351107690
3347011690
3309177322
3225292235
3225296843
3227397963
3235725083
3252424507
3285978937
2208042809
2193379096
2193442620
2197653292
2187171628
2202903853
2211294701
2190323117
2190314925
2458749356
2458750124
2454555836
2450361756
2451414428
2451241660
2436512493
2956602095
2959747830
2964007638
2964077238
2963546022
2426670518
2430602390
2435845254
2467396742
2450648262
2452728838
2456923142
2481302542
2443676958
2426834750
2427359039
2426904377
2430966585
2422573865
2959575848
2959264744
2977102764
2977135532
2977005500
3010672572
3010671036
2977116605
3010671029
3010539965
2976997853
2976997837
2960223565
2960255005
2960390420
2960325380
2960382468
2960350724
2956154380
3073520140
3060929085
4277277038
3199406318
3197178094
2660504686
2681478190
2637432878
2637433115
2671590665
2671650056
3757973512
3483181131
2374770922
2357998762
2357730474
2361985258
2350729450
2367671754
2266924490
2261688778
3331301450
3331170425
3331109928
3336342568
2524744760
2519305272
2519379000
2519395384
2519395416
2503625804
2491026908
2631534588
2627211900
2633507452
2562204204
2562335276
2562339372
2293765677
2296913727
2284588351
2285635902
2285767994
3357421066
3361613322
3364759114
1216620234
1216620187
1216636605
1216665276
1212516284
1208453052
1208452028
1225167756
1258726348
1241949956
1313320725
247967077
113749351
105290967
101106822
1107705990
1107701910
33960118
39194790
47580662
62784854
28247302
1085032199
1089237783
1089266487
1080881959
1076425511
1077465903
3235415855
3230175215
3230173631
3247086478
3280902798
2202992286
2166223534
2235388670
3577696894
3590136367
3585876777
3583779881
3617340457
2270956585
2249985145
3340635337
3339613321
3310249097
3314476425
3448546745
1569498553
1468841385
1456446697
1444842795
1444318271
1446413343
1983356959
1981128734
1981063199
1981259839
906420269
1996936237
2135313453
2102873391
2046758207
2046758750
2045714270
2045337438
4192820830
4176076382
4171890302
4171884158
4171883262
3635999454
3640189950
3631768063
2553815231
3694732463
3710586029
3580496365
3622439661
3601730252
3601743436
3601822284
3333214796
3345781324
3308041084
3292378988
1144961900
1413388633
1428150602
1444804942
3591993722
3591992426
3596165226
3621331066
3571003466
3302699082
3302695258
3300598383
3300602469
3232236128
3232236128
3232252528
2164048576
2151450304
2151520896
2151594624
2201926017
2185148801
2452527235
2456657026
2464977030
2997653942
2997662375
2997723885
2986140397
2956784236
2956777052
2956254844
2687822444
2692016492
2696214572
2696202364
2713115980
2750865996
2725700173
2719863389
2719761135
2719773678
2738634158
2751204526
2747075774
2998867134
2998808734
2998808782
3013488846
2442997837
2426155069
2426221628
2427855900
2432050189
2423678221
3224851213
3222749967
3222623503
3294098703
3310804319
1196875263
1450633727
1584900175
1585286223
1585218655
1585229886
1581097006
1580904510
1579859998
1596637470
1567281534
1551627246
1551429615
2094590959
2027547647
2027551743
2111438303
2119759325
2119782749
1582907773
1578848623
1595629935
3696976767
3696981885
4242267901
4107918077
4107922132
4103716484
4103705220
4103832260
3053175492
3078210293
3057402477
2990306159
2989778223
2994000942
3010841630
2977848398
2977885514
2967465290
2984107514
3084764651
3059734011
3061772747
3061838155
2994524251
2994525419
3002918125
2751395309
2717841053
2707354253
2707419789
2707215005
2740774573
2740774639
2726094703
2726086014
2726281550
2741948430
2742023231
2708329519
2691550509
2691587917
2692640333
2709415629
2742822573
2740728493
2742813103
2986082494
2969370878
4043244606
4043185182
4043189262
3504745478
3504745478
1353082118
1369854230
1404387590
1454719303
3328135621
3340653013
3340662693
3307204517
3613257725
1474158557
1453100383
1453100319
1455272990
1459462206
1451077679
1446899759
1581248829
1581179389
1579050477
1583244797
1590654429
1590645919
1590513887
1590522334
1598902655
1549747071
1415533375
1549623871
1549345309
1549480477
1549341213
1549338429
1289237823
1285039423
1285233951
1285168975
1285168719
1289311829
1289242389
1308152117
1324937492
1190760732
1189839196
1181451773
1449889261
1462417903
1462413759
1445636238
1915460750
1915256974
1915261086
1915261118
3794448559
3794706861
3811500780
3773752044
2700952156
2700891724
2700895836
2700897900
2700900973
2700892911
2696215534
2696207870
2717175262
2742404558
2719471054
2719408606
2719441918
2723554046
3000443902
3002938350
3019641326
2986082406
2969370742
2428305430
2428317718
2428444694
2428444694
2158896151
2163086343
2155758597
3224818693
3309294917
3309286853
3311318477
3346972109
3330252239
3598556383
3594370303
3594363999
3594384479
3594375261
3598700589
3598635311
3741217583
3741217343
3758060063
3724408415
3713922943
3697147903
3696099327
1565519839
1598940638
1599992318
1583116798
1583182335
1578988031
1595879935
1565335931
3696043899
3704569435
3571392091
3571407455
3567082063
3298647567
3298610703
3302802975
3252011551
3279278655
3262509631
3260346927
2194994031
2211770735
3519403503
3503087087
3494693295
3507325373
3540946125
3528373453
3529416911
3529502927
3525177599
3525177583
3529503215
3546211311
2447308527
2430588671
2958935775
2958939871
2958929663
2984095487
2984030189
3019151341
3010757501
3004678733
2971582988
2956939853
2956949101
2692556653
2700947439
2696681454
2981958614
2986152902
2977894854
4034859094
3497791526
3506181159
3506254903
3502189575
3501599751
3505808391
3237377303
3281507607
3332359623
3336553935
3336553871
3328177599
3330272687
3598560687
3730616319
3739002366
1583199582
1583329598
1581232447
1581248575
1581117501
1579020349
1579114621
1578000621
1582196141
2144300461
2106425277
1569554317
1569683341
1569675229
1439515519
1415381295
1411191103
1410806031
1142362383
1146435389
1154819885
1283927605
1284456005
1285365317
1285377861
1302316871
1340064543
1325241118
1324658974
1324659006
1316352302
1249239406
1310057838
1325788670
1560674271
1560674299
1564981183
1598470029
1598522253
3603267997
3594826156
4131692972
4132283884
4132349692
4128159356
4145992284
3072246300
3040821821
3044823599
3044308782
3050593322
3046394922
3046394938
3046568970
3045515274
3050233867
3041914907
3020943453
3020940797
3020946925
4111453613
4115254717
4148815759
4149207695
4132360847
4149101215
4149101309
4149170923
4114884139
4115948843
4124343355
4109728794
4109859850
4107758602
4107629899
3587691979
3621242331
3612852459
3596046459
3595915355
3594874907
3594870843
3603390763
3603394939
3620156763
3620159451
3611720666
3611712474
3620686810
1474121178
1474057674
1467764938
1467830475
1430216795
1434444153
1432286057
1440413289
1474031337
3604610809
3604600521
3604595401
3327771593
3323679705
3340329433
3309117881
3296667049
3305055657
3300795817
3300873689
3303818713
3312239945
1160631561
1160770825
1160634649
1164763449
1173221691
1441780027
1475342651
1475343675
1467913563
1463453691
3577448443
3577321401
4097423001
4101617305
4099536568
4032423609
4032393977
4032303851
4051440363
4084994411
4093382763
4076605483
4089253947
3516821513
3500040201
3500072969
3500056921
3504191353
2421995129
2971442809
3004993273
2988279545
2988282617
2992632569
2992501465
2992501465
2975823577
2961071595
2961137131
2969328875
2969318907
4034732490
4084671434
4084670922
4067758186
4076081258
3539206250
3606516762
3623232522
3589678090
3589698571
1423406361
1557951801
1557947707
1557930267
1557733659
1289434395
1222252330
1222248234
1238046266
1229468187
1263030859
1263031131
1263137755
1229579769
1221129641
1548285353
1548285353
1565242777
1598723465
1448777097
1448707225
1448735935
1450960111
1400562751
1365931039
1349145663
1349211199
1349218623
1357869887
1358779199
1373455935
1372440127
1372440407
1397526517
1397526005
1393407477
1376756127
1380970911
1380963231
3536798399
3536655022
3284939434
1087121391
1087188781
1087319341
1087319325
1087188236
1083974925
1088234765
6161165
1966855
4064007
4080390
20927239
20796231
19747669
57529173
65926005
66974709
66974197
62779893
27128309
27128309
33419765
33419767
33550839
32502263
24114167
23983094
23984086
57669591
58716663
1140847059
1136652753
1102967281
1107161585
1140717040
1132328432
3279943665
3288332241
3271555057
3267359729
3267228657
3284005363
3283939811
3288133987
3245732195
3245732195
3245863283
3245863251
3243767251
3243767249
3277321681
3277166037
3277166037
3272979927
3323311607
3323442678
3327635926
3604459990
3600654806
4141659174
4133272622
3994851375
2921175085
2921241644
2921262140
2921226284
2921202669
2921202351
2927493806
2930180782
4020242094
3986689710
3835706798
4105189518
4109379726
1416767685
1348544580
274737164
824190988
824186892
824384780
824340236
624094748
628211229
630230542
667978254
667716366
801737690
