1356598303
1372392455
1397687575
1112495589
1376769013
1376228245
1376228245
1912968117
1916834727
1925231015
1925226935
1656988830
1648536735
3791825151
3791820847
3808598061
3808602157
3775310125
3759583020
3763783484
3763847965
3760014141
3760022383
3760006119
3780969447
3813474926
3813491294
3787805194
3787742730
3771006474
3771001371
3762350618
3762313802
3779091146
3812630154
3791920794
3863218106
3863221674
3871682730
3867619498
3867619514
3884396698
3850793166
3850824719
3851855885
3851856133
3839277844
3839277844
3965172496
3965181712
2081637136
2081624368
2081501489
1947349793
1947349793
893518113
897581345
931143955
394342403
394473475
394452995
931308739
932350083
663980419
670140823
653368215
644922015
1714469535
1714467579
1713410667
1713410603
3877806891
3810714411
3877855595
3848339887
3831562687
3831694783
1684479423
1684408767
1621514685
1621612605
1638201407
1654933534
1659132942
1646535694
1646665742
1713774638
1731593510
1744242294
1723145974
3869056754
4136451795
4136400576
3062691520
2542331584
2638917312
2617944769
2617940931
3160050626
3168504802
3168319974
3168333286
3185108454
3210278134
3208204487
3206223317
3206157808
4246414752
4112068000
4116266913
4148903891
4157222595
4153093826
4136234947
4136152899
4136144193
3867708737
3863517524
3876174068
3842681076
3842681076
3842686196
3842672033
3809133985
3809112481
3809420257
3876533221
3881767911
3881246711
3855956822
3850857222
3850823942
3850811655
3850737927
3850680325
3855397892
3846995980
3876356124
3876434284
3859735012
3859705829
3859701671
3863808931
3888450482
3855028114
3838189442
3839303554
3834916242
1687171058
1687171058
1687236562
1687236418
1955606274
1955872514
1972657938
2006252818
1989995778
1994238979
1994230787
1993182225
4132015216
4132420720
4132416560
4129226000
4145995024
4145467248
4115035888
4115082993
3587129042
3570212562
3569621878
3569646374
3033004342
3029326102
3045891382
3079449910
4287149351
4291331125
4278764564
4278731844
4245175508
4161416420
4161678820
4165349348
2025983716
2038501108
2072010437
2076240583
2076224454
2076223942
4190157254
4190281078
4190289254
4257398054
3745766710
3741326614
2667588886
2671849254
3179446054
3179700006
3179728231
3045903812
3045887428
3041442948
3574118532
4111051156
4111395236
4111358880
4110831520
4110835377
4115021491
4123082722
4118818802
4118818626
3586141442
3611376898
3611516162
3603070210
3598900498
4136078626
4135951650
4153191905
4154243312
3881605248
3877144708
3876161668
3876494480
3809389744
1627844000
1610776032
3759366115
3763552098
3763437090
3771755058
3771759154
3767654930
3784432130
3784433154
3784826368
3767914240
3763652368
2685716240
2685752880
2752914976
2752917089
2757106275
3856009938
3885435842
3868998082
3063769282
3063545042
3063534802
3063477491
3067671779
3059279025
3055084977
3054364081
2806966192
2756106148
2756101812
2755911316
2755782388
2755782245
2756768293
2756756005
2754691637
2754700821
3828426261
3827641909
3849669493
3849669077
3858585796
4026366148
4022197444
4022260804
4022260740
1876422676
1859444773
1851027493
1779789863
1778803751
1782998054
1783102502
1791482899
1791491139
1791339843
725986627
692436307
1766309235
1745272179
1745263955
1745263939
1762036050
1796196707
1779292515
1783486817
1783585136
3930540912
3947170656
3913620336
3896851408
3896981968
2831628752
2831489456
3095730592
3096255394
3113032354
2577140386
2577141394
2579242626
2310811266
2310811266
2310303362
2381643394
2406518403
2383449987
3457269185
3725766085
3725831365
3725700165
1595141189
1595044933
1560433997
1426201949
1430396797
1430462447
1413488366
1421877246
1422213086
1418166222
1418162126
1434742730
1434742747
1204051967
1178886143
1179389437
1464671741
1440622044
1440687612
1423250940
1414858236
1142228477
1141208541
1141171679
84192734
356564342
1371584886
1371572535
1434553621
1435667716
1439872260
3612517636
3611534356
3611407413
3611657253
3594945831
3611743591
3619869543
3587593063
3586478951
3569627943
3561239359
3561296655
3558233867
3579215626
3579206410
3612859162
3621051162
2547309338
2547310346
2547275594
2547270474
2547450874
2542941162
2541888491
2277581675
2277511471
2277512511
2269131839
2244158487
3301141527
3292781653
3561213013
3561195857
1413585216
1409390912
1946400832
1946332240
1963109456
889302096
654355472
654353521
587379809
591578339
574770403
574623219
574622161
574753781
583142116
851905124
1942231572
1938110981
1367813655
3515297334
3515100694
3246681670
3246710470
3246444182
3279998614
2206321318
2256796582
2256726949
2260990372
2386688468
2382473668
2399381828
2369956676
2353180228
2361585220
2361589332
2361450340
2353056613
2348845414
2617280870
2634135902
3204622598
3192039702
3200428822
2793520662
2797907462
2789518871
2802171453
2684603965
2684505709
2684489453
2684423663
2688813294
2693007614
2693011670
2709878982
3783747782
4085704774
4089866583
4073089335
4073089319
4073090083
4073155603
4131814403
4131814402
4127714562
4127714838
4115119654
3032845927
3028586343
3028584517
3028588613
3033331781
3154929751
3154389095
3154520678
3158716014
3045465710
3045527151
3045330525
3079437645
3079462093
2538396877
2517490893
2534403293
3071209453
3037654765
2974736108
2966343420
2697842396
2697256668
2957305804
2969888717
4044220109
3775751935
3775870699
3775860730
3775860218
3780054266
3788446954
4052450526
4052450510
4039769230
4056546702
3519667598
3553219998
3620336790
2546922742
2530141430
2546885718
2546986006
2509106486
2513956134
2648694055
2682047783
3210513719
3209536597
3209405525
3209401844
3209549813
3209558005
3209555943
3188027374
3187949038
3053723118
3053723118
3083234799
3079073789
3079077772
3079524236
3083653004
3008153996
3004037308
4044287149
4044287463
4028562918
3760115558
3764047446
3763969878
3763907927
3763905605
1629021381
1662579957
1662645732
3809113573
3809091045
3779988839
3789359414
3789306646
4053084934
4036372998
2962635270
2425822726
2441354770
2441348914
2441348406
2508537126
2542020983
2546817365
2546912193
2538511040
2538454736
2504834804
2504304372
3561268976
3557090016
3691374560
3691107808
3691103329
3741449299
3724737602
3729184962
3737573698
3737541442
3733912386
3733944898
3754913346
2630823446
2622035766
2623030566
2497212527
2493046893
2493051116
3587757276
3579370700
3574111708
3557408252
4094340588
4094344700
4094397948
4098591964
4115242228
3888888980
3863657620
3863909572
3859723477
3993887989
3993363559
4010208359
4015422759
4023803191
4292287799
4275322163
4274290465
4275394353
4275525139
4276090371
4276086531
4276092162
4283432194
4279229698
4245674258
4249852275
4241463651
3167718193
3167588117
3168571223
3168657271
3184389987
2848976739
2840428514
2836144098
2836205538
2837385186
2874613734
2878807543
3934723527
4202964421
4223935685
4282410453
4248954229
4232246645
4240629109
4240563541
3166759749
3167087445
3024616309
3025128309
3024964567
3037532119
3037544310
3041865574
3050254182
2513256294
2509049718
2508988166
2508996358
2508985606
2513175814
2513204502
2244797751
2513284959
2504634205
2538183645
2533985237
2533988853
2538191332
3075190260
3075120580
3075444676
3037699796
3037638340
3171348037
3171348053
3171376999
3171159399
3171161190
3175429350
3158775030
4240901334
4236711127
4236715397
4236733829
4257508829
4290832860
4265668060
4265868764
4265867100
4282644060
4249023069
4249081423
4248917599
4232077182
4232141166
4232280110
4232263742
4240648214
2093181975
2088959252
1954796820
1975631924
1967161364
1962971216
1996599376
1996726512
1996665952
1912720480
1912654945
1912655217
1916984929
1925643875
1992709747
1992709702
1992718022
1439067846
1422278342
1422330838
1422199782
1422138726
1439444327
1472996709
1472996721
1196373441
1196047808
1196043712
1196060096
1204714945
1188021745
1204274659
1195754467
1195701234
1158014866
1141350274
1409781650
1413974962
1422367154
1955962274
4103388577
4107314656
4107314528
4249920800
4279282976
4264684592
4264766768
4264703265
4263646499
4267836195
4272030691
4288873427
2108888962
1553018502
1557146246
1280387718
3427875542
3425770454
3429894486
3438288182
3450958902
3450991670
3483430934
3467683191
3467683189
3469785061
3461449444
3729950372
3730020260
3729844132
3742393764
3557840308
3557970320
1410495888
1412574608
1412443568
1411398096
337652160
337783232
929184192
920787264
920784129
920732945
920711987
912306982
908112678
908108590
1986040638
2011271467
2007082281
2006030380
2006030380
1439807788
3581407032
3614891544
3531523592
3598632456
2524892956
2524892460
2658962732
2658450748
2658444557
3187053327
3170796298
3162162046
3161047534
3160982510
3169342446
3170575070
3170443850
3170378570
4252508458
4248314922
4235856938
3698985002
3562932234
4107683914
4099193034
4098661770
4099706251
4233924490
4261322650
4277049230
4277056399
4201296839
4197180391
3190301031
3190301031
4264108391
4151255143
4126094583
4106172887
4105648543
4105644943
3566615175
3570875014
3560995462
3305136774
3305136790
3305132783
3619701743
3616686565
3618784484
3618793668
3617613952
3336628385
3324020901
3727721703
3744891255
3711349519
3711410702
3707019790
3705972262
3706043943
3699351079
4236217639
4252666935
4185558103
4227505349
4227504332
4202412228
4265191892
4265197012
2923101652
2939082108
3208003948
3207988012
2951881261
2947752493
2945454639
2945463870
3213897310
3214158558
3180665854
3180661230
4233366702
4248043678
4247077006
4247183567
4246904905
3912409113
3916610873
3914377481
3897600265
3914382091
4216494874
4183213834
4168483086
4164747551
3156742447
2624267565
2633640740
2629438244
2629373444
2392335872
2392400836
2392478085
2392506791
2258142630
2258148774
2279135654
2215168406
2215333254
3290304646
3424530498
3424542994
3426672914
3439239426
3435045635
3435044608
3435039488
3481045776
3458763748
2519436164
2519371652
2519369604
2523448236
2523455980
3069763948
3069765484
3032213308
2965042700
2969236029
2969145958
2985853670
3042493158
3071804150
3055031798
3055033574
2518291686
2522489958
2528776214
2526679054
3617398862
3567003087
3298765709
3298700173
3298708365
3302771085
3229383055
3275515279
3263066319
3263086942
3271414127
3270795559
3271320357
3260936757
3260994052
3261039108
1112834868
1111786784
1095015713
1141221409
1158064145
3305547841
1330034753
1309051968
1175962688
1175962816
3323458272
3620987616
3583173344
3566453408
3570452128
3561019044
4093685412
4026642132
4030900804
4040608260
4042706453
4033662503
4046221158
4080807398
4147920366
1998327038
2002650366
2011037934
2145267758
2107580446
479928335
479797253
479751429
484026948
475769540
1549314692
1478012596
1528665988
1583256452
1581683332
1581679300
3724645989
4266896935
4266847014
4151441774
4151331950
4151579758
4151771358
4118151566
3588096398
3569234846
3569296303
3501990895
3506185197
3522963325
3523098397
1367217981
1367082781
1367088905
1400663305
1396598873
1396635897
1377828013
1376033949
302285965
302285197
839352716
1913823644
1930600956
1886560764
1894952797
1894943253
1894812199
1894836782
1886415406
1633693230
1664099610
1668485210
1668677802
1641414830
1637810350
1619787935
1888227727
835208079
835241615
836296334
838466382
871000350
325723454
292159807
275448093
6947100
15337244
15407924
6830880
5794592
4754225
38309827
38699907
47088514
114200962
106336642
259428754
203601366
203553143
203750182
203745838
217360935
482192167
480226567
1570537670
1574736070
1595912322
1597943938
3728650370
3593912786
3593880562
3614900835
3618972259
3584303841
3584828129
3568055009
3505141729
3228304833
3223981249
1076500545
1080973569
1148016912
1147959584
1147987232
1143776528
1160749328
1194242304
1450082624
1592689088
1588560016
1320128688
1325355171
1182609634
1446782182
1463561702
1362897774
1350314606
1354508926
1354508874
297537098
331104840
318751560
37675516
52339116
17670564
308132
296864
35744
35504
166801
272808897
1405266177
1389538305
1391639552
1390916608
4062618640
4062618880
4062610384
4063150769
4085204643
4091348898
4048301474
3779863718
3789300966
3789357102
4055761182
4038931215
1891377677
1347708421
1343552005
1342687761
1342622515
1346824499
1346824259
1346824387
1431757955
1465290882
1449033858
1446691203
1450886035
1585103795
1592513507
1588162850
3735576610
3735561250
3748144166
3748146230
3648728342
2574921495
2564435477
2560253461
2358922948
2357841540
2357784196
2357782420
2374546865
2379912611
2371782114
2373878882
2369176626
3476485122
3477069826
3477037058
1564369155
1547572483
1551519537
1417235296
1415085024
1431890848
1447619472
1581835648
1581969793
1581958019
1581958082
1582253026
1447584550
3587712806
3566812710
3566811703
2358782517
2358799156
2361936676
2357751604
2357784340
2359031104
2409288129
2392510851
2392506786
2396537250
2388410786
2405187746
2371641506
2287870166
3361616966
3357367319
3625744405
1478453508
1478420740
1527507716
1510730244
1510669893
1510626886
1514755926
1514942758
1523343654
1250439214
3414896686
3381358895
3364475156
2361954068
2362018356
2630396516
2559093332
2559097412
2592709188
2592775765
2665121318
2652554022
2652570406
2654798182
2654941542
2637837414
3170522342
3164259398
2895807558
2895756741
2895687620
3159927492
4095258260
3843616404
4145702532
4128912020
4131002276
4063888804
1928858788
1924663460
4072152228
3533585541
3533513863
3263964367
3284927950
3234727182
3234217742
3231084302
2157438526
2157225518
2157225838
2157230062
2459733487
2454490543
2991430047
2987243981
2718677852
2718607900
2718871060
2736434692
3759842836
3761927700
3761899060
3761046052
1613497197
1617691055
1626079663
1621885117
1621889213
1623011481
1620848777
1636578441
1636595849
1905055945
1398716745
1400809803
1408149851
3551439178
3551457610
3618390282
2242642202
2247954730
2231050538
2231050543
2226812207
2243646735
2277032717
2277016269
2260252333
2195230381
2186858157
2182662847
2451267487
3524931007
3541705918
3508150494
3497664522
1350251530
1349065742
1349060622
1357859118
1353644590
1354685999
1436386831
1474078223
1444718094
1443474718
1577752638
2118880302
2127266879
2127269949
2118901820
2131484716
2097864744
2030756648
2014017064
2018007672
2034784856
1599822568
1583012584
1593481929
3732637387
3731391182
3748168590
3697906078
3706368486
4243235302
4235101542
4235184451
4230965571
4247480771
4264259063
4268314023
4277671078
4273484990
4277744782
2130277566
2130277614
2147045630
2147176670
2113499359
2088263901
2088247548
2088313836
2088451684
1551571492
1551571488
1551710736
1560099328
1425501699
1425524482
1439940610
3487006738
3486941202
3472265282
3472262338
2397556098
2397507474
2393311906
2393325218
2394173154
2394170978
2392072994
2392073058
2411143511
2226545111
2226975217
2230109680
2230094272
2221705536
2217580816
2217654560
2217670944
2234444033
2402215171
2385437954
2385396994
2397717826
2393572818
2393574898
2393448418
2394439650
2411229154
2413326306
2413326274
2413424583
2279145463
2237192167
2239284197
2239349732
2222674916
2231071728
2230933488
2229820400
2221701984
3291282208
3425564976
3426654465
3440818178
3457590274
3457589250
3457585218
3464413250
2399060162
2393785811
2410614753
2410487456
2377920160
2411473568
2409376420
2275228564
2279025092
2270439916
2266237228
2232700717
2219202061
2223399631
2240275102
2240078510
2224866214
2231141798
2221704626
2217181318
2217193606
2217124311
2233901383
2234951431
2234953223
3291672071
3291544359
3289402151
3423684885
1275488515
1275489539
1280758787
1146535938
1163313154
1163362306
1198948434
1177976962
1176945794
1181157778
3337030578
3337034402
3333892770
3266587298
2194943970
2194936582
2207519494
2207589174
3230950182
3233079591
3233063201
3233062176
3229387104
3223095712
3223165344
3240008080
3256794497
3256788355
3258884546
3258898242
3258849074
2189377314
2214014754
2176134946
2176067363
2173972833
2174485857
2173437380
2207047104
2211220976
2202832352
2186053093
2186186997
2202968275
2170478803
2149508577
3222731633
3289795072
3288783360
3288721921
3288853251
3305565442
3343311874
3326529538
3335966722
3335966722
2260615506
2259551601
2276396896
2242648672
2242656864
2243702368
2243702304
2279374387
2258171698
2258236774
2262405478
2262405222
2256044150
2249757906
2233187523
2216344001
2216339904
2216335680
2352646464
2351601728
2351610944
2670634048
2653861200
2658047344
2658047857
3203372643
3203245666
3060573794
3060592226
3077365602
3077069666
3043498354
3039370562
3073054146
3060404690
3060478435
2548576739
2511082995
2494503379
2495494595
2230729154
2228697538
2220308930
2237036931
2277961091
2396512387
2396381315
2388512915
2254357907
2268745105
2239449441
2230933792
2226682144
2226662176
2226662176
2243456544
2243452452
2214282981
2172372647
2170274487
2152461202
2152331186
2152500658
2152499634
2152577523
2152708211
2149427395
2151065795
2167860611
2184084867
2184056195
2196639123
2192510371
2191793569
2258904480
2263098720
2263099184
2279892480
2174805524
2241914645
2246108453
2271280165
2267122725
2251459621
2249360837
2386732933
3481579143
3313798871
3301870322
3294268146
3558517538
2486938914
2503717938
2503651330
2503647234
2536154114
2536152066
2536163378
2536359970
3077364002
3082596131
3082658337
3082654244
3082600964
3179041284
2637963796
2637964644
2638162149
2638153955
2641299682
3723364482
3719178434
3451792706
3451794754
3485422402
3355238770
3330073042
3330269634
3325984898
3329130898
3337586098
3601829282
2527960034
2516364259
2969348963
2960960055
2961029639
2956954119
2956971542
2956792358
2956730918
3073123110
3060543783
3064725615
3064725741
2544633053
2494314700
2225944772
2230204484
2222872901
3292461381
3309298885
3242190023
3242108038
3242104198
3510538134
3510603447
3510410935
3548167861
3529287332
3537675180
3537691052
3536070060
3527685549
3523481055
3523611766
3527805990
3267767334
1117006886
1117006854
1119108359
1119770887
1123997957
1114556677
1127106821
1127172357
87021911
87013751
1173334391
1173338461
1475184973
1433246077
4096637805
4096764525
4096703005
4096760333
4096629263
4096645662
4029495918
2955688558
2993437038
2997622894
2997622894
4071364734
3534567519
3534633039
3534633156
3266247876
3283025284
1106025860
1094491572
1077788324
1077853876
3493501572
3493567173
4030315123
4030311203
4030245155
4034440481
4034506033
4034578241
4030350017
4028564113
4028445601
4115411361
4123263139
4120118435
4103412915
1960192135
1423845831
1425943235
1442524866
1471701699
1454957507
1459138885
3598229541
3598229549
3757747485
3589978637
2499709469
2498726461
3028257343
3028061742
3187180074
3187188586
3220742634
3220959466
3208516090
3208517086
3175028206
3174372846
3161928174
3170251262
3099014367
3096722524
3096734028
3095718668
2558831116
2580847116
2606009884
2587346444
2587259420
2587304495
2587108910
2602303982
2572943598
2564554942
2564239514
2558992522
2290558090
3364301962
3368545417
3435633800
3435371656
3452089480
3309483400
3305539468
3305539485
3339030205
3339042495
3607472063
3607554014
3608601086
3613315430
3615408502
3590247687
3590321413
3581801749
3581441333
3296224564
3304808720
3304743184
3302633745
3294315827
3428664418
3423554914
1280236914
1146019138
1154991362
1154991106
1148417027
1148409105
1148400928
1148675872
1173841440
3254243856
3283452737
3266676163
3270350066
3263020194
3258825890
3256728754
3260914834
3259880595
3259847089
3276616160
2169316064
2162106976
2162112224
2157919920
2157263505
2243181203
2280931218
2255566210
3463599490
3459432578
3461595478
3461412134
3486541606
3432015399
3438292533
3429969457
3425902113
3423799089
3355837697
3460719681
3469108417
1317425281
1317454977
1318045073
1187827109
1179430821
1192034221
1192005564
3339161484
3339099596
3608325388
3542265100
3542134068
2472587044
2543892004
2527172156
2528375356
2542981669
2543014631
2513729190
2507410854
2507410598
3581221054
3574691998
4110596230
4144150662
1996662918
1711385735
1712366725
1716560340
1712566564
1714585908
1713537029
3877748741
4112608557
4095899951
4125509935
4154853679
4155377935
4138536206
4155254094
3614187982
3581879774
3573168046
3573155503
3569026789
3506177780
3497792068
3510428164
3543442252
3543442300
3556020204
3551824877
2478148537
2444664491
2495002287
2490823342
2491204254
2487022286
2491180510
2491247854
2507107566
2540592238
2523808846
2523791374
3597612302
3345823502
3312330542
3303941930
3433968426
3718844730
3718836491
3752374536
3735594248
3739794744
3727198504
3727199016
3727400744
3727337224
3610157832
2507064089
2625553263
2625561967
3023990063
3023985637
2961070725
3497930373
3522045573
3538826885
3538879127
3530293670
3529769126
3529781414
3529777318
3529580742
1382490182
1390682119
1374118149
1084625677
1084622351
3232107070
3227781934
3227786026
3227790138
3236178698
3248762634
3248816394
3283550522
2209825066
2205532458
2165604666
2165604810
2161414602
2156171659
3229979835
3231167657
3503795368
3491085480
3493305496
3510015112
4046894280
4044792920
4044811320
4044811544
4044844825
4049075771
4049073786
4048025210
3007698650
2739177178
2797897466
3062150779
3062214203
3062345241
3066537497
3053970969
3070748217
3071661609
3075753769
3084649771
3080457579
3084393835
3084459355
3210419546
2640000346
2631606522
2626236666
2626228410
2626171018
2626166922
2378708107
2269725849
2253046936
3339379848
3305825672
3288985480
1075346312
1075469208
1075476888
1092233656
1113266333
1113527439
1115558030
1115570318
1123893422
1123832046
1119674606
1102893423
1086312761
1086321465
1085137464
1089240632
1080834616
1076697641
1076567017
1076500923
1094330763
1111108747
1111101579
41615498
49902010
45638058
1122525678
1122563566
1139330414
1101909374
1084751742
1084686206
1105723262
1106107774
3253524766
3278698782
3278764318
3278895390
2205063454
2213452062
2179964191
2175776029
2158997788
2158990140
2158461740
2493874988
2514781992
2506394408
3039140648
3039214120
3040258616
3843484216
3842402841
3842911770
1695491706
1695487786
1632371754
1640760382
567024670
563035150
562961422
562629646
562564367
562564367
562580751
562617799
566795655
566796183
835294903
835294911
835425981
827045565
827303613
827238317
290368941
290367933
286255565
323774799
333261071
329132319
329136158
329128990
335479870
326893614
289153086
286994718
286998814
4768086
4751798
13141414
1422432677
1418238436
3565853140
4102728516
4119505472
4136282688
4136283712
3000668865
2992276354
2987999650
2987917474
2987917478
4061855910
4068082854
4076485766
1924868485
1392061312
1389963972
324864708
326966212
293501381
292486213
292483143
325972038
325886006
325885990
335319086
335314991
863541289
825997336
825932044
825932316
863681116
1919859405
1919799951
1462502030
1429143950
1416495270
1424961766
1420566562
1420045602
1420258051
3568822787
3585379073
3614746897
3728189441
3728129089
3732833601
2684257809
2680144416
2679951905
2663146017
2523406887
2519212583
2535981415
2485847279
2489977038
2498373838
3569236175
3573360839
3562809815
3512478151
1398742343
1381893463
1389232421
1386156085
1385984052
1390207012
1376559140
1376560164
3524035700
3524103364
4056583556
4035623572
4035623604
4035615397
4106803879
4098374310
4094242466
4095356578
4097709746
4096137138
1952462050
1889546274
1889538098
1939894278
1923211270
329490439
400797453
355646013
1460836909
1444121133
1443941183
1446050062
1383265550
1391869966
1391869966
1123877078
1113526694
1129983398
1106913686
1085933954
1085999506
1085814162
1090019734
16310679
32235735
65568999
309887079
305958949
305959972
322423836
272037964
272034061
272030221
276204045
1375115789
1408544285
1391765036
1388094252
3535573804
3533210348
3554378388
2421867140
2417681031
2421878454
2499459814
3036519014
3036461606
3035413046
3027021319
2976752389
3077366036
3077337124
3073114341
3039691959
3039693958
3022915990
3027110310
3048753638
3065534766
3064527887
3064521740
2527846412
2523488268
2519212076
2452169828
2418673124
2432307172
2428112597
3501854423
3501984614
3556518182
3262916646
3256679446
3256876038
3256742918
3528229895
1389330583
1406042550
1355712134
1351540358
1355766406
1347173046
1342454439
1342454695
1342518693
1362507253
1395073029
1373904909
300179725
346350879
346554143
346471950
1420212766
1424464430
1964280554
1996787598
1980215178
1980081547
1984276411
658876331
1627776939
1628796347
1628902890
1630934250
1668706414
1656094766
1655963662
1654919179
1944334537
1910846937
1895186153
1890995945
1891552937
1889310409
1889314379
4043091723
3783108923
3777726747
3777595403
3815344395
2741935371
2704187915
2704192027
2705244715
2705195563
2705130095
2704540399
2742291887
3808168383
3803977919
3804051607
4070521991
4087226503
3516801159
1356210310
1086726598
1086590278
1086589270
3246676854
3280235511
3264637911
3264637909
3264706013
2190819805
2190852445
2190848045
2197073965
2197069861
2189205543
2189266951
2206171159
2169865333
2165607525
3222784245
3222723028
3222674052
3225299588
1077815941
1082010247
1090330262
1375470574
1367101806
1400696878
1396486174
322740255
289185853
272404540
807239996
807375164
806198588
806193471
806325054
810470254
827255262
1900998094
1935603086
1398621070
1360810894
1359770294
1363961830
1397516263
1389323619
1385047313
1385066753
1385066752
1457410817
1457440513
1465894771
1414382562
1410122722
1414328806
1414291942
1414029814
348679478
348670258
348834099
483043600
1556785200
1557834768
2035987456
2067431425
2049605697
2049868225
2049869203
1780977073
1780981665
1781005984
3928188576
4000342688
4000588704
4015268256
3964936352
3839173873
3839248449
1689672003
1622604611
1626303043
1668246210
1647146947
1647133651
3798778277
3808215460
3806089708
3805046252
3805084124
3813465052
3788958316
3767986812
2696343244
2696397516
2700100318
3044021230
3038785902
3072330798
3072534558
3043108886
3052546102
2763148342
2763243526
3031806214
3048513796
3182731540
4243882356
4230791380
4230758580
4231950500
4231947684
3962989476
3975576277
3988179653
1839635143
1857399623
4004817222
4000621830
1848946958
1849000223
1848820526
1848779558
3929088806
3926929186
3931113762
3939502370
4019394930
3986101714
4237693378
4240363970
4240344001
4239951808
4239962016
4168919520
4164716640
4232038496
4229352544
4229330020
4246085972
2136372037
1871082197
2122696436
2123157172
2139946676
2144137172
2102224341
2098083271
3692430791
3692432839
3692366183
3696572773
4241845221
4254592964
4287996612
4271350404
4273312388
4273243045
4275347879
4262782370
4262743458
4130802854
1998982294
1680221590
1679959446
1692538294
1688408022
3836791621
4256213764
4288719620
4267748100
4263621380
4267889156
4293054980
3701625381
3701867046
3702784558
2633772654
2623277294
2621180142
2621376734
2638088398
2671650895
3464113229
3472508172
3472704316
3472696108
3472696108
3468428077
3483173695
3449365294
2291688302
2291691366
2295908646
2285422898
2285480002
3359287490
3376063618
3392839810
3472527491
3467280769
3467281329
3467478688
2390534816
2671553184
2637998769
3709660801
3747081875
3738691255
4275230369
4266837664
4130588576
4147169200
4147168752
4113607924
4260408437
4256233542
4288800774
4293045254
4284674086
4280467494
4284989734
4259701014
4260356383
4126072607
4159686941
4152130013
4151863484
4131023036
4129168525
4080927117
4080927631
1904083615
1912472238
1906652718
1944332846
1927555598
1919167246
845422367
845549849
870715451
820379695
278265967
277143583
277120007
818186259
810326067
806136881
807183377
824082433
924221891
370557318
370544518
504761238
1043803046
1056713382
1069296302
1067200430
1016333963
1035207561
498365369
527753641
523542955
523542959
1048031647
1054314958
936673582
903131183
1979491373
1953279012
1684912420
1680775460
1680771876
1680771892
1697024452
1731628420
1714603911
1714668439
1714672550
1714647975
1718641639
3882885479
3849331991
3848285246
3764467758
3772995903
3768768799
3785546510
3819100687
3803501341
3801927964
3868999692
1716060412
1981288621
1981288621
1966998693
1949175719
1953368711
1957563015
884947591
345829061
1419554373
1469886213
1452846389
1591323959
3604659575
4141520886
4133126902
4133126902
4145709814
4147824246
4147863074
4151864099
4118308897
1966614561
2000436257
2000449585
1698652161
2013159427
934170707
867057731
837681347
825032903
875108495
875116975
879569579
884746923
615791275
615789195
881910411
881885899
1971356235
1908642603
1900195115
1963108650
1964157198
1964435742
1429653790
1950303246
1970880535
1979334709
1912270948
3556503776
3547918816
3545818016
3529080464
3529394816
3537767104
2464025152
2476564064
2478072096
2445074721
2493308981
2493288805
2497480677
2496433829
2488122021
3020926645
3071080087
3053798039
3188065174
4279382454
4247987366
4251990246
4235208934
2087856262
2087856262
2096245894
502411462
531955718
531890447
535847743
510715695
509652781
509717805
930526260
1970700292
1979089924
1702137301
1702662053
1702661029
1735166375
1735300230
3878596742
3878576262
3878559910
2771132902
2909561382
2767025710
2779532862
3853285903
3853281805
3891014157
4151257357
4146937084
4145808556
4129100973
4132832429
4141220031
4139123166
2006393182
1939092234
1368662282
1368670523
1368760619
1901569321
1897377577
1880599065
806726409
808757513
808749257
808749193
825576585
842465497
841887769
846099241
855515945
849224488
852239113
852230921
273219851
273349915
810199915
818588138
818452890
810322314
807176586
826051722
858227850
841388443
841413019
842457531
846521259
1922556847
1922491311
1939136941
1910268293
1901904325
1344192965
1887355156
1887367956
1953948468
1969514300
2103734060
1566845743
1600534814
1567496462
1533937934
1534790942
1534673374
3656958366
3686372278
4223312550
4223312565
4223182516
4223183520
4269320864
3191380640
3191512992
3191780304
2923352337
2787491875
2804170787
2774818851
3840303157
3970331653
3975027973
3966635271
3963423510
3967642230
2919000686
2947079150
2947076062
2947059086
2947253647
2948247948
2918822844
2893587436
2889392876
2906170220
2805650284
2788835629
3862757486
3862761726
3861325246
1663449534
1617299898
1693387706
1689193371
1689066905
1706832776
1706832840
1740428040
1740153352
1743302200
1701358121
1701358127
3840580398
3837430054
3837429030
3841622022
2769985542
2805653511
2788942103
2788843829
2722030884
2749288292
2711440228
2693549012
2693548740
2693581532
2760769253
2778719975
2812240598
3061658310
3057394342
3057398182
2972450990
2976645294
3031309470
3031312527
4106102924
4126943372
3577489548
1463171532
1462138188
1449317132
1457570316
1440784940
1415620133
1415624481
1412478755
1410377506
1413587762
1414706034
1423086578
1475774402
1995362178
1919585154
1915325411
4062820835
3794315747
3798511075
3799561493
3808134405
3800012093
3795625253
3795100965
3793200421
3809908021
3812001063
3812017447
3812082983
3782633255
3781628463
3764716095
3764651551
3764731679
3781508447
3790421503
1638668799
1672285631
1655577995
1673411978
1670194570
1942762890
827064730
810303914
818774442
814589338
1888267658
1888791006
1893501022
1902020622
1396082702
3526798606
3526779150
3525718798
4083569214
4155429414
2779554606
2762516332
2762508748
2762508684
2775091596
3878197644
2787879372
2787813852
2787814764
2721768493
2720941102
2737701934
2749826094
2745570686
2728793950
2728867551
2728883861
2728681140
2729757364
2725563348
2704575428
2687937284
2687938308
2687952644
2759250437
2758267447
2758103591
2753828390
2753838690
2892442610
2900834546
2896955619
2896955601
2763857088
3036636224
3026085120
3076514592
3059741232
3070222849
2797593106
2797569570
2797373730
2797373478
2801567782
2723739766
2719508686
2719886542
2718832078
3793617406
3793618350
3820950957
3819902380
1638733244
1638668172
1639723404
1899766152
823452040
822391240
822379848
554666264
558807417
568257017
568306139
870295706
1943976122
1666094234
1628143754
1628012938
1632338667
1637515821
1638785580
1906582076
1910776348
1902191160
1881285481
1881289193
1882328299
812648682
821049546
837822602
300951690
325208203
325242251
291652491
274875275
341988351
341959663
341893991
341877539
358655267
1063501075
1063436035
1063436035
795057939
794926643
778155555
1851897379
1847703075
1848743527
1846779447
1846722111
1848814143
3996302895
4012113709
3877751853
3844080684
3827369004
3831628860
3835825196
3835824428
3853650708
3851500295
3851628358
3855755206
4115796466
4099097010
4099096978
3838067074
1690588050
1686393778
1703179175
1736597917
1725050253
1716664716
1714489500
1714432168
1714448553
1714448809
1727063433
665895817
598786697
598786729
594600616
589391528
589508345
589445869
576928749
580980207
581242110
1671836878
1910912078
1374041103
1373912093
1357126701
1151605804
1168397340
1202058252
1319612700
1320137020
1319936301
3400311078
3395851558
3408497958
3375008054
3359283526
3359287750
3357191110
1486536646
1486533511
1502515844
1503560324
3654845164
4181234668
4181239656
3912935784
3980044648
3980241257
3978083289
4011835337
4011234889
4011229704
3977414201
3845295661
3828608301
3832670245
3966884901
3983754325
1702056085
1735807121
1714815361
1714291329
1718485683
1726762658
1722604258
1722587426
1722591270
1726785542
1735174158
1697556494
1680783663
1680789295
1680756463
1680737967
1680814765
1680081836
1701053356
1709179836
1839403964
1872967516
782318104
1855990536
1856006411
2125490190
2129717262
1580397582
1580355598
1563836678
1551762166
1559892643
1555763889
1555629712
3635953328
3640142816
3638110704
3684575553
1520306433
1519716915
1523592738
1515202082
1526735394
2063626786
2030101346
2013323746
2013307058
1749062786
1749070978
1765913730
1778629778
1782758578
1782758834
1791147443
3934436849
3938631633
3997351668
4009925349
3976366837
3960638197
2886974165
2819731189
2819679863
2819683126
2836452134
2838516006
2872250662
2876387622
2867926310
3937469542
3937469567
3954384381
3952295372
3956370893
3956305097
3914362075
3913514202
3913488714
3909294858
3909171738
3909172794
3913365050
1774203675
2056532248
2057252904
2059209768
1589119096
1587030152
1591224461
1309273231
1175117998
1141567646
1142603910
3294265733
3237906048
3501164080
3568149024
3568083488
3567575588
3617874476
3735502365
3735169338
3739367466
3731097642
3743156330
1595409482
1560944714
1565139274
495592138
344466088
349708968
337149608
337169320
270195080
270465416
827705753
835947995
829858058
828809483
829264651
829203243
862757418
845783598
841658926
842696390
907710086
923306918
668502438
1738049709
1740282044
1740290316
1744482060
1865328396
1865393692
1865262636
1831663405
1831603503
1763970350
1764428910
1765412078
1807357102
1771712942
1754935702
1753863558
1753792391
2022222528
2022222528
2076813648
2048571488
2115680480
2117747921
1983513731
1983513730
1987710354
1891241634
1891240674
1891113719
1626877685
1886922484
1880647348
1897686676
571309748
571214500
570690484
839125909
1917256886
1922982062
1939497198
1907941502
1891139594
1689879818
1693166107
1688840729
1688774968
1692969001
1680451627
1697485882
1696956426
1696055306
1694629994
1694638186
1627532782
1640106670
1669466782
1922173582
4069734030
4069536397
4069532300
3536867992
3528508072
3507733160
3492992744
3492013576
3491816968
3496011272
3496334904
3492106776
3492099592
3492089608
3509913640
3522562088
3518380056
3551951048
3282492552
3265646728
3265638795
3266216842
3266216634
2464977578
2469171882
2469175018
3509431034
3509496650
4045908746
4045909258
4050040090
4083582043
4084696091
4067918879
4067855421
4062623791
4062685215
4062555143
3794710278
3882779182
3857629806
3837702894
3837768310
3841306935
3832861733
3827320885
3827308565
3828361255
1681012838
1735530734
1725040014
3872523150
3868328647
4137104100
4153746020
4120143396
4120178176
4120686084
4141656576
4135365169
4131307298
4129981730
4131029026
4131029206
4129013894
4111200390
4094325902
4095638686
3961417134
3973934830
3969676910
3969664598
3969147462
3163841111
3168035431
3155440247
3172210631
3189116878
3189116238
2659060014
2663192894
2662869278
2661819659
2661818635
2661819385
2397569704
3437769400
3438814904
3436718760
3571002280
3558558120
3558787304
3577644089
3525750795
1915199498
1915068426
1646633258
1650763054
1726778158
3891038767
3991570957
3979000333
4012551741
2938824237
2921998119
2921992551
2922053799
2934440102
2930245798
2930315430
3182047367
3166318981
3166382021
2625171252
2625170212
3162024740
3170675476
3185355276
2812132924
2795146796
2798292543
2789838462
2786626158
2805762414
2772273214
2754513934
2754515982
2754540574
2754540591
2754602285
2775437101
2775435821
2783828605
2783828607
2775374711
2775374199
2775382359
2775578999
2775513975
2783968119
2783837046
2783771510
2775447926
2775578998
2775447894
2775382358
3849189718
3849255286
3849255286
3849320790
3849189462
3849189495
3849320567
3849320567
3849320567
3849320567
3849320567
3782211703
3782146391
3782212438
3782212182
3782048502
3782048502
3849157367
3882712823
4025252597
3991698421
3991698388
3992943600
3973544400
3973413072
3972036800
3972134992
3905091664
3906136400
3905088272
3921799761
3946900033
3913345617
3909151601
3892435937
2890124257
2891172835
2901658467
2901789555
2784353106
2818038594
2792814914
2792880466
2792683890
4000381298
4000446834
4017224050
3931470194
3931469938
3931453523
3948357875
1767323891
1767323891
1750546675
1758673139
1758664945
680659441
680664001
679619265
679553729
947923649
947923649
411118273
411187907
142745282
159530690
193074754
176621122
1250889282
1250495314
1250495282
3397925154
3397921058
3397920802
3397937442
3397971234
2324233570
2324223335
2324209509
3418922468
3385433572
3360524512
3360000224
3355564272
3355568368
3355700432
3355634881
3355635139
3355601346
3359861714
3363928786
3364059858
3380763346
3380763218
2307086930
2340641395
2411846195
2411846449
2411846449
2386688561
2386950705
2386950961
2386942769
2386942769
2382740337
2382735729
2382670705
3473193841
3477379697
3443821169
3452226161
3452787312
3419351664
1263479392
1259023200
1510676576
1510672496
1510676592
436807760
436742209
440936641
457734341
457758917
457824469
453638613
990509525
990501333
994703829
1061911037
1028356479
1028348287
1028310367
1028297215
1028370879
1028170175
1011392959
474526111
482973117
474585533
206150589
67869525
67869189
67803649
1145760515
1154409730
1284947986
3449208850
3486957586
3463888898
3463857154
2389052482
2397505874
2393312115
2394365539
2394236515
2392072739
2392072803
2392076899
2408866675
2363290609
2231141345
2222755297
2222492113
2217327057
2217327073
2217458017
2351618113
2402221120
2385405248
2389586240
2397966656
2393838449
2393835105
2393708131
2276206179
2242651747
2242654051
2230079333
2230116180
2238553924
2272173508
2255132100
2271909252
2238289332
2154610081
2154610594
2150472626
2150554514
2150562706
2168388530
2201905538
2185127298
3258868866
3258900610
3258622082
2188096578
2196356114
2213063970
2444012834
2444011298
2444079650
2477752867
2481750565
2453460532
2453433908
2470391348
2436762148
2419985124
2424180660
2428442500
2428384645
2158834822
3231985826
3231978658
3236168866
3241481350
3275105414
3258330502
3258344838
3258082774
3258013030
3342156054
3319877902
3298846478
3298846510
3298848042
3299096874
3441690922
2401521450
2386482954
2386469706
3470762826
3466371434
3482886638
2409145773
2409151404
2279119780
2252180388
2251246548
2251164100
2250648839
2267948294
2246976822
2226009382
2225870118
2225878310
2226662694
2226662694
2247644454
2281227574
2247738631
2248002821
2231160149
2221787636
2221791732
2221922804
2221373813
2239199605
2270574933
2262183239
2262200151
2261614439
2262597479
2271009135
2273106415
2239551951
2239601103
2239732111
2273296319
2273296303
2239741863
2239610295
2239602101
2239077845
2373425605
2373368149
2373364565
2373364565
2373298711
2406861431
2404830837
2404841461
2337730517
2346053077
2345683445
2339375349
2406484223
2402367726
2400401518
2365733182
2369923334
2378378502
2378180374
2378248486
2374160695
2241052943
2278850889
2280948216
2179236328
2171375080
2204997880
2200942840
2200959224
2200893897
2206099915
2206084938
2214475610
2213352298
2179741546
2179741034
2179732826
2179798346
2179928538
2179953146
2179854826
2179838459
2171385279
2238487999
2238553567
2406472031
2339043597
2339010845
2338990365
2338924853
2305366333
2305433389
2305433133
2305437213
2288528911
2288523791
2306374494
2304568190
2311973246
2311973246
2307385694
2311309654
2311162230
2302773615
2403437935
2404879839
2404881869
2381684685
2247462908
2246412780
2238044652
2238142972
2238134780
2170960108
2172008957
2213948813
2178295199
2178234286
2163490734
2155093926
2154044342
2154060678
2154125702
2154264838
2204629270
2187783446
2196172038
2196237591
2187652407
2187644199
2188167479
2205010197
2213533973
2213505303
2213374255
2179848495
2171587885
2238633821
2238642125
2238489540
2246874108
2246889981
2246956525
2238709231
2239756779
2239691114
2239654234
2239654154
2239719706
2273312026
2273300747
2272260363
2280448331
2280444265
2246888936
2238499308
2238536172
2238675324
2239707484
2273196381
2281581903
2264802655
2197624174
2197575022
2273082734
2204948846
2171394382
2171460046
2171460046
2171600318
2171583918
2205007295
2205006271
2205023167
2204498911
2204498767
2204613391
2271722271
2280106783
2280106815
2279972141
2272107629
2540674284
2674760860
2670572684
2653786252
2653786300
2653819309
2670605999
2670345966
2506762862
2511022638
2494048830
2494049038
2494097422
2510988297
2544541768
2527629768
2259452392
2255259112
2251066472
2251036776
2251241513
2234394923
2221813546
2226007594
2225999418
2225872410
2225880590
2225356558
2162429198
2170817550
2171411534
2179945546
2213541082
2213541082
2205004955
2204997019
2171377049
2170918296
2154143112
2154298760
2154297800
2154228185
2154260793
2167892267
2201386283
2270621979
2279530761
2241765640
2241700120
2231152936
2231141672
2222492140
2216397292
2216344045
2216343943
2216343942
2233119118
2268770702
2256180111
2528814005
2528813732
2533073572
2520560356
2518450788
2534721061
2501277453
2484481295
2484480278
2631285046
2633373750
2629109846
2645886406
2679394758
2679468422
2679600007
2679329717
2683368097
2406545120
2366692320
2366692196
2667608324
2667670788
2546099460
2541904148
2541932917
2442577125
2442448102
2170341602
2166147298
2166343890
2166290434
2199809282
2266899970
2274178578
2257322547
2257322545
2258436833
2258376096
2260468896
2263618724
2271486133
2238132373
3290575293
3291624125
3291620029
1144086173
1144019661
1143007757
1142991629
1147377933
1164085511
1164086535
3345388807
3329668359
3337920803
2398413091
2398515217
2398491649
2281047056
2243300656
2225933600
2360098592
2225352480
2225352480
2225352228
2225342005
2246361653
2229568373
2230158327
2355926003
2355928562
2355927506
2355992818
2351806706
2351413362
2351364162
2284255299
2335599683
2318806465
2331391937
2327250624
2327250576
2394232480
2394170016
2259952288
2255753888
2239497121
2220647827
2220746114
2153639334
2153573542
2172422310
3275720854
3258616002
3256527106
2199562498
2199431442
2165868834
2166009650
2199564034
2202726146
2194261762
2190148562
2190345091
2190349185
2208175024
2241594276
2231112620
2222734317
2216442345
2216458553
2215438345
2265704457
2261433609
2257236237
2258350348
2409144612
2375590180
2358812704
2363067424
2354677792
2218690912
2269040065
2251225025
2255418243
2196697987
2192429986
2192364450
2192372134
2213346734
2200721838
2200721566
2201909326
2185111566
2185111567
2187206671
2208243727
2174628109
2159956796
2227094060
2226964068
2231143140
2222230512
2218035553
2218236003
2218174514
2234952706
2268505154
2251743555
2255933889
2263269761
2259632513
2260533395
2193371298
2197562530
2205952422
2172394406
2180922014
2180917902
2159554190
2159601285
2163775108
2155448260
2168037136
2167971616
2201529121
2184768307
2185129730
2197692162
3284022658
3284014466
3249407394
3232566691
3232501153
3236182433
3223599520
3223591348
3240418708
1092985157
1092985101
1092985615
1105564170
1101369882
1085126202
3232610858
3232602922
3236923690
3224275242
3223226634
3226372366
3230569743
3248402437
3349061684
3338575904
2252251168
2252251153
2386449473
2401897665
2368342209
2351565809
2364217953
2359896608
2242389536
2275942976
2276991553
2260267745
2277017571
2281216931
2239269283
2216462771
2233453011
2233399635
2266949953
2266918337
2271110593
2262705537
2264799107
2277459890
2277263010
2247903138
2246866914
2221725474
2217529634
2217582866
2221580547
2231017729
2222694656
2218495296
2369423808
2402990976
2386209728
2402986689
2368457459
2351451874
2352748514
2625384930
2625384674
2648531170
2682151122
2597741763
2599843267
2323007297
2323105329
2591356769
2599724897
2614142305
2614404453
2579799381
2563030852
2563223108
2630268532
3175536372
3041349364
3037994676
3071622837
3004570533
3008760239
4082567342
4084664494
4084534398
1936727054
1903174670
1366303758
290464778
282082330
282135838
297996094
25644863
25513791
29642559
1136970007
1136970038
1137559862
1137662262
1137662326
3285145974
3280952182
3247397734
3247405670
3247307383
3280796245
3280796284
3280788092
2211306484
2203966452
2199387108
2199386597
2199386597
2266495444
2270558660
2274712004
2241157444
2241231204
2224453988
2224449892
2228578660
2220128628
2238994796
2238994797
2238568943
2272123391
2280511999
2280511967
2272123351
2272090453
2238675319
2238675319
2238609686
2171562334
2171435518
2171427774
2179816382
2179816382
2179299774
2179299734
2179299718
2170780038
2166585750
2166585782
3273882038
3273747334
3273747334
1126198214
1096936390
1101134791
1101126981
31692148
18978108
18973980
18978060
18984716
119645981
119645470
119660826
254009626
258110730
232930570
211958042
210966843
210966841
210901961
1297243017
1292977545
1326498201
1325449627
1312862651
264282539
226599209
93561129
1169417513
1084483897
1084487993
1080228331
1092802970
3240282506
3273821578
3278143946
3282338106
3282862378
2209128746
2209128746
2209325867
2276373293
2276103981
2280230701
2280163645
2272901308
2272966828
2267728060
2200569997
3274585229
3241025932
3241546412
3224765100
3224449708
3223331357
2166384141
2170580489
3248515849
3248707849
3248888089
3248888633
2175147817
2175731496
2176582504
2214331352
2206007704
2201747880
3275506088
3275552184
3275024776
1094056329
1106631051
1085656474
1085788602
1089987066
1076355514
1077404090
1077405082
1077406154
1077397854
1081986367
1089393934
1085202702
1085202702
1085198606
1089466670
1097788462
1093560326
1093535750
1093470402
1094453430
1098659750
1119757046
1119756999
1118646855
1118650967
1114489442
3258749922
3256661986
3255611362
3280510886
3230305159
3297418637
3297426908
2240589292
2237443436
2267016509
2383834429
2383817007
2400464174
2404656446
2412192062
2407928110
2408005931
2374287643
2374290783
2363279869
2354891173
2356447653
2352318901
2352388485
2356585861
2673254788
2656215444
3188895892
3188888640
3188757776
3188761136
2920325664
2920325669
3960660527
2886865450
2752643626
3033730858
3031697450
3081504874
2527869033
2527995977
2259560524
2264804428
2272657484
2239103948
2381730540
2360795884
2358747845
2358747847
2375070707
2375070882
2370876578
2634063010
2617351314
2617486466
3691161810
3691165890
4228049218
4232244050
4254325523
4271111955
4270980355
4275164417
4275094561
4266710049
4266718305
4014013537
3980516449
3977469009
4250029249
4233252049
4252196343
4252064231
4251998695
4252064755
4258491075
4241681091
4237552211
4241612339
3167805203
3159487763
3176391955
3209880851
3218339090
3203650866
3203452195
3203714403
3202666467
3211059190
3211255767
3212311511
3178724341
3178461589
3211999636
3211868628
3211868660
3207666164
2639412180
2639407684
2631019008
2626824752
2626756144
2358255152
2358259252
2358259252
2379226740
2280918628
2272529124
2204388069
2204945149
2204929791
2204934046
2205138334
2456792478
2456661182
2456599742
2456652990
2452587710
2453574814
2453595550
3007245726
4114509470
4113984254
4159072822
4289093398
4276387078
4267730182
4280574982
3710346246
3694011718
3698200007
3707375511
3703115445
3703062181
3703056039
3719833279
3757580991
3757913071
3615294447
3614721519
3580118367
3563087183
3563284239
1424127503
1425175071
1416851999
1550914071
1551044375
1278413077
204802101
203696165
220473397
241574919
241594631
250003719
250725335
248566695
1321264046
1321267118
1312844782
1296193934
1279400334
1153834382
1149634038
1151074790
1151123927
1151107575
1167897061
3325865317
3594434853
3593116164
3593120260
3594171908
4130968180
4145590884
4145582828
4145570476
4128796332
4132973804
4143519981
4072344613
4072276997
4072538119
1385570311
1381453846
1393939558
1360448982
1342605766
286169478
290364806
323591366
315135206
1397290222
1360556270
1343890894
1345990606
1344945886
1357516518
1353256678
1354239655
1354507925
1354507925
1371039652
1400431588
1409000436
1392156932
1392280837
1392284711
1383900199
1445772327
1446378534
1446411462
389421191
387320199
366354085
1419001511
1552955055
1420830462
3304138318
3295766030
3295723038
3316690462
3618679582
2545138461
2528296796
2528288764
2528485356
2658963180
2671562476
2670415404
2670343732
2636785204
2640979494
2649564462
3723244590
3714845806
3710127294
3447134350
3436669062
1216735430
1216854471
1216789956
3432431476
3423964708
3424095764
3440807492
3457609412
3456592517
3737463716
3733272996
2659458276
2411990116
2337342748
2299746060
2345793037
2612051471
2612047374
2612116014
2595339566
2599452718
2587131950
2587197646
2585239695
2584063111
2584078471
4194461862
4194441382
2605062566
2571504054
2647002566
2631270854
3707179782
3702858278
3635683878
3367248429
3367773788
3371970252
3361483420
1209862556
1226447261
1260009871
1242196430
1247407119
1255727375
1253617977
1273602360
3387597320
3433738760
3433744092
1287179945
1152940971
1196980651
1176066475
1109018793
1109020044
1109321100
1109239180
1396483516
1362007516
1345230092
1345234180
271419156
275617297
292525603
275537443
1349258786
1348812322
1348608306
1348612130
1440878630
1440874502
1436635150
1437655055
1167109416
1418770728
1422956840
1427151208
1460845000
3591550856
3598091145
4143350409
4155998907
4153909995
4160073259
3061100331
3056971049
2788000777
2787934217
2788134953
2788093996
2804830573
2687374325
2691564183
3766355591
3765372598
3773046438
3773046710
3789830550
3789891734
3819378838
3819273430
3819234390
3819217927
3819218191
4091844383
4083521079
4079269399
4146386455
4146333203
4129686050
4142282082
3082167778
3216311522
2679375090
3719374018
3698729026
3426099458
3426095363
1282887953
1291088164
1559553316
3696553252
3709311252
3726556108
1444854661
1449036423
1451200391
1459586999
1459454375
3556565167
3548176559
4085014701
4080940205
4080934069
4051582357
4051644311
1911891607
1945449174
1945383638
1945383654
1978933990
1976832750
1976838142
1960132383
1431402767
1433622797
1429281039
1461795135
1465986367
1466111247
1474510863
1471369311
1473274111
1438654573
1438674029
1430485293
1430411821
1129462317
1139898911
3287305743
3287664142
3281503038
3280261614
2172945838
2172946350
2173145006
2177342126
2152069798
2147875542
2170022726
2247519495
2243325239
2275831077
2275747124
2279871764
2263090452
2204441972
2204580964
2204580901
2204309541
2204178485
2204113175
2204121871
2204200718
2205253406
2171828030
2169984510
2160575902
2156250270
2156168375
2160362661
2160367029
2219151764
2231808388
3340149204
3323371868
3593839708
3727139852
3727074316
3727092813
3743841659
1463172458
1427516218
1410607882
1413753610
1422142234
1350905658
3231060762
3231056394
3231646218
3230421866
3247236078
3230445999
3230433703
3234103717
3234172324
1074248116
1074243972
3221748100
3221645749
3271960967
3323342790
3323340742
3338010966
3338490146
3334271270
3334250534
2277285989
2512171380
2495526260
2629746468
2633992740
2675751716
3728517412
3728582693
3727686693
3727639605
4265545764
4265488420
4265476452
4278076148
4255008388
4238235265
3703561859
3569175171
3569175187
3564387235
3560189345
2486445473
2486580677
2496804804
3566413765
3566284503
3583012534
3350228902
3333487014
2255539366
2251410566
2251547847
2268406213
2234851668
3291882260
3303416348
3299226140
3232109085
3232570943
3232504622
3236698414
3224111150
3240970270
3257813006
3257822478
3263045902
3271450894
3269353774
3268174127
2194436909
2207007532
2156677068
2156777164
2156715964
2156715948
2156722604
2160392620
2168780972
2168846508
2170027181
2203565245
2203563455
2205525438
2188764606
2187849214
2187852286
2204588318
2204580638
3240508190
3240508174
3240504078
3223793422
3224708362
3226756362
3234103566
3229909454
3230434751
3234698685
3234174397
2177220509
2173025181
3314006957
3620125613
3607542701
3607556029
3607555997
3573999517
3708216191
3709198654
4233416990
4233470222
4252345614
4258639126
4258769687
4023761421
2874448413
2852493852
2853603852
2870380044
2870379036
2835776124
2835739372
2818859757
2818585583
2819621355
2823815658
2825978107
2834510939
2834508875
2897422409
3901958217
4170329161
4170660937
4187305035
3719632075
3753329866
3736585370
3736573098
3606418874
3598497178
3594318746
3594384282
3594416795
3609093055
3613270959
3579650479
3587973359
3590140030
3590288398
3590317070
3590104382
3585914150
3585905958
3585967895
3586101767
2550108693
2505872933
2501678692
2634921589
3171860277
3155083045
3185491749
2917043989
2952437252
2943985156
2922165780
2922168948
