1358699551
1356663823
1406077959
1380926837
1376769013
1376228245
1376227989
1912837045
1916834727
1916842919
1925226935
1656988831
1648536735
3791829247
3791886383
3808598061
3875711021
3842418989
3830890285
3763783484
3763847709
3760014141
3760022383
3760006119
3776775143
3813475311
3813474942
3787801102
3787740682
3771006475
3771001355
3762350619
3762354715
3762313738
3842006602
3842252506
4010020602
4014214650
3930397930
3934729450
3934729338
3934728250
3935252510
3935186956
4220411916
4224541908
4211919780
4211923620
4211993252
3943688869
1774561966
1753525934
1753267630
1820433591
1824693495
1682148372
607176756
538978356
555822132
555883556
555883820
560336428
565644861
548734558
546592462
546625166
562859662
596414094
595888782
591698830
570718670
570898767
587606335
555100461
559295788
636883740
615846412
615785020
631517980
631514892
627837700
627964279
627964279
627964279
627964279
627964279
627964279
627964279
627964279
627964279
627964279
627964279
627964279
627964279
627964279
627964279
627964279
627964279
627964279
627964279
627964279
627964279
627964279
627964279
627964279
627964279
627964279
627964279
627964279
627964279
627947895
560839031
560840183
560840119
560838071
544059831
812495543
812495543
808268469
808268469
808268476
808268152
833499432
565067048
598485256
581708040
581929481
581863947
585992714
577537546
573342250
657228330
657257066
623768170
556626923
560804265
560805289
602749353
602749369
602749339
602749067
602241163
669351051
635564170
631500938
899920090
1973658410
1440981546
1441112618
3589121583
3718887981
2645145900
2678700076
2678700076
2611591436
2343144007
2343275206
2305546978
2288745058
2351565090
2356021282
2356549650
2364942402
2362845250
2362849346
2362841155
2362837059
3430881619
3426498851
3426490659
3425573123
1278089475
1282292033
1282365760
216849712
225236272
221090128
221221200
254775632
170889552
170898416
170894320
170895312
170899392
170379072
438814224
439832116
437530156
978594344
977546025
977561899
994368874
735366394
735364298
1005900234
972341722
963953146
941965802
943083947
940990633
945184937
953606572
948366780
429235076
433097349
435210881
426822611
137420147
405992499
403891250
403890195
403873795
408068353
1490195728
1502846928
1519491520
2060552320
2047903872
4195469488
4199664032
4206915488
4206915234
4219498210
4223867426
4208007730
3662682674
3664788274
3664787474
3396549634
3402767362
3415358466
3414563842
3381005314
3364818002
3364358626
3365501939
3365559235
3371879362
2297006978
2288557490
2305336738
2340004771
2331616160
2327356320
2599986080
2658711440
2654834304
2671741572
2671168180
3174554348
3172330476
3176525164
4258657656
2916389977
3184841737
3184845835
3176457243
3172367486
3172341102
3172335998
3075867006
3084321574
3063218991
3080024893
3214270748
3214206748
3176447772
3155467788
3155606024
4229344776
4229344776
3960833624
3983852393
3983851881
3983818859
2910212219
2910216283
2910216283
4017496443
4023789051
4292294618
4275310490
4277407642
4290186138
4290124698
4294405530
4260685210
4260422043
4235260313
4235440540
4235375580
4252214260
4245742564
4249937889
4283690467
4283595251
4250032370
4285680866
4285746418
4294071378
4294135810
4284576018
2103469842
4251051794
4234407474
4242733875
4243839795
4260419857
3748699409
3746665747
3730016019
3728918290
3728922130
3729192498
3729186610
2681654642
2682080370
2648526067
2642246865
3715964099
3714004419
3713950195
3621671905
3621732849
3590144465
3590156753
3564757456
3564888400
3560690948
4097560340
4101630780
4101630748
4126779932
4126989945
3892106859
3881616122
3881616122
3843838698
3843842730
3879477674
3883873754
3892188379
4008579323
4003803387
4003737882
4021563658
2146709786
2138517802
2104959274
2081760570
2088182794
2088109067
1022755851
482149401
482088009
503063625
494674249
226234699
125584219
107889531
384717691
384725467
384758235
384602587
401380345
879531993
611227608
611237336
1684843880
1684841832
1702663016
1732031080
1866314329
1849528921
1849590377
3997095787
3997100395
4026460523
4022196603
3988757963
3976049615
3963401167
3828323279
3828253687
2888758247
2909663715
2951501218
4008581058
3933091778
3933021682
3932956130
3932698082
3941088482
3936894178
2074676466
2041190594
1504323778
1504323777
195766464
199776576
171506976
238611488
236514336
236645376
119209216
119180544
123375040
90148304
1165987248
1165999504
1433242576
3563948624
3572468272
2498738736
3031280176
3032329776
3036458528
3028069920
2759650849
2893858407
2910636006
2909652982
2892841910
2892845974
2892830614
2892961686
2888643510
2888642998
2888634550
3983421598
3991806094
2142117962
2143166475
2143171593
534653961
526134281
224145177
226443017
268240139
234636555
234669339
233604475
225281531
225417177
225358793
225350281
258904713
527340185
1584378553
2137830121
2138019577
2139012971
3990728043
3990662443
3982271786
3978072346
3979641610
3979641626
3979772714
3963021162
3963022826
3982949802
3857173946
3857042826
3857044874
3857183882
3882021022
3882021023
3882017021
3882971236
3882971428
3866305316
3866306100
1718824496
1718692401
1717574435
2128873762
2124680226
2124808194
1605242882
531505154
229515330
229585987
233790929
99305937
233397185
224991955
258693842
258703090
266993394
1340708594
1336514034
3349779954
3316235441
3584667024
2494147472
2494151312
2489948816
2418588336
2955456160
2955454112
2959648480
2699605600
2695417701
2716372326
2750191990
2741877110
2737674614
2737822006
2737823542
2720954167
2720932663
2792235837
2800628031
2930577726
2947290430
2917938202
3177714714
3102348314
3114939402
3148493834
3148496074
2661825690
3739761850
3732417674
3728223370
1597645960
1564090504
1546310552
1949221560
1948746424
1948553784
1948296728
1679863352
1679863352
1617074696
1617075720
3764555275
3764620826
3760492330
3760489770
3810957098
2720441098
2787549962
2787545886
2787623726
2788017006
2792145390
2792116718
2741785006
2708304810
2775397290
3857530298
3857529274
3857267130
3840752026
3840883098
3974571402
3974570122
3970244682
4238675994
4238610474
3701744686
3702269966
3366791182
3383372046
2343181070
2330544910
2322121999
2397667787
3471413401
3471421880
3471356328
3471357352
3462969512
3462969516
3475609772
3475676348
3443176580
3290099844
3558765492
3558265573
3562264166
3578981942
3579030038
2547100182
2677123863
2660350772
2677324324
2545204772
2549915188
2541536788
2537144884
2519351845
2519339554
2523603234
2527596578
2544648226
2511290390
2625557509
2621373444
3695106316
3711875852
3711871820
3745509196
3745301853
1563215231
1546404207
1412186159
1417572407
1425956949
3573440981
3573445061
3623866773
3606954421
3606890423
1458427799
1458493334
1584332678
3749672854
3749475758
3715393007
3723781231
3757334637
1609724237
1584558925
1584554829
1584489053
1582331759
1599171951
1607625070
1574107262
1576192078
1601291342
1601486926
1601479118
1601217022
1609757550
1576202086
1557323575
1548864307
1433718067
3577017635
3610632465
3597136144
3605975856
3605971936
3622733744
3723202449
3706297987
3706567298
3706585042
3707632994
3699143714
3698091042
3698139170
3714985986
3714981891
3749650707
3758056241
3741274928
3738911504
3755689796
3724107588
3716115404
3699342284
3715976092
3715910329
3748940459
3732168362
3740587962
3623154106
3589333406
2499276942
2495000974
2494996990
2629739495
2627593061
2648498977
2642211617
2642178337
2637959461
2638160165
3715065133
3714997565
3714992397
3748546893
3731803596
1585239496
1585243640
1584722280
1450491960
1465308216
1467409433
3581341017
3581410808
3589785592
3589718937
3573400217
3571237529
3571303103
3588149951
3573470974
3581769598
3581701478
3580128294
3714343974
3747704886
3730980870
3740422407
3690127623
3687965461
3679512381
3679578477
3646159229
3713227743
3713224654
3757262750
3754972094
3754976190
3754976702
3738330542
3738365158
3738430583
3729906707
3748975667
3748966691
3715605299
3715539715
3699290627
3699278339
3699295827
3640381171
3657026275
2583263987
2583260147
2574794210
2574792035
2553815137
2574872689
2583326784
2579165248
2612720064
2612770512
2614672976
2681776724
2673392229
2673736295
2640109167
2635908719
3172746847
3206354511
3206292317
2673615980
2648470628
2627355861
2627354818
3566866626
3696976082
3692585186
3692622306
3692746482
2642069058
2650459714
2684210755
2684156497
2673666656
2656874084
2657009364
2665383636
3202187988
3197408100
3197411685
3214188903
3218384230
3186931558
2910122982
2905985526
2906079638
2906001590
2906010790
2906002607
2918337709
2947701245
2947807693
2949705165
2949754189
2949823759
2941492287
2924534830
2924540974
2920379694
3188929838
3190953790
3195143998
3203597630
3216055590
2645630246
2628984086
2628918534
2360743174
2360620806
2360616487
2377393701
2377438821
2409940700
2414133900
2372715148
2373751692
2357113788
2357113772
2357110444
2352261804
2620701404
2620763084
2620828493
2637605197
3205934541
3075843535
3058016718
4127687102
3070656943
3071721639
3072324773
3038586021
3038520501
3038060981
2983670757
2979402471
2979464935
2442137335
2446334662
2446404422
2446465286
3522300166
3518175494
3516930367
1369451823
1407200301
1131611164
1131544588
305463612
305398060
305398060
389293836
925632780
627964279
627964279
627964279
627964279
627964279
627964279
627964279
627964279
627964279
627964279
627964279
627964279
627964279
627964279
627964279
627964279
627964279
627964279
627964279
627964279
627964279
627964279
627964279
627964279
627964279
627964279
627964279
627964279
627964279
627964279
627964279
627964279
627964279
627964279
627964279
627964279
627964279
627964279
627964279
627964279
627964279
627964279
627964279
627964279
627964279
627964279
627964279
627964279
627964279
627964279
627964279
627964279
627964279
627964279
627964279
627964279
627964279
627964279
627964279
627964279
627964279
627964279
627964279
627964279
627964279
627964279
627964279
627964279
627964279
627964279
627964279
627964279
627964279
627964279
627964279
627964279
627964279
627964279
627964279
627964279
627964279
627964279
627964279
627964279
627964279
359528823
91093366
91093366
91093366
1164835190
1164835190
1097710070
3249388022
3249389047
3249389047
3249389045
3266297317
3333405157
2263857573
2251143605
2385492149
2385493175
3460215958
3458117766
3441090702
1545216142
1545216910
1559888559
1554715309
1554525933
1555589868
1551428492
1564010636
1580902540
1446685837
1446691981
1445970319
1445348031
1449538223
1466311343
1474769531
1453601595
1453596971
1470377003
1155803179
3295029547
3429817147
3438054153
3438062088
3316418056
3332932104
3334177400
3334116008
3334124456
3329880489
3258478767
3543752878
3560596654
3493480606
3497969806
3506412430
1895606926
1887218366
1899801262
2000593550
1982784206
1986904942
1995194670
2003312682
4100465694
4096338975
3563989037
3572373548
3568175396
3568175364
3316398348
3351014668
3468535053
2258023702
2260113398
2529072806
2529003174
2532869798
2520285878
2520289999
2520380109
2520588879
2503942939
2487100714
2499688746
2628655150
2628536382
3572267014
3573347335
3573321733
3302522884
1171890372
1192943868
1194996892
1178474637
1178470813
1445858239
1450053294
1453593339
1453609673
1453646664
1453367608
1449174312
1446030632
1446096168
1446227721
1444321035
1448575754
1448591642
1381417258
3546210350
3495879727
3506068517
1354386708
1354386692
1354352388
3570983732
3558400869
4144599909
4128081895
4128081831
4132275623
4140602791
4141667471
4133241998
4148114590
3577357486
3560579502
2499421166
2495230702
2646151806
2646111822
3617122063
3604538655
3596131373
3591943213
3575354381
3558519820
3696948556
3696942412
3699113836
3696783340
3692572021
3306763607
3340702982
3342729986
3346399778
3331797538
3331666466
2257855026
2258067970
2273768258
2241249602
2224538994
2224413030
2228541798
2228550510
2228513646
2220125818
2236880394
2254373386
2256483098
2262769978
2258444587
2260481323
2264685931
2263369995
2271758603
2271992155
2238379353
2271932761
2263577048
2397594104
2397594092
2397576428
2255227116
2255231084
2251036708
2238584836
2230203653
2226020935
2226086518
2360136430
2364330734
2296960750
2288573166
2284378990
2284386654
2288642063
2305488909
2313876493
2314117449
2347733833
2339144681
2407301803
2405213099
2404167598
2404231598
2270079407
2265897455
2250197455
2184907213
2184863181
2184869252
2186961028
2187277493
2186024103
2181842102
2165198274
2152095683
2156293699
2157344321
2226484961
2225398432
2225398692
2359616932
2380580260
2405748149
2401552895
2401687854
2402217278
2401692942
2401690894
3479676190
3680871709
3689983261
3671370764
3661929500
3389297876
1242026196
1309069556
3456520421
3473277303
3310225222
3301846598
3297651270
3297598166
3297598422
3297595334
2225063750
2275394375
2275201909
2260505572
2264708064
2264707552
2273096116
2268508564
2234946437
2486605445
2486607493
2503850645
2503797413
2503797477
2503764725
2671524661
3732745527
3732743479
3741261878
3741265974
3740610615
2387882038
2387947554
2362848370
2362842562
2362837442
2358578054
2358591126
2291623590
2358732518
2375304806
2410956326
2398934823
2390549799
2390551591
2321542181
2337732657
2336647232
3410372672
3407222848
3390523473
3393078641
3393110466
3391812034
3395994050
3404432258
3422128050
3455622050
3453528483
3436767713
2363226581
2354825557
2352858485
2222834151
2231366631
2227102423
2227102407
2224866999
2224869287
2220675047
2233224685
2266846589
2254316877
2264804685
2264803708
2264738092
3338410284
3330017592
3325959432
3325960969
3258921739
3258860042
3274589002
3229008714
3237857118
3233664350
3233667422
3233651070
3233659694
3237850982
2161945959
2170332533
2202858577
2202846325
2165132533
2232294739
2219716419
2229153283
2227056131
2226986515
2226935329
2243450469
2281195364
2281201124
2271772132
2271828464
2402970048
2402970049
2367318465
2367319507
2303411666
3452618690
3448424386
3381299155
3410534387
3406340067
3389561187
3390609779
3390679043
3403327491
3399130115
3670711378
3662323010
2630782018
2627636290
2627636294
2499644518
3023867110
3023893734
3023893670
2956809894
3011385007
3002994349
3002342077
2456042181
2523347463
2523281671
2263296007
2276731910
2226398214
2224432142
2224424206
2156857110
2156676918
2157760294
2229063526
2164051814
2172493154
2172579314
2172578259
2167171281
2167167168
3241019840
3224243648
3224248256
3224270448
1094708772
1125969444
1108130596
1108130605
1108121965
1120438525
1116314845
1116378268
1112470668
1158608268
1141538701
1141521038
1145707142
1284184758
1284254374
1284254630
1284255654
1284255207
1216619988
1233462720
188867920
167806240
234914080
234914096
234983696
235053056
503488515
524467394
469932162
470976642
338921622
1411746214
1416089511
1442279085
3602130668
3532924780
3555999532
3514046252
3497269020
3505725980
3501523580
3502047979
3502003114
3516716458
3512506542
3508308142
3508308110
4045319118
4111904334
4116088334
3881218590
2803212846
2805244454
2805327398
2771312934
2783858727
2763980837
2763850236
2692232088
2685937304
2702851000
3814341033
4091033771
4089190570
4072410282
1928134794
1391153354
1390985226
1453892394
1453958442
1454353706
1475259435
3580799001
3710826508
3715009548
3758007308
3757876284
3606360108
3597979692
3608440876
3575525481
3558224362
3495301866
4040558250
4040494762
1893010074
1892948618
1901357963
1918167435
1918168459
1926611403
1926660363
872317242
1903083818
1345081386
1345069070
271327246
271451438
274337582
281677358
277499622
277567191
294250436
327738820
306947268
302683332
302748900
302552228
839812532
839815044
844009351
845057430
1398062246
1897196710
1897196710
1880454310
1884713622
1907520178
1941066338
1923170849
1923109152
1927290896
1377840144
3525323792
3542231040
3491900160
3491891760
3500345889
3230928469
2156142087
2156690951
2156721686
2156707366
2173545762
2224860450
2231143714
2222820834
2218756594
2218707394
2353002946
2369681858
2402695618
2388016578
2396394946
2392158706
2391073122
2391057251
2395251569
2387912640
2383777748
2383841764
2388035748
2388564116
2388584580
2384456900
2384229573
2367440757
2352923189
2222637589
2495271429
3568886293
3569149236
3304909924
3296487652
3307026621
2233338013
2266368399
2188773838
2197229534
3268687742
3268682542
3269206830
3281793822
3248374534
3233706245
3233702224
3236718048
3224132832
3224161504
3291400641
3291400515
3290888962
3304516098
3300785686
3315398199
2241393189
2274939429
2408108836
2413360416
2404965664
2333792273
2300209219
2300209347
2302307474
2335858050
2335885186
2330642306
3400516483
3400373137
3421280161
2372711904
2356985184
2355080480
2363403520
2354884369
2352789345
2218776307
2235451074
2267942594
2385383378
2415737314
2415671650
2243721250
2510093618
2510075187
2510070065
2543432048
2528752096
2457375216
2453320064
2451236736
2467964800
3544070049
3544059811
3548252578
3535735222
3535550614
3533450390
3533448326
1133801607
1100464517
1133957957
1140253185
3253659137
3245139761
3240387873
3240453411
3223723283
3224257794
3236873474
3232679171
3233776979
3231483377
3231497697
3227303395
2149359075
2233382338
3342774722
3325977410
3594396418
3598529398
3606848486
3617334767
3583782317
3583510952
3586656696
3578285449
3306739081
3575158089
3615204363
3539905850
3539905834
3539906350
3270967102
3268855582
3260350734
3256614974
3256815663
3260940333
3269328941
3264024868
3263705980
3284677581
3226223245
3222163087
3226356366
2161007310
2156747758
2156690286
2156686190
2156716926
2173559759
2275386079
2275259053
2247930533
2239533988
2235074476
2167967148
2201651708
2184882636
2182801676
2182801676
2186964237
2197713167
2197762334
2197754238
2214462830
2180910462
2164198526
2161908862
2153518102
2153582854
2164134662
2164142886
2180784675
2178705185
2211215216
2211235184
2211235280
2173605312
2240720192
2225007424
2224548657
2231163427
2231163427
2222743075
2222478883
2239264545
2239325521
2281338177
2415590849
2407197889
2390486225
2323241395
2321172883
2337951106
2337955715
2337955715
2338021267
2337832867
2333634019
2316855651
2316855603
2321312514
2321312514
2312927762
2296348178
2292088322
2292080386
2292172578
2291450146
2364850659
2365358513
2221703568
2221703604
2221510052
2221643940
2267986100
2251208836
2251204748
2251205773
2252252365
2251613279
2255806511
2213930026
2180511022
2163735854
2222448446
2220150590
2215956030
2237058590
2270623494
2270683399
2262098193
2530513264
2547286368
2546238432
2504430544
2621872064
2623444224
2619261204
2621305140
2621203244
3692832300
3713871469
3722259054
3688643310
3663469038
3663464558
3659271182
1514012686
1513517070
1534484686
1509351814
1488355975
1487045303
1486063269
3632302765
3636505263
3640699567
3674270334
2667739662
2670870302
2636526654
3181858862
3047571502
3081159703
2528036100
2529022212
2531033380
3594293284
3594043428
3591913708
3508208796
3491375245
3491371406
3506047646
3502115486
3501988494
3502014094
3554469326
4074283246
4086997231
2979701740
2962924252
2966979156
2953347684
2953351788
3021532780
3021679207
3021548006
3042515174
3084781750
3214805126
3214830726
3197527238
4271301702
4271285511
4275537191
4275352869
4132760628
4132758548
4129121524
4128929188
4147791780
4095346340
4095358645
4099419783
4106776198
4107829198
3570945318
3568851238
3584612662
2544892182
2544806711
3215371047
3185876247
2624883975
2623448094
2556339262
2573186086
2601312486
3658244278
4195153078
4195286183
4207590304
3934952096
3934947984
4024207936
4011690496
4282293504
4247694336
4230933504
3156634672
2888173600
2889288480
2897481252
2897508069
2914308839
2797060750
2797392526
2800509614
3056091822
3056154030
4264240574
3979224206
3962446990
1819159691
1828591755
1824082123
1821935707
1821939739
1872267529
1855561225
1847108104
1849205305
2050519595
4196938366
4197061102
3911849198
3970567398
3970566214
3970590726
4104842310
4104758342
4105741509
1979245812
2000182436
1998064804
1998200228
1964646116
1960447717
1958350407
1956197894
1972904454
1440227910
1280840310
1300890350
1284162286
1284032219
1284037339
1284025081
1288219064
1306110392
3487218073
3598368137
3598352777
3593109897
1445638573
1445638511
1445646639
1382859045
1383907365
1383883820
1400794156
1899391084
1880517116
1947629965
810699149
273828239
272649631
289428910
322987942
302195350
303182550
324212450
275785442
284173922
1352791394
1352839490
1353093121
1369870336
1386254608
1444975152
1444976160
1461757472
1411443232
3559926051
3560060962
3304200226
3304458290
3321234434
3338018818
3333320962
3266232899
1118733024
1118606048
1386787680
1110226144
1110226052
1345223812
271460484
271460484
271457191
1348942503
1352933031
1353712270
3501216334
3518034446
3249578814
3249578798
3249579310
3247738670
3499528174
3302411182
2220804526
2216552846
2352855246
2636033038
2636096526
3742736654
3730284814
3600716350
2526974509
2526974508
2531116588
2652687916
2669431421
2635844477
2635786601
3185224043
3213540731
3197011277
3062726988
2529984844
2517422460
2517430381
2652861549
3172878439
3156084838
