1358699551
1356663823
1406075911
1380926837
1376769013
1376228245
1376227989
1912837045
1916834727
1916842919
1925226935
1656988831
1648536735
3791829247
3791886383
3808598061
3875711021
3842418989
3830890285
3763783484
3763847709
3760014141
3760022383
3760006119
3776775143
3813475311
3813474942
3787801102
3787740682
3770973707
3770968586
3829410394
3829414618
3846183563
1728060043
1728061339
1723860155
1719664825
1853968553
1854107817
1854075081
1854070795
1849926667
1862380603
1830008879
1812117807
1812109599
1682082063
1686276383
612598847
616665119
624996367
621142071
790032423
655802407
656392295
624805367
627950999
627922869
1701656501
1818574519
1818573495
3974576822
3974314678
3986897590
2779982486
2813537926
3081840262
3081773782
3081794390
3081818398
2549150990
3207638030
3174082574
3172116510
4244813886
3980561470
3854992414
3855057933
3855458316
3843858460
3843862748
3826959532
3829062828
3829063596
3831122604
3856616116
3856621204
3856492165
3990120135
3981714247
3966772022
3962775334
2086874914
2095267634
2095136530
2025010947
2025010435
2022905091
2043810819
969018369
994183169
457381953
436410432
973281360
973283104
977343008
985674272
981475872
713040416
713303588
731131445
766774037
627964279
627964279
627964279
627964279
627964279
627964279
627964279
627964279
627964279
627964279
627964279
627964279
627964279
627964279
627964279
627964279
627964279
627964279
627964279
627964279
627964279
627964279
627964279
627964279
627964279
627964279
627964279
762182007
1030601079
1030601143
493730231
225294775
208518579
208517555
207993266
216119730
77724082
77707570
77707570
83016962
74626306
74622274
87201218
124945794
104039827
103908787
106022323
104912289
113311137
113307041
92335585
79735137
79735089
71346483
341022979
1414696195
1953664771
1970447875
2004002307
1714587137
1714587137
1714586896
3795289184
3795154016
3860079712
3860079840
2790524128
2799047872
3080073092
3046588071
2492730022
2492730086
2492742358
2224303686
2228497990
2178230022
2178311942
2212390662
3286132550
3286042485
3277587812
3241938272
1075592464
1075656960
997632
862464
801040
4539760
12992833
13038017
80142785
130453889
108365233
108109217
107067825
242477491
242481555
242449299
240349075
240218034
264269794
230749666
213951970
213951842
213951778
1556199186
2093129491
2093125427
2093070881
2101455408
4261592576
4127366656
4128409344
4128392192
3054960672
3054768224
3058971872
3063153829
3080127910
3046577830
2510040758
2492739222
2224307078
3428061062
3423747462
3423743367
1278354885
1295197509
1295082757
259024181
254829861
254833959
254891287
185827151
185760717
184810445
188865181
197184445
247504829
247575453
239317445
239317335
240160806
240168998
240164902
242327586
259175730
208846146
1148370246
1156746051
1156746051
1156812563
1156620067
3295716643
3564152114
3576734998
3614553382
3614610726
4158033206
4153838919
4153839429
4092972660
4084518436
4078204452
4078188320
4044829472
1897341280
1897144545
1901342881
1905721779
1939228035
1939262851
1922485122
1926596994
1448389858
1448127586
1460708386
4145078311
4111986999
4111917845
4099335685
4107687429
4120301141
3079982693
2528968549
2528931173
2533113213
2520520063
2518423031
2501259749
3562418677
3566629335
3566630343
3566335443
3566255587
3562061155
3574633811
3557992387
4111640515
4111658689
4145204928
3876834993
3880832673
3889223587
3872449510
3889226230
3889291598
4015022350
4010829070
4279249182
4279314734
4283578670
4275181870
4270984198
3734176774
3734310934
3734310934
3733811222
3486474438
3452690886
3435913606
3435915141
3435812740
1289440692
1291390372
1281952188
1282350588
1295334908
1295349756
1295086556
1292989388
219210717
475063293
474079743
474079743
469889503
474084734
474215806
492035886
366206782
399703822
399759119
399561999
399562077
391181821
387177917
387112365
387110333
374534557
1447285133
1472299925
1473352421
1976672869
1441899045
1425122853
1419882275
1419885859
1441881123
1462770739
1192238098
1175534642
1175598370
1448506658
1454818114
1455326146
1471906690
1471775618
1434032019
1413070258
1413065970
1413344482
3560799330
3694994530
4231603234
4244185382
4256765478
3717729830
3751287342
3751291407
3738725135
2585323789
2585447452
2602210324
3109728308
3097141620
3164312564
3164111828
2631439348
2623073780
2618894836
2669295844
2669283557
2669284833
2677933987
2646029975
2629117591
3702793879
3434092162
3438282626
3440402306
3440569730
1326624130
1326624131
1578347907
1595124161
521251152
500214064
500214832
502512657
494048275
523473971
372371506
1446097954
1983034402
1987220770
1995867715
2008450753
4127164033
4101867137
4097683410
4097699794
4097653298
4248058406
3179035174
3179032102
3187156542
3183032094
3166257454
3166224765
3164115404
3164120524
3164122572
3185094092
3206264300
3072038372
3071984613
3038385127
3040744423
3023964134
4034857447
4038924771
3502119379
1421744449
1420695873
1164910913
1160520001
120398819
133063651
112128962
112187266
111513474
111512962
1189191154
1198634482
1196483938
1157899618
1141122403
1145515363
3297131841
3298167249
3298774929
3300777872
3317016208
3353711313
3547366353
3541075249
3541079335
4061179175
4060130599
4127305509
4128417333
3054696020
3053864540
3070707308
3041744748
3045873453
3029096223
3029083918
3029083934
2514239278
2539392294
2530872358
2547653666
2543391762
3621335106
3579519043
3558482371
3558502851
1427824065
1434110401
1476036803
1467594947
1192815826
1191765218
1191727335
1162608871
1439564263
1569073077
1300637312
3432394368
3432472304
3432040176
3451954929
3443565553
3439370593
3741360499
3741430099
3746731457
1565695425
1564671473
1543634401
3691001313
3692246513
3557962691
3564246851
3589408531
3585328931
3618688803
3602186001
3600068357
2530586373
2530715413
2522216247
2522116910
2454983470
2455503214
2479620462
3549364710
3247309270
3230474695
3227264471
3223068085
3223193989
1091189125
1091447173
1137585285
1183593607
1184715922
1184813298
1205592562
1199153522
1193845106
1194041618
1160423170
1093318403
1131054931
1198229329
1198102513
1198044661
1126802932
1128117748
1396555124
1363123252
1363069988
1366248484
1366045796
1365517556
1365582245
1375089573
1375081109
1373046405
1356072597
1356125863
1351669735
1353815847
1353753875
1352705299
1356901425
3497045041
3560021043
3560152114
4113739042
4147291938
3057042194
4134978050
4143399426
4139598834
4154225639
4103874020
4233894316
4229695896
4231793096
4231408616
4285934575
2125610958
2123436878
1586508558
1585713422
1317294382
3398295854
3398295854
3415073918
3414813942
3414752421
3449310628
3449310644
3455799188
3455798964
1300186788
1295337120
1161020064
1158869904
1158850432
1158852032
1158917569
1162984769
1162984785
1196670261
1465103671
1458812215
1454610231
1454474519
1458631991
1446018343
1462795559
1429347814
1412564358
3557950854
3570582407
3566307287
3566249831
3566251815
3583028021
2542840581
2547105029
2521945365
2517848375
2517827879
2987721007
3000309103
4069852526
4086566382
4087107030
3511441607
1342466243
1342453763
1090861057
50797569
33955089
38155809
43394595
43394562
62785026
12389954
12324546
16273298
16375730
16498579
8099731
25006515
58438035
41529746
41529778
40740242
40741778
40876947
40868785
57530801
58588576
1098703264
1098178725
1349902501
1347868069
1356301749
1356107189
1356119527
1347730805
1347855617
1416799505
1432593697
3580077347
3613582626
3610498354
3593534738
4134645554
3060966946
3069347346
3069624834
4088906242
4055155505
4036288804
4107296868
4094704876
4094953948
4095085036
4095097837
4250287086
4288022990
4271840718
4271644750
3733467150
3733508142
3733696878
3750404461
3750470628
2677581796
2681767924
2681769908
2640027092
2640047604
2635689444
2635675108
2669547876
2541617509
2545308517
2545308519
2526074867
2526043586
2517650626
3322956994
3338812870
3338807174
3305252502
1305613958
1284638343
1150355077
1150293940
1150297508
1288725988
3423655380
1276360133
1293133125
1326690118
1330884370
1339268626
1339285042
1205067318
1198782006
1467209526
1467204918
3621110838
3604246567
3327418407
3323224127
3457430895
3474720239
3343648237
3314290093
1150094780
1150160276
1149644692
1150691220
1146172836
1276118436
1293107604
1326637444
252895685
255058245
253882647
258078006
224509206
224631574
224639750
224508695
536058647
250788629
246584581
246518037
384864305
370200609
370176035
370221091
370286818
353516962
349313938
280103811
11996035
13634177
13635505
13647777
9496417
11577139
296789810
278964002
815834914
1893768994
1902353682
1629662979
1663221505
1646691841
1646691841
1646642913
1647601633
1647584737
1649685735
1674839278
1641284830
1624711374
1624645966
1704343422
1972768350
2006190606
1468807694
1452022542
3330808078
3330948102
3330941190
3482984710
2375754565
2377650916
2360869604
2365081316
2230865632
2231095248
2231039952
2247878576
2241439648
2245767073
2246040483
2371209634
2366671266
2366736818
2366815683
3440550211
3440550147
3753943811
3749749283
3749756450
3750799970
3746671586
3742600162
3708996018
3708962179
4247921027
4247933379
2103624035
1839235363
1839236387
1706077191
1706076167
1699784709
1729337437
1729288445
1662131437
1662125549
1664287465
1676739307
1638924906
1639188058
1639214666
1670408782
1938844230
852511238
306515714
307627283
307631153
58073185
24518721
7742529
6686145
15599571
11472627
11345603
11345603
11066947
27901458
65644338
57254194
40481074
36279602
1110152978
1114349426
1114364530
1122753074
1118686050
1119682018
1119675811
1203560609
1207881856
1157547136
1149158544
1144904880
1142750624
1146929056
1146470368
1425385248
1441834800
3580929297
3610359059
3610352658
3593579570
4130516258
3056779042
3060974082
3077980675
2985771585
2964603616
4036240100
4036240356
4032038884
4027846596
4027988317
4027983981
4057393279
3820403790
1654103118
1653902414
1648659806
1711576558
1711711710
1711710670
4127416423
4127260773
4127326564
4149351776
3084005152
2543136288
2643801648
2643666432
2374115904
2374185921
2374243282
2374287778
2239792546
2243988898
2235599282
2265024946
2400426130
2400364738
2383588547
2386732099
2390925314
2407588146
3352355106
3306190626
2232878690
2218135107
3296075459
3451264897
3451129777
3451149731
3480514018
3476324306
3476211522
3476223746
3476448514
3488970034
3451680034
2375839014
2409393446
2413325614
2413321519
2413380989
2413446620
3453645204
3436795060
3436727472
3438812304
3430423984
1144855984
1142300080
1142036368
1158817408
118630016
106047361
105987971
242237395
241269747
258177875
258173779
258161425
224606993
224468785
90207523
73462051
74506530
74490146
208707874
215003426
80917779
122863043
108170625
103975297
101829555
100716451
104914339
113304995
92333538
75541858
75541811
75540771
349411635
1423084305
1953663745
1970449921
1999808001
1714587137
1714587137
1714849040
1647805536
3795186912
3860079840
3860079840
3864265888
2799043712
3080075136
3046588065
2492731042
2492734178
2492738290
2224302658
2161393154
2178236162
2178311938
2178836226
3286132482
3286042419
3277588256
3241938208
1075591440
1075648768
1074731264
866560
793904
345456
4604352
13038017
4645249
122065281
106005937
108109217
108116401
108259761
242481555
242483091
242450323
240215987
239134178
264304098
230729058
213951842
482387234
482389298
2093129010
2093124403
1820441139
1824762385
4282564096
4261582336
4127359744
3054649600
3054698528
3054776416
3058967776
3063157925
3063219622
3047100086
2493267638
2493263510
3434356358
3428065158
3423747462
3423743367
1278354887
1295197509
1295017221
259024181
256927013
252802343
185685271
152264519
152272845
151255756
155310740
188799668
188791733
440645509
440578503
516133206
1053855782
2052108326
2052105511
1785769763
1781709361
1748155904
3895637504
3895629316
3893528100
3893397092
3893424109
2818615791
2822805614
2839578670
2839644446
3909151502
3909150478
3909345855
2835534633
2874393385
2874263341
2857492285
2857626429
2857630525
2874407741
2874276669
2874268989
2876362045
2842807613
2842807677
2841890173
2908970493
2910289917
2910289877
2901770231
2901770231
2901761527
2900694422
2917601686
2917609878
2917605783
2952147095
2952139911
2952150151
4019661975
4019465407
4019531007
4018617550
4287046862
4286915662
4291186766
4257632270
3654698014
3646387230
1482126607
1481080079
1481473311
3628924783
3628394479
4165265151
4173701823
4257657535
4275012253
4274893469
4265976789
4266111957
3192829813
3192903461
3193820973
3193763631
3193787695
3196011806
3195950366
3193853278
4283876702
4250322270
4250393950
4233624926
4233625055
4233489887
3166758111
3183796469
3217350893
3200643565
3192320876
3192312684
3208992573
3175448381
3159841597
3159775871
3160406655
3160203006
2891763422
2891761630
2899691487
2918634207
3212243677
3193430725
3189039701
3205784180
3205783845
3176424485
3168033831
3163966518
3180743686
3180774486
3218535542
3193304310
3193435606
3205953415
3156147845
3156106885
3156168340
3160178596
3185339876
3214697700
3197989172
3070120197
3070152965
3061174563
3077895459
3023435571
3023503111
3025598023
3025655494
3025520326
3042756246
3075266215
3075237543
3076287911
3051183527
3051181301
3051181277
3053282381
3078447119
3078513695
3069113631
3203323167
3204369726
3196050814
3212694879
3212695007
3219117535
3210728925
3177149917
3177149949
3176626159
3210048871
3218437495
3201655927
3203751959
3201789975
3218460695
2648043831
2639722263
2622905863
2642299399
2642364935
3212664375
3212342823
3203953519
3220722655
3187168222
3103515614
3095128062
3095129854
3092905967
3092839918
2581134719
2615010319
2594173965
2598322205
2589261887
2585006143
3658952749
3663081773
3646296943
3637904975
3629520591
3630040783
3629909710
3629917550
3638304878
3634110570
3634312298
3651032155
3420413129
3394620617
3394751945
3395278792
3411908248
3688675000
3688673976
3655119528
3654591144
3645219497
2567283373
2567287533
3104155391
3137644159
3125126975
3125260095
3125255742
4266122814
4267169326
3189196590
3189637423
3191734327
3191816245
3196010740
3187589268
3170293124
4244045700
4235655812
4233484949
4241813173
4257540005
4286865831
3217301671
3200594087
3210096791
3176362231
3159512311
3159510342
3167930630
3167877894
3167791670
3167792686
3184571966
3209990670
3209138783
3209081471
3192312831
3192902127
3210597743
3210509423
3218963567
3221183599
3221144661
3221210117
3221221637
3212800261
3212300663
3172325351
3172423143
3159784855
3159784839
3159768455
3176474007
3217301685
4274266285
4275507436
3067494684
3086958856
3053277960
3035426600
3035425320
3169692216
3170614840
3170471433
3162015305
3159934603
3176711851
3176724394
3185108394
3185173930
3178878350
3208335822
3191492958
3191758870
3128844342
3137232930
4211064866
4211064834
4200525826
4213105666
4179541011
3914963041
3906574564
3906705636
3906573460
3893948549
3893944469
3977830589
4011417775
4011489199
4015917805
4022274605
3987557932
2896983580
2896978444
2901238284
3161346568
3161147193
3170453995
2916895147
2799437995
3873183898
3864803723
3860604299
3859030411
4144308650
4115800490
4124189098
4122087594
1974468862
1437626374
3585138694
3702562818
3702563122
3702698274
3701643046
3698757174
2553711111
2602482181
2601429509
2584668679
2588859927
3135096165
3134750957
3134750957
3151597789
3150622861
3142231180
3188452540
3189308844
3189374892
3191529388
3195717608
3196012504
3219125720
3185046872
3168269593
3034044189
3027621407
3157619230
3157533214
3161731630
3170108270
3166503278
3166503150
2644455642
2627613774
2633923598
2633484301
2624911380
3694455892
3692340292
3709706436
1595335108
1578529484
1578500684
1444807196
1446919725
1467951917
3619432491
3585898603
3518810315
3518811275
1403814025
1408008601
3606876585
3596530089
4133396911
4132348847
4144997303
4111446967
4112495318
4095080182
4113884902
4112838254
2808340334
2799882030
2795619647
4138758431
4142948367
4159791119
4151455773
4147253545
4147319099
4118232379
4118223147
4126559083
4105690073
3568693193
3572821453
3572794829
3589571020
4126638573
4160139757
4159086949
3060113767
3056055575
3056006423
3073832247
3073823015
3073856295
3044999799
3053261431
3032314599
3032315879
3166461927
3182722535
3186945527
3178552789
3207779653
3207755013
4281540869
4281413909
4252184895
4260569407
4241699198
3704690174
3704707534
3704748446
3704863198
4241734142
4291864910
4275088654
4277502991
4143415325
2800197676
2791677988
2787422244
2787414308
2804318756
2770780708
2754003492
2753906276
2753847012
2758029036
2766420716
2896956413
2897154046
2897155806
2896962270
2892767966
2753831582
2754032030
2758226110
2762740926
3047955646
3081189530
3068553355
3060197515
3060197513
4062616969
4079261691
4084512747
4050973179
4046840026
4046872666
4046876798
4051062830
4060041262
4055855406
4055848750
4055633726
4084996942
4079827919
4079890319
4084088719
4092462749
4092527292
4160574140
4124341180
4115981244
4113884028
4112820012
4045711149
4049907517
4058300175
4092501262
4159616271
4159616319
4134524205
3074277676
3072082236
3038261560
3027841320
3036549416
3032351033
3031761179
3031712058
3165943098
3170233658
3168202042
4241919291
4235628363
4114069065
4147943113
4131177417
4130193915
4130239978
4130303214
4130168046
4151053558
4159444310
4125888854
4155404611
4155433923
4122928083
3724468947
3724468931
3716073091
3724529283
3724401635
3757894115
4275890403
3202149475
3067997251
3059672257
3059139781
3061302485
3073897717
3040238837
3021365205
3027664597
3036118741
3031824103
3031750375
3031758566
3052724710
3027538022
2755100758
2755040326
2753803334
3827416407
3962682213
3966941925
3966958308
3983801045
3981574085
3960497603
3960496467
3826266482
3828429154
3832754530
3840020962
3852601330
3886157762
4137814466
4138146114
4137965651
4143212643
4134825059
4134855765
4151832917
4151767893
4118200913
4126655057
4109750865
4109693553
4101301857
4118150689
3078086451
3073857810
3078061074
3060104242
3076871186
3219247126
3182686518
3182622582
3180517078
3184647879
3218144981
3075532516
3075560164
3073835668
3073708988
3073651116
3044291757
3052739757
3031833805
3568708813
3572966471
3564381207
3564384535
3564442887
1416983827
1425927459
3573530403
3590233875
3598618371
3598616385
3594486465
3594355345
3592393377
4266648225
3192743591
3201117863
3201117607
3201055975
3218873575
3185312998
3185316094
3168739550
4242497886
4242535038
4242338398
4233945695
4233946651
4162645529
4234082617
3697203224
3705030728
3696707660
1551113292
3694462029
3694593119
3697672318
3697700982
3697438998
3588440326
1453512454
1454565142
1454630455
1454433840
1454396208
1984975652
1980772708
1979715940
1996830188
1694838188
625225141
633625735
633654662
633652614
759416214
792901526
792963062
759281574
759672230
767667622
750840247
1816193429
2084661653
2101508533
2102541748
2102534068
1968396277
1978684373
1978724689
1960898865
1960882483
1960882451
1952560438
1965145910
1898167062
4080188934
4075986438
4073883158
3532834583
3531786005
2479086901
2478923047
2436946215
2437273890
2437372242
2470870850
2479289090
2526462722
2526987106
2529006562
2544673251
2548883953
2502739440
2502739104
2638072992
2621373600
3178654865
3178652801
4252136833
4252202369
4252100529
4249939940
4249939428
4283492820
4283541956
4266835269
4000496981
4000486676
4013150476
4013015325
3878797677
3849443181
2784065517
2767288037
3841013429
4098897559
4098958293
4098961909
4151382311
4143120407
4137832454
4142066695
4142131205
4133615653
4129404965
4147558661
4113991621
4114006661
4097131143
4096983702
4100129454
4108522222
4108337134
4105185582
3568314670
3618646286
3602065679
1453537615
1457766861
1458667981
1450279311
1450415007
1466147751
3579880358
3563167654
3560085906
4097038838
4231027174
4229982566
4251020646
4259505446
3986871591
3986806069
3986732821
3990923012
3983589188
3979394388
3977293172
3977293172
3977506293
2903703015
2903661927
2907835750
2775778678
2817733974
2813547862
2813547863
2778783221
2779831797
2784034292
2758868436
2754860436
3023230964
3040015348
2775835605
2809227207
3059822423
3059817831
3059817831
3068214759
4158861687
4125233991
4108452615
4108521999
4108399119
3571462714
3571459642
3588243002
3588299290
3622131978
3622066186
3622066266
3605286090
3329557706
3325444298
3342233930
3476480282
3455508778
3451249002
3451171306
2376893437
2410452652
2393679532
2388969132
2384742116
2384859636
2402689269
2218664183
3571328246
3566953623
3566792085
3566790068
3570972084
3608707252
3325591708
3594158284
3594425373
1463725117
1366665519
1374140727
1906744583
1910932743
2011596047
4152131613
4148008061
4148100309
4114541717
1967008917
1967003045
1904083365
1894581157
1889862325
1894003349
1357129460
3504613988
3504618276
1352935204
1369710864
1403855108
1119777543
1119830542
1134297646
1138491950
1163138602
1161042730
1161181450
1160128778
1298491659
1307371785
1282248137
1283360204
1283360653
1283097549
1283101653
1551541093
3716129569
3732906275
3732840723
3728642307
3728638291
3728725475
4265080226
3212301731
3036136867
3033910693
3033849252
2765404660
2774313428
4284279236
4263505029
4263408773
4263448758
4263325862
4265423014
4269674982
4294836838
4257153558
4240193031
3703320071
3702286855
3707562757
3707693315
3715549459
3747073363
3730294225
3595993553
3596071312
3593724288
3610436481
3576840897
3564324466
2498846242
2498784802
2498785062
2514513190
3047226662
3080827966
3080955262
3081017245
3081012876
3073672844
3073689228
3040108444
3039178156
3022400684
4101385388
4109774013
4126545359
4125573455
4125417743
4154778399
4154500399
4158766383
4159020335
3076819255
3060256007
3061247239
3195467029
3195490679
3210039799
3208058263
3178641302
3178651574
4122365862
4105521126
4122236918
4126433735
2507170117
2503025925
2503093556
2506496308
2540059412
2548509204
2281118228
2276724500
2243168020
2243252501
2226516273
2226434339
2225373474
2498003042
2502197474
2535752930
2519635154
2519637059
3057560641
3074338112
3040587220
2753085412
2753100388
2893671020
2902190829
2918742958
4009233838
4001105038
3997106318
3996520590
3929481390
3946259886
3924897774
3902869039
3902819871
3919633935
3919619597
4020281868
4289769997
4291932719
3208872494
3208824814
3171046894
3155303654
3159493862
3161852118
3170240710
3170253254
4109839814
3589744518
3623301574
3623309703
3606430085
3604271540
3595887844
3608470756
3608472820
3608669636
3577150788
3581058885
3589443445
4126377847
4126258743
3622934039
2524034581
2522920469
2518742581
2518707749
2669690661
2674001191
2648835383
2628129846
2629243958
2629108790
2376338550
2409913462
2280969462
2255787167
2541200527
2539037839
2505550989
2484452797
2484575663
2486603263
2486601039
3023566095
3022315807
3039060287
3076990255
3085319982
3081112110
3081047598
3068399134
2548327950
2549342798
2511594439
3048453029
3050342308
3041955748
3037760404
3037780868
3071475652
3071471556
3071436628
3075962229
3084334453
3082233191
3048224231
4126154214
3589291254
3589630198
3589691602
3581299027
3581299969
3614921985
3614826752
3614761232
3613782288
3613586176
3589460545
3585263299
3585328866
3583014562
3587467170
3574867362
3574857910
3541517454
1398170766
1366715855
1375104479
1349909885
1345703199
1362937103
1346159887
272425239
275570727
276721975
276713751
1350435078
1417545670
1417557894
1434393494
1459292566
1455098262
1454049686
1454144950
1454170559
1454154669
1454154732
1474601964
1433707372
1429512556
1429512556
1463005228
1446181928
1461868552
1461868556
1461864733
1466095918
1474452766
1436566798
1474609422
3622097182
3622216478
3589710398
3586045478
3586098791
4122973941
4122973137
4125065680
4150034656
4145864932
4145832164
4112396517
4113958309
4101377959
4105572022
4105506486
4105445262
4105449358
3589549518
3581244894
3588710767
1474655087
1474623101
2011489916
4158959484
4151623548
4147625437
4147551709
4147549661
4152201567
4152131935
4147941693
4113887269
4112871717
4096144677
4100330785
4108730147
4104593251
4104593346
3572383426
3572383362
3572371090
1151670178
1168389074
1203007938
3618697667
3606093936
3739264288
3730877728
3730874144
3726806544
3726810628
3726827077
3593815767
3597956006
3623117222
4156383406
4155785390
4157883566
4149531790
4128564366
4128613583
4147225935
4147225871
4112754447
4116889375
4108492599
4108492341
4108820005
3051656757
3043275284
3072782853
3074343701
3057533733
3074249061
2776454631
2768068071
3841939959
3837778391
3837647317
3858036949
3891592404
3799376068
3795218628
3794145477
3794146245
1663443686
1667633894
1638138598
1639199334
1908159350
1939632390
4070109190
4085818374
4091059214
4116363278
4095649806
4097746958
4097822014
4101887806
4101853726
4110221951
4108059372
2497458924
2499553252
2499554676
2491250804
2491340884
2516491332
3053368640
3080631104
3063722833
3063722850
3070006114
3074196322
3040625250
3024032370
3158192834
3158254274
4235994018
4244385186
4240181410
4257024130
3600689282
3604900034
3604408514
3606551875
3606414097
3602219552
4139029024
4143227424
4269056800
4264988992
4281790912
2132168769
2031223875
2014386274
1745893474
1750087974
1754339878
1756569142
1773351494
1804624518
2072011398
2067817111
989864359
939528366
939728046
2084706478
2093095166
2088912910
1570240782
1605675790
1587848718
2124907022
4277109263
4277961263
4275872301
4275872549
4267483429
4262958117
3206466597
3172878359
3174988102
3162389318
3036549078
3032156046
3048740767
3048747951
3046667181
2644009901
2648274909
2640076255
2639821950
3711757350
3577736246
3577740294
3581850627
3044971792
3053360400
3053364752
3053429264
3038614032
3072102992
3074339392
3074352833
3074313891
3078359970
3086747810
3082553506
3082557590
3053337734
3036556422
4101579926
4101579942
4101708966
4110097575
1975072149
1975002501
2013062084
2004673220
1447015037
1450541679
1448396334
1448136494
1456527654
1456556086
1456621590
1207319554
1207313411
1300116753
1283330353
1283342609
1283118337
1283118401
1283118531
1283184003
1283162498
1308328338
1207665586
1191032738
3606947491
3606884083
3598491633
3606887397
3067915108
3067916076
3076308764
3076365852
3077936700
3044520509
3044454965
3040334375
3040133863
3073655526
3073643943
3073645731
3078491315
3216903299
3216913539
4290651331
4289994994
4289995878
3757843574
3758042182
3749588038
3747481670
1599932662
1599872230
1599876607
3729548799
3737445343
3738694623
3755406046
3723924174
3719660254
3568599671
3572860727
3573010229
3497359652
3493095724
3492555052
3496947500
3496875804
3496886796
4051616268
4044980764
4077422573
3808988653
3813444013
3813444028
3822029964
3821965445
3880693895
3876511878
3842269350
3843367150
3843449326
3858120446
3858119246
3858115143
4116015813
4149504964
4149538276
4158584300
4160635340
4156506572
4092543452
4059915245
4059915245
4057749477
4158392319
3621522927
3621596654
3621727542
3600755990
3600751894
3604745526
3604749622
3598476567
3594510357
2520690949
2520158469
2507571525
2497151943
2492827350
2627047086
2627197614
2627500718
2631674798
2623283118
2623275438
2623476122
2625053130
2624921930
2642371594
2640242714
2648614939
2644092953
2677581897
2677583304
2683868104
2671281096
2670429160
2670371816
2637885804
3178950957
3179180333
3179229471
3162453279
2623475039
2640252767
2648640479
2648644574
2648453070
2640062430
2625376734
2633584990
2633715806
2629562494
2628510846
2632691039
2641079767
3744177093
3744178053
3727398277
3727544725
3727442109
3728543981
1580605549
1987457085
1450643512
1475689768
1474636328
1994730024
1994684952
1449458184
1583666889
1583645323
1583645578
1608810938
1575322026
1550250410
3698778350
3707167214
3721830758
3751653742
4288459071
4292649245
4292650012
3210521612
3177098252
3172908044
3175009564
3040792376
3040855672
3044890361
3078428378
3078427290
3078357674
3086746026
3187409066
3049066666
3585421514
3584304331
3584322696
3588517016
3563973804
3560828092
3560895884
3560870540
3565064908
3573527260
4121731701
4159480615
4151091495
4133916726
4150689854
4150706222
4146351151
3877927209
3862768217
3862837977
3862826713
3862495881
1719141003
1995973018
1975329002
1958621226
1958674490
1958020122
1424247066
1416952091
1412803355
1429711817
1427356619
1464895371
1464910730
1465107354
1472360890
1438785962
1573003694
1572873646
3753911782
3754962278
3746637102
3748877614
3748905278
3723542798
3719340302
3719340302
1569961823
3717633965
3720847276
3742142380
3742158748
3742293900
1595865500
1595832828
1602181228
1600920636
1600945420
1567454469
1567544133
1567543879
3716080214
3722306422
3722224994
3718100838
3583745910
2545524550
2545466950
2528751191
2533343079
2524815207
2524284711
3060123439
3060253487
3077042989
3043353405
2955276813
2956415756
2954303244
2954311028
2958372068
3025415405
2488614127
2505514175
3621133454
3537001934
3537035214
3532902366
3532690862
3532699054
3536892383
3060904415
3056842733
3054743149
3054743085
3071389245
2771631677
3845381663
3844593439
3844502813
3848410413
3848471789
3857712300
3855615140
3837867188
3837994116
3837863301
1891639701
1887446487
1887642967
4036132614
4036124422
3505475334
3522191126
3555783998
3555840287
3554066719
3554066715
2480390459
2480199035
2480209259
2446651243
2513956731
2507632603
2507620299
2501183450
2505528795
2505265659
2513695227
2513565049
2478892313
2478880025
2479928633
2479994169
2471732541
2471747901
2433937757
2417152479
2417410527
2417410463
3495937983
3495712687
3511449583
3586938879
3587011039
3587662301
3562497372
3562534268
3562528636
4101479284
4118264404
4151815748
4267028037
4266964549
4266963959
4262826983
4262966246
4262908774
4130788215
4134991207
4133715301
4143143973
4143254549
4134810645
4132709399
4134806647
4285936854
3723890134
3701870198
3701934710
3701738038
3433310738
3437505026
3437571586
3437700614
3300251398
3568600566
3566507431
3566511524
2513743780
3071581876
3055324812
3054804684
3004672716
2971053612
2685849133
2685816367
2966822766
2983470430
2983470335
3017032943
2999796975
2999864479
3012455567
3012487311
2984180175
2447272399
2441035215
2436306399
3613864447
3613815293
3622302061
