1358699551
1356663823
1406075911
1380926837
1376769013
1376228245
1376227989
1912837045
1916834727
1916842919
1925226935
1656988815
1648536735
3791829215
3791886383
3875706925
3875711021
3842418989
3830890285
3830892348
3763847709
3760014141
3760022383
3760006119
3776775143
3813475311
3813474942
3787801102
3787740682
3771006475
3771001355
3762350619
3762354715
3762313738
3842006602
3842252506
4010020602
4014214650
3930397930
3934729450
3934729338
3934728250
3935252510
3935186956
4220411916
4224541908
4211919780
4211923620
4211993252
3943688869
1774561966
1753525934
1753267630
1820433591
1824693495
1682148372
607176756
538978356
555822132
555883556
555883820
560336428
565644861
548734558
546592462
546625166
562859662
596414094
595888782
591698830
570718670
570898767
587606335
555100461
559295788
636883740
615846412
615785020
631517980
631514892
627837700
627964279
627964279
627964279
627964279
627964279
627964279
627964279
627964279
627964279
627964279
627964279
627964279
627964279
627964279
627964279
627964279
627964279
627964279
627964279
627964279
627964279
627964279
627964279
627964279
627964279
627964279
627964279
627964279
627964279
627947895
560839031
560840183
560840119
560838071
544059831
544060087
812495543
808268469
808268469
808268476
808268152
833499432
565067048
598485256
581708040
581929481
581863947
585992714
577537546
573342250
657228330
657257066
623768170
556626923
560804265
560805289
602749353
602749369
602749339
602749067
602241163
669351051
635564170
631500938
899920090
1973658410
1440981546
1441112618
3589121583
3718887981
2645145900
2678700076
2678700076
2611591436
2343144007
2343275206
2305546978
2288745058
2351565090
2356021282
2356549650
2364942402
2362845250
2362849346
2362841155
2362837059
3430881619
3426498851
3426490659
3425573123
1278089475
1282292033
1282365760
216849712
225236272
221090128
221221200
254775632
170889552
170898416
170894320
170895312
170899392
170379072
438814224
439832116
437530156
978594344
977546025
977561899
994368874
735366394
1003799754
1005900234
972341722
963953146
941965802
943083947
940990633
945185193
953606572
948366780
429235076
433097349
435210881
426822611
137420147
405992499
403891250
403890195
403873795
408068353
1490195728
1502846928
1519622592
2060552576
2047903872
4195469488
4199664032
4206915488
4206915234
4219498210
4223867426
4208007730
3662682674
3664788274
3664787474
3396549634
3402767362
3415358466
3414563842
3381005314
3364818002
3364358626
3365501939
3365559235
3371879362
2297006978
2288557490
2305336738
2340004771
2331616160
2327356320
2599986080
2658710416
2654834304
2671741572
2671168180
3174554348
3172330476
3176525164
4258657656
2916389977
3184841737
3184845835
3176457243
3172367486
3172357486
3172335998
3075867006
3084321574
3063218991
3080024893
3214270748
3214206748
3176447772
3155467788
3155606024
4229344776
4229344776
3960833624
3983852393
3983851881
3983818859
2910212219
2910216283
2910216283
4017496443
4023789051
4292294618
4275310490
4277407642
4290186138
4290124698
4294405530
4260685210
4260422043
4235260313
4235440540
4235375580
4252214260
4245742564
4249937888
4283690467
4283595251
4250032370
4285680866
4285746418
4294071378
4294135810
4284576018
2103469842
4251051794
4234407474
4242733875
4243839795
4260419857
3748699409
3746665747
3730016019
3728918290
3728922130
3729192498
3729186610
2681654642
2682080370
2648526067
2642246865
3715964099
3714004419
3713950195
3613283297
3621732849
3590144465
3590156753
3564757456
3564888400
3560690948
4097429268
4101630780
4101614364
4126779932
4126989945
3892106859
3881616122
3881616122
3843838698
3843842730
3879477674
3883873754
3892188379
4008579323
4003803387
4003729690
4021563658
2146709786
2138517802
2104959274
2081760570
2088182794
2088109067
1022755851
482149401
482088009
503063625
503062857
226234699
125584219
107889531
384717691
384725467
384758235
384602587
401380345
879531993
611227608
611237336
1684843880
1684841832
1702663016
1732031080
1866314329
1849528921
1849590377
3997095787
3997100395
4026460523
4022196603
3988757963
3976049615
3963401167
3828323279
3828253687
2888758247
2909663715
2951501218
4008581058
3933091778
3933021682
3932956130
3932698082
3941088482
3936894178
2074676466
2041190594
1504323778
1504323777
195766464
199776576
171506976
238611488
236514336
236645376
119209216
119180608
123375040
90148304
1165987248
1165999504
1433242576
3563948624
3572468272
2498738736
3031280176
3032329776
3036458528
3028069920
2759650849
2893858407
2910636006
2909652982
2892841910
2892845974
2892830614
2892961686
2888643510
2888642998
2888634550
3983421598
3991806094
2142117962
2143166475
2143171593
534653961
526134281
224145177
226443017
234685707
234636555
234669339
233604475
225281531
225416665
225358793
225350281
258904713
527340185
1584378553
2137830121
2138027769
2139012971
3990728043
3990662443
3982271786
3978072346
3979641610
3979641626
3979772714
3963021162
3963022826
3982949802
3857173946
3857042826
3857044874
3857183882
3882021022
3882021023
3882017021
3882971236
3882971428
3866305316
3866306100
1718824496
1718692401
1717574435
2128873762
2124680226
2124808194
1605242882
531505154
229515330
229585987
233790931
99305937
233397185
225008339
258702034
258703090
266993394
1340708594
1336514034
3349779954
3316235441
3584667024
2494147472
2494151312
2489948816
2418588336
2955456160
2955454112
2959648480
2699605600
2695417701
2716372326
2750191990
2741877110
2737674614
2737822518
2737823542
2720954167
2720932661
2792235837
2800628031
2947354942
2947290430
2917938202
3177714714
3102348314
3114939402
3148493834
3148496074
2661825690
3739761850
3732417674
3728223370
1597645960
1564090504
1546310552
1949221560
1948746424
1948553784
1948296728
1679863352
1679863352
1617075720
1617075720
3764555275
3764620826
3760492330
3760489770
3810957098
2720441098
2787549962
2787545886
2787623726
2788017006
2792145390
2792116718
2741785006
2708304810
2775397290
3857530298
3857529274
3857267130
3840752026
3840883098
3974571146
3974570122
3970244682
4238675994
4238610474
3701744686
3702269966
3366791182
3383372046
2343181070
2330544910
2322121999
2397667803
3471413657
3471421880
3471356328
3471357352
3462969512
3462969516
3475609772
3475676348
3308958852
3290099844
3558798260
3558265573
3562264166
3578981942
3579030038
2547100182
2677123863
2660350772
2677324324
2545204772
2549915188
2541536788
2537144884
2519351845
2519347746
2523603234
2527596578
2544648226
2511290390
2625557509
2621373444
3695114508
3711875852
3711871820
3745509196
3711747421
1563215231
1546404207
1416380463
1417572407
1425956949
1425957333
3573445061
3623866773
3606954421
3606890423
1458427799
1458493334
1584332678
3749672854
3749475758
3715393007
3723781231
3757334637
1609724237
1584558925
1584554829
1584489053
1582331759
1599171951
1607625070
1574107262
1576192078
1601291342
1601486926
1601478990
1601216894
1609741166
1576202086
1557322551
1548864307
1433718051
3577017635
3610632465
3597136144
3605975856
3605971936
3622733744
3723202449
3706297987
3706567298
3706585042
3707632994
3699176482
3698091042
3698139170
3714985986
3714981891
3749650707
3758039857
3741283120
3738911504
3755689796
3722272580
3716115396
1551858636
3715975836
3715910333
3748940459
3732168362
3740587962
3623154106
3589595550
2499260558
2495000974
2494996990
2629739495
2627593061
2648498977
2642211617
2642178337
2637959461
2638160165
3715065133
3714997565
3714992397
3748546893
3731803596
1585239500
1584719352
1584722280
1450496056
1467405368
1467409433
3581340953
3581410808
3589785592
3589718937
3573400217
3571237533
3571303103
3588149951
3573470974
3581769726
3581701478
3580128294
3714343974
3747696694
3730980870
3740422407
3690127623
3679576853
3679511869
3679578477
3646159229
3713227743
3713224654
3757262750
3754972094
3754976190
3754976702
3738330542
3738365158
3738430583
3729839123
3748975923
3748966691
3715605299
3715539715
3699290627
3699278339
3699295827
3640381171
3657026275
2583259891
2583260147
2574794210
2574792035
2553815137
2574872689
2583326784
2579165248
2612719936
2612770384
2614672976
2681780820
2673392229
2673736295
2640109167
2635910767
3172746847
3206354511
3206292317
2673615980
2648470628
2627355861
2627354818
3566874818
3696976082
3692585186
3692622306
3692746482
2642069058
2650721858
2684210755
2684156497
2673666656
2656874084
2657009364
2665383636
3202187988
3197408100
3197411685
3214188903
3218384230
3186931558
2910122982
2905985526
2906079638
2906001590
2906010790
2906002607
2918337709
2947701245
2947807693
2949705165
2949754189
2949823759
2949880895
2924534830
2924540974
2920379694
3188929838
3190953790
3195143998
3203597630
3216055590
2645630246
2628984086
2628918534
2360743174
2360620806
2360616487
2377393701
2377438821
2409940700
2414133900
2372715148
2373751692
2357113788
2357113772
2357110700
2352261804
2620701404
2620763084
2620828493
2637605197
3205934541
3075843535
3058016718
4127687102
3070656943
3071721639
3072324773
3038586021
3038520501
3038060981
2983670757
2979402471
2979464935
2442137335
2446334662
3520146182
3520207110
3522300166
3518175495
1369447743
1369451821
1407198252
322109468
322306060
322240820
305398052
305923900
925634316
627964279
627964279
627964279
627964279
627964279
627964279
627964279
627964279
627964279
627964279
627964279
627964279
627964279
627964279
627964279
627964279
627964279
627964279
627964279
627964279
627964279
627964279
627964279
627964279
627964279
627964279
627964279
627964279
627964279
627964279
627964279
627964279
627964279
627964279
627964279
627964279
627964279
627964279
627964279
627964279
627964279
627964279
627964279
627964279
627964279
627964279
627964279
627964279
627964279
627964279
627964279
627964279
627964279
627964279
627964279
627964279
627964279
627964279
627964279
627964279
627964279
627964279
627964279
627964279
627964279
627964279
627964279
627964279
627964279
627964279
627964279
627964279
627964279
627964279
627964279
627964279
627964279
627964279
627964279
627964279
627964279
627964279
627964279
627964279
627964279
627964279
627964279
627947895
627948919
896382455
896381367
896381375
896381367
929936822
913161662
372095422
388872630
388872438
1193671026
1194735970
1165375762
3319147778
3347332882
3330737954
2256938834
2256938818
2256934722
2274772738
2224361266
2226396962
2157206818
2157215014
2161405414
2163535279
2164049823
2172438413
2272106381
2272105916
2171461036
2154814628
2150496436
2149972116
3240351876
3257051524
3258101636
3258099412
3260195604
3327369220
3329269780
3324026900
3307447300
2217147396
2150026245
2163134007
2226048550
2494549606
2494336742
2494339766
2541525654
2520554391
2520690055
2654381189
3191316677
3191181557
3191193703
3207778422
3157419286
3161599510
3170311734
3165985318
2629639719
2629582373
2629582372
2629576244
2646353684
2650285844
2413368597
2399089943
2399089698
2390561826
2384266274
2384332118
2400073030
2353931590
2228108742
2223909319
2358208951
2359097765
2365377957
2415690132
2399121796
2394857861
2394858469
2415698919
2407303015
2402061671
2402192767
2654387470
2652286223
3729960207
3728911637
3728993557
3724668181
3724567573
3724668949
3724988469
3724984357
3741762871
1606852359
2105977350
2089728774
2089650454
4241329270
4232938582
4095705174
4097818711
4097822951
4114428391
4114360039
4152106727
3086749411
2482839282
2444181202
2444177090
2444045762
2158771394
2158763203
2163170499
2164153793
3254705728
3263028816
3260864288
3323786528
3322732576
3322699808
3322901521
3339635715
2215041283
2350312258
2354432962
2358631379
2358767605
2358701796
2358748896
2358560480
2382120544
2402027108
2385253925
2385343270
2322228258
2326391906
2343160034
2343192770
2322258114
2318129282
2318073218
3391775618
3391775682
3391759298
3404399042
3417915878
3451452902
3432573031
2358831197
2358900812
2354695244
2218574028
2218574300
2222899868
2225001148
2224976572
2224848556
2224847532
2220677804
2233256872
2268976632
2252239113
2255380745
2196578587
2196514090
3270254634
3262062634
3261988922
3258843483
3258843595
3225319307
1077869195
1077856907
1081969563
1079810458
1079295386
1079288250
1079354302
1129755582
3269386670
3269255655
3269255271
3269259303
3286168615
2272714038
2239167254
2246503174
2229725702
2229722631
2230699575
2228537125
2380055333
2379080500
2379081588
2379021664
2405211616
2673383905
2673522929
2673515763
3084815763
3050803155
3049686723
3037173331
3037066771
3070502455
3188993318
3188993126
3189058790
3202287847
3196979349
2660173952
2642877824
2626051968
2357657536
2362898240
2356512528
2222233120
2222252640
2231165537
2231297635
2231291490
2230930402
2163755506
2172192786
2201573394
2183907346
2184108034
2456726530
2460919046
2460914998
2998764582
2996339750
3008923110
2971174823
2956514999
2956869255
2955816581
2955815591
2959874727
2964064678
2965112999
2981895367
2964222983
2964218119
2427314951
2427249471
2427249455
2481485099
2456308073
2452376057
2453600760
2990467288
2990532808
2990451784
2971567368
3026093832
3034482185
3034359354
3028067882
2753357354
2753353322
2752989098
2769700267
2772833723
2814717321
2814649737
2814649753
3854902697
4123399595
4120249451
4055106587
4058262539
4083444745
4083674124
4066819356
3798371644
3798961468
3816591308
1669107340
1669172877
1633603263
1629386670
1629365678
1629431278
1629234214
1635529782
1644106806
1639791638
566045703
834481415
832384261
836575045
869026757
852249557
852020213
852032501
852028405
843706357
827326421
811487189
811491285
811548631
811347287
828143983
828168239
828241967
828365847
828346631
861909253
291480349
291283263
274518303
274481471
273482042
5115178
13506858
13507370
13515534
13516558
14559055
6039375
8126799
15548751
15651167
99521375
225358719
258971519
258848095
191741406
174964190
174964158
182951358
182949302
249802934
249934262
249016806
1313333607
1308909861
1308893477
1313088800
1329997600
1204698929
1200492307
1204555570
1137446178
3284946210
3284454758
3284438390
3280312694
2173147510
2441582966
2441583479
2441587700
2525474484
2529535668
2252706484
2249048756
2517455540
2534217636
2483953061
2618185967
3164535039
3164530894
3164514510
3164121294
3185093855
3206067439
3189277935
3139093678
3155879854
2893735598
2893690606
2902066910
2893760207
2893600412
2901996524
3992490476
3992510732
3967328524
3962155324
3962484012
3966680365
3832974638
3830959374
3826633998
3825327886
3842395678
3875932702
1846939262
1853820669
1861027581
1857557468
1857565020
1721246204
1720197372
1720213693
1720214717
1707664791
1682568598
1682568594
3830043058
3838562722
3968521634
3985309154
4287290210
4288334659
4275722753
4269439489
4269682177
3732745523
2658931746
2667316258
2665222242
2665226354
2664194054
2660099142
2660166726
2676939095
2676919125
2676984597
2648542996
2673660180
2669461764
2671530292
2654806308
3730731364
3755874148
3722321892
3697023936
3290177472
3290304128
1144653440
1144657600
1157239504
1157440209
1157374675
1157374771
1157435682
83170338
1156856866
1156852754
1173630210
1172650242
1206241538
1122355458
3269822738
3266157842
3266154802
3266162738
2192568370
2192551970
2192355618
2193404258
2197598562
2187106146
2187107702
2187106647
2187114565
2187180101
2186655821
2182592605
2182527101
2186721645
2186722157
2195110767
2193996671
2194979279
2186590413
2182592717
2199304413
2199296509
2203490812
2471999996
3544562164
3540367604
2466642133
2466740421
2433112279
2416318582
2420513142
2428975974
2160541302
2156871254
2156871383
2156738293
2156721892
2207045300
2194445980
2186059164
2181863580
2182002845
2198780127
2164697310
2147919966
2152131598
2428957710
2428957726
2445795374
2446652462
2472334639
2457640237
2457835900
4068444540
4068313436
4082997260
4078811148
4045337676
4044288220
4045303997
4045287597
4095685039
4099871407
4108129957
4103937717
4102888084
4102912644
2493282948
2497505924
2491214468
2503913157
2503913157
3078076375
3061101927
3061100902
3061116966
3061182758
3061313846
3061719830
2537502486
2503941942
2508134695
2499622951
2497452071
2493451287
2493391879
2241732677
2208264647
2191376775
2191312294
2191297958
2186578406
2199160934
2165766175
2165761295
2155274511
2163663117
2159534397
2178217261
2178731373
2170341869
2165098989
2165295471
2169428255
2169433359
2446255375
2547966239
2531242303
2531103101
2529989101
2529992173
2521598445
2517420525
2534919165
2534824781
2500213517
2500207885
2546344207
2525438247
2525327655
2525254115
2525250019
2277820321
2236600193
2215529088
2215516864
2216573504
2220833280
2220636960
2229022496
2224825636
2275222820
2275161380
2258371877
2262582566
2189198454
2189395158
2195627222
2195635414
2212411606
2214574294
2172229854
2172229854
2419832926
2417671262
2417732686
2417732703
2953555053
2953509997
2953477247
2953526367
2970172799
2433359471
2445950574
2475302510
2475236990
2458393183
2190219855
2190219855
2194414173
2211257212
2177842012
2161064780
2162047820
2162047821
2161982061
2161908335
2161908334
2161908334
2164013694
2164030334
2155633534
2172508511
2179841503
2213395917
2280504733
2272049085
2272106429
2272114621
2272247741
2272182173
2272181133
2269100989
2268985837
2268993917
2268473629
2272668957
2272668959
2281123135
2209692991
2209684782
2209613118
2197046558
2197144910
2197591518
2189204991
2189204959
2206178783
2170469853
2153707983
2153707983
2152724959
2152495470
2152488302
2161073534
2161114974
2160983934
2160918382
2161966974
2153029470
2153029470
2169872223
2170011615
2170026461
2169895389
2169821565
2169854333
2169977213
2169911676
2169907516
2169978172
2178366780
2178244460
2178244476
2211741532
2211733340
2203344764
2203409260
2199198572
2202475372
2202483549
2202418013
2210869085
2193964919
2193971063
2195015511
2195183454
2186797022
2205547518
2205547518
2172099070
2172033502
2180430286
2211888583
2203368903
2203366885
2471794149
2471859685
3004609879
2971057493
2954280785
2752953281
2752953217
2755050400
2755066784
2753940388
2766494613
2766552709
2766356119
2766225062
2766159526
2766159526
2774544054
2707434390
2749442454
2745186486
2745174198
3013609655
3013675159
3013622983
2480991239
2480975111
2476781319
2476846645
2476980769
3013777953
3009645088
2971765296
2971765280
2971896368
2703399424
2703404544
2703416881
2774582883
2808104546
2803914530
2787127590
2787123510
2791449878
2799840342
3064080638
3065059518
3013675198
2980448414
2426800270
2430745742
2430755983
2430726285
2430644405
2984285284
2975902756
2975901972
2971773700
2703469060
2686691840
2703407632
2703400497
2703394403
2770372322
2803943138
2803949414
2803957030
2787143030
2791451862
2791451798
2808229046
2808159414
2816674998
2812415158
3080849590
3080927443
3047172099
3051367425
2514510848
2510545920
2510463232
2493678864
2493679392
2498006624
3157036769
3157035665
3156908689
3156933329
3156930289
3157087841
3177997843
3211600403
3211600407
3194757942
3203150118
3198419046
3198420070
3064267903
3070117071
3086929103
3042880975
3042947022
3034426366
3034352110
3034352750
2770111551
2803741725
2805968901
2805903685
2804343285
2804311013
2808480679
2816803494
2816804798
2817335214
2800491502
2817276270
2817272187
2817273289
2783585737
2784634249
3053126073
3050832795
3084387226
3080455850
2543793902
2543742830
2545937678
2528963854
2527896607
2527895613
2532085789
2523763996
2519633724
3074068028
3040512604
3039468100
3026893397
3027106549
3028043493
3023831717
3024032437
3023450807
3027706534
3035640230
3031445678
4121956526
4121953518
4126149662
3564193806
3560171791
3564284173
3572677388
2494994748
2511834396
2544862476
3219817740
3204158268
3203965549
3195577069
3193483951
3189371558
3191501478
3191472806
3057190822
3056088550
3077053670
3051895910
3031050326
3031050438
3047843973
2510907540
2544647572
2540437892
2536833924
3577086860
3559007209
3559006507
3571589434
4104185882
4104169499
4108363817
4112558136
4112881672
3039070984
3039790792
2775483016
2775487128
2775495400
2810110572
3077890605
3061080615
3061068582
3059745062
3059746086
3068341302
3068345398
3198226550
3181838462
3164995791
2628649167
2566791627
2566879691
2558310505
3093076073
3088623723
3122243787
3122310347
4196049099
3927605451
3927671275
3927548398
3929645550
3929727470
