1372392455
1406076181
1380926965
1376768949
1376227989
1376227989
1912705973
1916834727
1925231015
1925293463
1648534670
1648536799
3791829119
3791820847
3875706925
3842156845
3843467565
3830898492
3763783196
3763683869
3759952765
3760005999
3760006119
3780969447
3813475310
3813491294
3787805194
3787773450
3771006475
3770739227
3762350619
3762354715
3779091979
3774881291
3775143451
3779334011
3779332458
3812964458
3821485163
3800511611
2727293051
2995728474
2458857546
2190286922
2190225482
2206993758
2173491838
2173500270
2173483366
2173548902
2177743206
2169485654
2170534102
2172631239
2172631245
2473441436
2473441436
3010443452
3010377900
2737748140
3811555516
3812604156
3778738412
1631221996
1631201388
1631201661
557463837
561711647
561580573
569973309
632893053
1706766079
1706761951
2007768775
1470900869
3349465733
3353721525
3349510709
2275752501
2242198071
2242263847
2225224999
2225089575
2225080359
2230585431
2155104471
2155202773
2170018245
2170485189
2244929989
2244995541
2228091361
2229066211
2220661219
2357041655
2373950934
2373893586
2373894098
2373894098
2373959634
2356654034
2356521682
2356521555
2299898451
2333600339
2315680339
2315659793
2315659825
2588879669
2597071157
3666622773
3687594021
1531516965
1527454757
1527323671
454638615
454573063
524036165
1027344463
627964279
627964279
627964279
627964279
627964279
627964279
627964279
627964279
627964279
627964279
627964279
627964279
627964279
627964279
627964279
627964279
627964279
627964279
627964279
627964279
627964279
627964279
627964279
627964279
627964279
627964279
627964279
627964279
627964279
627964279
627964279
627964279
627964279
627964279
627964279
627964279
627964279
627964279
627964279
627964279
627964279
627947895
896384375
896382453
359510517
342733297
342733297
342733233
275627443
275626418
2996658
19773874
1110292914
1181661570
1191099778
1191110082
3332235570
3334337331
3338524451
3355305761
3320829745
3312424721
3580789553
3581903729
3581904849
3577710529
3577716289
3577716561
3577723761
3577605473
3577605219
4252818467
4261207139
4261278819
4259309043
4234080211
4229944963
4229908099
4229519027
4235814563
4244186019
3187225010
3216585874
3216536738
3199759586
3200017890
3203165522
3219992322
2683121430
3613723446
3580697462
3590274006
3590266263
3590131127
3590067637
3590074517
1434194100
1434251508
1430102356
1428529409
1361356033
1361362193
1361087779
1365412899
1400278066
1465298194
1465316610
1465276162
1465255427
1432225299
1174341153
1299988257
1299983648
1299982385
1308589057
1308023875
1341576386
1341555138
1165460418
1165460146
1434432178
1434433202
1441773491
1441111520
2011536608
1935977568
1932848224
1664412980
1662316324
1662316068
1665424940
1631604269
1631608383
1631600447
1631655214
1631917438
1632048606
1673993694
1673858270
1673807006
1657558174
1649169662
1674572990
1674502558
1669768087
1636283029
1619297237
1623492548
1682155460
1677897172
1677897077
1694678397
1728223517
1862441311
1849863518
1867640190
4015125998
3977377278
3977508350
3977475582
3981661678
3990050286
1871779174
1808864534
1810965766
1802579203
1764961555
1769094961
1777471328
2041778032
965808112
965810112
964769728
427828800
432072257
423669299
423669282
402702130
1476640562
1480761138
1489149731
1484955185
1505926721
1497554881
1493393347
1526799843
1593908451
1598233827
1585650915
1585601619
1585675331
1585570881
1589880065
1581430033
1447269153
1447068449
1459652387
1426102051
1409482518
1409744390
1409699334
1410731527
1415384675
1415327715
1439442339
1439184289
1439171729
1439386753
1439626625
1439098755
1472652931
1448531587
1448329938
1578162018
1584424738
1584426274
1584426274
3740331298
3757505842
3723932946
3703477506
3703209986
3703210243
3569058112
3573056224
3564693220
3558354596
4095224484
4095425444
4095293604
4149943460
1994002572
1994264717
1993818509
1447085053
1447084909
1448148777
374402329
909175049
909175833
909245723
2004014363
1953662219
1962051338
1962313482
1960216138
1959036667
1950652139
1694806761
3875836653
3875914348
3842490989
4249318253
4232455533
4233506255
4233506254
4233496710
3721727158
3751025830
4135855334
4135875798
4136034374
4136017926
4140212230
3579228167
1410839557
1410788356
1411308628
1426918756
1426851296
1464075232
1992557536
1988559588
1451426388
1468092997
1438869061
1413639751
1547889350
1547881414
1549125846
1549061358
1557456110
1440015614
2010575310
2002178398
2002175871
2002114351
1964271406
1426401054
1460086542
1460082494
1447301926
1456231270
1452036582
1384956322
1384956049
1384677520
1406042240
1414439296
1409723776
1410775424
1412876753
1412815139
1412491554
1412493090
1433462322
4151497218
4292264722
4271227170
4271756322
4271827970
4271565826
3202008066
3195585574
4269306087
4286067628
4294509228
4255842984
4238934716
4243063436
4234687116
4231800460
2084515756
2081827244
2081844156
2102487949
2134928014
2118348494
2119366350
2115162638
2052297534
2060484910
2142277930
4289766698
4021593385
4021790504
4025923112
3916930808
3910504344
3910520216
1745219000
1812161724
1812095148
1816285421
1824653813
2093155797
1958744007
2085628870
2102471366
4283574982
3738312390
3738308422
3734111510
3734061334
3734040886
2662392102
2679414822
2646388774
2646454311
2650375220
2642119796
2505808116
2534996148
3608705152
3610904704
3608808832
3608806880
3579646816
3588174705
1440621315
1163290371
1163351810
1162141458
1196203282
1464704274
1439612179
1439608659
1439674323
1565372339
1565519283
1561320851
1594838194
1594625186
1443110050
1447374306
1590046578
1585856051
1586966065
1471426049
1169452545
1291320832
1282852352
1293321744
1560643184
1594140641
3745818593
4282688995
4282824131
4282811843
4249259458
4228286787
4228368753
4229241825
4229180389
3964940197
3973853093
3986425253
3984852397
3884193213
3888407693
1732568463
1732617677
1732753229
1732413197
1698858759
1679015703
1678880631
1678883823
1677822895
1677823935
1694616975
3879961997
3997349373
4005750125
4023510335
3981468958
3962578710
3962646326
3962707814
3983678438
4021423014
4002613654
4002482565
4270927232
4271058368
3755156801
3715178802
3698536754
1550004530
1549874466
1290877986
1217411122
1217402930
1217415249
1217480768
1234234688
1263575808
3390280192
3390210561
3390214657
1314042455
1318303702
1318435830
1301588455
3437029549
3428612268
3424405740
1279198476
1143881996
1148121861
1432806165
1442226999
1431807779
1967492403
2001177873
2135923713
2131672065
4010773824
3993538032
3993603553
4010472865
3943327649
3910018977
3911136931
3965519523
3976007331
3971817139
3971295123
3988006291
4119864450
4153423042
2009081026
1459678530
1409329474
1409329970
1409333602
1950390626
4098133362
4106718482
4107175186
4157506819
4140735747
4141788417
4141788432
3059528993
3055345953
3037487395
3154972961
2752381729
3830317857
3838252853
3834018564
3884341772
4001815052
3997686284
3993296396
1846604328
1846567464
1846571560
1846547305
1796215144
1802589288
1811107048
1805895928
1805765065
1805777355
1777467082
3916538571
3916559067
3912365051
3912331753
3899748841
3899733481
3899801067
4241635754
4241632170
4241697710
3700696478
3700691334
3633664134
3650539650
3719737538
3753816131
3741230161
3732909424
3727667056
3727669073
3732898161
3732783587
3749474530
3711705314
4231800034
4231805154
3699325094
3707648421
1571690881
1604722560
1587951488
1190613888
1182057344
1179953121
1465165667
1431678755
1442234131
1358339331
1357290755
1348965395
1361417331
1395127539
1395004595
1396114595
1460930018
1465648994
1474102818
1438330386
1437281794
1437280771
1437231617
1441454848
1433127232
1428803008
1430115792
354219488
354215264
894199136
928808736
928833313
861265699
592822055
591707943
574918439
574983942
574987527
591506695
1933618450
1895887906
1879393634
1879442914
1879445410
1950752674
1954955170
1954963075
1955059585
1971705728
2004984704
1984012672
1979752784
1712370992
1712368932
1714481189
1713432615
1713629230
3878091046
3848719734
3849750358
3830810134
3772023351
3768353573
3854349104
3858686208
3882770688
4012777728
4012773153
3979152353
3983809507
3992194018
3968862706
3968883906
3967874242
3967869123
3972128833
3980582979
3909280835
3942841618
4212280098
4195551778
4208003682
4208004722
4203746882
4202697282
4274000722
3737400306
3670352883
3688247201
3651025313
1553926321
1291716737
1291729025
1283390593
1299678352
1165267424
1467261728
1467065120
1433511696
1433511184
1429453840
1429445713
1429708017
1427627249
1427492067
1427394531
1464159842
1465325090
1473717778
1475683842
1474635714
1441213907
1436948627
1437468801
1441679744
1474677120
400879536
393257952
292594016
275820832
807440688
808690993
1882369299
1882373426
1880334114
1934724898
1926335266
1922141954
1993387778
1993404178
1984976674
1981024034
1996949282
1950748514
1960196451
2090211777
2090236352
2094132672
2101405072
1577099744
2113970657
2114106835
2114100546
2118295362
2102655314
2085808594
2096290258
2096351393
4243639456
4233160096
4228964848
3977442112
3977433616
3983692337
4260647713
4259607331
4293142311
4268113703
4268628743
4286450439
4286516038
4256964591
3717989871
3700688381
3700700621
1574266317
1565928909
1595289045
1595022773
1595018677
1599145397
491848887
491794579
473964675
473964722
473969122
205587298
1287799330
1305638402
1337124610
1320414978
1320287506
3468016930
3466443826
3466441746
3481908246
3487077687
3453519140
3430516324
3430602356
3430601332
3426468564
3443016668
3476582876
3474548220
3457773036
3729390060
1590426605
1456126925
1456193487
1472837391
1430819101
1411092765
1947914525
1880781180
1880823276
1880700332
1879586212
1883780516
1892173220
1619576245
1619838405
1624022343
1624030470
558868758
576629015
576628999
572452103
1645081927
1645016039
1644819367
1649377703
1669694887
1669629365
3783296196
3766522880
3762402560
3758269696
3758288688
3758255648
3762428452
3771075301
3885370022
4137098166
4141104562
4132722082
4128556466
4145280402
3880887682
3847268290
3855660883
3857819155
3857901057
4117946881
4113708545
4246865457
4246996771
4234427427
4242828322
3970193442
3971205122
3968977922
4237331459
4257326401
2143462209
2114118208
2048054864
4262545249
4262485345
4262526179
4023639266
4018390226
3984716994
1841358274
1832965506
2098659218
2098655218
4279663602
4281797458
4264365826
4264043826
4276625698
4272431394
4272488486
4222160902
3685228807
3655869701
3647482661
3630832229
3630828149
3630829381
3648587599
1299722575
1333289310
1339581806
1322837358
1591275375
1591471967
1610284367
1610335581
1568260444
1429852508
1427894620
1415311868
1414092268
1414034860
1414014380
1414018989
1414010799
1414023087
1950926750
1950930910
1900777422
1934268742
1926932806
1994042695
1926802903
1918411239
1913168295
1913168813
1644790701
3775891429
3771631589
3766912373
3766916356
3772228612
3759449108
3759451172
3758222628
3758344676
3775024108
3779480493
3821428661
3872615829
3864126869
3864064149
3864064151
3880841719
3881026850
3857958706
3856918034
3856819714
3890357767
4016191239
4016508727
4016312103
3982761831
3975420775
3970965335
3968867655
4237313095
4237348929
4237418945
4257473473
4249019073
4278347409
2130857649
2131970979
2136037798
2001737894
2001738902
2001747078
2001740998
2001806422
1473471526
1441948962
1374844722
1373853442
1373763330
1408300851
1406240547
332891411
315016451
307688705
304014337
306103313
322749729
322755937
324857185
861916481
861855041
861918417
861926609
828371152
1904210417
1912067057
1912066965
1909946261
1884635063
1880440503
1883192222
1887256494
1891442350
1958684334
1958495119
1956438733
1419568077
3571229501
3579618093
3581720365
3577085743
3610737470
3593886494
3606203166
2528268142
2527284719
2527098335
2527125855
2522911039
2518909743
2535621182
2640491038
2648941366
2644746535
2644566055
2648764453
2623587381
2619493444
2620542404
2620554133
2620549781
2622651031
2639362711
2671803286
2663444446
2663443798
3737380151
3604210999
2530341169
2532372753
2522992913
3542241569
3509731683
3492939091
3492941122
3513911618
3522238834
3517983010
3549444402
3280996658
3285191987
1137786129
1128410880
1094859520
1103305488
4266272
4401440
67251456
68302080
68355328
70524192
338963744
338430245
627964279
627964279
627964279
627964279
627964279
627964279
627964279
627964279
627964279
627964279
627964279
627964279
627964279
627964279
627964279
627964279
627964279
627964279
627964279
627964279
627964279
627964279
627964279
627964279
627964279
627964279
627964279
627964279
627964279
627964279
627964279
627964279
627964279
627964279
627964279
627964279
627964279
627964279
627964279
627964279
627964279
627964279
627964279
627964279
627964279
627964279
627964279
627964279
627964279
627964279
627964279
627964279
627964279
627964279
627964279
627964279
627964279
627964279
627964279
627964279
627964279
627964279
627964279
627964279
627964279
627964279
627964279
627964279
627964279
627964279
627964279
627964279
627964279
627964279
627964279
627964279
627964279
627964279
627964279
627964279
627964279
627964279
627964279
627964279
627964279
627964279
627964279
627964279
627947895
762165623
762166773
1030600181
1064153527
510505398
510505910
1584248758
2133704630
2137373622
2112207798
2090973366
2092087463
2108864677
4291996805
4283491525
2115020068
2115088676
2115150132
2117263633
1987571729
1966437393
1949639761
1947674065
1947614609
1950752659
1954942611
1954942643
1435586290
1471436626
1471439110
1475633158
1433690134
1412722726
1417113894
1551290919
1559682597
3707173429
3707042325
3721705991
3746863366
3725887494
3724868630
1577578498
1582747714
1600045298
1442759073
1421853088
3573543328
3581927808
1463800192
1445970304
1445449872
1378316784
1383559648
1408513889
1978937317
1962158807
1962371790
1962334878
1962330766
1979043790
4158965710
3622106590
4142178670
4142391406
4133937278
4134924542
4134859238
4159824359
4155697125
4120041428
4124112832
4115720128
4113593072
4147532512
4146484192
4150674404
4159066389
4125520133
4126037261
4100774943
1953261627
1949067579
1953773850
1953958202
1979124074
1979063803
2012681675
2012545483
2012545483
2010457067
1473586155
1469407983
1468326511
1468841743
1473022743
1464703287
3608062230
4144934151
4149126407
4149129543
4157506005
4149117429
3041887652
3038311844
3021598116
3021733796
2954518436
2977882037
2986333845
2751452885
2750400085
3018114615
3018126903
2976179990
2976245526
2703746358
2737175846
3810905382
3798321446
3865565238
3866617862
3866553351
3866547205
3866543109
3883286581
3843952933
3827249981
3831443997
3839170541
3834920879
3834907055
3851700655
1736759695
1715792271
1711646094
1711645135
1715838983
1984397367
1996931126
1947557942
1949769766
1949707558
1882589798
1895697142
1891568342
4039068359
4037925575
4088201159
4076660549
3539792725
2457711397
2464011045
2464018981
3000820325
3000825703
2454476647
2453950951
2454155767
2991026271
3016122573
2982552013
3032950235
4107738107
4107737851
4099742395
4101774011
4095491723
4112004043
4112008137
4284203385
4292587880
4254638392
4254641432
4259096841
4250708185
4246661355
4246089131
4250010554
4250075818
2144469674
2140349162
2140152699
2110792969
1573921801
1565537305
1550913592
1550909720
1289815305
1285621515
1218448906
1219497562
1219567338
1221730282
1221729754
1237462474
1245850702
1241719886
1241576526
1241571422
1245749598
172007807
448835965
1522643324
2067902840
2068033912
2063777112
2097330904
2097330904
2097330872
4244830904
4110491320
4111467163
4050649786
1643184298
1638994154
1907372138
1888494654
1888545807
1888594949
1624410116
1614972960
1610778672
1610983440
1678030848
1694796032
1712310016
1846411776
3993899584
4195750625
4204135074
2862613922
2879405218
3115334822
3146804358
3145786766
3665880462
3670139278
3678557358
3640788207
3624013039
3624011903
3628214559
3636603662
1220618758
1220554246
1220572934
1220792582
1229099286
1329762630
1313059143
1312929109
1312865397
1447082228
1447082148
1447099556
1375958189
1375867053
1375862957
1342571455
4588173
12977797
9897669
26535476
45393440
49586976
1382327569
1462150403
1411820803
1411816706
1546030406
1546030534
3693579462
3693333751
3694195941
3564135653
4107297252
4107346676
4103164660
3029693173
3029628644
3033824100
3050371108
3041974324
3075721236
3056785412
3060987652
3203641860
3199308332
2863907373
2863710766
2884903470
3089368622
3089370742
3089505910
3089245558
3093504087
3098554381
3113222156
3145916424
4202867784
4202932427
4202801290
4274109098
4261526186
4261777050
4130767498
4130787978
3861041546
1713565866
3882021034
3886181614
3886246094
1709205710
1700818126
1680007374
1680004046
1684161230
1684226647
1893817895
1893759527
1973480229
1990256677
1994611716
1986154501
1981943815
1445068806
1445331062
1449529826
1441149618
1420231302
1420100246
1420112535
1420113501
1152658948
1291069972
1282697524
1282730017
1282713649
1282714643
1551663170
1602060674
1585086850
1585090946
1584316818
1584320930
1602085282
1568433571
1549593057
1549068647
1551231271
1559662343
1576177415
1609795335
3740370759
3731982167
3727943541
3727877492
2654172516
2654025572
2656376612
2681668148
2643854868
2643924500
2644342288
2644271649
2646401826
2684141858
2671296546
2637729910
2638147782
3694064838
3694065870
3695102350
3698837950
3707030447
3704908527
4233389769
4233364169
3705099001
3705099245
3700519151
3700519151
3721651446
3720539350
3745705174
3728989398
3728921798
3595719111
3595715527
3597878007
3597866663
3597673135
3614450349
3589743565
3570811341
3570778429
3572814121
3572809001
3572541737
4117801001
4151486489
3067254809
2798885913
2932965400
2923528536
2919334488
2936246824
2886902312
2886918700
2886922796
2754626156
2759082732
2779006957
2812544431
2946827694
2946768318
2950971294
2942778766
2943757774
2943756430
3220514974
3216259262
3182443710
3182638238
3169985678
3167887494
2631082438
3704628054
3704629014
3713034038
3746592022
3731977495
3732077829
3740458244
3757164820
3681863892
3648276948
3646377349
3646293389
3654424455
3654428343
3686868711
3678414567
3678418663
3678416855
1530933215
1530932701
1497382365
1497447901
1480668629
1481717237
1490100580
1490116964
1548874084
1544663340
1560318220
2097198860
2097396236
4245862924
4250122780
4260399660
3220212269
2673052447
2589089550
2589074750
2597462318
2593268014
2612400422
2612592934
2611478566
2565342438
3630699735
3358143621
3359138948
1211671936
1211672448
1211674240
1211739792
135970704
135969681
404400561
421177745
995793347
979011651
987401217
1045988369
1043902560
1043898592
1043882144
1027211408
1010697377
1010700195
1014893218
1018497762
481630834
498346498
1606168066
1321020930
1325280514
1248726338
1248792002
1275006962
1220347618
3367773857
3365676704
3365168804
3367297764
3430187748
3442770508
3476464204
3474104844
3755189784
3717311019
2647701866
2639301482
2500954858
2501020362
2635527754
2635473482
2639667786
2614571562
2614371626
2610168878
2596080670
2595957774
3686345742
3422108734
3422096413
1262046220
1228452940
1494787528
1528340924
454599100
453620156
453751732
151761892
151757664
151781152
453770016
453679408
1511700768
1524283440
1589281985
1588494467
1458339970
1160561026
1143935634
1143878306
1143878374
1424962150
1420571950
1420569711
1957456089
1991043272
1458419848
1445824904
372018072
371502744
371499673
371458777
371594075
371597674
354558318
346169454
346171430
346179590
346278146
347117827
347123457
1425056560
1425113616
1548976880
1293189793
3390514851
3390451586
3392539090
1257179426
1521420322
1520710690
1521754146
3669778710
3667697951
3659305261
2047382828
2047386700
2047452364
1779015880
705409160
773488776
790250888
790235577
1863985579
1796876715
1809460138
1807551418
2042367946
2042364746
1488720650
1488855562
1222517306
1222320686
1217929766
1216881197
1217078060
1216943420
1221069180
1213733341
1209690571
1260059018
1245370762
1249545610
1257800090
1253606330
1253606315
3669525417
3669799912
3665076712
3678184936
3642551660
3642654028
1495149901
1495150045
2044600175
2040414053
2040143717
1507411781
1507389765
1499242949
1532797381
1531749237
1531753317
1497690983
1497890661
1497807140
3653679396
3646331184
3646851328
3646720320
4183730500
4183727429
4183721431
4216750566
4214670326
4214641554
4212470706
4279509926
4279509926
4257490855
4253368237
4287053213
3600235916
3600775556
3602708628
3597466853
3593243893
3592860998
3592860934
3609642246
3580282118
2507130166
2507013414
2490230055
2490230053
2632839476
2628641556
2629804596
2629808756
2629681876
2650588821
2642202279
2638006950
2637449638
3174386942
3174464718
3174458446
4252116038
3589349446
3721470294
3721606647
3721598439
3721614823
2681304550
2681306582
2681437638
2681689926
2681558870
2681493302
2650109223
2650100007
2641712437
2642179381
3699209492
3697241908
3714055796
3747600085
3739072469
3737956757
3729564053
3729568189
3725374893
3742213629
3712413141
3579247573
3562458037
3562491829
3579137975
3577042839
3541553543
4082618774
4084560358
4092944614
4092928054
1374957622
1357721638
1357852735
1349255197
1345069068
1882012984
808323624
888031784
901761560
934054472
934055561
392988299
388281258
388280746
354742442
389378222
376840366
374743279
391520263
358031623
81212967
79051303
79047223
78916098
213175810
217351442
217874882
192844230
183407042
183145938
183144434
183208946
174710770
1245247458
1584980903
1584980388
1589305764
515629220
517529764
525918372
520642788
470491252
470425876
337511940
341712449
350165747
345770658
345770674
480037778
228233090
245016514
247113538
1320911362
1525252659
1516810791
1516806695
1517856551
1517989677
1515884317
1515752213
2052635445
2048506165
2048572468
2048570420
1847234613
1847230501
1731887109
1681559620
1681556676
1680510116
1680595108
1680464812
1693285036
3836493484
3836490412
3837534895
3837534910
3839632106
4229698282
4229695214
4234025518
2090740278
1553934854
1553738246
1438395335
133982086
242663814
241615238
251052422
240570786
1314121123
1582424483
1534190049
1541514001
1537511972
2107942436
2112138788
4167347748
4179928628
4180058660
4185297700
4182151972
2823194144
3896803843
3892634114
4161036802
4161172006
4161147686
4250272030
4118151246
1970670730
1976899738
2006198442
2005149867
1988458635
1989471371
1989444745
1450475915
1450152379
1986966009
1995350377
1996398633
4143817769
4143955247
4135513391
4152284975
4152248126
4148037462
1967069142
1883055542
1882992038
1887378599
1893602743
1888814469
1905542020
1972683652
1974772308
1977919029
1969532453
1952755253
1948555805
1969670685
4117682973
4126079805
4160412140
4154183084
4153951660
4120392077
1979195789
1965564331
1965696426
1999516846
4084085934
1945522278
1945616646
1944420614
1399101190
1399107079
1382325783
1382326071
1399241991
3610174727
3576561687
3558805559
1415393301
1415328060
1423782188
1423782700
1419712312
1553537816
1553582969
1574800379
1591581066
1593616778
1584172938
3731657658
3731141562
3727143546
3728138794
2652300074
3189596970
3175966510
3029237246
3028993981
3028928156
4119352972
4158142108
3591898812
3593143980
3593154724
1378824421
1378160679
1923424258
296165378
279374854
279361540
10913796
6789120
2926880
20883904
319719808
302550400
307007396
1389139877
1385084566
1385086898
1921957218
4135365667
4130122787
4130120705
3844384001
3961956097
3974530611
3974547026
3975661234
3899979426
3897876898
3914359010
3922747494
3916694566
1765018630
1748445446
1746283014
672541191
672532999
676727302
697764614
733021463
730923031
713031685
713056325
713073005
717267311
725663087
725729151
708951391
725726431
692424887
671461527
671438007
672072871
740164775
675164327
677782189
681968381
1000473101
1001528845
999336461
998287885
1002482477
989898797
708950095
709002319
704806927
706134047
708706343
708714535
708255779
691479331
687150631
680526439
679477991
729817799
981492431
981508815
981508811
985764858
985765243
432192617
415676456
939956296
939952200
939903048
941410504
943050120
947307193
968278699
968168106
972305082
693379770
957620906
939929194
684075818
679881002
696527147
714352907
718564811
978682763
974488457
977568680
977576360
977576104
1522835624
1514512616
1514519608
3662002200
3672029209
3720259867
2628684586
3165555242
3098249770
3099364971
4191979227
4200436043
4199854111
4195659823
3927240750
3927404654
3927319806
3944621246
1746812606
1746537102
1757022862
1757088414
1756891886
2025335342
4172818206
4172833039
3652772108
3648631576
3642331672
3642267144
3645418184
3645409992
3654122200
1502558971
1506163498
1506162990
1482032174
1477836862
2014711838
939995150
939795470
939811855
944041287
960871927
977778647
440907735
440907223
440909047
440777959
440793319
436566263
419838151
407255367
407247431
415370823
411504215
411309671
415508071
969156455
1002470695
994147639
994147623
960593191
960592183
994146615
994138455
994138455
709074263
708943223
717331831
717340031
717340031
717340031
717339767
708949109
704754807
704754935
704754935
704806118
721565926
688012262
683805414
683018974
683018958
679885519
679750351
679750223
700721775
725888365
726088729
734477337
734469177
730143865
730086493
730086492
734018652
1002536028
968998236
700562780
700561756
700561788
729922940
713143420
713535605
730312806
675655778
671461606
671587558
688298214
721852646
705100247
717671364
717359556
709049796
973157828
990057428
952242917
948045422
679939694
679747118
679751206
679751222
952380998
994338510
977594318
977581967
977582013
994358701
990229933
990231997
961002685
2043133375
2042797503
2038603223
1505933271
1505933199
3678647197
3678909340
3678836124
3678838204
3754351100
3720797180
3720797164
3720793788
3587657373
2507491215
3581154750
3577020590
3715301550
4252123310
4285689950
4284556558
2069900558
2069900558
2069899582
2069969199
1499864366
1500382510
1484390662
1482371334
1482219778
1212719474
1489547746
1489548514
1485354210
1486470641
3650797440
3684343424
3673853568
3665530512
3661205168
4198039200
4195888865
4195889125
4216925671
4225631591
4221501815
4204069191
4208206151
2052334934
2063871030
2063870006
2067802134
2034247694
969096462
969022735
969037581
969102909
968947245
994113069
994115309
989920949
721485493
721551031
692158135
692289463
960724902
944184318
2034702654
2043484478
1506293822
1506289694
1503340574
1234909470
1236867358
1236798750
1236813118
3382400310
3382341937
3369058608
3368928304
3359955984
3355736144
3355736272
3355801744
3372640384
3410389376
3464920960
1317454466
1317388962
1318355938
1175753058
1309966690
1308926326
1308991822
239509839
252091848
470202824
403089864
403098056
403097928
402935097
407125483
407121323
943992233
960884649
734445480
1803985592
1787273864
1787073176
1787081384
3934560808
3931416104
3945053736
4247023144
3173453352
3156614952
2900778280
2897102888
2846869548
2864498700
3936135181
4204571662
4200439870
2047311918
2047164462
2047148286
2047213786
2030448890
671488730
685116106
683084490
949435082
948185802
411331274
1485629135
1489805644
1481408596
1477414948
1477419808
1481548320
1540265504
2060367360
2059842048
2059829505
2047198258
2047134754
2047105058
2047215714
2014710082
2014710594
940969538
941032002
945230418
948253283
948183783
947921575
947924871
411052421
415263109
138737813
189003957
172161157
180539781
176308805
176308741
176181799
176185902
163636014
138469678
134254634
402756618
403028426
415611338
411416971
461805961
444778888
448941448
436339113
437453241
437388169
437437321
448983979
981511915
981510699
994093611
721466955
1761784393
1761776329
1765966840
1765979112
1766044396
1866643181
4009924221
4009924125
3976453919
3976322415
3965175918
3973499118
3990243575
3990243463
3999168647
4267584710
4267582966
4208922934
4211020086
4211027990
4210896950
4210828342
3632016694
3640078102
3635822086
3635807766
3633383158
3632273135
3632277165
3632293533
3636489884
3636493244
3628170156
3624098732
3623951292
3624082908
1493384668
1493394764
1493263629
1498473759
1506858303
1506858349
1506866669
1505865213
1505996252
1531106780
1531172828
1531434844
1531445117
1497792317
1498905389
1481996605
1481931061
1481927956
1480946964
1481011456
407032065
407032145
406974833
406974961
432140753
432198995
465720643
440556886
440556886
457398646
423713046
406976790
415300870
415299350
415299382
415363894
424080150
457626374
440833558
440915538
440794674
440794674
977598263
985952551
985952293
985935909
977547308
994324540
990130492
956642616
944192808
952572200
948377912
948386121
948271437
415554893
407147727
407146750
453357822
436646110
436646350
440850422
449312742
444956391
981745255
981808743
1002829679
960861551
960861551
956675542
990229958
2068166022
2059517334
2059779479
4199005573
4194803093
4194802613
4194736884
4178475748
4165877345
4165863009
4165472819
4175180579
4175171619
2027683875
1490878515
1506226179
1531322369
436610049
436721733
503834839
1577507204
1582746524
1457441692
1455214476
1454162572
1185727196
1186845244
1186951724
1453285933
3751567658
3722241130
3697076458
3697182874
3558770826
3695089806
1547556238
1567936910
1567945198
1551163694
1551261995
1551311145
1551314217
1551243549
1534474573
1534462412
1249316301
191103367
165937558
144704486
144847398
144847398
141763110
137388806
135324422
151037190
172070150
172399886
240553423
240553947
1324847035
1588895657
1588899753
1454679480
1458877880
3598037432
3593974169
3591893979
3591828346
3595985450
3595707178
3620938538
3620823338
3616657450
3616653370
3615719433
3720450312
3712001800
3708069480
3741630056
3741826808
4278632088
4262395785
4283422139
4283282859
4291671209
4283340185
4266562953
4266569865
4266434808
4261732456
4128563241
4147565629
4113974319
4251340078
4260761390
4260693854
4260443742
4258345678
4241699550
4241691390
4170257150
4170200831
4169164668
4173365116
4173393692
4181782300
4211140380
4211270412
4211273997
4215533853
4215337007
4190434351
4190624879
4190555231
4190600399
3653723599
3695601119
3695625655
3691431863
3695660981
3695574933
3695505285
4249151365
4282561429
4274160597
3201401685
3201352501
3201361447
3220237863
3211816487
3178246006
3172285302
3105299942
