1358699551
1356663823
1406075911
1380926837
1376769013
1376228245
1376227989
1912837045
1916834725
1916842919
1925226935
1656988831
1648536735
3791829215
3791886383
3875706925
3875711021
3842418989
3830890285
3830892348
3763847709
3760014141
3760022383
3760006119
3776775143
3813475311
3813474942
3787801102
3787740682
3770973707
3770968586
3829410394
3829414619
3846183563
1728060043
1728061339
1723860155
1719664825
1853968553
1854107817
1854075081
1854070795
1849926667
1862380603
1830008879
1812117807
1812109599
1682082063
1686276383
612598847
616665119
624996367
621142071
790028327
655802407
656392295
624805367
627950999
627922869
1701656501
1818574519
1818573495
3974576822
3974314678
3986897590
2779982486
2813537926
3081840262
3079676614
3081794390
3081818398
2549150990
3207638030
3174082574
3172116510
4244813886
3980561470
3854992414
3855057933
3855458316
3843858460
3843862748
3826959532
3829062828
3829063596
3831122604
3856616116
3856621204
3856492165
3990120135
3981714246
3966772022
3962775334
2086874914
2095267634
2095136530
2025010947
2025010435
2022905091
2043810819
969018369
994183169
457381953
436410432
973281360
973283104
977343008
985674272
981475872
713040416
713303588
731131445
766774037
627964279
627964279
627964279
627964279
627964279
627964279
627964279
627964279
627964279
627964279
627964279
627964279
627964279
627964279
627964279
627964279
627964279
627964279
627964279
627964279
627964279
627964279
627964279
627964279
627964279
627964279
627964279
762182007
1030601079
1030601143
493730231
225294775
208518579
208517554
207993266
216119730
77724082
77707570
77707570
83016962
74626306
74622274
87201218
124945795
104039827
103908787
106022323
104912289
113311137
113307041
92335585
79735137
79735089
71346483
341022979
1414696195
1953664771
1970447875
2004002307
1714587137
1714587137
1714586896
3795289184
3795154016
3860079712
3860079840
2790524128
2799047872
3080073092
3046588071
2492730022
2492730086
2492742358
2224303686
2228497926
2178230022
2178311942
2212390662
3286132550
3286041973
3277587812
3241938272
1075592464
1075656960
997632
862464
801040
4539760
12992833
13038017
80142785
130453889
108365233
108109217
107067825
242477491
242481555
242449299
240349075
240218034
255881186
230749666
213951970
213951842
213951794
1556199186
2093129491
2093190963
2093070881
2101455408
4261592576
4127366656
4128408832
4128392192
3054960672
3054768224
3058971872
3063153829
3080127910
3046577830
2510040758
2492739222
2224307078
3428061062
3423747462
3423743367
1278354885
1295197509
1295082757
259024181
254829861
254833959
254891287
185827151
185760717
184810445
188865181
197184445
247504829
247575453
239317445
239317335
240161062
240168998
240164902
242327586
259175730
208846146
1148370246
1156746051
1156746051
1156812563
1156620067
3295716643
3564152114
3580929298
3614553382
3614610726
4158033206
4153838919
4155936581
4092972660
4084518436
4078204452
4078188320
4044829472
1897341280
1897144545
1901342881
1905721779
1939228035
1939262851
1922468738
1926596994
1448389858
1448127586
1460708386
4145078311
4111986999
4111917845
4099335685
4107687429
4120301141
3079982693
2545745765
2528931173
2533113213
2520520063
2518423031
2501259749
3562418677
3566629335
3566630343
3566335443
3566255586
3562061155
3574633811
3557992387
4111640515
4111658689
4145204928
3876834993
3880832673
3889223587
3872453606
3889226230
3889291598
4015026446
4010829070
4279249182
4279314734
4283578670
4275181870
4270984198
3734176774
3734310934
3734310934
3733942294
3486474438
3452690886
3435913606
3435915141
3435812740
1289440692
1291390372
1281952188
1282350588
1295334908
1295349244
1295086556
1293022156
219210717
206627837
474079743
474083839
469889503
474084734
474215806
492035966
366206750
399695630
399759119
399561999
399562077
391181821
387177917
387112365
387110333
374534557
1447285149
1472299925
1473352421
1976672869
1441899045
1425122853
1419816739
1419885859
1441881123
1462770739
1192238098
1175534642
1175598370
1448506658
1454818114
1455326146
1471906690
1471775618
1434032019
1413070258
1413065970
1413344482
3560799330
3694994530
4231603234
4244185382
4256765478
3717729830
3751287342
3751291407
3738725135
2585323789
2585447452
2602210324
3109728308
3097141620
3097203700
3164111828
2631439348
2623073780
2618894836
2635741412
2669283557
2669284833
2677933987
2646029975
2629117591
3702793879
3434092162
3438282626
3440402306
3440569730
1326624130
1326624131
1578347907
1595124161
521251152
500214064
500214832
502512657
494048275
389256243
372371506
1446097954
1983034402
1987220770
1995867715
2008450753
4127164033
4101867137
4097683410
4097699794
4097653298
4248058406
3179035174
3179032102
3187156798
3183032094
3166257454
3166224765
3164115404
3164120524
3164122572
3185094092
3206264300
3072038380
3071984613
3040482279
3040744423
3023964134
4034857447
4039055843
3502119379
1421744449
1424890177
1164910913
1160520001
120398819
133063651
112128962
112187266
111513474
111512962
1189191154
1198634482
1162929506
1157899618
1141122403
1145515363
3297131969
3298167249
3298774929
3300777872
3317016208
3353711313
3614475217
3541075249
3541079335
4061179175
4061179175
4127305509
4128417317
3054696020
3053864540
3070707308
3041744748
3045873453
3029096223
3029083918
3029083934
2514239278
2539392294
2530872358
2543459362
2543391762
3621335106
3579519043
3558482371
3558502851
1427824069
1434110401
1467648195
1467594947
1192815826
1191765218
1191727335
1162608871
1439564263
1569073077
1300637312
3432394368
3432472304
3432040176
3451954929
3443565553
3439370593
3741360499
3742478675
1599247809
1565695425
1564671473
1543601633
3691001313
3692246513
3557963715
3564246851
3589408531
3585328931
3618688803
3602186001
3600068357
2530586373
2530715413
2522216247
2522116910
2454983470
2455503214
2479620462
3549364718
3247309270
3230474695
3227264471
3223068085
3223193989
1074411909
1091447173
1137585287
1200370823
1184715922
1184813298
1205592562
1199153522
1193845106
1194041618
1160423170
1093310211
1131054675
1198229329
1198102513
1181267445
1110025716
1128117748
1396555124
1363123252
1363069988
1366248484
1366045796
1365517556
1365582245
1375089573
1375081109
1373046405
1356072597
1356125863
1351669735
1353815847
1353753875
1352705299
1356901425
3497045041
3560152115
3560152114
4113739042
4147291938
3057042194
4134978050
4143399426
4139598834
4154225639
4103874020
4099676588
4229695896
4231793096
4231408616
4285934575
2125610958
2123436878
1586508558
1585713422
1317294382
3398295854
3398295854
3415073918
3414813942
3414752421
3449310628
3449310644
3455799188
3455798964
1300186788
1161152160
1161020064
1158869648
1158850432
1158852032
1158917569
1162984769
1162984785
1196670261
1465103671
1458804023
1454610231
1454474551
1458631991
1450212647
1462795559
1429347814
1412564358
3557950854
3570582407
3566307287
3566249831
3566251815
3583028021
2542840581
2530327813
2521945365
2517717303
2517827879
2987721007
3000309103
4069852526
4086566382
4087107030
3511441607
1342466243
1342453827
1090861057
50797569
33955089
38155809
42346019
43394562
62785026
12389954
12324546
16273298
16375730
16498579
8099731
25006515
58438035
41529746
41529778
40744338
40741778
40876947
40868785
57530801
58588576
1098703264
1098178725
1349902757
1347868069
1356301749
1356107189
1347730919
1347730805
1347855617
1416799505
1432593697
3580077347
3613582626
3610498354
3593534738
4134645554
3060966946
3069347346
3069624834
4088906242
4055155505
4036288804
4107296868
4094704876
4094953948
4095085052
4095097837
4250287086
4288022990
4271840718
4271644750
3733467150
3733508142
3733696878
3750404461
3750470628
2677581796
2681767924
2681769908
2640027092
2640047604
2635689444
2635674980
2669547876
2539520357
2545308517
2543211367
2526074867
2526039490
2517650626
3322940610
3338812870
3338807174
3305252502
1305613958
1284638343
1150355077
1150293940
1150297508
1288725988
3423655380
1276360133
1293133125
1326690114
1330884370
1339268626
1339285042
1205067318
1198782006
1467209526
1467204886
3621110838
3604246567
3327418407
3323224127
3457430895
3474720239
3343648237
3314290093
1150094780
1150160276
1149644692
1150691220
1146173348
1276118436
1292976532
1326637444
252895685
255058245
253882647
258078006
224509718
224631574
224639750
224508695
536058647
250788629
246584597
246518037
384864305
370200609
370176035
370221155
370286818
353516962
349313938
280103811
11996035
13634177
13635505
13647777
9496417
11577139
296789810
278964002
1889576738
1893768994
1902353682
1629662979
1663221505
1646691841
1646691841
1646642913
1647601633
1647584737
1649685735
1674839278
1641284830
1624711374
1624645966
1687566206
1972768350
2005142030
1468807694
1452022542
3330803982
3330948102
3330941190
3482984710
2375754565
2377650916
2360869604
2365081316
2230865632
2231095248
2231039952
2231101360
2241439648
2245767073
2246040483
2371209634
2366671266
2366736818
2366815683
3440550211
3440550147
3753943811
3749749299
3749756450
3750799970
3746671586
3742600162
3708996018
3708962179
4247921027
4247933379
2103624035
1839235363
1839236387
1706077191
1706076167
1699784709
1729337437
1729288445
1662131693
1662125549
1664287465
1676739307
1638924906
1639188058
1639214666
1670408782
1938844230
852511238
306515714
307627283
307630129
58073185
24518721
7742529
6686145
15599571
11472627
11476675
11345475
11329091
27901458
65644338
57254194
40481074
36279602
1110152978
1114349426
1114364530
1122753074
1118686050
1119682018
1119675811
1203560609
1207881856
1157547136
1149158544
1144904880
1142750624
1146929120
1146470368
1425385248
1441834800
3580929297
3610359059
3610352658
3593579570
4130516258
3056779042
3060974082
3077980675
2985771585
2964603616
4036240100
4036240356
4032038884
4027846596
4027988317
4027983981
4057393279
3820403790
1654103118
1653902414
1715768670
1711576558
1711711710
1711710670
4127416423
4127260773
4127326564
4149351776
3084005152
2543136288
2643801648
2643666432
2374115904
2374185921
2374243282
2374287778
2239792546
2243988898
2369817010
2399246770
2400426130
2400364738
2383588547
2386732099
2390925314
2407588146
3352355106
2232448802
2232878690
2218135107
3296075459
3451264897
3451129777
3451149731
3480514018
3476324306
3476213570
3476223746
3476186370
3455415570
3455350050
2375839014
2409393446
2413325614
2413321519
2413380989
2413446620
3453645204
3436795060
3436727472
3438812304
3430423984
1144855984
1142300080
1142036368
1158817408
118630016
106047361
105987971
242237395
241269747
258177875
258173779
258161425
224606993
224468785
90207523
73462051
74506530
74490146
208707874
215003426
80917779
122863043
108170625
103975297
101829555
100716451
104914851
113304995
92333538
75541858
75541811
75540771
349411635
1423084305
1953663745
1970449921
1999808001
1714587137
1714587137
1714849040
1647805536
3795186912
3860079840
3860079840
3864265888
2799043712
3080075136
3046588065
2492731042
2492734178
2492738290
2224302658
2161393154
2178236162
2178311938
2178836226
3286132482
3286042419
3277588256
3241938208
1075591440
1075648768
1074731264
866560
802096
345456
4604352
13038017
4645249
122065281
106005937
108109217
108116401
108259761
242481555
242483091
242450323
240215987
239134691
264304098
230729058
213951842
482387234
482389298
2093129010
2093124403
1820441139
1824762385
4282564096
4261582336
4127359744
3054649600
3054698528
3054776416
3058967776
3063157925
3063219622
3047100086
2493267638
2493263510
3434356358
3428065158
3423747462
3423743367
1278354887
1295197509
1295017221
259024181
252732709
252802343
185685271
152264519
152272845
151255756
155310740
188799668
188791733
440645509
440578503
516132950
1053855782
2052108326
2052105511
1785769763
1781709361
1748155904
3895637504
3895629316
3893528100
3893413476
3893424109
2818615791
2822805614
2839578670
2839644446
3909151502
3909150478
3909345855
2835534633
2874393385
2874263341
2857492285
2857626429
2857630525
2874407741
2874276669
2874268989
2876362045
2842807613
2842807677
2841890173
2841861629
2910289917
2910289877
2901770231
2901770231
2901759479
2900710806
2917619094
2917610903
2951161239
2952150167
2935363718
2935371910
2929141974
2928946358
2929009910
2861970638
2878742734
3113431294
3100639742
3100648926
3100714331
4173409627
4173409625
4173360985
4173392472
4169177628
3099638284
3099635484
3091506973
3087315205
3104157959
3138384214
3125731686
3125698918
3134080358
3135194406
3134473534
3151290158
3149987647
3116429083
3108027673
3108015384
3108025436
4177780940
4177682636
4177670348
4177670556
4177671081
4181860011
4190309098
4185918202
4185931354
4223674122
3686818570
3686851338
3682710027
3682711081
3653281385
2579541992
2604711897
2600705417
3137508745
3137786271
3125170607
3125154030
3151364462
3151298862
3117421870
3117432618
3117428266
3117428250
4190117706
3653240267
3678412937
3678609545
1531129992
1530999960
1531002856
1531394600
424032808
424418840
407643656
407380744
403185928
403255608
407433516
407417148
407410012
407739732
407878100
1481620436
1497873108
1531363012
3670447748
4203123340
4203188876
3129455276
3129325231
3146030762
3150219946
3120859818
3122514586
4196359818
4196348890
4196343898
2048860186
2053054474
2052984842
979251210
947789834
410921994
418256906
414059274
414125578
413926922
413926923
146540155
146601595
146646747
167684059
184467355
176070555
171806139
171738555
171815355
169714619
169649065
168600233
437232297
508453545
516827049
382615481
399383997
349052079
282987695
284886174
276497550
275329422
275308974
275555310
812426031
862754093
845978924
854374716
871086652
829078044
829078044
929757724
908787228
1445556797
1449681710
1449685038
1583894574
1592348718
1592423438
1575647247
1286240268
1286227980
1290422280
1282104600
3429627656
3304837640
3300512472
3300455145
3298354859
3298324138
3302521770
3290171818
3307015098
1195248586
1379821514
1379852878
1937748766
912232766
912044314
920432666
918847547
906472504
906405912
1040640072
1040591048
1040591240
504765336
517342873
379323035
364655322
347615822
12263990
16458278
6826530
6826514
7875091
8001027
58610241
41862081
39289217
38044064
21004704
12616676
12623396
281067044
272809476
269657612
353560077
87426574
120980766
121046254
116720878
385287342
1453810890
1453708362
1454673242
1454673898
1454682090
1453107178
1453240782
3600712078
3602547135
3606819247
3594101229
3594297829
4131365348
4130772468
4135036404
3883382228
3881276884
3847722356
3843405172
2752885556
2753032757
2755008054
3022458430
3827644958
3827640878
3773643054
3819440174
3802663998
3802727439
4071108684
1924669596
1920524460
1916314044
1930994060
1998120332
822611389
822545834
822216106
859976106
864166762
395453210
397435402
396420873
127971096
127973644
90544140
87525380
1279166468
1142852865
1142850306
1147044354
3298722498
3317613442
3351180178
3333256114
2260534707
2260549025
2260543904
2260544420
2277276580
2281462692
2246889380
2246939525
2243862917
2511839399
2515837094
3040117926
3073739954
2805110978
2804062979
3877812739
3877677603
3877677601
4011896343
3978425863
3978491446
3911320102
3911189286
3915383214
3915387070
1826697398
1826960566
1824470198
1824402578
1822107793
1822157972
1687727236
1704502468
1706730308
1965724164
1881854468
1882144308
1881415204
1612974636
1625623852
1638137901
1655439402
1655504906
1655627786
871277642
858568874
859609258
857508026
857644171
840888459
840839305
842936713
841888729
850277931
867053099
833367594
816066314
816112907
1894221065
1911980296
1909888280
1943320380
4082405932
4082467340
4078875148
4078871068
4078887468
4045369896
4034789929
3774744170
3773368298
3773306346
3781967002
3781958794
1634539658
1651407002
1659828410
1660790922
584885386
571768970
571838619
571977915
590787051
603382377
570319405
812384831
808198671
808331023
879639839
879627071
887950143
1017907738
1035479563
1069035019
1052317195
989332235
978846475
978916121
441004585
457712169
415769193
415773433
415773657
415842265
411646843
411827067
411679562
478714698
517901130
1048479562
1043239370
1043173594
1043116203
1043116202
1043108010
1044156586
1042239658
1024340474
1007559514
1020142106
881726010
881606203
344730168
344730168
344734568
793464
18632648
35439560
35619272
35631594
38645994
38576238
46964847
38728807
21666885
5938435
22714115
56276819
38319073
38314400
38305952
38449284
51029124
84585860
67808132
83532688
78613345
346392867
346356770
342155298
337960994
388423970
371609874
371589378
375717954
371458114
304419026
57022438
10894950
10828334
10820127
280336909
280279564
284469820
1398056748
1377076092
1377731212
1377735308
1379840644
1379824263
1378759350
1378292386
1394610338
1910517926
1889542310
815931398
815931406
278929423
14704669
2138381
2268427
3311887
269650717
272993069
814582589
881690956
1033412044
998027724
976073692
976151388
975840117
975836007
975831843
711668514
732508451
682111265
682111284
682107140
682107204
951624428
955822828
955822777
685290154
685357994
676960746
1817942250
1696241834
1729804682
1644871563
571131785
571081609
572392345
591270318
1644040366
1621430446
1622421678
1622435022
548725838
550808590
550800415
550800414
542608398
561427471
590782479
591306783
590278687
590217247
623771711
607061034
879561002
904727082
916789882
917322315
917257805
917299788
917299916
380416652
380277388
376083084
86700724
69796005
2953382
2962598
271531110
284113190
279919150
279390798
279243342
312781517
44940748
107906180
237600916
505974964
438874356
439001588
1495982948
1479157284
1483410980
2028674599
2024355366
950546982
950542638
972562478
997729534
991437962
1057500298
1045043338
1053432202
916134282
916003210
314055050
330849722
330005947
300559769
283783064
275468280
275337212
271177708
271119212
271115116
271119165
275616541
275616061
275628351
275643709
342452285
74151965
208288029
208289039
141170447
149566223
150614799
148386623
148406063
148405039
148405103
165247871
197918543
181118799
181121359
181375455
449819133
449622445
449098157
449094061
457487789
457293757
423731133
457285551
1531158511
1539479535
1497544687
1497536495
2034472415
2034275807
1497415047
1497480599
1531035031
2067971463
2135080070
4282561686
4282553526
4282549414
4282881510
4282889702
4282897778
4250916115
4250857731
4236177683
4169003809
4168906273
4168889891
4185857559
4219354631
4225711639
4208789302
2061309750
2059941182
4224197694
4225246266
3653775418
3649581082
3632800074
3364365258
3364418250
3364419546
3364395002
3364394490
3364393179
3368665305
3378233817
2337949512
2321161800
2340031048
2340031032
2339965480
2306607672
2315024152
2313974536
2343359304
2343358840
2343342440
2343350760
2347020777
2313523691
2338822126
2339887022
2339897278
2323115422
2323637662
2340414874
2336158106
3374248330
3357438410
3359601098
3359465546
1211446299
1211579419
1211578379
1211578633
156707081
156707608
165494280
198722120
198755144
158893000
154833912
154903465
1228448175
1232643502
1266203566
1543158750
1543158726
1543159622
4227503893
4227577140
4227446052
4202205540
3661140852
3661288260
4198167236
4196029124
4217262053
4224997671
4220799014
4220799014
4223936518
3674481670
3674611718
3642098438
3637903942
3633709798
3633582758
3633589927
3633589157
3435407748
1292119172
1292756100
1276043652
1276043716
202301772
84857116
84788029
353157679
386699834
1464333850
1464260106
1192152842
1162661130
1305266490
1301072106
1234128314
1234062730
1268678027
1268147592
1268212136
1272275368
1263559080
1259401560
1293144392
219411288
219213672
487648104
487631848
490912217
360881545
1434879435
1469481931
1471578826
1400144618
1395958382
1360814702
1360790362
1348338042
1423839275
1419654189
1421751356
1090468876
16525340
8137196
2944412
321699725
305104527
305037966
846103438
846168478
847020462
841257070
841265198
841785647
1898766639
1882067741
1881544217
1885738553
1957039672
1957105656
1957957112
1974740424
917512648
921706952
384906200
308351769
316687131
316983098
325371178
291826730
275049482
275221514
283544602
283546890
284094922
283955658
351060347
1425834347
1425969515
1962847595
4150176107
4267682126
4267491150
4275865550
2061272062
2052867055
2048660335
2048529262
2048533295
2054824239
2063278381
2073568261
2073568269
2044208140
1506337868
1489544652
1489548188
1489539996
1489613725
1489613469
1485419199
1502328490
1506459626
1507507706
1499109754
4282030186
4282031210
4146760906
1999209931
1983676873
1916568008
1983877592
1998497272
1998499304
3877547496
3864833385
4141720953
4141871419
4141662475
4133241115
1981551422
1998533418
2082349866
2088642346
2029657898
2025523546
1488460106
1505246538
1486431562
416833867
140046712
408482168
410571256
410768888
473626600
490399640
507176588
1580975757
1585037981
1593394169
1593406441
1572364777
1553490281
1553524073
1557720427
1557768555
2136705355
2119929803
2115737547
2050724811
2054919131
2054722539
1786291183
3946357743
3946422639
3945440295
3945442343
3928669221
2854927381
2855976197
2856242693
2856240693
2873083429
2876524071
2884900399
2851345774
2834570734
2834570686
2823961759
2823956623
2831366303
2826975407
3900717311
3900713423
3917491534
3917489926
4190119686
4190189350
4215354662
4215479590
4198697286
4198594758
4207016135
4202928375
4202862789
4207066565
4198743493
4194344309
4194344045
4194352173
3925912637
3925978175
3926064191
3926055982
3930250279
3938897255
1804520823
1804584277
1809380805
1834607060
1830547668
1813762260
1813923036
1681802717
1681804765
1686064093
1686096539
1626725002
3772611210
3772546778
3780908794
4108063354
4108071466
3034128938
3030065706
3032113706
3032218159
3032078909
3048774461
3082591005
3070007821
3057423885
3057619533
3057644109
3057513199
3073864431
2775986855
2767652517
2766407605
3035893141
3035897237
3025153157
3019975813
3041078405
3041012869
3049397381
4119215245
3582141581
3615711373
3616788877
3620967357
3614480301
3593519087
3593513326
4130383934
4130581518
4264752142
4263690254
4284629006
4251074830
4259460414
2628943662
3165937454
3163880239
3164405549
3181166188
3218908796
3193480012
3188305996
3188429932
3054212204
3054173412
3071208917
3041845205
3025063637
3025127125
2957297397
2974088933
3016031973
2999221733
2999221733
2990882245
2986743109
2986759511
3008779623
2962650151
2964749398
2964847958
2964651390
2966740975
2970929151
3003401935
2986701775
2986766767
2990960815
3016172719
2965662911
2966715791
3025592271
3024551631
3025592015
2513755741
2547318653
2530534781
2530501999
2532599143
2541057399
2539013463
2505458007
2507665719
2516574487
2516579605
3051222293
3051159317
2505895797
2506096503
3076441591
3076441559
3076216023
3076223191
3042538711
3042538999
3034086887
3034533863
3036602199
3036671815
4127061319
4127061271
4151697719
4151697719
4132796215
4128601911
4128726839
4149303591
4082125095
4057028919
4057099527
4040353031
4040344391
4039361527
4047553511
4076913638
4076914150
4064331238
4064799974
4073188582
4089834966
4056407495
4056338247
4056340293
4123453188
4114927924
4115976292
4115981420
3041389804
3024580077
3024583165
3024571357
4232531663
4232392270
4258543134
4258599486
3180794670
2643932974
2643801390
2648464766
2648497630
2640117214
2672618894
2672602510
2664214415
2659624863
2659637181
2664952741
2522170277
2519810981
2536719269
2503082917
2490512343
2490509255
3564203334
3564141846
3564141614
3564137518
2499044414
2499108878
2515955982
2248032526
2231255822
2247980846
2375839022
2409494894
2392836479
2667547853
2533199053
2524812492
2659168396
2658578572
2654376380
2654376940
2652222444
3207898988
3174344556
3174557053
3161908541
3170288956
3170291004
3170225532
3161775485
3161845109
3178688341
3178682183
3212298071
3212138343
3212145127
3212145143
3220529623
3052892631
3052892663
3036116467
3027589107
3023392723
3023396823
3044507607
3044503511
3053453271
3086997319
3086866262
3219969910
3219453286
3211064679
3212178807
3212146007
4286018901
4252988885
4252923349
4252915189
4261273063
4259108342
4284016070
4284081606
4286313846
4261073250
4261139299
4261140275
3053057809
3043616512
3039688464
3039811444
3073361764
3077494132
3085878741
3086435783
3069533687
3195366887
4283788791
4283790839
4285887959
4286019029
4252464597
4252465109
4260852087
4290081143
4290113911
4126536023
4126527815
4118279495
4101498709
4101502773
4101494565
4118139181
4151693628
3061174284
3061175304
3061140504
3061270824
3069336360
3086188072
3186720345
3167770313
3167765195
3167769514
3184587178
3218141610
3209851294
3193074062
2656199054
2539024798
2538960302
3044374510
3052893662
3051806175
3051740671
3219451389
3211062749
3212305741
3078026525
3177370909
3043213631
3043086639
3043029807
3026215725
3160434239
3161683583
3176292206
3176601966
3184859518
3218413646
3218545870
3218568654
3219092446
3185402751
3184882429
3168065532
3163938300
3168139500
4095002860
4111752700
4111475085
4111606671
4124193679
4103225767
4105389479
4109389287
4101040599
4112574789
4146244933
4146505477
4133914117
4133913397
4133852005
4150567780
4150654325
4126594421
4126602613
4118279461
4118148389
4118115639
3044375870
3043458878
3034996526
3034992190
3044230686
3178329614
3176199694
3218133822
3213939503
3197432621
3197493533
3197493596
2673112573
2668907693
2668956845
2636057773
2618692797
3696632271
3705020743
3705082381
3704885789
3704906301
3704940329
3721783609
3755456857
3730217435
3730738587
3730671499
3730609099
3730633419
3743269481
3711882025
4114543912
4113489208
4126055448
4256012313
4021065755
1873583130
2130555962
2117726250
2115592234
2115711034
2115637306
2117734510
2117731054
2142831343
2091452150
1555766982
1555775174
1553477318
1285041862
3436785654
1222323698
1222190323
1222238291
1236901953
1237028865
1486455808
1490599200
421046304
454600737
437958675
437951491
507166723
507199490
371917042
371855779
912990885
917058213
1974010516
1420641924
1420654212
1420063364
1424257677
1416975069
1416979197
1423238507
1423238443
4157975593
4157978681
4157913369
4157910281
4115965705
4094989129
4095050697
4095050715
3826680299
3826693610
3826691562
3839342698
3854022719
3854021647
3875000335
3795140623
1647063375
1647256575
3794678767
3882549927
1705509543
1688745710
1689858014
1958227278
1972906254
1473784074
1465583882
1473906954
1587175226
1589307178
1606001385
4289241800
4188582536
4184638120
4179920552
4179986088
4214396328
4212306157
4211269743
4181860462
4165410926
4173739494
3636862951
3638431589
2564623349
2564570052
2564632004
2296196421
2296213255
3381636614
2342436434
2392759906
2392232546
2392097570
2396815650
2254229606
2248953958
2249994359
2199789021
3273275804
3252300220
3286120892
1117591996
1121717404
1132200076
1077870991
1076756814
1076765470
1077682990
1144787758
1149002542
3315523854
3315507470
3315245834
3449466634
3482889001
3466111784
2398653416
2385223064
2386277512
3459949704
3459949960
3441094040
3692720060
3692703372
1557010052
1553269407
1557410798
1481647086
1498443567
1527803405
1527784973
1532027397
2034283037
2042671405
2038477609
2038464811
2072019210
2055318586
2059638826
2114099242
4261582906
3724691722
3590719818
3591769546
3575532970
3562950058
3569243306
2495467662
2495381902
2493481935
2493493988
2547819044
2518528512
2652803584
2654966576
2654524705
3195594017
3212340515
3120197063
3120176582
3120170374
3178825110
3178759614
