1074329738
1074366606
1087019407
1082833293
1082829199
1138403726
3260983182
3263079374
3271459534
3539370718
2461369070
2461311727
2448486125
2437996269
2421182173
2440199629
2440193527
2431808871
2431734119
2431702310
2440094999
2205216535
2188639495
2196166917
2196166661
2196175893
2196069669
2204388645
2171029285
2172012343
2180962071
2212816695
2481235255
2464455735
2456652855
2457701431
2539494487
2505030871
2484075735
2483911879
2483886295
2483948006
2504923878
2547924578
2527018611
2528933443
2533159491
2264773569
2271195585
2539631057
2489292785
2485100529
2485033937
2485033809
2485049681
3023952177
3023858789
4114359397
4113900005
4145492469
4279702517
4283778741
4286861221
4286861285
4286872005
3754192071
3754320967
3737548119
3729150327
3730195319
3730195031
3730200135
3730825159
3730700758
3747461590
3747461586
3579817410
3579229634
3562443202
1423360322
1425490003
1416954977
1348736096
1344613472
1345795425
1349977569
1356100577
1888248563
1888281155
1351479874
1372444226
1397607938
3524250370
3525253938
3525262118
2455644966
2530619190
2258058774
2256799294
2256798254
2256810798
2273583406
2240028974
2375296047
2358510639
2365375535
2365359229
2381087197
2381152669
2381156797
2372710844
2406323132
2674233788
2636617148
2636626364
2619783644
2620844501
3157715413
3157716935
3161910983
3839284934
3855976135
3892152263
4143830357
4143834357
4135380197
4064043109
4064227429
3007184997
2976776293
2985178981
2982098533
2981449317
3015007831
3012886087
2999248455
2453993286
2470756710
2479210854
3016151399
3016160359
3084379381
2522181076
2534768084
2534825396
2501265300
3023455876
3027654277
2490529413
2490597047
2513534695
2513498103
2547314518
2538923798
2522211639
2547512631
2545931319
2512114741
2495206437
2632514596
2624113701
2640895063
2641028567
2674583014
3219912678
3085486054
3085487862
3052396279
3052387029
3043797716
3043274308
3040198212
3073889876
2805372532
2805380469
2810162214
2818354214
2817312806
2808924194
3878602802
3861829634
3861834754
1714351106
1713827091
1713831185
661117201
627559731
627563539
610786327
610663479
610663718
610553126
611143030
611140983
627904887
661467511
669856119
636301655
619516887
619517655
753744599
749681367
766474966
1873738438
1856944838
1857011398
1856549318
3999830470
4012487062
3978998437
3962233508
3962103456
3966533280
3966514596
3975950500
3992199317
3992395927
4015464630
1867986110
1867922846
1834367630
1842756303
1706523341
1706524237
1703999053
1703994633
1732305931
1732309050
1728246058
1732436846
4014143214
4022519550
4022585038
4014012047
3997236895
4265730047
4265856479
3997422941
3998475645
4015056237
3840992557
3836925237
3837187349
3841380693
3830837333
3843350741
3845518581
3778991605
3783184293
3791539877
3791081141
3772022423
3763627671
3780405174
3813963702
3813962726
3814024182
3816124790
3816100118
3782541590
3765900575
3773250879
4041682727
4037422901
4121378645
4155776965
4159979461
2140422085
2123767671
2142637927
1609908023
1542794519
1500849431
1500590359
1534079287
1531998518
1498472758
2042668855
964732785
947953649
952147952
2017574624
2013509344
2013509616
2013444080
1761785312
1799533665
1778564179
1845730386
1845730386
1845664870
1849859174
1866636406
1833163846
3959544903
3959553493
3980652517
3846602469
3871760117
3871753797
3872899909
3868573975
3872440359
3872449574
3879773222
3879775534
3875711279
3880163647
3880225039
3880093701
3846999045
1678621749
1678697509
1678697509
1818149925
1820279845
1702708599
1685934455
1680699890
1680699890
1680692722
1819221394
1827609490
1826953875
1822916243
1873245825
1856385665
4009108097
4009697924
4009567892
4278021860
3200023268
3200015084
3200019020
3221057100
3221153292
3221149197
3221078575
3187458863
3111973678
3120342830
3120014654
2834806102
2826941894
2820644294
2820513750
2887564278
3960793766
3977703334
4011253127
4000760967
4000695447
1853150375
1852892327
1852892326
1853023462
1853021310
1853082910
1851902222
1851910414
1851910942
1847851582
1852037695
1852033599
1869072959
1835487039
1835355199
1819573303
1819634934
762543286
762469526
761416086
769870230
635521974
636574646
636578198
636709254
636709254
636709270
601979318
601956278
601964470
593571774
593571774
602095550
602085278
601953950
1637955294
1637955294
1638153806
1638149646
1889806862
1889806863
1890400783
1357724175
1357872653
1357381461
1357231477
1885639031
1885634935
1885634935
1885639479
1617409591
3764823575
3810963975
3794178567
3794178567
3794129199
3794072877
3794031657
3798273065
3815181433
3782696057
3791083641
3774339417
2700466441
2700599051
2783901194
3085890062
3069112846
3068908062
3064549950
3068670574
3194495214
3194498223
3219654828
3186231484
3182315660
3220069516
3060102604
3060065224
3072648057
3076908905
3077992239
3044499247
3027729215
3161938749
2625576732
2633963276
2627474188
2492994108
3566797356
3701150252
3701158509
3707246062
3699133678
3694950630
3692886246
1560803398
1577510918
1309075718
1309070596
1577419028
1578471476
1578610724
1591128116
3718152560
3701378256
4238182581
4173109415
4164724903
4231833763
4232035731
3979794051
3983983346
4020486882
4020257506
3999277538
3996131522
3878691014
3828491766
3832680167
3836890839
3837217479
3837029975
3837029911
3774115350
3782485518
4147451678
4132910382
4132770926
4141155566
4141221070
4137026766
4287505614
2106533087
2089558479
2089300301
1552615261
1557869932
1549282796
473443500
490220701
1058811021
1058874509
525205917
533595053
528900780
495415900
498455052
501521944
502053416
502049576
2108661560
2108339977
1806350091
1773044490
1769833258
1746711850
1746707754
1746773018
1746910218
1763687450
1796127786
3943601455
3927885615
3944727103
3948528237
3950629485
3950637693
3950630783
3950600063
2885245431
2885507574
2885492726
2852062166
2851541974
2826384322
2826248658
2834396402
2830194914
2828257395
2844973123
2844978433
2945639169
2941444929
2920403824
2920338400
2920314848
2920636389
2924761061
2933148645
2933149671
2799525727
2807916367
2807883599
2807949151
2774465919
2808008191
2807975391
2942127583
2950520183
2950454591
4023721262
3914667326
3898029342
3897697606
3897696342
3906023654
3904902374
1757426918
1753230550
1770073542
1770073991
2038441607
2072011399
2072109701
2076291973
1539412381
1606530461
1606532533
1606662612
1472379349
1465056581
1400011981
1399194829
1395066013
1361513663
1898847679
812522431
820973247
820776639
834409151
832844446
870638302
870622015
870621999
1936503597
1911324965
1911332149
1894620468
1894619444
1886361908
4033781045
4096720677
3560861479
3565028967
3562407651
3696561907
3713286099
3721684419
3755206081
3750945985
3734148161
3738403923
3740390467
3732008003
2654071125
2670852453
2637290469
3161710565
3168241380
3164046293
3163849685
3182732279
3186926438
3207915042
3207906850
3207990818
4248182306
4247135538
4259652658
4255453234
4289069058
3756916802
1609433218
1608926338
1575440259
1424358035
3572624035
3568413345
3566251681
3583028977
3620775509
3603997493
3597722423
3598049575
3598147879
4146550055
4151133479
4117709863
4127147063
4127016055
4126950519
4118597703
4114604359
1430188359
1430157127
1434353223
1434394358
1551703014
1560087014
1560026615
1557937623
1557931479
1553801719
1553347063
1572230099
1572328402
1508959218
3679773538
1599398754
1606804339
1590097779
1590156919
3738566517
3730619253
3743259516
4280129916
4279876988
4252611900
4124676412
4158165276
4158427421
4133257503
4150181935
4145988655
4114537774
4114541870
4118740255
4118208267
4118234955
4116006731
4115940347
4118639595
4118754299
4127134427
4110357211
4110227195
4110165631
4110182271
4126958975
4151104891
4134327547
4131181787
4131378379
4135503051
4143896015
4139709309
4139610925
3623625513
3732153129
3593741609
3593944121
3598064699
3595967807
3604379135
3600142815
3618947471
3585393039
3573466511
3565073855
3565153711
3562401711
2488592367
2488592255
2496984895
2499069487
2499125807
2499125815
3036525079
3036541463
3028087607
3176984679
3176984685
3210596461
3210629245
3206415373
4280157193
4152245529
4160699705
2010987833
2010922297
2002533657
2103260441
1025454360
1012797704
878576392
886965000
888996440
888930921
1022890537
1021858411
1038636635
971570811
971570027
971570155
971635419
971636427
963245771
996758219
996791291
997978539
964358570
972726442
419078314
418948266
418954682
419204506
410291610
425168346
458663178
441884939
450273561
509518137
509538584
505278744
505139480
387634488
890953080
895208952
813287832
830065033
326978953
310117785
845943209
846999977
847065515
855585259
853487915
821901115
285159179
284045067
284043019
284104475
283906875
812384555
812384555
837551403
569268009
569370425
569173785
636278281
627885657
627885689
627957371
623869563
623867643
628093435
628093147
669888731
669823225
669880569
669881848
669892600
636467960
628096760
623863513
623846091
623719242
661459066
669843562
669848618
669858874
669858826
661470474
1030706970
1030706010
1030705482
1030746570
1022161130
1022152938
1022156010
1022221819
1022360905
904855369
930015048
862905288
846128072
913175449
929601451
929603498
929618602
896060330
879484858
888132042
883880010
884895754
882794539
350036009
349971496
358421800
522069256
505308424
507442952
523159369
493651963
502040491
485005226
485005242
485005194
501847946
1609217946
1592440762
1592436123
1592436219
1593483625
1593499945
1593778488
1601974553
1568419881
1551183913
1551249449
485889339
486409483
343803659
338167307
69752331
69768777
338200537
342657017
351049657
359511961
359577499
393131675
376354730
376353710
393130430
388997350
1999483110
1999560807
2000610423
2004773959
1996369221
2011053381
1944000325
1935488863
861680511
861409903
838337131
867750763
867754859
850961915
855162329
840482249
857312397
823821452
807325836
807301324
874393677
876490777
880686377
880686891
905915947
935145018
935079434
918316554
918324746
917276282
921470442
921470442
913085691
909095163
909025515
910074090
926851242
924754090
928965034
928965050
870208410
863786906
897337243
893147033
897537944
880211608
887547544
1957095128
1956945624
1956941561
1977913337
1969526265
1965531609
1965482457
4117127673
4100346729
4108714603
4108726826
4108789290
4108594714
4108598586
4125375786
4159001722
4276606027
4269266251
4269257163
4264862683
4269056507
4269048043
4294426731
3757498475
3755369595
3755355499
3755420971
3748994859
3715964730
3724351258
3724359435
4261376779
4261303051
2113917755
1971114857
1966650345
1999164409
1965573833
1965835849
875450233
876509481
1953918249
1953983801
1962202377
886358793
886358857
357810761
355652429
288552269
288814301
360053989
343211237
349502895
345298351
1373033871
1398208391
1448530823
1448530838
1448604598
1456858086
1469376486
1469442006
1473705926
1465836998
3615487447
3623744885
1459402084
1459401772
3539829820
3531322428
4063865908
4063867957
4063999063
4083062134
4049519078
4049584630
4028527558
4097717190
4097181654
4101316578
4107545571
4103368545
4103366512
4103365136
4107592192
3562205696
3576840960
3576827136
3610449968
3576768544
2505124128
2509318948
2542018100
2256798212
2257388103
2258567878
2275168994
2243716066
2231172578
2222770658
2218559730
2216659154
2266928323
2262737857
2262737600
2264638080
2263402144
2385043104
2401827232
2235103393
2503665827
2501569671
2535105734
3613046214
3612051142
3611866838
3712804727
3697143591
3692850465
3697032481
3697024288
3705085744
3705026128
3695383248
3708945088
3742516160
1580384448
3748774112
3755013216
3749768224
3716213029
3720407333
3611490597
3591567637
3595750663
3600205126
3600203974
3600662686
3600576686
3596378286
3558621358
3290318302
3560865358
3562957327
3570690573
1423206973
1414852381
3574064461
3611734477
3611726279
3620177335
3619995047
3611598247
4148477927
4148993991
4148598341
4131824133
4132876852
3061305893
3073692197
3040114469
3157552423
3157666869
3161850981
3166045301
3182756221
3216257309
2662606093
2679384381
2650614061
2625579367
2625505639
2357071319
2365523399
2360684929
2360681857
2379621809
2379687345
2379681171
2379437954
2408769410
2408705522
2396061026
2385562658
2385562642
2385669122
2385669123
2406640897
2381477681
2358464288
2358267680
2357481253
2374270245
2412010789
2396277797
2388020247
2253797383
2255894838
2253732134
2253658407
2279017335
2211848005
2214559553
2214549441
2214453201
2205732833
2205798371
2170249202
2153667538
2152627010
2160999234
2161060690
2227972898
2229041954
2229034786
2222251894
2222258007
2239035207
2272573261
2272573436
2255814120
2254757352
2271598712
2272254040
2272221304
2171500904
2171484664
2154772953
2163153369
2179538427
2171157995
2171157995
2171157867
2273130363
2281535327
2281567583
2264708445
2197599613
2188154229
2255328756
2255461844
2255207636
2255206644
2250946773
2250946629
2250942529
2251991107
2251996243
2251994482
2537468402
2503913942
2491389398
3028131014
3028130006
3157768422
3157633254
2887035110
2887120999
2887154757
2887136516
2891388212
2891191588
3170114852
3170114852
3186956852
2678528532
2678528564
2611288628
2342787700
2342795860
2342795845
2346998471
2305088214
2305080278
2304883158
2304899542
2304891350
2304989654
2306030422
2299673175
2302814807
2344757829
2344823381
2340432501
2340428661
2344635765
2311114101
2303839733
2305936887
2289159159
2289425399
2289556470
2355624950
2355624438
2355608022
2381290966
2381223383
2381231559
2356131287
2356002807
2355944423
2355944423
2372230133
2405899125
2389064468
2389064964
2397449476
2398430516
2389996836
2388968805
2405794303
2372899327
2355990966
2355987894
2355402166
2355467702
2355477910
2355543446
2221324678
2268244358
2251467142
2519902358
2519903446
2519899334
3591804102
3591807046
4128694295
4132888887
4158059815
4259312947
4244626707
4236168963
4251700995
4253011507
4286447137
4278054689
4275961137
4275883025
4267492352
4265604160
4265504832
4282273877
2101297653
2088567269
2088579557
2088708055
1560227526
1558121170
1553930978
3701045986
3703106146
3753439058
3740853570
3732648258
3732574275
3738865873
3738927345
3730686176
4246590692
4229815716
4229947301
4234148581
4234144477
4242402015
4259179103
4292667967
4275891503
4275885103
4275851326
4267524190
4263063774
4263190718
4279902382
4233769902
4244244126
4240395935
4106177231
4106013263
3573344783
3614763549
3597986621
2524439839
2532831503
2532831261
2532823085
2539077741
2488746223
2489271711
2489221015
2496559767
3570367157
3570231973
3587992501
3730603476
3730666564
3598676996
3594412036
3594412309
3598639927
3597652774
3580740390
3563967446
3563975622
3564107718
3563966350
3573402558
4110277359
4110281455
4110216047
4160548159
4135384127
4135383087
4135407679
4135473165
3732811789
3749584951
3716101479
3696953063
3705276119
3705292487
3705235143
3705202391
3705202679
3720916453
3620314613
4149906901
4133131477
4129005781
4145799365
3577630917
3560849797
3560834807
1954416359
1962753767
4105973479
3569102455
3585900375
3585924369
3623671057
3598701824
3594449152
3594445056
3594444848
3596611616
3596587056
3621752849
3588199507
4110392658
4244606818
4235037410
4235053798
4248698838
4282378182
4265567686
4265440759
4265416165
4269544805
2138908005
2138910485
2147428149
2143237909
2143236869
2145325319
2145219847
1465676855
1461550182
1964963942
1969146182
1977273798
1977205190
1971880422
1976099302
1959322087
3561682311
3562725255
3571109797
3571011493
3570958245
3587731413
3615057877
3615450965
3623843605
3623835413
3607058197
1451054901
1451029797
1444734241
1444410641
1465815297
1423867971
1425965255
1954514118
4231634070
4230736054
4230670758
4235131558
4261403366
4273796838
4273791574
3204243975
3204211509
3061604653
3061604460
3067884652
3076328700
3042904316
3034189309
2633637855
2499772111
3564928719
3581734607
3579838429
3621715933
4158649804
4275892692
4292141492
4283785661
2098689469
2081824175
2081820078
2081885678
2087791830
2087724102
2087723294
2029019966
4170249774
4170507822
4187270710
4220825110
4204572423
4204571653
4208761877
4200176692
4196326436
4195273765
3658370085
3725463031
4262336215
4266021527
4274475670
4253938311
4237156997
4237145732
4237139604
4241334260
4229742388
4229821748
4248822804
4248789012
2100244532
2088702244
2088698661
2097088295
2097089343
2094881662
4259182974
4292667854
4275891662
4267566542
3726557638
2000602070
2004866023
1977607015
1973282599
1973216551
2006774823
1985761303
1981632535
1981698071
1981681687
1981682903
1985367975
1993821863
1988484775
2005268103
1954866823
4106544775
4098221703
4099399303
4099395303
4107650791
4126466661
3069501989
3069501749
3069562909
3061305373
3078609983
3044923455
3044907375
2759826302
2759768958
2759847262
2759193950
2759184719
2759147647
2776060015
2775912551
2809467239
3078037879
3059164531
3067555697
3063364212
3080657492
3084864196
3051114180
3050897092
3034179220
3030365844
3030292373
3031734183
3035927975
3039871462
3039871334
3038966038
3022184710
3022185746
2758962994
3832700210
3841186098
3830765586
3830962178
1700199426
1695992834
1830210562
1868028978
777518114
779449379
779448371
779563075
775360707
773263537
710349223
710236077
701848237
684587675
680389259
697150155
696887819
802725386
777553162
1849205050
1849221163
1715134569
1731875053
1698562493
1686045085
1686057909
1694302893
1690108589
1690120959
1688024603
1687957019
1960586763
1960672011
1977613066
2011015626
2013047194
2004659354
1999930506
4013195658
4017455802
4023816874
4023841515
4023902767
2949964334
2950488622
2944198438
2927190310
3128651830
3128512534
4227362855
4191711269
4175123572
4177165380
4168808772
4231715140
4229613908
4229880144
1969155392
1968620737
1970782403
1966588114
1966592098
1698165859
1735750691
1718975779
1861576995
1862236179
778000387
777346051
777385010
776335654
1858589030
1858589030
1858466294
1799741911
3913671111
3897026247
3965175447
3965568679
3976021677
3976021677
3976027837
3992743837
4026296749
4017940717
3984587005
3984521293
3967723589
3963464709
1816110359
1815541015
1815532358
1681277890
1697858547
1697645475
1735397795
1735398823
1743863223
1672686999
1670852503
1905729431
1905598343
1892958085
812919429
276114053
284502711
300165879
329526994
317059650
48665346
1114083586
1113960466
1122283554
1403301922
1353487651
1353682209
1353616177
3506346865
3498031985
3560946545
3560880403
3577662466
3615347730
3614236722
3614203938
4151074850
3078517030
3086631447
2549761621
2530856565
3067664997
3066620468
3058215701
3193608453
3059647749
3068052231
3084833367
3084874598
2673615206
2635347302
2618559590
2618690662
2622886998
2631279943
2627020743
2626954197
2625927109
2630141829
2646919061
2505887637
2237648791
2237660103
2501864407
2503895895
2503880535
2541626647
2550100279
2533126447
2526867759
2526863743
2530010239
2521627774
2249051254
2265959638
2270121430
2270117334
2244886358
2244872055
2244872055
2245997523
2229154771
2229167043
2225071041
2224612337
2241373601
2245572069
2232976868
2233042292
2233107788
2503646988
2491067917
2491066893
2491136543
2488842815
2484643391
2501419831
2505699607
2516304149
3036332341
3034206516
3025819428
2489015908
2484821749
2501713623
2535198343
2518420870
3592359046
3596426470
3604771942
3617349683
3617284097
3619348736
3589989120
3564888928
3560567648
3560622064
1413144000
1413111232
1417632193
1149049809
1148459889
1148467731
1146380082
1557484834
1573938466
1301307410
3482435602
3486765074
3463892994
3463893058
3462791234
3471245778
3332834035
3332846307
3350487777
3300159201
3300682721
2222774643
2151467091
2151581699
2201918467
3258901506
3258900482
3258872130
3271446866
3265217522
3265221347
3264049827
3280790179
3230196387
3230463649
3226270625
3222076385
3221748689
3221658432
3221666624
3271993793
3259409859
3326517442
3327561922
3323384194
3258860930
3257798034
2188316658
2209291234
2175614946
2208837025
2192059808
2192074912
2196261012
3257419924
3257420020
3257555188
3257543124
1110059980
1110077388
1115250380
1123599053
1134072797
1100591615
1090236919
1082044758
1082111238
1076862742
1076230710
2615858
2615858
3668530
1148316178
1423041794
1439809538
1205305362
1196851218
3329658946
3324428482
3328655570
3328639474
3337028578
3333895139
3314888673
3296996192
3297012512
3301239072
3288656144
3290336513
3309208835
3475935234
3459158338
2389610834
2398012402
2393883554
2393887395
2394743457
2394743713
2375868832
2363260320
2354867088
2350214096
3423984368
3424045665
3709245953
3747000067
3737624834
3738275858
3730288658
3596005699
3593900483
3593912705
3597615537
3614245281
3589025953
3589022881
3506187425
3497863335
3514702231
3548252615
3538835911
1391425543
1391225861
1122771021
1122771037
1122971885
1122898413
3287155437
3253535405
3236704991
3232588487
3236787910
1089236694
1080851030
1076132406
1076230706
1076230674
1080389379
1156932867
1155880195
1164300307
1193799731
1176915987
1176912130
1178484994
1314866002
1323128423
1302099559
1284796135
1283746471
1287941031
1288469927
1296911798
1330040966
1313251462
1510379718
3724968006
3730739510
3734873895
3736907300
3753684524
3757876780
3711734316
3692577324
3692627772
2619223844
2623417125
2497055009
2492942627
3621113091
3604340995
3603407107
3603333186
3603333314
3595468930
3592339618
3541781666
3493529762
3493542306
3564846067
1425750643
1419525683
1419519539
1436312113
1469374753
1456984369
1448530113
1578553473
1578553473
3726033025
3747071123
3720856995
3703954855
3703860967
2630118951
2631151143
2358717975
2224430599
2226458135
2230587175
2228487975
2228551975
2228646147
2223399171
2241163543
2241688951
2279399269
2273102837
2252328775
2252263239
2252272967
2256396670
2279384302
2375853550
2363268526
2621743031
2634325653
2669057669
2652279685
3189150596
3189158340
3189154132
3189089572
3205801253
2903811365
2903828269
2908156205
2772877613
2806498349
2806269037
2814692591
2814758127
2814889055
2814825551
2814824527
2807488843
2807554379
2803230075
2803367913
2803326953
2773965819
2908183515
2916425695
2899654623
2891200511
2891789055
2917102295
3992941303
3925865077
3957315157
3948865349
3948915717
3948788757
3948198949
1863642151
1830087727
1830251583
1830186030
1834359854
1859257646
1724056879
1723925821
1723938685
1723938652
1992374108
4139849668
4073146308
4052109252
4035334084
3498516445
3502578685
3502513007
3502578286
2445621862
2479173222
2462330486
2185508438
2185508694
2202344982
2168921622
3234209286
3230014978
3230086674
3229890099
3229890163
3234076241
3225685840
3221510512
3221510640
3222067568
1091369296
1129093952
1137620928
1137619905
1129227185
3276583845
3545011111
1397530039
1405458870
1397209526
1393014950
4043815078
4043761846
4043760774
4044546446
4050805694
4058018542
4058015487
4053823069
4091604573
4083219988
4083218236
4083217709
4083278909
4083343423
4058182719
4058170431
4058106911
4058044431
4049659933
4049692735
4049758271
4049739071
2984380222
3017934374
2480996982
2481992566
2481988887
2475701525
2475758869
2475891988
2173927252
2178113108
2180206324
2163461876
2229395189
2229337781
2220949429
2238832055
2507406775
2540924310
3610340758
3610311926
3609328870
3609392630
4150457798
4150523078
2002822343
2003872981
1999678677
1999695060
1966341365
1899165157
1634917863
1633865207
1617119702
1616906710
1616919510
1633692406
1633757878
560086719
602019517
602080956
870389676
866139636
870329812
870329668
828385604
828381445
828660029
862281023
862313791
870636831
870702367
300259615
300260671
300260671
300260671
300258623
301434175
30639423
1083410239
1082365759
1082367359
3229719037
3296844157
3301112181
2227366167
2223172886
2223172886
2240016150
2239790902
2277531430
2277592870
2260944694
2260825462
2260825462
2277594485
2277856532
2277786900
2413155668
2413277524
2413273444
2413142380
2404680172
2404745724
2404884477
2401155839
2401217262
2401090222
2233064094
2233106062
2216306318
2216305550
2497327550
2495295662
2495295663
2159546605
2159828189
2178743516
2203896284
2182598092
2182567261
2182574429
2203463997
2211848509
2174099773
2174172461
2178161452
2236877356
2266303036
2266446348
2270637580
2274699020
2274697501
2274693421
2274623791
2278818095
2278819118
2262045998
2264145710
2281443119
2281442621
2281445661
2247892237
2239503645
2238520637
2238676269
2238675839
2238577503
2171395070
2171378158
2171444718
2179833279
2213525919
2213525903
2205137295
2205006751
2271722166
2251274934
2252258998
2269045470
2268029502
2234065198
2217345070
3295305758
3563807757
3559508172
3292027276
3289934735
1142483854
1159457166
1192944782
1180332174
1381974158
1392337054
1388245211
1388234104
1387235176
1391232808
1378652712
3509367608
4028932872
4029063688
4030113304
4034300456
2968554024
2968566312
3077630489
3056854619
2524377450
2531541102
3064741998
3048165422
2510712878
2493932590
2498133270
2640731398
2637576006
2536908230
3577030022
3577025966
3581807791
3590195375
3586074781
3317509517
3355190669
3355189645
3355197901
3354149183
3320639790
3299665198
3299667246
3299667246
3320706366
3308179998
3308175878
3296641735
3294552773
3302811412
3430739236
3426543652
3443386660
3409865988
3404607236
1252921092
1252984069
1319437799
1323308198
1310732454
1328550310
1291858870
1291854470
1291855493
1325409940
1313039792
1187181872
3331519760
3332828432
3332696336
3332688177
3332671778
3349580066
3450243106
3437399266
3423782018
1276297346
1276293250
1276158370
470852002
469808018
1057007490
1044429250
910269442
919712770
909221943
841277479
858746927
808326157
808062796
1894386220
1353321004
1353461276
1353458188
1085022729
3236700682
3232498234
3233547562
3233750058
3233687662
3317573790
3350031502
3337372815
3324887453
3459043772
1312674236
1310716860
1309008876
1308946221
1339419455
1304424214
1303096631
1307153703
1298829623
1261080839
1261077319
3391653862
3395858086
3685460646
3685399462
3756714470
3745054198
2637745350
2642052294
3724181703
4256859508
4289244452
4272466212
4268271676
4265121836
2117638188
2117794860
2117759020
1849294895
640286766
640548922
560857434
812581770
820977290
820976266
816650906
816650938
816675514
279247498
1889844874
1889841802
1369748378
3618021739
3605438761
3597050668
3597050412
2519188004
3056038436
3076923940
3043370596
3034925029
3031712229
3048489199
4122222798
4157956302
3575078990
1410785342
1410751790
1947617566
1947715846
1962330119
1958131767
1958131765
1962253511
1999950983
3728031878
3728085414
3593876130
3606450850
3602854562
3602653858
3602653794
2528912166
2259427383
2242651148
2225891340
3303856156
3295463428
3291335108
3291368069
3296619143
3294523015
1142912678
1158432678
1175286199
1179574401
1180624000
1182639232
1451011232
1378663844
1378662820
1931983844
1898363772
4050029116
4058287676
4091850268
4066682397
4066751039
4066877998
3069174310
3069063974
3069051174
3069050918
2507014174
2490249230
3572376590
3573430351
3506321615
1087768973
1078200973
1078209181
1094987404
1104484236
64361356
66453916
58020285
56947053
52728111
53253423
53259566
57453870
24034574
24026895
1097697087
1098678821
1346216468
1411293700
3558777356
3562972461
3569137701
3619457127
3600581743
3600466254
3596243790
3592102858
3591906267
3596296683
3581556201
3296398697
3295165704
3295227144
3295161608
3303544072
3299673353
3299755275
3350127962
3351176666
3334321562
3333195178
3270018474
3261628586
3257438378
3257577611
3257573579
3324698911
3324618030
3324620590
3324702254
3324968494
3330072350
3332162510
3332211087
3331232132
3348013460
3294606260
2220852148
2357102588
2624498028
3706038316
3697584173
3743721791
2653203215
2519653903
2537476623
2537439871
3042919151
3034333933
3034342125
2496406269
2496425693
2492230655
2426173935
2426296814
2447264254
2466172110
2466169934
2466156622
2460909662
2465039471
2456616045
2452421885
2469321948
2435741580
2419992204
2419991196
2422022828
2967220909
2967220909
2967229359
2432451070
2440885594
2473192714
2452597514
2452531466
2989463818
2993658171
3002056027
3014637001
3014493128
2985267960
2976821996
2955850348
2687488620
2691547684
2699859493
2699873831
2716651062
2737634838
2720755206
2720691998
2720728446
2724988014
2733376766
2729379039
2733520077
2984649932
2967871628
4033224844
4034797964
4034864524
4032636316
4034673901
3506182381
3521927293
3538775055
3605949455
3597542671
3329099534
2254898974
2263168302
2275681326
2241864750
2226196542
2226196510
2156920894
2156920879
2156925231
2161135917
2161167661
2153024829
2152041743
2168884687
2186188239
2194571663
2194571663
2186123197
2186059436
2198732476
2265332444
2265328220
2232299037
2236490015
2223841342
2223845438
2224828478
2224877614
2241638510
2279376367
2254408589
2249624461
2248575628
2248657800
2248670168
2248601032
2265114073
2235818361
2243977535
2239820078
2172764462
2173039398
2206557734
2210737703
2202341153
2164591920
2165181456
2169381888
2177836112
2173449296
2173453552
2173488613
2173472231
2168753574
2235930086
2231868918
2235997638
2236000710
2278009286
2269489654
2269489639
2248640983
2181467587
2198787395
2198790467
2168906611
3242713953
3225809761
3225796945
3221668289
3225866689
3292964305
3293035489
3561851891
3561851330
3578764482
1464841410
1594605766
1595654342
1528557782
1530619390
1518005103
1526393454
2059053686
4209613126
4226319430
4217933894
4184375350
4168782119
4168803109
3631882784
3627622944
3693819424
3693747745
3563719251
3572435586
3584838018
3618424978
1454214290
1454342274
1453887617
1458090112
1445638352
3593134128
3609944096
3559399456
3559662624
3563922464
3567654704
3701870160
3718662848
3752950465
3736107731
3740303074
3740298978
3757076130
3757057714
3748734594
3744597634
1597113986
1597060514
1596989602
1567629538
1571819762
498077890
498081990
496034886
500214078
491895070
521321246
2138225438
2129836314
2058598666
2057352203
2057338889
2061795368
2116526120
2118090796
4265510188
4265512612
3997085349
3994986151
3993822854
4010599046
4279100046
4249809550
4098772702
4043180582
4033612070
4033620007
1902913573
1928083460
1928207364
1391330308
1391329476
1392394372
1384050832
1384050864
1382936992
1366094324
275568580
275636180
1357897076
1357864421
1357737447
1357655526
1349266918
1952808950
1962376918
1962403526
1979179718
2012607046
1995739670
4133783086
4133795631
4134841647
4134833179
4134833419
4145472779
4116637450
4101927482
4110307946
4106027754
4105962218
4110157803
4118564331
3879525883
3879729609
3879643337
3883314265
3881143305
3847525641
3960776457
3959857705
3959857721
3960599101
3960566317
3960550189
4010873199
3998286063
4000776443
3942002906
3937801338
3954575418
1771517962
1771317515
1771334409
2038753801
2044048904
2019005128
4166484616
4229399192
4227961513
4227916719
4227916206
4244824494
4248977878
4149347086
4159833870
4160040742
4088670503
4054083623
4121249813
4122823943
4152214983
4148027847
4131381654
4131049622
4147822742
4294627511
2107236773
2106126244
1825110756
3964205804
3961039596
3977882220
3950946621
3959334157
3937829135
3937894687
2857739071
2853478967
2852430391
2853025383
2853080806
2874133414
2849885094
2902313918
2894000087
2889838407
2889836375
2905421591
2904885079
2942764375
2942639223
2934184183
4003727589
3938322517
3938326597
3936233477
4204735493
4204293141
4200129589
4198080535
3107623239
4164583750
4164846534
3963454198
3965510374
3831262894
3839634095
3839110061
3772004781
3782478255
3778362511
3761709199
3759284365
1624383885
1620185517
1620070765
1620365581
817152269
821879819
825125162
1915627818
1445865738
1445870090
1450052426
3601485818
3601397226
3601391818
3601367114
3753615594
3720012267
3703235560
3703202472
3705280172
3696758700
3692563884
3692907948
3711892988
3728123725
3732316942
3664814606
3673203230
3673203502
3671109674
3683775529
3633470572
3704752348
3705014684
3696692156
3697155756
3696694949
3696493463
1297351046
1192305030
1179836630
3327320182
3327365382
3327362310
3335621918
3333725486
3602169133
3602685228
3602881836
3741296492
2675693516
2671429004
2637841852
2621326829
3692951021
3697075711
3705513759
4241866511
2648030999
2673129783
2656353591
3724846135
3724927286
3724964102
4111619014
4107420294
3031615143
3031534245
3031468709
2765134756
2769333124
2786176900
2786239172
2786493124
2788606564
2789171813
2938921767
2909544742
2917995558
2901148710
2901151798
3974836246
3974770702
4243206158
4244254986
4240123659
4256919304
4254722824
4288198968
4292385128
3881343176
3881337992
3883630728
3883827355
3816718506
3809927594
3809878442
3809944510
3809948622
3814666974
3784062575
3784052264
3784051256
4119603724
4119456268
3051089420
4116235228
4149756380
4149788861
4124692655
3046826158
3029000622
3033202158
3024743294
3155749470
3155933983
3156127501
3176587532
3176653068
3159474508
3159474668
3167876589
3184655853
3084089836
3058850204
3059142024
3061237192
3069690312
3064251337
3064779514
3085754986
3043811882
3039617578
3023619882
2759511322
2759576842
2757352714
2757401883
2776280347
2776294731
2775577035
2776449483
2776433147
3045012459
3044942763
2977834414
2986216894
2969373086
4043049118
4043077774
4038978958
4054771086
4071547278
4075262366
4066738662
4062548326
4062699814
4079478070
4049986867
4033208627
4042191735
4126065397
4159587061
4151264981
4135352279
4131155319
4265356582
4263783734
4263851038
4268037150
4273410110
4273426750
4220868378
4187252490
4191544842
2044192570
2027410730
2042938410
2026161210
2017743993
1749312760
1749443768
1745254328
1745240760
1745306264
1816482456
1816453785
1816453819
1833231787
1833233899
1866709211
776124617
801282265
801279067
759268363
755007499
739364891
739500091
739401775
605167663
1699876973
1699874733
1876101821
1870871229
2140277405
2123827855
2123651727
1989469839
1989452495
4141646463
4143755565
4135362597
4135362597
4135313425
1987735813
2138706181
2138702653
2099774255
2015899434
2020158250
2020285226
2024409914
1487407882
3634891210
3635938698
1236828554
3382350730
3382621113
3415057064
3398214312
3670844332
3666785716
3738088868
3730683116
4265450540
3190656061
3207511063
3173952519
3173952535
3157261367
3157130293
3158244645
3162427172
3187593012
3183363924
3215804228
3219978068
3219977572
3211588964
3211058532
3178520033
3161816529
3161877889
3161619841
3170000769
3052625809
3086049207
3060883383
3069533878
3068493494
3085203110
3034867366
3026478838
3022284566
2955175186
2959437074
2967956785
2963700016
2980530480
3018262784
2993096960
2451967744
2456170049
2464556770
2464626402
2456028838
2435843750
2148536278
2151684102
2156345351
2156361733
2157308948
2157290772
2241307924
2276828628
2281475237
2273086629
2267842735
2267859119
2267957503
2267953183
2272145215
2248027677
2242719245
2242653725
2376871485
2381073957
2381074229
2372781525
2372579799
2373628887
2373681846
2373550774
2407053246
2671295934
2520357278
2520431006
3057297550
3057297551
3057298639
3057299677
3074080989
3040788575
3023982975
3024040303
2956932463
2956672511
2960866255
2969254878
2964986622
2964004446
2544449102
2527601166
2460512782
2197345087
2193421119
2208097565
2178473012
2169031716
2165918756
2233158692
2270854436
2264559412
2264542725
2264536581
2262500865
2262303281
2279080737
2241360161
2224578657
2226676833
2247685329
2263415955
2255019443
2255134611
2250934915
2255133315
2271911571
2221653651
2221653639
2221915863
2489890407
2489885231
2485953071
2636964414
2670716478
2657709870
2657646894
2600016170
2591627322
2591635470
2608408590
2306423895
2297058385
2565525569
2565509184
2557128704
3631915264
4164591872
4181369616
4214919936
4214915585
4013590017
4013656661
3979991783
3979901679
3977783983
3839368619
3839361418
1693974666
1693978762
1685655694
1685730478
4110298542
4106122918
4155397782
4138660550
4138574342
4142707206
4142704438
4142703911
4142902583
4159614005
4117742628
4230791204
4231905316
4231975220
4248729365
4282283782
4278045974
4273790246
4005354790
2931809302
2935731270
2952373590
2918822774
2902168165
2902037092
2893578868
2889400932
2906179116
2922960684
2923029868
3995821164
4000018557
4009443422
4026155102
3992613966
3975834702
1761241438
1761303903
1768640351
1768641375
1768518479
1768518479
1768633167
1768559615
1768624623
1777931759
1777873135
1773674701
1761158601
687486921
687476313
687544921
683227741
699935325
733495133
989338973
980943949
981012573
989475133
985277229
1002058300
968561180
968364604
413671980
413672044
149430636
149483884
149484029
149533149
149665183
149666207
1223408031
1223342479
1214953871
1273675663
3400176527
3400176527
3401225167
3401220959
3468202543
3487081006
3440928302
3424194094
1276775950
1276775950
1278874638
221905934
250150974
111816718
116019278
116113615
133005709
82806685
217038493
217038525
485473981
476954271
523026078
506246590
2117374126
2117447854
1982947502
1980965038
1997672606
1951536110
1955799785
1955606120
1418734120
1418996252
1419012876
1423243524
1415576836
1411290437
1411285447
1434354055
1451135367
1450086785
1584320897
1584383377
1585307105
1585211749
1585195813
2122066479
2138843710
2105354062
2113807310
2109080014
2107048351
1502879935
1506025647
423898351
419720319
420904223
425096510
1493063486
1488831258
1488779018
1492949770
1230814010
1226357546
3411589418
3688609070
3684348174
3650785541
3382280564
3451445540
3430437732
3426419412
1144659588
1144658564
1077558148
1077549461
1357793462
1370278038
1387050126
1387049101
1919713740
1915662684
4063142188
4063209260
4063014445
4147948077
4114464301
4145988111
4145676815
4147712575
3069715311
3198681583
3198682351
3215473902
2650286286
2625317070
2621319502
2354985230
3437104654
3451781662
3485233982
3485262110
3485245725
3485241644
3434918116
3430714596
3426719920
1277098160
1276538000
1275473088
1142301952
68580864
97960449
133547521
116172288
1206691329
1199410705
1194954465
1327214321
1327228547
1297680274
1341927842
1236545698
1303654562
3652482274
3690462434
3671501890
3672025410
3667700994
3666650370
4203257921
4204310736
4275613856
4263047328
4281979040
4231774368
4231710176
4231711584
3967347216
3975735808
3975916032
3992631808
4009396737
4001025537
1848508931
1848509122
1849033394
1847669410
1835016610
1822429346
1823473826
2089825410
2088774786
1015048386
499165250
524466178
1577236482
1448262658
1448263938
1207091971
1156764163
3438462483
3436269090
3435162146
2361448738
2357258274
2407718002
2390937794
2324086979
2325119427
2327822737
2330771872
2402050976
3425182624
3426358960
3426366145
1276781505
1155212739
1155018166
1155016886
89663618
89795714
91885958
92160407
97829335
131367175
131368221
131509053
123120421
387426612
370452740
370456580
369406037
1443147989
1980141749
1980141989
4127646119
4131799970
4149686918
4109841030
3572436606
3572308522
2498505258
2632722986
2632722730
2628528170
2628613162
2678702090
2594734089
2595782664
2598929756
2590541820
2653591252
3190470324
3056248484
4113467012
4230903428
4231937668
4231937447
4235471014
4105447590
4105443494
4238743686
2091264198
1554459078
1555311350
1555310293
481765076
230426228
259547700
1328054580
254521652
489398548
489267996
1026073148
2083040813
2084080423
2086509046
2103421174
2001184999
2001112293
4132865477
4128686471
4128662422
4128646054
4147460070
4151785446
4127068150
4126022982
4105060102
1957502726
1957443925
1961372149
1424501180
1417424284
352203164
366346684
382144916
381952412
374546908
326119736
325111081
291547435
811637018
811833610
828545802
857905930
862099146
862290826
853853099
333710251
400585131
351392175
349360558
350396534
1424138294
1424014630
1424271670
1424328982
1441176327
1436981765
1437505280
1437503744
1576894688
1545396448
2081169444
1964777508
892743693
926292235
841878043
854002234
312810202
312810122
312739466
44302987
44319115
62177721
26530285
16228653
7774501
2533637
2534151
2534147
73841410
82741506
132942898
107786291
107774035
237731985
103448721
107647393
1324020641
1340762017
1302932131
1304242850
1241263010
1232874470
1232350038
1266625286
1274941198
1270350702
1268261870
1234706922
1234710969
1222169000
1222173096
1213769148
1215933884
1215938044
1213922645
1281031430
1281285430
3428831022
3445612318
3462381070
3462315534
3470704143
3739137868
3734934876
3666116972
3670319148
3678770184
3641036088
3641981224
3642043183
3646298926
3655212910
3688499054
3688563182
3690480126
3690516941
3648561548
2021172108
2081989308
2081994404
2082444948
2081341333
1947118823
1946606822
1946552422
1947601110
890636486
893257926
360590822
363730791
363201027
396624387
396636675
128213555
111468835
111534386
116809986
251027714
267780866
234750726
234553903
211293737
144191016
415771176
424159784
403188264
403270408
941129480
943243592
942195099
753463739
753525690
1022075563
1013638827
1026287275
1043031723
1043035051
778727835
1055551563
917229595
917029931
854125867
854129450
309058330
308984138
376159370
384401578
921284778
921415898
917155914
665497625
665493544
1642827560
1685817900
1681627708
1680518681
1814815515
1814765595
3962241051
3962175531
3974758441
4239009257
4239011560
4240121544
3703062152
1555574413
1282944654
1278750606
1278829742
1278899366
1165901974
1173770374
1206284423
133349573
124993988
238027044
238297388
238297900
506799913
528297769
267991849
217586475
217598747
216595211
216577295
216563983
216629581
142180821
434811381
443195845
443191749
980062037
1047170901
980135703
707308847
774415403
775459883
1849409643
1849287929
1849191577
1866149033
1870270121
1840909995
1840907946
1773732490
2042106506
2042372746
2046567402
3648988202
3648988206
3657114686
3636032527
3703087373
3719864588
3724059404
3757609464
3730349480
3730356648
4263098792
4263164349
3206208959
3176809902
3160080814
3168539118
4244443646
3169530686
3161014078
3161026359
3161057589
3219781908
3202989836
3068769804
4142507596
4135097036
4151883436
4116227757
3827168934
3827291558
3827156134
3845965030
3777414150
1663484934
1646783494
1915218966
1713821990
1714342434
1726926370
1722519074
1722320406
4025067014
3991577351
3974791173
3974856804
3967414628
3963122028
3963105896
3963367976
3963562537
3962513962
4025223722
3869784442
3869784266
4138285194
4071174282
1386819722
1370108042
1353330842
1085940156
1153050028
3300666788
3292277156
3291774884
3308699357
3308430879
3575686718
3584067102
3617629758
2258675246
2393220654
2393356079
2389169455
2385364271
2671297647
2621146349
2625289453
2628430956
4121602380
4155017420
4134054028
4129922204
4129985692
4130001036
4129968268
1966742941
1950236327
2088639206
1828457046
1823219206
1822715398
1822746135
1822794021
1873125413
1856287780
1853142036
1846846532
1845796996
1845878916
1712222389
1728983471
1696466607
1644039855
3769372335
3786238559
3786172941
3819761164
4092388876
4049904396
4050039564
4117139757
4118205741
4118269207
4118273302
4118011190
4117978422
4117845814
4117829398
4101060375
4107613973
3570743092
3704962912
3704960880
3704960848
3705090880
3705090368
3436523585
3449253971
3482801266
3469935730
3461549170
3463650674
3463649138
3463647826
3472044866
3465814866
3465830770
3465897430
3470220758
3461729782
3457455590
3457459686
3340215774
3558254031
3558258060
3562508172
3562505916
3562508972
4094997164
4095533800
4097581656
4114428424
4147056427
1944852522
2007775274
2007767086
1470396430
1475109902
1601007622
1596899334
1329512470
3745443874
3745439842
3757761010
3753558914
3753624193
3753493136
3752383136
3722977956
2569545388
3694733992
3694865065
3693816299
3698030699
3706215498
4238925899
4238909513
1558819149
1547211388
1563989549
1561897509
1564142081
1564405521
1564374049
1430208545
1433686065
1433694224
1601597440
1568043200
1576420289
1302726273
1286409939
1286151762
1218985522
1224223266
1224224546
1224223778
3371705346
3434738690
3450441922
3471545730
3471415171
3739852433
3739852464
2667165344
2667094692
2658706084
2524488356
2536035044
3022569828
3026768165
3027034150
3035493414
3035624726
3043915527
2507046404
2486057476
2486045188
2485915428
2485921060
3571982436
3618185413
3601731718
3601727622
3602792598
3607020790
3607006438
3607084054
3615270918
3614223647
2519704847
2519701263
2523891471
2524808991
2523760431
2540685167
2507073519
2490266623
2490319815
2499625463
2516398567
2516394470
2515870198
2507502038
2505404758
2505537367
2488760151
2497150807
2497046999
2513758711
2681600247
2664946823
2659173767
2654978439
2654978550
2659172838
3212701798
3212632103
3179078695
3179080759
4252855575
4219354647
3663609463
3671996023
3671918422
3663463454
3663213598
1532503102
1484467262
1492794687
1492785677
414912012
418913804
410529404
941108972
941127340
940373932
956807084
977445284
985837973
1522767255
1522573206
1522581426
3686833126
3754007030
3716331894
2642590518
2642607910
2643656486
2509393702
2513784614
2547257134
2547256126
2281442111
2281447231
2281537343
2281529151
2245811487
2245807391
2245840255
2245645821
2245768701
2245629429
2507703764
2539163060
2539363748
2505812452
2505812468
2503715797
2503670725
2486860615
2503621446
2503621414
2516270438
2545431918
2545423742
2543325518
2547519823
2279110479
2270756735
2237266799
2239495021
2239355389
2507791823
2508174541
2516497629
2516563180
2516432124
2541594052
2537400132
2535380573
2501793405
2501787263
2438871934
2422028654
2430417006
2512328814
2545884254
2260537423
2264666191
2264682825
2263675241
2280436072
2515317096
2499655657
2491391992
2491390968
2491190264
2487001033
2487070665
2487152457
2487123785
2487107371
2487107370
2491364650
2516398378
2529104186
2529038666
2529034574
2528973262
2258400494
2279374062
2245851375
2245848317
2239731149
2273219021
2273219020
2541654492
2541598188
2537416036
2537547124
2537448724
2537431837
2506044189
2489128829
2422028271
2430418927
2429296623
2429308383
2156416463
2173230543
2211183823
2186995039
2189092191
2184958815
2184827743
2189226815
2472317743
2447213869
2447215917
2430581037
2447223068
2438838796
2438977036
2471449160
2467246713
2468156137
2467828715
2438542570
2430147822
2157516974
2157451422
2157460686
2163762382
2163925455
2172318543
2206110541
2206110557
2189267757
2189198637
2457703917
2457773565
2524360092
3056975261
3056901305
4145317033
4111701177
3843203209
3826442441
3826442457
3828536425
3831749673
3831617836
3831626524
3831623436
3831621132
3833061900
3849843252
2809643556
2792833572
3866575412
3866441268
4009504292
4277938981
4278008086
2121676806
2055157766
2054752294
444140582
452657202
452595714
435838978
419094786
418940722
413708113
414821490
469429330
440040642
456793282
455805122
422250850
1491667554
1487415906
1487481470
1219050062
3366468174
3366466142
3366462062
3370672748
1240068472
1273614712
1273614712
1231667576
1294587384
86768536
19659416
19655320
19516040
321452936
321505672
862838170
846033050
846164122
841969818
862875802
829317546
829318123
820798315
552399663
552400767
569177983
560854523
862821883
862816763
862816762
862950746
862949658
829399322
812622091
821006603
820957451
284062009
7159592
23869737
24066361
7224073
7221001
7144201
216793867
216794074
225202586
124704154
40827274
40302986
48691594
48560554
44357034
44880298
314372264
313909416
309846184
321315240
271507944
271504236
271434620
812434220
820298041
560255289
560845113
560742697
544041257
544164633
544168473
569268939
569330571
603802507
603735435
577552779
577622427
594407867
594538923
560947627
560947691
544173547
544173055
552430463
552434687
569211903
560856063
560847359
829267455
829265406
829273598
829273407
829269279
862959901
854571293
854169917
849983549
850114588
317372445
308982799
304800775
371909667
1042957347
992627970
959073090
954849859
950663763
967572306
1005287490
455817282
455809090
422131810
405285218
1483221602
1488530022
1488666358
1488656118
1488650974
1487405821
1218999016
1218995176
1265127672
1261130232
1277838200
338319096
272264888
809167496
809036424
863554184
855410825
854431882
854457482
309194890
305098906
36581546
37642410
1115611498
1107206442
1084924714
3500785178
3500780043
2427169304
2427169336
2426972716
2426977836
2422771244
2485682796
2636743340
3173741229
3173594798
3106474986
3110668538
3119192186
3119200314
2578135066
2578068490
2645172234
2645172298
2376802955
2380793481
3446155963
2401839787
2406037675
2406037674
3479772330
3475719370
3475755018
3307970570
3320553752
2242489384
2242488360
2242480184
2515110168
2506722040
2636810936
2502604456
3043664552
3043664616
2976428584
2976417321
2976435759
2976500286
2976774711
2972539447
2972523061
2972653877
2976849013
2985106677
3048021237
3047759095
2510885015
2515079382
2548773078
2481664090
2464817242
3538559178
3530173578
1378494618
1361586362
1361582250
1361709210
1344931978
2632842
6816138
57528794
1131016506
1101652266
1101635882
1101635882
3249119530
3249255742
3249254718
2242486653
2246673336
2271838904
2271839928
2468977336
2435422872
2435562168
2972367528
2972363432
2972363688
2976493032
3001583432
2997387784
2997387800
2993521195
2989352490
2989354542
2989485358
2993682470
2980759798
2963949958
2963933830
2968140422
2955426486
2955427494
2955426982
2955418798
2984779006
2997435598
2997447758
2460609609
2460591112
2456400904
3525936152
3525936408
3526018840
3542771208
1357522440
1357521419
1357517578
1348993066
1344799786
1344816170
1881730058
1885989898
1358478602
1358536458
1358665546
1358606810
1358622970
1425694890
1417360570
1417297082
1434086826
1434348474
1476329098
1455343246
1454342799
1454150621
1457824109
3605307432
3597443112
3593445416
3593380908
4130255932
4130003996
1999265085
1433016877
1416248039
1424628407
1424624258
1357582211
1357450627
1349060017
1349003121
325657136
317415936
317452800
308908800
1382580480
1378385936
1379434528
3545795876
3511192100
3502803557
3503004391
3502947030
2425023110
2426072710
2478338710
2460500390
2464682150
2464690342
2540515495
2502897815
3559796879
3559270862
3559336266
3563399994
3571772202
3567581566
3584343374
3617894474
3601109067
3605299321
3597053993
3593379881
3593400365
3593106493
3593090105
3609932859
1416314859
1353333433
1890196121
1353386649
1357384345
1349000859
1344811915
1345069531
1361846586
1365913898
1365913898
1374368554
1374191418
1139301130
1139399434
1139399434
1139398923
1106889993
1107019021
1090175244
1080742164
1080726324
1080734576
1080731072
1081785728
1081773184
3243937152
3244197760
3240072912
3347027680
3613893217
3597002338
3596969570
3529795170
3537919714
3537919202
3533987042
3538187491
3538182256
3529990148
3529961484
1378283528
1378283528
1395641369
1345144953
1349503481
1357302713
1357302457
1354059417
3505672841
3505681099
3504632410
3496305194
3496436266
3513738794
3538714414
3538439278
3534245118
3535324414
3602433176
3618164872
3580585096
3559552476
3559841628
3559841588
3559843636
3559384884
3563448080
3564611328
3581318912
3579217408
3612774928
3612856848
3621114420
3553915412
3549770269
3556061802
3547598570
3530295722
1378617514
1378617530
1378491530
1378497610
304690186
304833546
36365402
325756122
1349168346
1357614490
1353432986
3501893274
4038763160
4038820536
4038623912
4058821352
2989269736
2989285996
2988893740
2988896036
2720529440
2741323808
2707900432
2960050433
2968443392
2969491968
2969459200
2960875024
2960676384
2960683552
2969071904
2969063777
2981777602
2997505154
3001698434
2464684194
2456295586
2456303778
3010017458
4041746834
4037551494
4041744774
1894260918
1902649510
1378366630
1378487458
1378486402
1378699393
309128320
292331584
284013056
284078592
284074501
284090934
283993646
1370177070
1386887978
1386879274
1118439466
1122502682
1114122250
23611466
6868043
6919199
15447060
32223248
40607792
36347952
36352000
36347904
103452672
103448720
237732016
237753248
1328149152
1491728032
1487797940
3635280533
3635214990
2628647503
2628647519
2494098155
2494065579
2494065578
3030920619
2506624681
2435385019
3542816394
3527357582
3526304942
3257873518
3261400110
3269727246
3265536014
3266072590
3282812938
3249176858
3232403723
3232479000
3303639736
2221509304
3295382168
3295271560
3223878280
3223856793
3223925179
3223990379
1080700987
1089085464
1089085448
1089156360
1131028232
36326920
36360136
36425672
36210104
36210152
52986361
65581369
32022824
296263992
300544280
292248904
287988184
321813416
53373864
36662202
40689546
40682378
1114407386
1114149178
1403625770
3517686058
3500908842
4037719849
4037719624
4037780168
4033454776
4113138344
3039511272
3039495720
4113107498
4113049898
3844630570
3823691818
3802777626
3802890250
1655406602
1923842120
1927975080
1915413672
1915382952
1915365800
1916415657
1914316458
1917465242
1925710478
4052239070
4035498606
4036666940
4038830620
4038634008
3522739724
3531112972
3543695876
3541824004
3508081508
3558605030
3558749422
2618689774
2624981198
2628917582
2628925966
2644863502
2409950726
2410979862
2411508279
2361176612
2360123936
2229842528
2217263840
2150352544
2435503760
2469068416
2456739200
2456733824
2456668321
2456606881
2452412577
2988767408
2988568000
3005279936
4045434484
4028660324
3765639908
3765644023
3773901446
1626352022
1624255654
1892687014
1892682914
1894780114
1886456898
812788802
274869250
274869506
274865922
283248130
283247362
301084738
309469202
309534770
41038850
308414466
308758530
317507877
317520237
317520365
318568953
327014345
293585545
333169305
869843625
863544041
863544041
829992936
813415400
812301272
812301000
812301000
820559560
820572744
820515416
812388987
837625642
871115818
866925610
833427562
833559754
820919498
275715274
271406218
271422858
289255834
326939099
310161787
310227259
40743195
309048347
309046299
309045307
308984089
308984073
325753101
292194573
343575557
339383365
473927761
473952369
490205537
1599267683
1515381602
1523741458
1523716866
1532166402
1498481938
1490042146
3633588518
3634178862
3634182954
3633856298
3633853978
2291716682
2564326089
2564330120
2631448504
2631449528
2641935016
3057171112
3057359528
2989133496
2989130392
2989134504
2720715752
2720657775
2721009774
3794686038
3782086854
3765309638
3765245150
4033680574
4033813950
4042137566
1895765582
1891447310
1908158986
1940661002
1403790618
1403792410
1475291146
1433286666
1164319818
1281820106
1289749402
1290798010
1290805690
1290872218
1290937482
1290937546
1286747610
1303384570
1303654890
1337226218
1203528682
1207493611
1207492969
1174008072
1156182280
1147720504
1160304424
1093196584
1126714152
37309224
37423384
35281356
39474572
56246668
56279437
22729093
20615557
3899799
3707063
7910566
23641318
57452646
309110822
309110822
309110822
841788454
1915595830
1999287318
1462403079
1449820163
2120925201
2120925472
2120958816
2137543392
2137548512
2112581296
2113552000
1559903873
1551843203
3695000962
3695000754
3430235298
3302243490
3298107382
3298232022
3298099806
3300667998
3300713049
3317474008
3254564568
3246169784
3241970344
3225197224
3225402024
3225337528
3223254667
3493249674
3510031050
3526353466
3526205738
2456334378
2997392426
3014169642
2980682761
3031022600
3035342600
3026953784
3156915752
3173680680
3173696236
3174744812
2889642732
2757513964
2757493244
2773946829
2782273738
2815893594
4141097002
4141679658
4135455770
4080932874
4079892490
4079892554
1944979658
1924009354
1923876235
1387004299
313397642
318648730
1392386222
1398628526
1398595758
1365025006
4049375342
4057513018
4036540682
4038699275
4038703624
4038703644
4034641500
3761940188
2688214700
2687132332
2703757996
2737309356
2741503421
2749957535
2750110926
2716597326
2716593166
2699815950
2699799566
2699672862
2968100158
2968100670
3018455614
2993388318
4067114270
4075494438
4075297826
3605533731
3580367907
3559526417
1412052225
1143612929
1148073473
78515777
78580418
77875906
82070482
98950130
99081171
90700787
124091377
107306865
107304753
107295025
115683379
115814451
112136210
112136210
263131138
267334674
267070514
266942518
250157118
241769483
241718345
174650489
174633320
443060712
459837929
426292715
426358235
460045722
460045722
1517008314
1583986586
2129377226
1995085770
1995094011
1944757993
1911268008
1911087800
1902695096
1932120744
1915380392
1915298472
1916277672
1914438057
1918697903
1927152831
1922968719
1925081295
1392470223
1409247695
327121742
310344542
310344542
326982942
334323006
334494782
1374682239
1357904093
1357904093
1349507284
1349491668
1350556373
293469909
293404279
322731559
322731566
321662766
292301934
292387966
1357601878
1358613590
1354484758
1352371222
1356445702
3497633798
3497634054
3506154774
3569073718
2495321636
2495250980
2627454500
2623069732
2618874404
3090733604
3090737700
3095112228
2832903956
2844698389
2844628582
2948894310
2940505830
2936049382
2802028278
2803015414
2769542902
2769409782
2905888662
2910066590
2892248574
2892316150
2892962294
2892962034
2766739698
2762545266
2695452786
2695584979
2745840769
2729059712
3806996352
4062848400
4062708897
4062708899
1646789794
1667957926
1621767310
548353166
816062670
816062538
279236874
283153178
325100298
325165322
325166362
48741658
65468730
27719738
28231690
32425994
8046602
2792458
3904538
7966782
6000933
299602720
328897312
316322048
1383772480
1379578307
1378583954
3526073778
3526090659
4062935969
3051977632
3030924192
3030940336
3031005892
2963929668
2963861076
2959666773
2955439718
2972217062
2993168294
3001552034
3001748630
3001685126
2456428678
2452234382
3525977278
3492422894
3236563978
3232369418
3232434698
3232246282
3299355194
3299371562
3299404587
3303595321
3296302556
3296297860
3296297620
3291083428
1143595684
1093300892
1126855052
1110080908
1110055369
1109920105
1109928297
40380904
65567128
61361544
61358472
57262520
53068264
19509608
2728744
2728744
6927144
15712056
15711000
15645272
19839688
52869769
36108938
35704458
1113641898
1113628906
1113956394
3287195690
3517882410
3500777770
3500713257
2963835688
2426964520
2431171304
2418576104
2435549720
2469056057
2452227626
2452235818
2993234218
3001558058
2460484650
2527611950
2527710406
2527822979
2674565248
3744108736
3744133316
3744100469
3744097581
3749326639
3757714206
3724159754
3698854410
3430419994
2360870442
2359886379
2225604201
2225612504
2225663624
2229845640
2154334904
2154400408
2154536600
2422841016
2456532664
2456467176
2456466028
2453320303
2453246566
2453451366
2990338914
2990527458
2956334546
2955287938
2959481219
4037351824
4037294512
3500485040
3500353936
3504417938
3227594930
3227713714
3227713730
1081147394
1139811346
1118841906
1116743698
1116919810
1119276034
1119798598
1119453695
1119400424
1123582376
1092129192
1092153832
1125708088
1125708057
1111123225
1132078905
1102712603
1102777098
1085868810
1081674010
1077480218
3224967962
3237566218
3233313626
1085862618
1085854618
1084789672
1084793768
1156096424
3295248808
1277811192
1277810968
1277909256
1277851912
1294608651
1245325578
1257910538
1253770058
1253590010
3401114602
3400049514
3400049449
2343090156
2364054436
2356775604
2356776580
2222567044
2239346308
2524549788
3530261164
3526005421
2989155050
2989080874
2988999738
2989075466
2703927307
2687150344
2691336712
2691664392
2691467784
2691477016
2691475000
2691478056
2691273257
2708063082
2750006762
2733202922
2724822446
2993371622
2989103410
2989100290
4079617282
3492488194
3496485938
1353399331
1353325571
1370114051
1403701249
1386907649
3538651200
3538655696
3530275280
3526081488
2989071024
2972301984
2955524832
2955524832
2691283552
2691234400
2691230241
2699618849
2699590435
2691193699
2691193697
2691193201
2691242352
2708150608
2716539217
2716481619
2968139858
2968139858
2968205426
4042078322
4108671218
4108572882
4095907986
4094860418
1946336386
1996661890
1711449986
641893025
637661905
1711523521
1711492817
1711373281
1712352160
1741711776
1739606176
1739834516
1737605252
1871761548
1866481800
