1358699551
1356663823
1406075911
1380926837
1376769013
1376228245
1376227989
1912837045
1916834727
1916842919
1925226935
1656988831
1648536735
3791829215
3791886383
3808593965
3875711021
3842418989
3830890285
3763783484
3763847709
3760014141
3760022383
3760006119
3776775143
3813475311
3813474942
3787801102
3787740682
3771006475
3771001355
3762350619
3762355739
3762312715
3774878283
1627656923
1661207291
1648624059
1648694443
1657224362
1653029050
1653029050
579221722
562444362
545664074
814097418
814022938
281293611
818180648
814019304
830771880
860324524
860140204
1933877916
1970570124
1977987516
1969601983
1969602047
1966520671
4118198575
4118211887
4151766303
4269688078
4269737163
4269610459
4269741466
2122268090
2079207338
2028945066
2028805802
2028213946
2029269979
955524043
947135449
427041129
424943977
995374969
995439929
995441977
995441983
995440959
995572031
970275101
970276125
961887517
960830749
956570940
956587309
726944045
762595645
627964279
627964279
627964279
627964279
627964279
627964279
627964279
627964279
627964279
627964279
627964279
627964279
627964279
627964279
627964279
627964279
627964279
627964279
627964279
627964279
627964279
627964279
627964279
627964279
627964279
627964279
627964279
627964279
627964279
627964279
627964279
560855415
560855415
560855479
560855479
560855479
560855479
560855479
560331191
560331191
560069047
560052663
828489143
291747222
325300694
291610934
325161270
325161270
862035254
870422838
1944172854
1944303926
1978120983
1952889349
1684453957
1679986373
1814284196
1814042084
1830823396
1864377572
1869688053
1852910805
1859141077
1871723989
1871804405
4019386359
4021465687
4289761795
4289766915
4289768979
4285578771
4281448979
3174234929
3173136675
3156351267
3156609122
3160804850
3170239938
3182887378
3180651478
3180635126
3214189431
3214193429
3186923325
3174341436
3173304892
3156695612
4230363964
4230359900
4247132621
3983672469
3985703063
1837109431
1870721206
1874894998
1858118102
1859166790
1850779142
3998268947
3996171793
4013145653
3979541796
3962731812
4235331700
3161589972
3169987060
3170052596
4260574708
4293989333
4159787861
4155625815
4155568438
4155565110
1978723366
1949329446
1949333538
1412569106
1412569090
336726275
341249281
341054736
71570192
80085520
75891201
76939843
230085314
262509250
1319149250
1323338450
1315019474
1310956243
1331936209
1332849648
1299246432
1280337248
3427803488
3696304480
3696439648
3562099169
3587396067
3618821570
1458756546
1390660418
1382140690
1445022514
1445165362
1445029154
1433429282
1414554978
1413535203
1413514721
1950385569
2009301153
1988268161
4135755905
4135755971
4274168259
4266835411
4264737763
4281596771
4247837543
3157314919
2909830431
2951838991
2951968031
2935190879
4277626206
4275446110
4292293110
4250342902
3696564214
3562348518
3562291170
3570673507
1439970131
1473585921
1188373249
1188507905
123106561
123132160
87476480
87460096
91720977
91526451
125084019
1198891475
1467388307
1463189906
1463255986
1433900979
1962387121
1962258097
1960095716
3839143716
3826560292
3843075372
3775984941
3776082013
3776065743
3776057535
1634795950
1676740010
1672545706
1639122874
1638995850
1907374027
1888494153
1892705033
1884353308
1884534588
1892848956
1892914493
1909562655
4091002126
4082545678
4065776862
4060595694
4060369322
4060373946
4064764666
4089864939
4056381165
4056184541
4056176333
4056209357
4047885791
4056405343
1908855902
1430682654
1430748222
1430613030
1465220390
1465259799
1465324293
1448424193
1448420112
123085584
257314560
89541376
99764480
91474176
91344241
131114211
131113139
1473749138
1450606978
1463189906
1463255986
1432851378
1978119139
1962255331
1962190117
1953803557
4097109287
4095015214
4095170862
4113964350
4118157086
4118222606
4126474846
4155839230
4155978494
4156371674
4120650427
3583779241
3701224872
3571205304
3563019480
4099865816
4099337432
4116032984
4149520328
4141319880
4132864712
4128633561
1981047529
1981030889
1998004329
1952321577
1960707115
3569228859
1421818139
1425291547
1425307914
1433718026
1207272778
1188463054
1452442062
1452454238
1456648302
1456713838
1448321134
1448255551
1444061215
3574779935
3558032446
3558022206
3558025278
3558025518
3503500078
4036181550
4036036158
3499360990
3516138237
3515089596
3549697708
1464868780
1462771628
1997660076
1729281700
1711449780
637772444
658547332
666940037
541098455
536970343
537110567
604203047
605169703
605173799
661796967
649202151
647106503
647169671
645924487
645927607
645931711
662709919
1015035591
1015041735
1019263559
743483911
751872790
684829495
714193206
714258710
1792195846
1779613446
3993014054
3993022246
3993026342
2936208678
2902621478
2886883622
2899446054
2763132198
2763211061
2763120949
2763055380
2763043140
2754921412
2754922180
2754005668
2754017964
3827755949
3856951741
3886095501
1742869645
1730285709
1730294159
622995375
627257069
631319277
648035324
649080204
649078156
646979788
914374852
931168468
897618276
885039973
901817121
901882147
893550850
922913794
922904578
922888210
922826790
1058158886
1070742374
1066539766
1065486022
1048576719
511705775
528540591
528540143
494985709
482390501
474189793
469928865
1006742419
1006742403
1006746498
1044617618
1052941762
2126683458
2118290690
3725638930
3725617458
3727767858
2654091558
2539788582
2493648679
2493648663
3031879429
3031803653
3031743780
3030687012
3034877028
2774829268
2787609077
2788072421
2787557093
2787554991
2787570351
2787537583
2804364223
2770612623
2757770399
2699049118
3768989886
3768989950
3836099006
3835834255
3836814981
3836749444
3855640452
4123056096
4047562720
4030785040
4030752256
4043526657
4044510723
4084363058
4084362546
4159850706
4159834242
4157737090
4156562818
4156566962
2009345442
1984239011
1992426915
1993487507
1995645139
1995448403
1994448951
2002821175
1969267735
1960881415
1960951559
1962120965
1953731349
4096955157
4094857501
4094870813
3576917309
3576900399
2536651567
2455902758
2996980518
2997077270
2997141831
2998194375
2998174175
3019215853
2956362461
2956362445
2956375769
3760516713
3760515369
3760515113
3764714539
3764737035
1613038859
1612972363
1612973515
1613183147
1625696427
1621503151
1638270349
1940325255
1923093127
1927295685
1382228709
1390551393
1390633313
3533726049
3534807411
3534811987
3549464086
2442170150
2425461030
2421401895
2423498791
2438182933
2472008965
2463515917
3537241356
3528864812
3528930349
3531541551
3548253487
4091483503
4082497486
1933878222
1930208142
1913422222
1917616542
1934394286
1896846255
1896772475
1880043289
1879980825
1881028969
1893083625
1975462361
2008811915
1050414474
1054605706
1054605706
987582762
987754794
1006493994
964490026
947692318
943499030
941141814
940091862
956881046
961108150
994719910
986331318
1049238998
1049236741
933115652
899559956
352089620
343694932
339540724
874314420
872729268
889506484
658754453
792907221
792917269
792978471
793895975
802286886
1062251830
961587574
402708946
402708914
134470562
1212373986
1220745762
1283668530
1283668530
3432131330
3484559618
3467786498
3466726402
2393000962
2393228306
2393146722
2393159139
2397345761
2414642848
2372699808
2372900496
2406135424
2401939076
2401938068
2368465588
2369514404
2636900772
3157244132
3178150116
2918104148
2946935812
4005014532
4000623620
3996429316
3996488724
3996487732
3996311589
4013039655
3979477094
3966042350
3969974718
3970110399
3970111132
3970113176
3971038856
1838168712
2144414600
2136025544
2097228232
2097245161
2101477119
1842452175
1842447055
1841398479
1740739279
2135008215
2130814453
2130814177
4278383715
4145156131
4111597603
4117889315
3077640995
3081970211
3065131523
3065381377
2679587329
2679915093
2679927535
2642158319
2637956843
2621181307
2621311067
2621339674
2629232666
3098847322
4172590154
4189365578
4227105354
4202070618
4195778938
4195786858
3927220458
3993018602
3993161902
3993420974
3993388462
4005975983
4001854141
3867619997
3889509260
2775856076
2754442780
3832512044
3773267500
3768872508
3768872472
3768647432
3774109004
3759490252
3776253068
1695747220
1694633381
1698832293
1703026343
1737492118
2005927622
2012427074
2002919682
2145607731
2141249571
2107700513
2108735349
1875946053
1867627077
2131925701
2131926981
2131939829
2100547813
4117807340
4100997356
4098908264
4233126185
4107433257
4105371439
4122144570
4122363674
3585427210
3623092490
3576693002
3560113418
3560312090
3564509563
3571939819
3567577579
4120964571
4087387595
4070801867
4066541835
4063395903
1914806319
1914740781
1899028781
1882681645
1882592047
1880490791
1883703143
1888291775
1888291743
1905089471
1921973135
1923018639
1927210895
1916650383
1916126175
1915220335
1931960621
1885807917
1952918844
1952786716
880031805
880020781
877725053
886243679
478155607
478155478
478180082
478274275
478209747
478193345
415283073
423804289
436377985
436394368
436394433
504552913
1041420787
2119430626
2127614310
2144383270
2094047534
2026939694
2027011374
1758702382
2024975134
4172724495
4256603149
3723936781
3711320076
3711238157
3711238205
4229329261
4241942125
4254510701
4019560063
4004813389
2931072525
2926939405
3191837725
2789056575
2786910318
2803720558
2736653290
2705196714
2709456558
2696677038
2695627711
2695631245
2964074892
2965184908
4038944716
4041011148
4057792076
4091383564
4091458845
4085162015
4080509019
2000015579
1997821115
1998003643
1996890027
2101484201
2105744109
2088771167
2094019079
2094015238
1559323442
481420067
479457571
529781091
507745473
503486593
503486592
503498880
369286528
387077008
387072753
382796321
382730787
378544675
1183851298
1202808594
1437789442
1421008150
1425182166
1425443718
1425510278
1417514382
1416993935
1429578911
1429577919
4113608879
4113608943
3844120878
3890324010
3886064171
3869286971
3869287963
3890263353
3877686313
3845508137
3844524073
3844495401
3881983099
1742882267
1721909450
1727090826
1718644890
1712349630
1712547823
1666344551
1624473189
1620139575
1620180483
1624503555
1616004099
1611809795
1611735042
1628446754
1666265442
1673724643
596051681
897912528
897850048
897854016
364916288
356527696
524363712
524425088
507643776
516032384
264388480
192966065
197159347
163604882
155221458
138507570
139555122
149119266
149119794
149123859
149115665
165926673
200398833
441556913
440442273
440441249
977320355
977320355
1061272818
1062319218
1058055202
2133893170
2117317650
2117243922
1983026194
1981994275
1987204899
4151444002
4126343762
4107470551
4107601655
4107608039
4122246103
4155861447
4160060359
3069665239
3059611350
3076317910
3042763358
3044864894
3053318511
3049120111
3049251173
3049248117
3049047373
3076314461
3038541167
4112340334
4112397678
4095092094
4099288574
4109778398
4106165646
4122951055
4122951045
4156362117
2012549060
2004164180
1987526164
1982279220
908404276
908338468
925114404
929312804
598159397
631510047
632034319
632032543
627964279
627964279
627964279
627964279
627964279
627964279
627964279
627964279
627964279
627964279
627964279
627964279
627964279
627964279
627964279
627964279
627964279
627947895
896383351
896384502
896384439
359511477
359511472
1433255600
1164819120
1173207728
3320396464
3320396400
3349756464
2276079632
2276080672
2276074529
2276992033
2274896933
2245528613
2169071924
2177464660
2177489220
2177485124
2177616228
2211174756
2202783077
2203828597
2203701623
2170409334
2155729406
2155713022
2153361914
2153493978
2152446362
2152446874
2421144474
2421078410
3008280970
2991496586
2987824522
2987700394
2989863082
2989941150
2721473023
2721456557
2724603309
3802480044
3819388828
3768991373
3769513607
4037936774
4037875382
4042012334
3496752494
3492549678
3509335054
3513263118
3253216270
3249067277
3249245468
3250294140
3585713532
3617105240
3602494808
3602551817
3602560011
3602547754
3526134826
3526149162
3542893626
3509462283
4029556491
1894651593
1891567293
1956120221
1418210957
1418211231
1423650271
1549495414
1545456662
3692887046
3709115654
3730017542
3729953350
4275221191
4202795765
4202734308
4202750628
4202750692
4207309540
3200717295
3193177326
3178499310
3156490478
3157719167
3162413071
3168701453
3163858700
3179587084
3214259725
3214841375
3219033647
3206401647
3040366319
3023898541
3158181277
3158184332
3177128348
3210555580
3201066205
3196904527
3198151694
4271826958
4288579870
4253010238
4248750878
4214914830
4212798734
3122208783
3122143293
3122143268
3126403108
3113968676
3097227028
3097099776
3097099968
3164141264
2627266213
2625147557
3023684263
3040663207
3073674663
2809433326
2817828926
2817894430
2776018190
2769726986
2769743370
2752960042
2755511850
2755186555
2767768681
2762525800
2762726520
2813000796
2791992525
2788041933
2922258605
3190685863
2934833318
3199078838
3199153558
3169529734
2632592262
3706325894
3707378631
3703057221
3700961109
3432572277
2409144695
2660802646
2660868310
2660807846
2396567974
2383972839
2400832501
2401135429
2367563524
2235437828
2231239476
2158953253
2158821669
2158760231
2158231846
2162426230
2221146310
3289779334
3288738182
3288738182
1141259255
1141246935
1191578567
101083087
113664910
109441950
109360046
105161647
1459660196
1409330596
4093816132
4093885972
4093681188
4123100700
3872563724
3872563724
3863127631
3859021550
3858779822
3859811758
2805203118
2704605342
4046598347
4115800075
4124193818
3566348330
3583125514
3585222666
3585338378
3583345674
2543157258
2542698522
2274276473
2274208104
2278341480
2401032824
2400717448
2402954888
2402951816
2407146143
3485082542
3753640110
3753115814
3472098454
3476305030
3476152455
3442712769
3442708737
1295098119
1211146502
1219621150
1219755294
1219950878
1219950862
1287576862
1287308590
1282965550
1299742747
3441991752
3443041352
1228597352
3409602776
3409603400
3409607240
3422439944
3485221416
3485221416
3467964968
3467949032
3465978857
3464864683
3460621230
3477353134
3422823326
3422692286
3422691822
3422683382
3288800454
1140861126
1140861062
1153493126
1167232391
1118995916
1117946828
1185067852
3336676156
3329533741
3325341487
3325344298
3346307626
3346963994
3724457738
3753546570
3734536571
3734536296
3734540328
3730350120
3726172216
3726336028
3709493308
4229587561
4095361705
4099555979
1889029771
1891130009
4038642360
4089236392
4075674024
3526288824
3609682056
3576127689
1948663833
1952604203
1415799854
1424190766
3571875134
3580256014
3613810446
1446385486
1451100110
1457262526
1469853614
1469851565
3617465256
3617214904
3581460952
3576201560
3576214824
3576474920
1965861656
1970051848
1978044168
1744209176
4000481596
4000493612
4000489516
3994132524
3994062905
4009795595
3842105819
3842175659
3842134698
3826386602
2758870698
2699300539
2699312825
2699312601
2762226699
2762939403
2779655179
3048090634
3048107018
3048930366
3048916782
3053175390
3051152095
3042763517
3072127924
3072123316
3053772972
3053970668
3066488044
3062291573
4136027407
4153918222
4034134622
4029425646
4096540142
4096138666
4097182123
4109765033
4120325517
4120209357
4120175181
3620794895
3620774703
3620775215
3606101039
2524089399
2524109831
2519888903
2524368903
2549530935
2495005671
2492908263
2492789487
2496962287
2488568431
2484451903
2501814799
3072256526
3057542670
3057595146
3061396250
3069710634
3218604331
4254598633
4238018985
4242016696
1549281672
1561012360
1426721929
390660235
373817483
382320778
382443930
1472766378
1464377770
1464380906
1432141082
1434238730
1441635854
1374588447
1374586399
1374586373
1374078741
3613836580
3593815076
3728024628
3728090117
1580605447
1580605462
1580671030
1564356678
3695058374
3430550222
3434810094
3434679022
3434617470
2360880654
2375557662
2409111846
2358849831
2361061669
2361037093
2226684260
2226946468
2230095284
2217511348
2217654676
2234431621
2520692871
2520688774
3057559942
3057297814
2721820326
2725947046
3799949975
3798979204
3861660336
3861185184
3861189280
3861124832
3881840096
3856673888
3852494864
3852593152
3852642304
3852642304
3887245315
4021464082
4017354018
3979440930
3962765858
3962700322
3961655842
3961979490
1688995298
1957169331
1957234821
1975130244
1471690884
1452813444
114828428
35320204
35557772
41861581
58180479
23388966
6611750
2487102
69653278
70670094
339115806
343234878
368433454
397860159
381154573
383049996
374661404
369472312
369537896
370587368
307609260
869568429
836013997
828163005
828162461
293065117
293003612
325509404
325247260
333638940
301201693
301054239
296855582
301049918
292587582
321946654
305446918
305578198
842416566
841888694
841884562
393096835
393158291
367337138
346363554
347415202
815014578
814756534
813744878
817931758
834710782
935438557
398568540
390573148
386393116
386330652
286704909
269928255
274124327
282577462
1352125014
1352133314
1352052418
1368826755
1408663937
1467990401
1447018961
1446998515
1463624547
1463559970
1463037734
1434204966
1442650910
1438456078
1438333822
1471901694
1469900733
1469899676
1474077596
1461486524
1394443180
1360495084
1899414908
1899429204
825650548
825441765
292622309
1374881719
1368535986
1368527282
1351709142
1083203702
3234886710
3237148679
3237144837
3236358917
3232235029
3249001989
3248849669
3249308437
3249307941
3513550125
3509361967
3542982439
4063141127
4062622991
4062683343
1916047519
1647625405
1647692973
1648253353
1664514729
1668710059
1672828826
1671745994
1738600474
1742786618
1713397786
1730158622
1730290990
1734491695
3886160429
3887205100
3868199644
4136643212
4140837260
4139784332
3615557837
2508323149
2491543311
2492704285
2423697981
2418508349
2439807517
2447946253
3551053343
3534244463
3530046062
3542628846
3542812910
3509193950
3509191758
3496612943
1358834765
1354509404
1151134828
1151111037
1418626765
1418625743
3567170262
3721966310
3709379558
3709445078
3642418118
3642451910
1477980134
1478045670
1490698086
1488590695
1488586101
1572667732
1589395780
1593634884
1585291340
1579131084
1578935804
1595713020
2099228636
1948161612
1947633160
1964425784
1901412904
1934902824
4067718696
4067457849
4076006187
4076005674
4092909610
4086613018
4086599754
4053111002
4052209818
4056297659
1900425391
1896226989
1896230309
1929775781
1917192869
1925585541
1921285765
1922348749
1941218829
1944429085
1902617117
1898358301
1898357277
1898423101
4117082941
3849815611
3849768505
3849771563
3984055082
3983857710
3983865966
3979671630
4011181134
4010983630
4010971390
4019360231
3868365797
2794693297
2794513024
2785075840
2785044385
2719029153
2719092193
2704674163
2699365683
3769042195
3769574679
4037879575
4037814039
4038878535
4036816327
4052528583
4148988358
3075377558
3075390422
3041831879
3042356183
3176509015
3176445527
3172266615
3172299383
3172151927
3205698151
3207608103
3215990053
3199207525
3199277269
3197270213
3197364293
3201427525
3193175141
3193097253
2641872165
2623951397
2623934997
3160805893
3022336711
2485920423
2490111398
2548567206
2527594662
2527856806
2532145310
2537483462
3577652294
3560873991
3572933389
3568736013
3568733989
3580923687
3610545511
2536934775
3054945735
3193365959
4267042167
4276086645
4284415829
3210665556
3193950068
3061829428
3061176180
3069572948
3069571924
3077960533
3042304759
3159876343
3159815926
3170293366
3170356854
3160722982
3043295014
3039096102
3039100182
3174495558
3178656839
3161879623
3168228407
3168031783
3176428919
3176473942
3178653126
3184948727
3184874727
3184805031
3217052855
3217286551
3217552855
3200775647
3201621119
3193240694
3193220150
3210126358
3205936407
3174486535
3157709399
3157742167
4231475959
4235605757
4235665149
4243856037
4260633007
4243863727
4243602621
4239596701
2092047501
2092117124
1555049620
1576019092
1601267156
1580388672
1580368640
1583452945
1583391267
2120262178
2137042466
2103556642
2104613410
2104564258
2104629987
2146581489
2144475569
2144411040
2135954592
2135954608
2135979249
1070658753
1070644291
1072736579
1072741139
1064352307
2104605235
2100477489
2100467281
2104661569
2104657475
2138293843
2121293411
2121279843
2060462183
2060466215
2056394791
2079459383
2045908999
2020752389
947005253
944903797
944774901
943726293
960510677
960527317
960625109
960690677
961740148
970112372
970047284
693157428
693157428
961592885
961656374
2035529270
2035465830
2035466086
2136186214
4282490070
4274101446
2143524038
2139272390
2139286726
2109880783
2085755357
1548884972
1544690668
1550977508
1549995476
1558185412
485499076
485498944
485548145
485532913
483636691
500348370
491959618
525505858
441621842
437426450
439458066
2050029858
2049997603
2054240801
2071083617
2035441248
2043889505
2039530357
4254118855
4254114758
4254115798
4258307558
4250050022
4249001318
3696418150
3713195351
3713170693
3581044485
3581032213
3581020004
3581085541
3580888949
3562018647
3587399495
3587342151
3579014487
3578848598
3612407126
3612603734
3620983111
3587293527
3583046119
3616597477
3620857253
3620994485
3595787701
3595984277
3614854533
3614852501
3613742583
3613422967
3579864439
1562469715
1562469715
1566631283
1566696819
1575154515
3723674434
3723674178
3714172498
3714115170
4252036707
4293980005
4293974901
4260428133
4252039532
4252203372
2134007132
2134056284
2133933524
2138062836
2138060773
2135962599
2144424439
2111000950
2094190706
2096296002
1425142850
1425075410
1416690163
1416690163
1412529363
1412592771
1349678531
1358091523
1352845074
1353174802
1357155890
1373941298
1935978034
1915139587
1915126279
1915192135
4063592917
4060393893
4064604581
4064597415
4148557231
3846631327
3838242719
3839355903
3969362415
2914495855
2952248605
2943717645
2921632005
2921636213
3996508517
3996546023
4011267047
4011144150
3960808406
3965134310
4243987814
4104523046
4104326423
4104207621
4037095173
1889757957
1893980933
1919126293
1914801941
1914803991
1982042951
1982956503
1712358375
1711326119
3863008165
3871404973
4005622764
4022360053
4022425589
3989007845
3988990373
3988859301
1757489575
2017671571
2017606787
2031236227
2035421330
2035532018
2094043250
2094047490
2096149762
2096151810
2096150578
2096216098
1962063923
1987221507
4128431105
3859962881
3859957089
3793111009
3808315109
3804219111
3785344711
3839674310
3830244806
3826052310
1678040295
1694916071
1866604261
1866600165
1858277093
1799438021
1799366343
1765811671
1774200038
1753292002
2021852370
2021733570
2021713347
2039522755
2056496593
2123544001
2127668676
2119219156
2115024884
4279343076
4245921764
4229095277
4099071789
4109815599
4109845807
4126626063
4160184590
4151730446
3614856511
3623308591
3623176559
3589540351
3589369807
3572658118
3587327942
3587326854
3755017142
3746574759
3727697383
3731891681
3732110576
3740431808
3622990272
3589456192
3589456640
3589374752
3589317157
3589318183
3580948007
3576757031
3610310935
3608303895
3574733939
1414923283
1423245330
1356595202
1356665106
1079386386
1079387666
5646866
5659138
22448642
64457474
47483731
315921395
315929075
307015889
304001153
1377759360
1379811472
1396573344
1363092449
1356604129
1352409703
1351361071
1351357966
1351354886
1351535382
1352591654
1352656935
1358736423
1400747207
1379320005
37109893
36831365
36844711
36842978
34811554
63975074
25177762
8656515
8651395
25477779
1203811251
1178772883
1178774851
1321371907
1318226689
1318169361
1588637217
3736118817
3727991585
3728638753
3709764581
3692667557
3692684964
4229660340
4233829012
3696958404
3705412080
3703318560
3719760932
3740470293
3673232391
3673306374
3400676102
3417711366
3384021798
3365671270
3369877734
3361521918
3360200078
3427315085
3695750588
3696934332
3692739980
3709506957
3592062349
4129195405
4129194399
4131357167
4131254767
4265599343
4282327343
4248249646
2016882494
2021003038
2021079838
2029992511
1488792383
415051029
414986501
412614656
415772752
147333360
138961120
155739616
185233393
189431617
172646163
189472531
198147859
198016338
197686626
197719522
172799394
172994962
441356674
449745283
449614259
181188065
197961185
407676001
407811089
403610641
403610641
1477352705
1498332993
1540284097
1524551361
1524549313
1516095171
1528054483
3679811555
3645138915
3653531619
3653531623
3666175319
3666239809
3666243905
3397898257
3398234145
3381452837
1222436133
1209916705
1210043155
1209981699
1209989378
1478487298
1482663250
1499378114
1543405954
1526367106
3740959667
3736795041
3669622176
3671616928
2597856736
2589468001
2606244129
3646620449
3655013922
3634052662
3634179926
3365677394
3369875826
3360968178
3373649346
3407206339
3473187779
1308943235
1581573043
1585899442
1585903091
1585894883
1334758881
1330499361
1326243633
1326247697
1325985041
1191828529
3339355185
3311043584
3587870976
3751457088
3753542592
3753608064
3619259283
3589899954
4117536418
4230802086
4230834854
4230888070
4230946518
4230749670
4243338350
4239131694
4239340550
4257096710
3720225798
3755614210
3755626962
3751531187
3751322261
3734545044
4271417012
4271419044
4271421860
4135303404
4146760748
4147086396
4147102733
4146421775
4129776927
4129716014
4142286382
4273358374
4271326790
4288104134
4257706946
4257735634
3653755874
3649430499
3653562851
3712251377
3712433345
3692956800
3692956048
3697216928
3707575968
2644317876
2677879428
2677285573
3755238375
2681530214
2648501542
2633826086
2633365302
2490881814
2491335494
2491335494
2625631062
3697271575
3714052885
3709826836
3743248148
3615308084
3615295520
2508081264
2515404992
2248021185
3321823425
3321692609
3305066961
3321787233
3317654307
3351044898
3618956578
3623134562
3526663394
3526855890
3524693187
3524693187
4061564353
4077233616
4077232592
4044747121
4028060005
4095152487
4101452262
3572966374
3568636902
3568633702
3568633366
3572831750
3296011782
3304400646
3299995399
3568405775
1571851535
1593083982
1584707742
1584839814
1584891015
2120581269
2116845733
4264399269
3995513517
3995509421
3995526861
1848044229
1852074709
1852058596
1852058724
1852837996
1718681629
1983053853
1987186711
1995583783
2141397798
1553999414
1554066950
1555196422
1555225094
1291242055
3436546677
3432308324
3449612068
3483165492
3485250356
3740573984
